08/28 01:35:58AM parser.py:28 [INFO] 
08/28 01:35:58AM parser.py:29 [INFO] Parameters:
08/28 01:35:58AM parser.py:31 [INFO] DAG_PATH=results/search_stage_KD/cifar100/noSWDL/s3-BaselineBestCell/DAG
08/28 01:35:58AM parser.py:31 [INFO] T=10.0
08/28 01:35:58AM parser.py:31 [INFO] ADVANCED=True
08/28 01:35:58AM parser.py:31 [INFO] ALPHA_LR=0.0003
08/28 01:35:58AM parser.py:31 [INFO] ALPHA_WEIGHT_DECAY=0.001
08/28 01:35:58AM parser.py:31 [INFO] BATCH_SIZE=64
08/28 01:35:58AM parser.py:31 [INFO] CASCADE=False
08/28 01:35:58AM parser.py:31 [INFO] CHECKPOINT_RESET=False
08/28 01:35:58AM parser.py:31 [INFO] CUTOUT_LENGTH=0
08/28 01:35:58AM parser.py:31 [INFO] DATA_PATH=../data/
08/28 01:35:58AM parser.py:31 [INFO] DATASET=cifar100
08/28 01:35:58AM parser.py:31 [INFO] DEPTH_COEF=0.0
08/28 01:35:58AM parser.py:31 [INFO] DESCRIPTION=search_architecture_on_noKD_without_depth_loss_with_large_slidewindoe
08/28 01:35:58AM parser.py:31 [INFO] EPOCHS=50
08/28 01:35:58AM parser.py:31 [INFO] EXP_NAME=s3-BaselineBestCell
08/28 01:35:58AM parser.py:31 [INFO] GENOTYPE=Genotype3(normal1=[[('sep_conv_5x5', 0), ('sep_conv_3x3', 1)], [('sep_conv_3x3', 1), ('sep_conv_3x3', 0)], [('sep_conv_3x3', 1), ('sep_conv_3x3', 2)], [('sep_conv_3x3', 0), ('sep_conv_5x5', 4)]], normal1_concat=range(2, 6), reduce1=[[('sep_conv_3x3', 0), ('skip_connect', 1)], [('sep_conv_3x3', 1), ('max_pool_3x3', 0)], [('sep_conv_3x3', 2), ('sep_conv_3x3', 1)], [('max_pool_3x3', 0), ('dil_conv_3x3', 1)]], reduce1_concat=range(2, 6), normal2=[[('skip_connect', 0), ('sep_conv_5x5', 1)], [('skip_connect', 0), ('skip_connect', 2)], [('avg_pool_3x3', 0), ('avg_pool_3x3', 2)], [('skip_connect', 0), ('avg_pool_3x3', 2)]], normal2_concat=range(2, 6), reduce2=[[('avg_pool_3x3', 0), ('avg_pool_3x3', 1)], [('avg_pool_3x3', 0), ('skip_connect', 2)], [('skip_connect', 2), ('avg_pool_3x3', 0)], [('skip_connect', 2), ('avg_pool_3x3', 0)]], reduce2_concat=range(2, 6), normal3=[[('skip_connect', 0), ('skip_connect', 1)], [('skip_connect', 0), ('dil_conv_3x3', 1)], [('skip_connect', 0), ('skip_connect', 1)], [('skip_connect', 0), ('skip_connect', 2)]], normal3_concat=range(2, 6))
08/28 01:35:58AM parser.py:31 [INFO] GPUS=[0]
08/28 01:35:58AM parser.py:31 [INFO] INIT_CHANNELS=16
08/28 01:35:58AM parser.py:31 [INFO] L=0.5
08/28 01:35:58AM parser.py:31 [INFO] LAYERS=20
08/28 01:35:58AM parser.py:31 [INFO] LOGGER=<Logger H-DAS (INFO)>
08/28 01:35:58AM parser.py:31 [INFO] NAME=noSWDL
08/28 01:35:58AM parser.py:31 [INFO] NONKD=True
08/28 01:35:58AM parser.py:31 [INFO] PATH=results/search_stage_KD/cifar100/noSWDL/s3-BaselineBestCell
08/28 01:35:58AM parser.py:31 [INFO] PCDARTS=False
08/28 01:35:58AM parser.py:31 [INFO] PLOT_PATH=results/search_stage_KD/cifar100/noSWDL/s3-BaselineBestCell/plots
08/28 01:35:58AM parser.py:31 [INFO] PRINT_FREQ=50
08/28 01:35:58AM parser.py:31 [INFO] RESUME_PATH=None
08/28 01:35:58AM parser.py:31 [INFO] SAVE=s3-BaselineBestCell
08/28 01:35:58AM parser.py:31 [INFO] SEED=3
08/28 01:35:58AM parser.py:31 [INFO] SHARE_STAGE=False
08/28 01:35:58AM parser.py:31 [INFO] SLIDE_WINDOW=8
08/28 01:35:58AM parser.py:31 [INFO] SPEC_CELL=True
08/28 01:35:58AM parser.py:31 [INFO] TEACHER_NAME=non
08/28 01:35:58AM parser.py:31 [INFO] TEACHER_PATH=non
08/28 01:35:58AM parser.py:31 [INFO] TRAIN_PORTION=0.5
08/28 01:35:58AM parser.py:31 [INFO] W_GRAD_CLIP=5.0
08/28 01:35:58AM parser.py:31 [INFO] W_LR=0.025
08/28 01:35:58AM parser.py:31 [INFO] W_LR_MIN=0.001
08/28 01:35:58AM parser.py:31 [INFO] W_MOMENTUM=0.9
08/28 01:35:58AM parser.py:31 [INFO] W_WEIGHT_DECAY=0.0003
08/28 01:35:58AM parser.py:31 [INFO] WORKERS=4
08/28 01:35:58AM parser.py:32 [INFO] 
08/28 01:36:16AM searchStage_trainer.py:137 [INFO] --> No loaded checkpoint!
####### ALPHA #######
# Alpha - DAG
tensor([[0.2502, 0.2500, 0.2500, 0.2498],
        [0.2500, 0.2497, 0.2501, 0.2503]], device='cuda:0',
       grad_fn=<SoftmaxBackward0>)
tensor([[0.2496, 0.2502, 0.2500, 0.2502],
        [0.2498, 0.2501, 0.2501, 0.2500],
        [0.2501, 0.2501, 0.2500, 0.2498]], device='cuda:0',
       grad_fn=<SoftmaxBackward0>)
tensor([[0.2497, 0.2503, 0.2500, 0.2500],
        [0.2497, 0.2503, 0.2501, 0.2499],
        [0.2502, 0.2499, 0.2497, 0.2502],
        [0.2502, 0.2500, 0.2499, 0.2499]], device='cuda:0',
       grad_fn=<SoftmaxBackward0>)
tensor([[0.2501, 0.2504, 0.2495, 0.2500],
        [0.2500, 0.2502, 0.2496, 0.2502],
        [0.2501, 0.2500, 0.2500, 0.2499],
        [0.2499, 0.2502, 0.2497, 0.2502],
        [0.2501, 0.2501, 0.2501, 0.2498]], device='cuda:0',
       grad_fn=<SoftmaxBackward0>)
tensor([[0.2501, 0.2500, 0.2499, 0.2500],
        [0.2500, 0.2500, 0.2500, 0.2500],
        [0.2506, 0.2500, 0.2499, 0.2494],
        [0.2498, 0.2501, 0.2502, 0.2499],
        [0.2499, 0.2505, 0.2497, 0.2499],
        [0.2502, 0.2500, 0.2499, 0.2500]], device='cuda:0',
       grad_fn=<SoftmaxBackward0>)
tensor([[0.2504, 0.2498, 0.2499, 0.2499],
        [0.2499, 0.2497, 0.2500, 0.2504],
        [0.2501, 0.2501, 0.2500, 0.2498],
        [0.2501, 0.2500, 0.2499, 0.2499],
        [0.2502, 0.2501, 0.2497, 0.2501],
        [0.2500, 0.2502, 0.2500, 0.2498],
        [0.2501, 0.2501, 0.2500, 0.2499]], device='cuda:0',
       grad_fn=<SoftmaxBackward0>)
tensor([[0.2504, 0.2499, 0.2497, 0.2500],
        [0.2499, 0.2499, 0.2498, 0.2504]], device='cuda:0',
       grad_fn=<SoftmaxBackward0>)
tensor([[0.2500, 0.2498, 0.2500, 0.2502],
        [0.2501, 0.2503, 0.2497, 0.2500],
        [0.2501, 0.2498, 0.2502, 0.2499]], device='cuda:0',
       grad_fn=<SoftmaxBackward0>)
tensor([[0.2503, 0.2499, 0.2499, 0.2499],
        [0.2500, 0.2500, 0.2496, 0.2503],
        [0.2498, 0.2501, 0.2504, 0.2497],
        [0.2500, 0.2501, 0.2502, 0.2498]], device='cuda:0',
       grad_fn=<SoftmaxBackward0>)
tensor([[0.2497, 0.2504, 0.2505, 0.2494],
        [0.2501, 0.2500, 0.2499, 0.2500],
        [0.2496, 0.2507, 0.2498, 0.2500],
        [0.2504, 0.2500, 0.2497, 0.2499],
        [0.2501, 0.2500, 0.2501, 0.2498]], device='cuda:0',
       grad_fn=<SoftmaxBackward0>)
tensor([[0.2501, 0.2504, 0.2497, 0.2498],
        [0.2501, 0.2498, 0.2499, 0.2501],
        [0.2501, 0.2501, 0.2497, 0.2501],
        [0.2500, 0.2497, 0.2499, 0.2504],
        [0.2499, 0.2501, 0.2501, 0.2500],
        [0.2497, 0.2501, 0.2500, 0.2501]], device='cuda:0',
       grad_fn=<SoftmaxBackward0>)
tensor([[0.2498, 0.2502, 0.2498, 0.2502],
        [0.2503, 0.2496, 0.2500, 0.2501],
        [0.2502, 0.2501, 0.2500, 0.2497],
        [0.2500, 0.2502, 0.2501, 0.2498],
        [0.2502, 0.2500, 0.2498, 0.2500],
        [0.2497, 0.2504, 0.2503, 0.2496],
        [0.2500, 0.2498, 0.2500, 0.2501]], device='cuda:0',
       grad_fn=<SoftmaxBackward0>)
tensor([[0.2500, 0.2498, 0.2501, 0.2501],
        [0.2502, 0.2500, 0.2499, 0.2498]], device='cuda:0',
       grad_fn=<SoftmaxBackward0>)
tensor([[0.2497, 0.2497, 0.2502, 0.2505],
        [0.2503, 0.2503, 0.2497, 0.2497],
        [0.2503, 0.2498, 0.2502, 0.2497]], device='cuda:0',
       grad_fn=<SoftmaxBackward0>)
tensor([[0.2500, 0.2501, 0.2498, 0.2501],
        [0.2502, 0.2498, 0.2499, 0.2501],
        [0.2501, 0.2499, 0.2499, 0.2502],
        [0.2499, 0.2499, 0.2501, 0.2502]], device='cuda:0',
       grad_fn=<SoftmaxBackward0>)
tensor([[0.2502, 0.2502, 0.2497, 0.2499],
        [0.2500, 0.2497, 0.2499, 0.2503],
        [0.2502, 0.2502, 0.2497, 0.2499],
        [0.2499, 0.2503, 0.2496, 0.2502],
        [0.2502, 0.2498, 0.2498, 0.2502]], device='cuda:0',
       grad_fn=<SoftmaxBackward0>)
tensor([[0.2504, 0.2497, 0.2501, 0.2498],
        [0.2501, 0.2500, 0.2502, 0.2496],
        [0.2500, 0.2498, 0.2499, 0.2502],
        [0.2502, 0.2499, 0.2498, 0.2501],
        [0.2504, 0.2498, 0.2500, 0.2498],
        [0.2503, 0.2500, 0.2498, 0.2499]], device='cuda:0',
       grad_fn=<SoftmaxBackward0>)
tensor([[0.2499, 0.2501, 0.2499, 0.2501],
        [0.2499, 0.2500, 0.2501, 0.2499],
        [0.2498, 0.2503, 0.2497, 0.2502],
        [0.2501, 0.2500, 0.2500, 0.2499],
        [0.2504, 0.2498, 0.2503, 0.2495],
        [0.2500, 0.2500, 0.2500, 0.2500],
        [0.2500, 0.2502, 0.2497, 0.2501]], device='cuda:0',
       grad_fn=<SoftmaxBackward0>)
#####################
08/28 01:36:33AM searchStage_trainer.py:268 [INFO] Train: Epoch: [0][50/390]	Step 50	lr 0.025	Loss 4.5858 (4.7088)	Hard Loss 4.5858 (4.7088)	Soft Loss 4.5858 (4.7088)	Arch Loss 4.7100 (4.7526)	Arch Hard Loss 4.7100 (4.7526)	Arch Soft Loss 4.7100 (4.7526)	Arch depth Loss 0.0000 (0.0000)	Prec@(1,5) (2.6%, 8.9%)	
08/28 01:36:47AM searchStage_trainer.py:268 [INFO] Train: Epoch: [0][100/390]	Step 100	lr 0.025	Loss 4.3983 (4.5505)	Hard Loss 4.3983 (4.5505)	Soft Loss 4.3983 (4.5505)	Arch Loss 4.3917 (4.5757)	Arch Hard Loss 4.3917 (4.5757)	Arch Soft Loss 4.3917 (4.5757)	Arch depth Loss 0.0000 (0.0000)	Prec@(1,5) (3.2%, 11.7%)	
08/28 01:37:01AM searchStage_trainer.py:268 [INFO] Train: Epoch: [0][150/390]	Step 150	lr 0.025	Loss 4.2790 (4.4536)	Hard Loss 4.2790 (4.4536)	Soft Loss 4.2790 (4.4536)	Arch Loss 4.0213 (4.4545)	Arch Hard Loss 4.0213 (4.4545)	Arch Soft Loss 4.0213 (4.4545)	Arch depth Loss 0.0000 (0.0000)	Prec@(1,5) (3.6%, 13.8%)	
08/28 01:37:15AM searchStage_trainer.py:268 [INFO] Train: Epoch: [0][200/390]	Step 200	lr 0.025	Loss 4.0358 (4.3628)	Hard Loss 4.0358 (4.3628)	Soft Loss 4.0358 (4.3628)	Arch Loss 4.1452 (4.3692)	Arch Hard Loss 4.1452 (4.3692)	Arch Soft Loss 4.1452 (4.3692)	Arch depth Loss 0.0000 (0.0000)	Prec@(1,5) (4.4%, 16.1%)	
08/28 01:37:29AM searchStage_trainer.py:268 [INFO] Train: Epoch: [0][250/390]	Step 250	lr 0.025	Loss 3.9534 (4.3041)	Hard Loss 3.9534 (4.3041)	Soft Loss 3.9534 (4.3041)	Arch Loss 3.7992 (4.3077)	Arch Hard Loss 3.7992 (4.3077)	Arch Soft Loss 3.7992 (4.3077)	Arch depth Loss 0.0000 (0.0000)	Prec@(1,5) (4.8%, 17.3%)	
08/28 01:37:43AM searchStage_trainer.py:268 [INFO] Train: Epoch: [0][300/390]	Step 300	lr 0.025	Loss 3.9666 (4.2544)	Hard Loss 3.9666 (4.2544)	Soft Loss 3.9666 (4.2544)	Arch Loss 4.0368 (4.2567)	Arch Hard Loss 4.0368 (4.2567)	Arch Soft Loss 4.0368 (4.2567)	Arch depth Loss 0.0000 (0.0000)	Prec@(1,5) (5.2%, 18.8%)	
08/28 01:37:57AM searchStage_trainer.py:268 [INFO] Train: Epoch: [0][350/390]	Step 350	lr 0.025	Loss 4.0134 (4.2145)	Hard Loss 4.0134 (4.2145)	Soft Loss 4.0134 (4.2145)	Arch Loss 3.6763 (4.2094)	Arch Hard Loss 3.6763 (4.2094)	Arch Soft Loss 3.6763 (4.2094)	Arch depth Loss 0.0000 (0.0000)	Prec@(1,5) (5.6%, 20.0%)	
08/28 01:38:08AM searchStage_trainer.py:268 [INFO] Train: Epoch: [0][390/390]	Step 390	lr 0.025	Loss 4.2135 (4.1809)	Hard Loss 4.2135 (4.1809)	Soft Loss 4.2135 (4.1809)	Arch Loss 3.8789 (4.1728)	Arch Hard Loss 3.8789 (4.1728)	Arch Soft Loss 3.8789 (4.1728)	Arch depth Loss 0.0000 (0.0000)	Prec@(1,5) (5.9%, 20.9%)	
08/28 01:38:09AM searchStage_trainer.py:284 [INFO] Train: [  0/49] Final Prec@1 5.9040%
08/28 01:38:12AM searchStage_trainer.py:312 [INFO] Valid: Epoch: [0][50/391]	Step 391	Loss 3.8653	Prec@(1,5) (9.5%, 31.6%)
08/28 01:38:14AM searchStage_trainer.py:312 [INFO] Valid: Epoch: [0][100/391]	Step 391	Loss 3.9035	Prec@(1,5) (8.8%, 30.3%)
08/28 01:38:16AM searchStage_trainer.py:312 [INFO] Valid: Epoch: [0][150/391]	Step 391	Loss 3.9091	Prec@(1,5) (9.1%, 30.5%)
08/28 01:38:18AM searchStage_trainer.py:312 [INFO] Valid: Epoch: [0][200/391]	Step 391	Loss 3.9115	Prec@(1,5) (9.2%, 30.3%)
08/28 01:38:21AM searchStage_trainer.py:312 [INFO] Valid: Epoch: [0][250/391]	Step 391	Loss 3.9109	Prec@(1,5) (9.1%, 30.2%)
08/28 01:38:23AM searchStage_trainer.py:312 [INFO] Valid: Epoch: [0][300/391]	Step 391	Loss 3.9100	Prec@(1,5) (9.1%, 30.3%)
08/28 01:38:25AM searchStage_trainer.py:312 [INFO] Valid: Epoch: [0][350/391]	Step 391	Loss 3.9077	Prec@(1,5) (9.2%, 30.3%)
08/28 01:38:27AM searchStage_trainer.py:312 [INFO] Valid: Epoch: [0][390/391]	Step 391	Loss 3.9091	Prec@(1,5) (9.1%, 30.3%)
08/28 01:38:27AM searchStage_trainer.py:323 [INFO] Valid: [  0/49] Final Prec@1 9.0920%
08/28 01:38:27AM searchStage_KD_main.py:58 [INFO] DAG = Genotype2(DAG1=[[('skip_connect', 1), ('max_pool_3x3', 0)], [('skip_connect', 2), ('skip_connect', 1)], [('max_pool_3x3', 3), ('max_pool_3x3', 2)], [('skip_connect', 1), ('skip_connect', 2)], [('skip_connect', 0), ('skip_connect', 1)], [('max_pool_3x3', 1), ('max_pool_3x3', 0)]], DAG1_concat=range(6, 8), DAG2=[[('skip_connect', 0), ('skip_connect', 1)], [('max_pool_3x3', 1), ('skip_connect', 0)], [('skip_connect', 0), ('skip_connect', 1)], [('max_pool_3x3', 0), ('max_pool_3x3', 1)], [('max_pool_3x3', 0), ('max_pool_3x3', 1)], [('skip_connect', 0), ('max_pool_3x3', 1)]], DAG2_concat=range(6, 8), DAG3=[[('skip_connect', 0), ('skip_connect', 1)], [('skip_connect', 0), ('skip_connect', 1)], [('skip_connect', 1), ('skip_connect', 0)], [('skip_connect', 1), ('skip_connect', 0)], [('max_pool_3x3', 1), ('max_pool_3x3', 0)], [('skip_connect', 0), ('max_pool_3x3', 1)]], DAG3_concat=range(6, 8))
08/28 01:38:27AM searchStage_KD_main.py:89 [INFO] Until now, best Prec@1 = 9.0920%
####### ALPHA #######
# Alpha - DAG
tensor([[0.2503, 0.2488, 0.2501, 0.2509],
        [0.2504, 0.2492, 0.2510, 0.2494]], device='cuda:0',
       grad_fn=<SoftmaxBackward0>)
tensor([[0.2495, 0.2495, 0.2500, 0.2510],
        [0.2505, 0.2485, 0.2507, 0.2503],
        [0.2503, 0.2500, 0.2505, 0.2493]], device='cuda:0',
       grad_fn=<SoftmaxBackward0>)
tensor([[0.2503, 0.2492, 0.2505, 0.2499],
        [0.2504, 0.2494, 0.2501, 0.2501],
        [0.2509, 0.2498, 0.2494, 0.2498],
        [0.2513, 0.2487, 0.2500, 0.2499]], device='cuda:0',
       grad_fn=<SoftmaxBackward0>)
tensor([[0.2496, 0.2490, 0.2503, 0.2511],
        [0.2496, 0.2497, 0.2517, 0.2490],
        [0.2495, 0.2502, 0.2509, 0.2494],
        [0.2497, 0.2502, 0.2504, 0.2496],
        [0.2506, 0.2489, 0.2492, 0.2513]], device='cuda:0',
       grad_fn=<SoftmaxBackward0>)
tensor([[0.2515, 0.2476, 0.2527, 0.2482],
        [0.2515, 0.2473, 0.2524, 0.2489],
        [0.2507, 0.2493, 0.2503, 0.2498],
        [0.2509, 0.2487, 0.2501, 0.2502],
        [0.2496, 0.2500, 0.2493, 0.2511],
        [0.2495, 0.2491, 0.2505, 0.2509]], device='cuda:0',
       grad_fn=<SoftmaxBackward0>)
tensor([[0.2528, 0.2488, 0.2526, 0.2459],
        [0.2547, 0.2471, 0.2503, 0.2478],
        [0.2500, 0.2486, 0.2490, 0.2524],
        [0.2516, 0.2479, 0.2505, 0.2499],
        [0.2500, 0.2495, 0.2509, 0.2495],
        [0.2502, 0.2483, 0.2513, 0.2501],
        [0.2492, 0.2492, 0.2481, 0.2535]], device='cuda:0',
       grad_fn=<SoftmaxBackward0>)
tensor([[0.2494, 0.2489, 0.2543, 0.2473],
        [0.2483, 0.2465, 0.2529, 0.2523]], device='cuda:0',
       grad_fn=<SoftmaxBackward0>)
tensor([[0.2505, 0.2448, 0.2525, 0.2522],
        [0.2535, 0.2476, 0.2504, 0.2485],
        [0.2484, 0.2493, 0.2522, 0.2502]], device='cuda:0',
       grad_fn=<SoftmaxBackward0>)
tensor([[0.2513, 0.2492, 0.2529, 0.2465],
        [0.2514, 0.2494, 0.2519, 0.2474],
        [0.2501, 0.2475, 0.2491, 0.2533],
        [0.2489, 0.2492, 0.2501, 0.2518]], device='cuda:0',
       grad_fn=<SoftmaxBackward0>)
tensor([[0.2525, 0.2496, 0.2517, 0.2462],
        [0.2519, 0.2475, 0.2509, 0.2497],
        [0.2502, 0.2477, 0.2501, 0.2520],
        [0.2506, 0.2474, 0.2517, 0.2502],
        [0.2504, 0.2488, 0.2494, 0.2514]], device='cuda:0',
       grad_fn=<SoftmaxBackward0>)
tensor([[0.2575, 0.2503, 0.2504, 0.2418],
        [0.2567, 0.2498, 0.2520, 0.2415],
        [0.2507, 0.2474, 0.2500, 0.2519],
        [0.2492, 0.2481, 0.2454, 0.2574],
        [0.2481, 0.2504, 0.2511, 0.2503],
        [0.2483, 0.2478, 0.2497, 0.2542]], device='cuda:0',
       grad_fn=<SoftmaxBackward0>)
tensor([[0.2524, 0.2529, 0.2541, 0.2405],
        [0.2530, 0.2510, 0.2514, 0.2446],
        [0.2479, 0.2495, 0.2526, 0.2500],
        [0.2472, 0.2505, 0.2542, 0.2482],
        [0.2483, 0.2497, 0.2475, 0.2545],
        [0.2466, 0.2494, 0.2476, 0.2564],
        [0.2459, 0.2509, 0.2503, 0.2529]], device='cuda:0',
       grad_fn=<SoftmaxBackward0>)
tensor([[0.2468, 0.2452, 0.2580, 0.2500],
        [0.2491, 0.2448, 0.2565, 0.2496]], device='cuda:0',
       grad_fn=<SoftmaxBackward0>)
tensor([[0.2491, 0.2439, 0.2576, 0.2494],
        [0.2478, 0.2463, 0.2569, 0.2490],
        [0.2483, 0.2506, 0.2503, 0.2508]], device='cuda:0',
       grad_fn=<SoftmaxBackward0>)
tensor([[0.2510, 0.2466, 0.2537, 0.2487],
        [0.2505, 0.2465, 0.2542, 0.2488],
        [0.2492, 0.2486, 0.2516, 0.2506],
        [0.2510, 0.2476, 0.2490, 0.2524]], device='cuda:0',
       grad_fn=<SoftmaxBackward0>)
tensor([[0.2494, 0.2495, 0.2540, 0.2471],
        [0.2500, 0.2485, 0.2551, 0.2464],
        [0.2488, 0.2487, 0.2488, 0.2537],
        [0.2496, 0.2492, 0.2505, 0.2507],
        [0.2491, 0.2494, 0.2499, 0.2516]], device='cuda:0',
       grad_fn=<SoftmaxBackward0>)
tensor([[0.2557, 0.2491, 0.2520, 0.2432],
        [0.2562, 0.2499, 0.2518, 0.2422],
        [0.2526, 0.2508, 0.2488, 0.2478],
        [0.2506, 0.2507, 0.2481, 0.2506],
        [0.2511, 0.2492, 0.2455, 0.2541],
        [0.2485, 0.2492, 0.2448, 0.2575]], device='cuda:0',
       grad_fn=<SoftmaxBackward0>)
tensor([[0.2520, 0.2476, 0.2552, 0.2452],
        [0.2549, 0.2481, 0.2518, 0.2452],
        [0.2510, 0.2509, 0.2528, 0.2453],
        [0.2513, 0.2479, 0.2505, 0.2503],
        [0.2475, 0.2481, 0.2492, 0.2552],
        [0.2480, 0.2499, 0.2483, 0.2538],
        [0.2459, 0.2492, 0.2512, 0.2538]], device='cuda:0',
       grad_fn=<SoftmaxBackward0>)
#####################
08/28 01:38:43午前 searchStage_trainer.py:268 [INFO] Train: Epoch: [1][50/390]	Step 441	lr 0.02498	Loss 4.1040 (3.8332)	Hard Loss 4.1040 (3.8332)	Soft Loss 4.1040 (3.8332)	Arch Loss 3.8781 (3.8697)	Arch Hard Loss 3.8781 (3.8697)	Arch Soft Loss 3.8781 (3.8697)	Arch depth Loss 0.0000 (0.0000)	Prec@(1,5) (9.2%, 30.4%)	
08/28 01:38:58午前 searchStage_trainer.py:268 [INFO] Train: Epoch: [1][100/390]	Step 491	lr 0.02498	Loss 3.9095 (3.8094)	Hard Loss 3.9095 (3.8094)	Soft Loss 3.9095 (3.8094)	Arch Loss 3.9555 (3.8258)	Arch Hard Loss 3.9555 (3.8258)	Arch Soft Loss 3.9555 (3.8258)	Arch depth Loss 0.0000 (0.0000)	Prec@(1,5) (10.3%, 31.4%)	
08/28 01:39:12午前 searchStage_trainer.py:268 [INFO] Train: Epoch: [1][150/390]	Step 541	lr 0.02498	Loss 3.6764 (3.7911)	Hard Loss 3.6764 (3.7911)	Soft Loss 3.6764 (3.7911)	Arch Loss 3.4958 (3.7966)	Arch Hard Loss 3.4958 (3.7966)	Arch Soft Loss 3.4958 (3.7966)	Arch depth Loss 0.0000 (0.0000)	Prec@(1,5) (10.8%, 32.2%)	
08/28 01:39:26午前 searchStage_trainer.py:268 [INFO] Train: Epoch: [1][200/390]	Step 591	lr 0.02498	Loss 3.7881 (3.7771)	Hard Loss 3.7881 (3.7771)	Soft Loss 3.7881 (3.7771)	Arch Loss 3.3767 (3.7676)	Arch Hard Loss 3.3767 (3.7676)	Arch Soft Loss 3.3767 (3.7676)	Arch depth Loss 0.0000 (0.0000)	Prec@(1,5) (11.0%, 32.9%)	
08/28 01:39:41午前 searchStage_trainer.py:268 [INFO] Train: Epoch: [1][250/390]	Step 641	lr 0.02498	Loss 3.7353 (3.7477)	Hard Loss 3.7353 (3.7477)	Soft Loss 3.7353 (3.7477)	Arch Loss 3.7044 (3.7401)	Arch Hard Loss 3.7044 (3.7401)	Arch Soft Loss 3.7044 (3.7401)	Arch depth Loss 0.0000 (0.0000)	Prec@(1,5) (11.5%, 33.6%)	
08/28 01:39:56午前 searchStage_trainer.py:268 [INFO] Train: Epoch: [1][300/390]	Step 691	lr 0.02498	Loss 3.6499 (3.7308)	Hard Loss 3.6499 (3.7308)	Soft Loss 3.6499 (3.7308)	Arch Loss 3.8029 (3.7227)	Arch Hard Loss 3.8029 (3.7227)	Arch Soft Loss 3.8029 (3.7227)	Arch depth Loss 0.0000 (0.0000)	Prec@(1,5) (11.6%, 34.1%)	
08/28 01:40:11午前 searchStage_trainer.py:268 [INFO] Train: Epoch: [1][350/390]	Step 741	lr 0.02498	Loss 3.7138 (3.7096)	Hard Loss 3.7138 (3.7096)	Soft Loss 3.7138 (3.7096)	Arch Loss 3.5501 (3.6993)	Arch Hard Loss 3.5501 (3.6993)	Arch Soft Loss 3.5501 (3.6993)	Arch depth Loss 0.0000 (0.0000)	Prec@(1,5) (11.8%, 34.9%)	
08/28 01:40:22午前 searchStage_trainer.py:268 [INFO] Train: Epoch: [1][390/390]	Step 781	lr 0.02498	Loss 3.5625 (3.6904)	Hard Loss 3.5625 (3.6904)	Soft Loss 3.5625 (3.6904)	Arch Loss 3.5712 (3.6820)	Arch Hard Loss 3.5712 (3.6820)	Arch Soft Loss 3.5712 (3.6820)	Arch depth Loss 0.0000 (0.0000)	Prec@(1,5) (12.2%, 35.5%)	
08/28 01:40:23午前 searchStage_trainer.py:284 [INFO] Train: [  1/49] Final Prec@1 12.1480%
08/28 01:40:26午前 searchStage_trainer.py:312 [INFO] Valid: Epoch: [1][50/391]	Step 782	Loss 3.5986	Prec@(1,5) (14.1%, 40.3%)
08/28 01:40:28午前 searchStage_trainer.py:312 [INFO] Valid: Epoch: [1][100/391]	Step 782	Loss 3.6137	Prec@(1,5) (14.0%, 39.7%)
08/28 01:40:30午前 searchStage_trainer.py:312 [INFO] Valid: Epoch: [1][150/391]	Step 782	Loss 3.6114	Prec@(1,5) (13.7%, 39.5%)
08/28 01:40:32午前 searchStage_trainer.py:312 [INFO] Valid: Epoch: [1][200/391]	Step 782	Loss 3.6051	Prec@(1,5) (14.1%, 39.8%)
08/28 01:40:34午前 searchStage_trainer.py:312 [INFO] Valid: Epoch: [1][250/391]	Step 782	Loss 3.6100	Prec@(1,5) (13.9%, 39.4%)
08/28 01:40:36午前 searchStage_trainer.py:312 [INFO] Valid: Epoch: [1][300/391]	Step 782	Loss 3.6090	Prec@(1,5) (13.8%, 39.4%)
08/28 01:40:38午前 searchStage_trainer.py:312 [INFO] Valid: Epoch: [1][350/391]	Step 782	Loss 3.6075	Prec@(1,5) (13.8%, 39.4%)
08/28 01:40:40午前 searchStage_trainer.py:312 [INFO] Valid: Epoch: [1][390/391]	Step 782	Loss 3.6065	Prec@(1,5) (13.8%, 39.3%)
08/28 01:40:40午前 searchStage_trainer.py:323 [INFO] Valid: [  1/49] Final Prec@1 13.7640%
08/28 01:40:40午前 searchStage_KD_main.py:58 [INFO] DAG = Genotype2(DAG1=[[('skip_connect', 0), ('skip_connect', 1)], [('skip_connect', 0), ('skip_connect', 1)], [('skip_connect', 0), ('skip_connect', 1)], [('skip_connect', 0), ('skip_connect', 1)], [('skip_connect', 1), ('skip_connect', 0)], [('max_pool_3x3', 1), ('max_pool_3x3', 0)]], DAG1_concat=range(6, 8), DAG2=[[('skip_connect', 0), ('skip_connect', 1)], [('max_pool_3x3', 1), ('skip_connect', 0)], [('skip_connect', 0), ('skip_connect', 1)], [('skip_connect', 0), ('skip_connect', 1)], [('max_pool_3x3', 1), ('max_pool_3x3', 0)], [('skip_connect', 0), ('max_pool_3x3', 1)]], DAG2_concat=range(6, 8), DAG3=[[('skip_connect', 0), ('skip_connect', 1)], [('max_pool_3x3', 0), ('max_pool_3x3', 1)], [('max_pool_3x3', 1), ('max_pool_3x3', 0)], [('max_pool_3x3', 1), ('max_pool_3x3', 0)], [('max_pool_3x3', 1), ('max_pool_3x3', 0)], [('max_pool_3x3', 1), ('max_pool_3x3', 0)]], DAG3_concat=range(6, 8))
08/28 01:40:41午前 searchStage_KD_main.py:89 [INFO] Until now, best Prec@1 = 13.7640%
####### ALPHA #######
# Alpha - DAG
tensor([[0.2479, 0.2456, 0.2554, 0.2511],
        [0.2497, 0.2464, 0.2548, 0.2491]], device='cuda:0',
       grad_fn=<SoftmaxBackward0>)
tensor([[0.2472, 0.2467, 0.2553, 0.2508],
        [0.2501, 0.2437, 0.2543, 0.2519],
        [0.2494, 0.2504, 0.2519, 0.2483]], device='cuda:0',
       grad_fn=<SoftmaxBackward0>)
tensor([[0.2499, 0.2457, 0.2543, 0.2500],
        [0.2498, 0.2459, 0.2531, 0.2512],
        [0.2496, 0.2503, 0.2512, 0.2489],
        [0.2498, 0.2484, 0.2516, 0.2501]], device='cuda:0',
       grad_fn=<SoftmaxBackward0>)
tensor([[0.2512, 0.2469, 0.2551, 0.2468],
        [0.2524, 0.2454, 0.2524, 0.2497],
        [0.2484, 0.2491, 0.2507, 0.2518],
        [0.2508, 0.2462, 0.2501, 0.2528],
        [0.2503, 0.2488, 0.2517, 0.2492]], device='cuda:0',
       grad_fn=<SoftmaxBackward0>)
tensor([[0.2520, 0.2384, 0.2635, 0.2461],
        [0.2519, 0.2400, 0.2637, 0.2444],
        [0.2470, 0.2513, 0.2506, 0.2510],
        [0.2461, 0.2489, 0.2548, 0.2502],
        [0.2469, 0.2481, 0.2504, 0.2546],
        [0.2446, 0.2471, 0.2535, 0.2548]], device='cuda:0',
       grad_fn=<SoftmaxBackward0>)
tensor([[0.2599, 0.2431, 0.2589, 0.2382],
        [0.2636, 0.2413, 0.2556, 0.2394],
        [0.2497, 0.2459, 0.2498, 0.2546],
        [0.2503, 0.2438, 0.2494, 0.2565],
        [0.2480, 0.2470, 0.2494, 0.2556],
        [0.2487, 0.2436, 0.2544, 0.2533],
        [0.2500, 0.2492, 0.2485, 0.2524]], device='cuda:0',
       grad_fn=<SoftmaxBackward0>)
tensor([[0.2488, 0.2411, 0.2621, 0.2480],
        [0.2477, 0.2405, 0.2615, 0.2503]], device='cuda:0',
       grad_fn=<SoftmaxBackward0>)
tensor([[0.2523, 0.2374, 0.2568, 0.2534],
        [0.2596, 0.2408, 0.2537, 0.2459],
        [0.2487, 0.2471, 0.2529, 0.2513]], device='cuda:0',
       grad_fn=<SoftmaxBackward0>)
tensor([[0.2472, 0.2478, 0.2583, 0.2467],
        [0.2497, 0.2512, 0.2561, 0.2430],
        [0.2426, 0.2517, 0.2492, 0.2565],
        [0.2449, 0.2510, 0.2519, 0.2522]], device='cuda:0',
       grad_fn=<SoftmaxBackward0>)
tensor([[0.2551, 0.2481, 0.2557, 0.2411],
        [0.2534, 0.2443, 0.2545, 0.2478],
        [0.2475, 0.2465, 0.2469, 0.2591],
        [0.2496, 0.2457, 0.2508, 0.2538],
        [0.2490, 0.2496, 0.2538, 0.2476]], device='cuda:0',
       grad_fn=<SoftmaxBackward0>)
tensor([[0.2641, 0.2434, 0.2529, 0.2396],
        [0.2663, 0.2444, 0.2552, 0.2341],
        [0.2553, 0.2421, 0.2480, 0.2546],
        [0.2517, 0.2424, 0.2463, 0.2597],
        [0.2496, 0.2469, 0.2527, 0.2509],
        [0.2503, 0.2407, 0.2500, 0.2591]], device='cuda:0',
       grad_fn=<SoftmaxBackward0>)
tensor([[0.2554, 0.2530, 0.2574, 0.2342],
        [0.2576, 0.2498, 0.2541, 0.2385],
        [0.2484, 0.2476, 0.2554, 0.2485],
        [0.2458, 0.2476, 0.2575, 0.2491],
        [0.2477, 0.2464, 0.2510, 0.2549],
        [0.2457, 0.2435, 0.2439, 0.2669],
        [0.2465, 0.2466, 0.2501, 0.2568]], device='cuda:0',
       grad_fn=<SoftmaxBackward0>)
tensor([[0.2561, 0.2308, 0.2625, 0.2506],
        [0.2586, 0.2320, 0.2594, 0.2500]], device='cuda:0',
       grad_fn=<SoftmaxBackward0>)
tensor([[0.2645, 0.2309, 0.2567, 0.2479],
        [0.2639, 0.2343, 0.2559, 0.2459],
        [0.2544, 0.2428, 0.2468, 0.2560]], device='cuda:0',
       grad_fn=<SoftmaxBackward0>)
tensor([[0.2578, 0.2399, 0.2543, 0.2480],
        [0.2627, 0.2385, 0.2537, 0.2452],
        [0.2540, 0.2450, 0.2501, 0.2508],
        [0.2550, 0.2445, 0.2438, 0.2567]], device='cuda:0',
       grad_fn=<SoftmaxBackward0>)
tensor([[0.2637, 0.2437, 0.2514, 0.2412],
        [0.2654, 0.2415, 0.2511, 0.2419],
        [0.2603, 0.2410, 0.2434, 0.2553],
        [0.2569, 0.2424, 0.2439, 0.2568],
        [0.2579, 0.2438, 0.2433, 0.2550]], device='cuda:0',
       grad_fn=<SoftmaxBackward0>)
tensor([[0.2788, 0.2462, 0.2435, 0.2316],
        [0.2811, 0.2453, 0.2422, 0.2314],
        [0.2657, 0.2470, 0.2419, 0.2454],
        [0.2621, 0.2459, 0.2382, 0.2539],
        [0.2609, 0.2431, 0.2352, 0.2607],
        [0.2549, 0.2408, 0.2354, 0.2690]], device='cuda:0',
       grad_fn=<SoftmaxBackward0>)
tensor([[0.2731, 0.2439, 0.2483, 0.2347],
        [0.2788, 0.2438, 0.2441, 0.2333],
        [0.2633, 0.2466, 0.2458, 0.2444],
        [0.2638, 0.2426, 0.2388, 0.2548],
        [0.2578, 0.2407, 0.2379, 0.2636],
        [0.2567, 0.2456, 0.2389, 0.2588],
        [0.2510, 0.2460, 0.2467, 0.2563]], device='cuda:0',
       grad_fn=<SoftmaxBackward0>)
#####################
08/28 01:40:57午前 searchStage_trainer.py:268 [INFO] Train: Epoch: [2][50/390]	Step 832	lr 0.02491	Loss 3.3640 (3.4507)	Hard Loss 3.3640 (3.4507)	Soft Loss 3.3640 (3.4507)	Arch Loss 3.3814 (3.5150)	Arch Hard Loss 3.3814 (3.5150)	Arch Soft Loss 3.3814 (3.5150)	Arch depth Loss 0.0000 (0.0000)	Prec@(1,5) (16.1%, 42.4%)	
08/28 01:41:12午前 searchStage_trainer.py:268 [INFO] Train: Epoch: [2][100/390]	Step 882	lr 0.02491	Loss 3.4217 (3.4343)	Hard Loss 3.4217 (3.4343)	Soft Loss 3.4217 (3.4343)	Arch Loss 3.2529 (3.4918)	Arch Hard Loss 3.2529 (3.4918)	Arch Soft Loss 3.2529 (3.4918)	Arch depth Loss 0.0000 (0.0000)	Prec@(1,5) (16.5%, 42.6%)	
08/28 01:41:26午前 searchStage_trainer.py:268 [INFO] Train: Epoch: [2][150/390]	Step 932	lr 0.02491	Loss 3.0872 (3.4435)	Hard Loss 3.0872 (3.4435)	Soft Loss 3.0872 (3.4435)	Arch Loss 3.7011 (3.4759)	Arch Hard Loss 3.7011 (3.4759)	Arch Soft Loss 3.7011 (3.4759)	Arch depth Loss 0.0000 (0.0000)	Prec@(1,5) (16.5%, 42.6%)	
08/28 01:41:41午前 searchStage_trainer.py:268 [INFO] Train: Epoch: [2][200/390]	Step 982	lr 0.02491	Loss 3.4066 (3.4315)	Hard Loss 3.4066 (3.4315)	Soft Loss 3.4066 (3.4315)	Arch Loss 3.4657 (3.4557)	Arch Hard Loss 3.4657 (3.4557)	Arch Soft Loss 3.4657 (3.4557)	Arch depth Loss 0.0000 (0.0000)	Prec@(1,5) (16.8%, 43.1%)	
08/28 01:41:56午前 searchStage_trainer.py:268 [INFO] Train: Epoch: [2][250/390]	Step 1032	lr 0.02491	Loss 3.2450 (3.4245)	Hard Loss 3.2450 (3.4245)	Soft Loss 3.2450 (3.4245)	Arch Loss 3.0463 (3.4355)	Arch Hard Loss 3.0463 (3.4355)	Arch Soft Loss 3.0463 (3.4355)	Arch depth Loss 0.0000 (0.0000)	Prec@(1,5) (17.1%, 43.3%)	
08/28 01:42:10午前 searchStage_trainer.py:268 [INFO] Train: Epoch: [2][300/390]	Step 1082	lr 0.02491	Loss 3.3484 (3.4189)	Hard Loss 3.3484 (3.4189)	Soft Loss 3.3484 (3.4189)	Arch Loss 3.3606 (3.4209)	Arch Hard Loss 3.3606 (3.4209)	Arch Soft Loss 3.3606 (3.4209)	Arch depth Loss 0.0000 (0.0000)	Prec@(1,5) (17.3%, 43.5%)	
08/28 01:42:25午前 searchStage_trainer.py:268 [INFO] Train: Epoch: [2][350/390]	Step 1132	lr 0.02491	Loss 2.7936 (3.4063)	Hard Loss 2.7936 (3.4063)	Soft Loss 2.7936 (3.4063)	Arch Loss 3.2661 (3.4064)	Arch Hard Loss 3.2661 (3.4064)	Arch Soft Loss 3.2661 (3.4064)	Arch depth Loss 0.0000 (0.0000)	Prec@(1,5) (17.3%, 43.9%)	
08/28 01:42:37午前 searchStage_trainer.py:268 [INFO] Train: Epoch: [2][390/390]	Step 1172	lr 0.02491	Loss 3.3431 (3.3971)	Hard Loss 3.3431 (3.3971)	Soft Loss 3.3431 (3.3971)	Arch Loss 3.1877 (3.3964)	Arch Hard Loss 3.1877 (3.3964)	Arch Soft Loss 3.1877 (3.3964)	Arch depth Loss 0.0000 (0.0000)	Prec@(1,5) (17.5%, 44.3%)	
08/28 01:42:37午前 searchStage_trainer.py:284 [INFO] Train: [  2/49] Final Prec@1 17.4480%
08/28 01:42:40午前 searchStage_trainer.py:312 [INFO] Valid: Epoch: [2][50/391]	Step 1173	Loss 3.2984	Prec@(1,5) (20.0%, 48.5%)
08/28 01:42:42午前 searchStage_trainer.py:312 [INFO] Valid: Epoch: [2][100/391]	Step 1173	Loss 3.2836	Prec@(1,5) (19.2%, 48.5%)
08/28 01:42:44午前 searchStage_trainer.py:312 [INFO] Valid: Epoch: [2][150/391]	Step 1173	Loss 3.2863	Prec@(1,5) (18.8%, 48.5%)
08/28 01:42:47午前 searchStage_trainer.py:312 [INFO] Valid: Epoch: [2][200/391]	Step 1173	Loss 3.2899	Prec@(1,5) (18.7%, 48.4%)
08/28 01:42:49午前 searchStage_trainer.py:312 [INFO] Valid: Epoch: [2][250/391]	Step 1173	Loss 3.2953	Prec@(1,5) (18.6%, 48.2%)
08/28 01:42:51午前 searchStage_trainer.py:312 [INFO] Valid: Epoch: [2][300/391]	Step 1173	Loss 3.2921	Prec@(1,5) (18.7%, 48.3%)
08/28 01:42:53午前 searchStage_trainer.py:312 [INFO] Valid: Epoch: [2][350/391]	Step 1173	Loss 3.3005	Prec@(1,5) (18.6%, 48.1%)
08/28 01:42:55午前 searchStage_trainer.py:312 [INFO] Valid: Epoch: [2][390/391]	Step 1173	Loss 3.3008	Prec@(1,5) (18.6%, 48.0%)
08/28 01:42:55午前 searchStage_trainer.py:323 [INFO] Valid: [  2/49] Final Prec@1 18.5720%
08/28 01:42:55午前 searchStage_KD_main.py:58 [INFO] DAG = Genotype2(DAG1=[[('skip_connect', 0), ('skip_connect', 1)], [('skip_connect', 0), ('skip_connect', 1)], [('skip_connect', 0), ('skip_connect', 1)], [('skip_connect', 0), ('skip_connect', 1)], [('skip_connect', 0), ('skip_connect', 1)], [('max_pool_3x3', 1), ('skip_connect', 0)]], DAG1_concat=range(6, 8), DAG2=[[('skip_connect', 1), ('skip_connect', 0)], [('skip_connect', 0), ('skip_connect', 1)], [('skip_connect', 0), ('skip_connect', 1)], [('skip_connect', 1), ('skip_connect', 0)], [('skip_connect', 1), ('skip_connect', 0)], [('skip_connect', 0), ('skip_connect', 1)]], DAG2_concat=range(6, 8), DAG3=[[('skip_connect', 0), ('max_pool_3x3', 1)], [('max_pool_3x3', 0), ('max_pool_3x3', 1)], [('max_pool_3x3', 1), ('max_pool_3x3', 0)], [('max_pool_3x3', 1), ('max_pool_3x3', 0)], [('max_pool_3x3', 1), ('max_pool_3x3', 0)], [('max_pool_3x3', 1), ('max_pool_3x3', 0)]], DAG3_concat=range(6, 8))
08/28 01:42:55午前 searchStage_KD_main.py:89 [INFO] Until now, best Prec@1 = 18.5720%
####### ALPHA #######
# Alpha - DAG
tensor([[0.2419, 0.2415, 0.2660, 0.2505],
        [0.2453, 0.2425, 0.2632, 0.2490]], device='cuda:0',
       grad_fn=<SoftmaxBackward0>)
tensor([[0.2453, 0.2432, 0.2638, 0.2477],
        [0.2490, 0.2387, 0.2616, 0.2507],
        [0.2474, 0.2487, 0.2523, 0.2516]], device='cuda:0',
       grad_fn=<SoftmaxBackward0>)
tensor([[0.2487, 0.2434, 0.2619, 0.2460],
        [0.2499, 0.2449, 0.2597, 0.2455],
        [0.2465, 0.2474, 0.2493, 0.2567],
        [0.2450, 0.2489, 0.2551, 0.2509]], device='cuda:0',
       grad_fn=<SoftmaxBackward0>)
tensor([[0.2526, 0.2447, 0.2634, 0.2393],
        [0.2555, 0.2436, 0.2595, 0.2415],
        [0.2509, 0.2451, 0.2468, 0.2572],
        [0.2500, 0.2443, 0.2478, 0.2578],
        [0.2490, 0.2464, 0.2517, 0.2530]], device='cuda:0',
       grad_fn=<SoftmaxBackward0>)
tensor([[0.2471, 0.2350, 0.2806, 0.2373],
        [0.2479, 0.2360, 0.2793, 0.2367],
        [0.2412, 0.2495, 0.2550, 0.2543],
        [0.2393, 0.2460, 0.2593, 0.2554],
        [0.2419, 0.2446, 0.2529, 0.2606],
        [0.2426, 0.2436, 0.2534, 0.2604]], device='cuda:0',
       grad_fn=<SoftmaxBackward0>)
tensor([[0.2657, 0.2386, 0.2668, 0.2289],
        [0.2684, 0.2368, 0.2656, 0.2292],
        [0.2501, 0.2417, 0.2465, 0.2617],
        [0.2509, 0.2424, 0.2500, 0.2568],
        [0.2472, 0.2417, 0.2465, 0.2646],
        [0.2521, 0.2381, 0.2514, 0.2585],
        [0.2504, 0.2450, 0.2470, 0.2575]], device='cuda:0',
       grad_fn=<SoftmaxBackward0>)
tensor([[0.2435, 0.2363, 0.2719, 0.2484],
        [0.2411, 0.2382, 0.2729, 0.2478]], device='cuda:0',
       grad_fn=<SoftmaxBackward0>)
tensor([[0.2514, 0.2317, 0.2616, 0.2553],
        [0.2566, 0.2366, 0.2599, 0.2469],
        [0.2523, 0.2453, 0.2537, 0.2487]], device='cuda:0',
       grad_fn=<SoftmaxBackward0>)
tensor([[0.2427, 0.2403, 0.2650, 0.2519],
        [0.2459, 0.2481, 0.2612, 0.2447],
        [0.2442, 0.2492, 0.2522, 0.2545],
        [0.2462, 0.2498, 0.2553, 0.2487]], device='cuda:0',
       grad_fn=<SoftmaxBackward0>)
tensor([[0.2479, 0.2494, 0.2613, 0.2414],
        [0.2457, 0.2463, 0.2625, 0.2454],
        [0.2453, 0.2451, 0.2489, 0.2608],
        [0.2477, 0.2470, 0.2508, 0.2545],
        [0.2487, 0.2471, 0.2570, 0.2472]], device='cuda:0',
       grad_fn=<SoftmaxBackward0>)
tensor([[0.2579, 0.2457, 0.2633, 0.2332],
        [0.2610, 0.2466, 0.2637, 0.2287],
        [0.2578, 0.2393, 0.2506, 0.2523],
        [0.2528, 0.2377, 0.2453, 0.2642],
        [0.2529, 0.2405, 0.2513, 0.2552],
        [0.2510, 0.2383, 0.2477, 0.2630]], device='cuda:0',
       grad_fn=<SoftmaxBackward0>)
tensor([[0.2555, 0.2526, 0.2634, 0.2284],
        [0.2573, 0.2486, 0.2592, 0.2349],
        [0.2482, 0.2450, 0.2607, 0.2462],
        [0.2476, 0.2430, 0.2572, 0.2521],
        [0.2510, 0.2429, 0.2505, 0.2556],
        [0.2479, 0.2394, 0.2406, 0.2721],
        [0.2462, 0.2437, 0.2493, 0.2609]], device='cuda:0',
       grad_fn=<SoftmaxBackward0>)
tensor([[0.2649, 0.2209, 0.2650, 0.2492],
        [0.2629, 0.2240, 0.2618, 0.2513]], device='cuda:0',
       grad_fn=<SoftmaxBackward0>)
tensor([[0.2718, 0.2230, 0.2574, 0.2477],
        [0.2699, 0.2259, 0.2572, 0.2470],
        [0.2613, 0.2370, 0.2466, 0.2550]], device='cuda:0',
       grad_fn=<SoftmaxBackward0>)
tensor([[0.2636, 0.2326, 0.2552, 0.2486],
        [0.2695, 0.2313, 0.2533, 0.2460],
        [0.2581, 0.2426, 0.2514, 0.2479],
        [0.2582, 0.2409, 0.2427, 0.2582]], device='cuda:0',
       grad_fn=<SoftmaxBackward0>)
tensor([[0.2711, 0.2359, 0.2514, 0.2417],
        [0.2722, 0.2347, 0.2525, 0.2406],
        [0.2660, 0.2372, 0.2466, 0.2503],
        [0.2603, 0.2400, 0.2390, 0.2606],
        [0.2596, 0.2418, 0.2416, 0.2570]], device='cuda:0',
       grad_fn=<SoftmaxBackward0>)
tensor([[0.2942, 0.2426, 0.2402, 0.2230],
        [0.2967, 0.2402, 0.2392, 0.2239],
        [0.2751, 0.2436, 0.2392, 0.2421],
        [0.2689, 0.2410, 0.2320, 0.2581],
        [0.2656, 0.2368, 0.2298, 0.2678],
        [0.2551, 0.2327, 0.2317, 0.2806]], device='cuda:0',
       grad_fn=<SoftmaxBackward0>)
tensor([[0.2906, 0.2405, 0.2440, 0.2249],
        [0.2940, 0.2404, 0.2412, 0.2243],
        [0.2706, 0.2435, 0.2449, 0.2410],
        [0.2691, 0.2365, 0.2340, 0.2604],
        [0.2623, 0.2327, 0.2317, 0.2734],
        [0.2586, 0.2386, 0.2361, 0.2667],
        [0.2509, 0.2444, 0.2458, 0.2589]], device='cuda:0',
       grad_fn=<SoftmaxBackward0>)
#####################
08/28 01:43:11午前 searchStage_trainer.py:268 [INFO] Train: Epoch: [3][50/390]	Step 1223	lr 0.02479	Loss 3.1568 (3.2292)	Hard Loss 3.1568 (3.2292)	Soft Loss 3.1568 (3.2292)	Arch Loss 3.3294 (3.2802)	Arch Hard Loss 3.3294 (3.2802)	Arch Soft Loss 3.3294 (3.2802)	Arch depth Loss 0.0000 (0.0000)	Prec@(1,5) (19.4%, 48.7%)	
08/28 01:43:26午前 searchStage_trainer.py:268 [INFO] Train: Epoch: [3][100/390]	Step 1273	lr 0.02479	Loss 3.0530 (3.2291)	Hard Loss 3.0530 (3.2291)	Soft Loss 3.0530 (3.2291)	Arch Loss 3.5251 (3.2396)	Arch Hard Loss 3.5251 (3.2396)	Arch Soft Loss 3.5251 (3.2396)	Arch depth Loss 0.0000 (0.0000)	Prec@(1,5) (20.2%, 48.7%)	
08/28 01:43:41午前 searchStage_trainer.py:268 [INFO] Train: Epoch: [3][150/390]	Step 1323	lr 0.02479	Loss 3.3353 (3.2108)	Hard Loss 3.3353 (3.2108)	Soft Loss 3.3353 (3.2108)	Arch Loss 3.0591 (3.2386)	Arch Hard Loss 3.0591 (3.2386)	Arch Soft Loss 3.0591 (3.2386)	Arch depth Loss 0.0000 (0.0000)	Prec@(1,5) (20.5%, 49.5%)	
08/28 01:43:55午前 searchStage_trainer.py:268 [INFO] Train: Epoch: [3][200/390]	Step 1373	lr 0.02479	Loss 3.3800 (3.1858)	Hard Loss 3.3800 (3.1858)	Soft Loss 3.3800 (3.1858)	Arch Loss 3.3924 (3.2224)	Arch Hard Loss 3.3924 (3.2224)	Arch Soft Loss 3.3924 (3.2224)	Arch depth Loss 0.0000 (0.0000)	Prec@(1,5) (20.9%, 50.3%)	
08/28 01:44:10午前 searchStage_trainer.py:268 [INFO] Train: Epoch: [3][250/390]	Step 1423	lr 0.02479	Loss 2.7837 (3.1753)	Hard Loss 2.7837 (3.1753)	Soft Loss 2.7837 (3.1753)	Arch Loss 2.8474 (3.2082)	Arch Hard Loss 2.8474 (3.2082)	Arch Soft Loss 2.8474 (3.2082)	Arch depth Loss 0.0000 (0.0000)	Prec@(1,5) (21.4%, 50.5%)	
08/28 01:44:25午前 searchStage_trainer.py:268 [INFO] Train: Epoch: [3][300/390]	Step 1473	lr 0.02479	Loss 2.8699 (3.1649)	Hard Loss 2.8699 (3.1649)	Soft Loss 2.8699 (3.1649)	Arch Loss 3.3001 (3.1947)	Arch Hard Loss 3.3001 (3.1947)	Arch Soft Loss 3.3001 (3.1947)	Arch depth Loss 0.0000 (0.0000)	Prec@(1,5) (21.4%, 50.7%)	
08/28 01:44:39午前 searchStage_trainer.py:268 [INFO] Train: Epoch: [3][350/390]	Step 1523	lr 0.02479	Loss 3.1365 (3.1628)	Hard Loss 3.1365 (3.1628)	Soft Loss 3.1365 (3.1628)	Arch Loss 2.9326 (3.1913)	Arch Hard Loss 2.9326 (3.1913)	Arch Soft Loss 2.9326 (3.1913)	Arch depth Loss 0.0000 (0.0000)	Prec@(1,5) (21.4%, 50.8%)	
08/28 01:44:51午前 searchStage_trainer.py:268 [INFO] Train: Epoch: [3][390/390]	Step 1563	lr 0.02479	Loss 2.9072 (3.1557)	Hard Loss 2.9072 (3.1557)	Soft Loss 2.9072 (3.1557)	Arch Loss 3.3769 (3.1828)	Arch Hard Loss 3.3769 (3.1828)	Arch Soft Loss 3.3769 (3.1828)	Arch depth Loss 0.0000 (0.0000)	Prec@(1,5) (21.6%, 51.0%)	
08/28 01:44:52午前 searchStage_trainer.py:284 [INFO] Train: [  3/49] Final Prec@1 21.5400%
08/28 01:44:54午前 searchStage_trainer.py:312 [INFO] Valid: Epoch: [3][50/391]	Step 1564	Loss 3.1803	Prec@(1,5) (21.8%, 51.1%)
08/28 01:44:57午前 searchStage_trainer.py:312 [INFO] Valid: Epoch: [3][100/391]	Step 1564	Loss 3.1499	Prec@(1,5) (22.6%, 52.0%)
08/28 01:44:59午前 searchStage_trainer.py:312 [INFO] Valid: Epoch: [3][150/391]	Step 1564	Loss 3.1535	Prec@(1,5) (22.6%, 52.3%)
08/28 01:45:01午前 searchStage_trainer.py:312 [INFO] Valid: Epoch: [3][200/391]	Step 1564	Loss 3.1594	Prec@(1,5) (22.6%, 51.6%)
08/28 01:45:04午前 searchStage_trainer.py:312 [INFO] Valid: Epoch: [3][250/391]	Step 1564	Loss 3.1590	Prec@(1,5) (22.5%, 51.7%)
08/28 01:45:06午前 searchStage_trainer.py:312 [INFO] Valid: Epoch: [3][300/391]	Step 1564	Loss 3.1625	Prec@(1,5) (22.4%, 51.6%)
08/28 01:45:08午前 searchStage_trainer.py:312 [INFO] Valid: Epoch: [3][350/391]	Step 1564	Loss 3.1557	Prec@(1,5) (22.4%, 51.6%)
08/28 01:45:10午前 searchStage_trainer.py:312 [INFO] Valid: Epoch: [3][390/391]	Step 1564	Loss 3.1540	Prec@(1,5) (22.4%, 51.8%)
08/28 01:45:10午前 searchStage_trainer.py:323 [INFO] Valid: [  3/49] Final Prec@1 22.4080%
