08/07 03:58:33PM parser.py:28 [INFO] 
08/07 03:58:33PM parser.py:29 [INFO] Parameters:
08/07 03:58:33PM parser.py:31 [INFO] DAG_PATH=results/search_cell_KD/cifar100/ONLY_WEIGHT/s1-20240807-155833/DAG
08/07 03:58:33PM parser.py:31 [INFO] T=10.0
08/07 03:58:33PM parser.py:31 [INFO] ADVANCED=True
08/07 03:58:33PM parser.py:31 [INFO] ALPHA_LR=0.0003
08/07 03:58:33PM parser.py:31 [INFO] ALPHA_WEIGHT_DECAY=0.001
08/07 03:58:33PM parser.py:31 [INFO] BATCH_SIZE=64
08/07 03:58:33PM parser.py:31 [INFO] CUTOUT_LENGTH=0
08/07 03:58:33PM parser.py:31 [INFO] DATA_PATH=../data/
08/07 03:58:33PM parser.py:31 [INFO] DATASET=cifar100
08/07 03:58:33PM parser.py:31 [INFO] DESCRIPTION=kd_for_only_weight_parameter
08/07 03:58:33PM parser.py:31 [INFO] EPOCHS=50
08/07 03:58:33PM parser.py:31 [INFO] EXP_NAME=s1-20240807-155833
08/07 03:58:33PM parser.py:31 [INFO] GPUS=[0]
08/07 03:58:33PM parser.py:31 [INFO] INIT_CHANNELS=16
08/07 03:58:33PM parser.py:31 [INFO] L=0.5
08/07 03:58:33PM parser.py:31 [INFO] LAYERS=8
08/07 03:58:33PM parser.py:31 [INFO] LOCAL_RANK=0
08/07 03:58:33PM parser.py:31 [INFO] LOGGER=<Logger H-DAS (INFO)>
08/07 03:58:33PM parser.py:31 [INFO] NAME=ONLY_WEIGHT
08/07 03:58:33PM parser.py:31 [INFO] NONKD=False
08/07 03:58:33PM parser.py:31 [INFO] PATH=results/search_cell_KD/cifar100/ONLY_WEIGHT/s1-20240807-155833
08/07 03:58:33PM parser.py:31 [INFO] PCDARTS=False
08/07 03:58:33PM parser.py:31 [INFO] PLOT_PATH=results/search_cell_KD/cifar100/ONLY_WEIGHT/s1-20240807-155833/plots
08/07 03:58:33PM parser.py:31 [INFO] PRINT_FREQ=50
08/07 03:58:33PM parser.py:31 [INFO] RESUME_PATH=None
08/07 03:58:33PM parser.py:31 [INFO] SAVE=s1
08/07 03:58:33PM parser.py:31 [INFO] SEED=1
08/07 03:58:33PM parser.py:31 [INFO] TEACHER_NAME=efficientnet_v2_s
08/07 03:58:33PM parser.py:31 [INFO] TEACHER_PATH=/home/miura/lab/KD-hdas/results/teacher/cifar100/efficientnet_v2_s/FINETUNE2/pretrained-20240716-002108/best.pth.tar
08/07 03:58:33PM parser.py:31 [INFO] TRAIN_PORTION=0.5
08/07 03:58:33PM parser.py:31 [INFO] W_GRAD_CLIP=5.0
08/07 03:58:33PM parser.py:31 [INFO] W_LR=0.025
08/07 03:58:33PM parser.py:31 [INFO] W_LR_MIN=0.001
08/07 03:58:33PM parser.py:31 [INFO] W_MOMENTUM=0.9
08/07 03:58:33PM parser.py:31 [INFO] W_WEIGHT_DECAY=0.0003
08/07 03:58:33PM parser.py:31 [INFO] WORKERS=4
08/07 03:58:33PM parser.py:32 [INFO] 
08/07 03:58:34PM searchCell_trainer.py:120 [INFO] --> Loaded teacher model 'efficientnet_v2_s' from '/home/miura/lab/KD-hdas/results/teacher/cifar100/efficientnet_v2_s/FINETUNE2/pretrained-20240716-002108/best.pth.tar' and Freezed parameters)
08/07 03:58:35PM eval_util.py:125 [INFO] Test: Step 000/390 Prec@(1,5) (96.9%, 100.0%)
08/07 03:58:50PM eval_util.py:125 [INFO] Test: Step 390/390 Prec@(1,5) (97.2%, 99.6%)
08/07 03:58:50PM eval_util.py:130 [INFO] Teacher=(efficientnet_v2_s <- (/home/miura/lab/KD-hdas/results/teacher/cifar100/efficientnet_v2_s/FINETUNE2/pretrained-20240716-002108/best.pth.tar)) achives Test Prec(@1, @5) = (97.1560%, 99.6360%)
08/07 03:59:06PM searchCell_trainer.py:127 [INFO] --> No loaded checkpoint!
####### ALPHA #######
# Alpha - normal
tensor([[0.1249, 0.1250, 0.1250, 0.1249, 0.1251, 0.1250, 0.1250, 0.1249],
        [0.1249, 0.1250, 0.1249, 0.1250, 0.1250, 0.1252, 0.1250, 0.1250]],
       device='cuda:0', grad_fn=<SoftmaxBackward0>)
tensor([[0.1249, 0.1249, 0.1251, 0.1250, 0.1251, 0.1250, 0.1249, 0.1251],
        [0.1248, 0.1249, 0.1253, 0.1250, 0.1250, 0.1248, 0.1251, 0.1251],
        [0.1252, 0.1250, 0.1250, 0.1251, 0.1249, 0.1251, 0.1249, 0.1248]],
       device='cuda:0', grad_fn=<SoftmaxBackward0>)
tensor([[0.1251, 0.1250, 0.1248, 0.1249, 0.1251, 0.1252, 0.1251, 0.1248],
        [0.1251, 0.1250, 0.1250, 0.1249, 0.1250, 0.1251, 0.1247, 0.1252],
        [0.1251, 0.1251, 0.1248, 0.1248, 0.1250, 0.1250, 0.1250, 0.1251],
        [0.1251, 0.1251, 0.1249, 0.1251, 0.1248, 0.1252, 0.1250, 0.1248]],
       device='cuda:0', grad_fn=<SoftmaxBackward0>)
tensor([[0.1250, 0.1249, 0.1250, 0.1250, 0.1252, 0.1249, 0.1251, 0.1250],
        [0.1249, 0.1249, 0.1252, 0.1251, 0.1250, 0.1251, 0.1249, 0.1249],
        [0.1250, 0.1250, 0.1246, 0.1251, 0.1251, 0.1250, 0.1251, 0.1251],
        [0.1251, 0.1248, 0.1251, 0.1252, 0.1250, 0.1248, 0.1251, 0.1249],
        [0.1248, 0.1248, 0.1251, 0.1251, 0.1253, 0.1251, 0.1252, 0.1248]],
       device='cuda:0', grad_fn=<SoftmaxBackward0>)
tensor([[0.1248, 0.1249, 0.1252, 0.1251, 0.1251, 0.1250, 0.1251, 0.1248],
        [0.1249, 0.1249, 0.1249, 0.1250, 0.1251, 0.1251, 0.1248, 0.1252]],
       device='cuda:0', grad_fn=<SoftmaxBackward0>)
tensor([[0.1251, 0.1250, 0.1249, 0.1250, 0.1249, 0.1249, 0.1251, 0.1251],
        [0.1250, 0.1247, 0.1250, 0.1250, 0.1250, 0.1250, 0.1252, 0.1251],
        [0.1251, 0.1250, 0.1250, 0.1251, 0.1249, 0.1249, 0.1250, 0.1251]],
       device='cuda:0', grad_fn=<SoftmaxBackward0>)
tensor([[0.1248, 0.1250, 0.1247, 0.1249, 0.1252, 0.1251, 0.1251, 0.1251],
        [0.1250, 0.1250, 0.1249, 0.1250, 0.1251, 0.1250, 0.1250, 0.1250],
        [0.1249, 0.1250, 0.1249, 0.1251, 0.1250, 0.1252, 0.1249, 0.1250],
        [0.1248, 0.1251, 0.1251, 0.1248, 0.1250, 0.1250, 0.1251, 0.1251]],
       device='cuda:0', grad_fn=<SoftmaxBackward0>)
tensor([[0.1253, 0.1249, 0.1250, 0.1248, 0.1250, 0.1248, 0.1252, 0.1250],
        [0.1252, 0.1250, 0.1249, 0.1250, 0.1250, 0.1249, 0.1250, 0.1250],
        [0.1250, 0.1251, 0.1247, 0.1249, 0.1251, 0.1252, 0.1250, 0.1251],
        [0.1249, 0.1249, 0.1251, 0.1249, 0.1250, 0.1250, 0.1251, 0.1251],
        [0.1251, 0.1248, 0.1250, 0.1249, 0.1251, 0.1252, 0.1251, 0.1249]],
       device='cuda:0', grad_fn=<SoftmaxBackward0>)
tensor([[0.1251, 0.1249, 0.1251, 0.1251, 0.1249, 0.1249, 0.1250, 0.1250],
        [0.1251, 0.1249, 0.1251, 0.1250, 0.1250, 0.1251, 0.1248, 0.1250]],
       device='cuda:0', grad_fn=<SoftmaxBackward0>)
tensor([[0.1251, 0.1249, 0.1250, 0.1252, 0.1249, 0.1251, 0.1250, 0.1249],
        [0.1250, 0.1250, 0.1249, 0.1248, 0.1250, 0.1250, 0.1251, 0.1251],
        [0.1250, 0.1251, 0.1248, 0.1249, 0.1252, 0.1250, 0.1250, 0.1249]],
       device='cuda:0', grad_fn=<SoftmaxBackward0>)
tensor([[0.1250, 0.1250, 0.1251, 0.1251, 0.1251, 0.1250, 0.1250, 0.1249],
        [0.1251, 0.1251, 0.1249, 0.1250, 0.1250, 0.1250, 0.1248, 0.1251],
        [0.1250, 0.1250, 0.1253, 0.1250, 0.1248, 0.1250, 0.1250, 0.1250],
        [0.1250, 0.1250, 0.1250, 0.1249, 0.1250, 0.1251, 0.1250, 0.1250]],
       device='cuda:0', grad_fn=<SoftmaxBackward0>)
tensor([[0.1251, 0.1252, 0.1249, 0.1249, 0.1249, 0.1250, 0.1248, 0.1251],
        [0.1252, 0.1248, 0.1249, 0.1250, 0.1251, 0.1251, 0.1249, 0.1250],
        [0.1250, 0.1251, 0.1246, 0.1251, 0.1248, 0.1252, 0.1250, 0.1252],
        [0.1250, 0.1251, 0.1250, 0.1251, 0.1250, 0.1248, 0.1249, 0.1251],
        [0.1250, 0.1247, 0.1250, 0.1250, 0.1249, 0.1251, 0.1250, 0.1253]],
       device='cuda:0', grad_fn=<SoftmaxBackward0>)

# Alpha - reduce
tensor([[0.1251, 0.1251, 0.1251, 0.1250, 0.1248, 0.1249, 0.1250, 0.1250],
        [0.1251, 0.1250, 0.1250, 0.1250, 0.1250, 0.1249, 0.1253, 0.1248]],
       device='cuda:0', grad_fn=<SoftmaxBackward0>)
tensor([[0.1250, 0.1250, 0.1250, 0.1250, 0.1249, 0.1251, 0.1252, 0.1248],
        [0.1249, 0.1251, 0.1248, 0.1249, 0.1250, 0.1250, 0.1252, 0.1251],
        [0.1247, 0.1253, 0.1249, 0.1248, 0.1250, 0.1252, 0.1251, 0.1250]],
       device='cuda:0', grad_fn=<SoftmaxBackward0>)
tensor([[0.1250, 0.1249, 0.1250, 0.1249, 0.1251, 0.1250, 0.1251, 0.1249],
        [0.1248, 0.1251, 0.1251, 0.1248, 0.1251, 0.1250, 0.1250, 0.1251],
        [0.1251, 0.1250, 0.1250, 0.1250, 0.1251, 0.1250, 0.1250, 0.1248],
        [0.1251, 0.1249, 0.1249, 0.1250, 0.1251, 0.1251, 0.1251, 0.1249]],
       device='cuda:0', grad_fn=<SoftmaxBackward0>)
tensor([[0.1250, 0.1251, 0.1249, 0.1250, 0.1250, 0.1250, 0.1249, 0.1252],
        [0.1250, 0.1251, 0.1249, 0.1249, 0.1249, 0.1250, 0.1251, 0.1251],
        [0.1250, 0.1250, 0.1250, 0.1253, 0.1249, 0.1250, 0.1249, 0.1250],
        [0.1249, 0.1249, 0.1251, 0.1249, 0.1252, 0.1251, 0.1250, 0.1249],
        [0.1249, 0.1250, 0.1249, 0.1250, 0.1251, 0.1251, 0.1250, 0.1250]],
       device='cuda:0', grad_fn=<SoftmaxBackward0>)
tensor([[0.1249, 0.1250, 0.1250, 0.1250, 0.1249, 0.1251, 0.1249, 0.1252],
        [0.1249, 0.1252, 0.1252, 0.1250, 0.1248, 0.1250, 0.1251, 0.1248]],
       device='cuda:0', grad_fn=<SoftmaxBackward0>)
tensor([[0.1250, 0.1248, 0.1251, 0.1249, 0.1250, 0.1250, 0.1250, 0.1253],
        [0.1250, 0.1252, 0.1247, 0.1251, 0.1248, 0.1251, 0.1252, 0.1249],
        [0.1248, 0.1250, 0.1252, 0.1249, 0.1251, 0.1250, 0.1249, 0.1252]],
       device='cuda:0', grad_fn=<SoftmaxBackward0>)
tensor([[0.1248, 0.1249, 0.1251, 0.1251, 0.1250, 0.1250, 0.1250, 0.1251],
        [0.1251, 0.1251, 0.1250, 0.1250, 0.1249, 0.1249, 0.1251, 0.1250],
        [0.1250, 0.1251, 0.1249, 0.1249, 0.1250, 0.1251, 0.1249, 0.1251],
        [0.1251, 0.1250, 0.1250, 0.1249, 0.1250, 0.1250, 0.1251, 0.1250]],
       device='cuda:0', grad_fn=<SoftmaxBackward0>)
tensor([[0.1252, 0.1249, 0.1247, 0.1250, 0.1250, 0.1250, 0.1251, 0.1250],
        [0.1251, 0.1249, 0.1251, 0.1249, 0.1250, 0.1250, 0.1248, 0.1251],
        [0.1249, 0.1252, 0.1249, 0.1250, 0.1251, 0.1249, 0.1250, 0.1250],
        [0.1252, 0.1251, 0.1251, 0.1247, 0.1249, 0.1250, 0.1249, 0.1251],
        [0.1249, 0.1251, 0.1252, 0.1249, 0.1251, 0.1249, 0.1249, 0.1251]],
       device='cuda:0', grad_fn=<SoftmaxBackward0>)
#####################
08/07 03:59:28PM searchCell_trainer.py:220 [INFO] Train: Epoch: [0][50/390]	Step 50	lr 0.025	Loss 2.2042 (2.2525)	Hard Loss 4.3565 (4.4552)	Soft Loss 0.0005 (0.0005)	Arch Loss 4.5030 (4.4423)	Arch Hard Loss 0.0000 (0.0000)	Arch Soft Loss 0.0000 (0.0000)	Prec@(1,5) (3.4%, 13.2%)	
08/07 03:59:48PM searchCell_trainer.py:220 [INFO] Train: Epoch: [0][100/390]	Step 100	lr 0.025	Loss 1.9576 (2.1878)	Hard Loss 3.8697 (4.3263)	Soft Loss 0.0005 (0.0005)	Arch Loss 4.0946 (4.3227)	Arch Hard Loss 0.0000 (0.0000)	Arch Soft Loss 0.0000 (0.0000)	Prec@(1,5) (4.6%, 17.6%)	
08/07 04:00:08PM searchCell_trainer.py:220 [INFO] Train: Epoch: [0][150/390]	Step 150	lr 0.025	Loss 2.1032 (2.1458)	Hard Loss 4.1625 (4.2427)	Soft Loss 0.0004 (0.0005)	Arch Loss 4.0006 (4.2127)	Arch Hard Loss 0.0000 (0.0000)	Arch Soft Loss 0.0000 (0.0000)	Prec@(1,5) (5.4%, 19.7%)	
08/07 04:00:28PM searchCell_trainer.py:220 [INFO] Train: Epoch: [0][200/390]	Step 200	lr 0.025	Loss 1.8778 (2.1044)	Hard Loss 3.7067 (4.1603)	Soft Loss 0.0005 (0.0005)	Arch Loss 3.7602 (4.1391)	Arch Hard Loss 0.0000 (0.0000)	Arch Soft Loss 0.0000 (0.0000)	Prec@(1,5) (6.3%, 22.2%)	
08/07 04:00:48PM searchCell_trainer.py:220 [INFO] Train: Epoch: [0][250/390]	Step 250	lr 0.025	Loss 1.8830 (2.0690)	Hard Loss 3.7262 (4.0897)	Soft Loss 0.0004 (0.0005)	Arch Loss 3.4485 (4.0759)	Arch Hard Loss 0.0000 (0.0000)	Arch Soft Loss 0.0000 (0.0000)	Prec@(1,5) (7.1%, 24.3%)	
08/07 04:01:08PM searchCell_trainer.py:220 [INFO] Train: Epoch: [0][300/390]	Step 300	lr 0.025	Loss 1.7486 (2.0424)	Hard Loss 3.4504 (4.0368)	Soft Loss 0.0005 (0.0005)	Arch Loss 3.4399 (4.0188)	Arch Hard Loss 0.0000 (0.0000)	Arch Soft Loss 0.0000 (0.0000)	Prec@(1,5) (7.9%, 26.0%)	
08/07 04:01:28PM searchCell_trainer.py:220 [INFO] Train: Epoch: [0][350/390]	Step 350	lr 0.025	Loss 2.0514 (2.0192)	Hard Loss 4.0592 (3.9907)	Soft Loss 0.0004 (0.0005)	Arch Loss 3.8391 (3.9683)	Arch Hard Loss 0.0000 (0.0000)	Arch Soft Loss 0.0000 (0.0000)	Prec@(1,5) (8.4%, 27.5%)	
08/07 04:01:44PM searchCell_trainer.py:220 [INFO] Train: Epoch: [0][390/390]	Step 390	lr 0.025	Loss 1.7684 (2.0020)	Hard Loss 3.4908 (3.9564)	Soft Loss 0.0005 (0.0005)	Arch Loss 3.9141 (3.9308)	Arch Hard Loss 0.0000 (0.0000)	Arch Soft Loss 0.0000 (0.0000)	Prec@(1,5) (8.9%, 28.6%)	
08/07 04:01:46PM searchCell_trainer.py:235 [INFO] Train: [  0/49] Final Prec@1 8.9160%
08/07 04:01:48PM searchCell_trainer.py:263 [INFO] Valid: Epoch: [0][50/391]	Step 391	Loss 3.5952	Prec@(1,5) (15.2%, 40.8%)
08/07 04:01:50PM searchCell_trainer.py:263 [INFO] Valid: Epoch: [0][100/391]	Step 391	Loss 3.6229	Prec@(1,5) (13.8%, 39.6%)
08/07 04:01:52PM searchCell_trainer.py:263 [INFO] Valid: Epoch: [0][150/391]	Step 391	Loss 3.6253	Prec@(1,5) (13.7%, 39.6%)
08/07 04:01:54PM searchCell_trainer.py:263 [INFO] Valid: Epoch: [0][200/391]	Step 391	Loss 3.6342	Prec@(1,5) (13.8%, 39.4%)
08/07 04:01:57PM searchCell_trainer.py:263 [INFO] Valid: Epoch: [0][250/391]	Step 391	Loss 3.6309	Prec@(1,5) (14.0%, 39.5%)
08/07 04:01:59PM searchCell_trainer.py:263 [INFO] Valid: Epoch: [0][300/391]	Step 391	Loss 3.6335	Prec@(1,5) (14.0%, 39.6%)
08/07 04:02:01PM searchCell_trainer.py:263 [INFO] Valid: Epoch: [0][350/391]	Step 391	Loss 3.6386	Prec@(1,5) (13.8%, 39.5%)
08/07 04:02:02PM searchCell_trainer.py:263 [INFO] Valid: Epoch: [0][390/391]	Step 391	Loss 3.6329	Prec@(1,5) (13.8%, 39.5%)
08/07 04:02:03PM searchCell_trainer.py:270 [INFO] Valid: [  0/49] Final Prec@1 13.8400%
08/07 04:02:03PM searchCell_KD_main.py:58 [INFO] genotype = Genotype3(normal1=[[('max_pool_3x3', 1), ('dil_conv_3x3', 0)], [('max_pool_3x3', 0), ('max_pool_3x3', 2)], [('max_pool_3x3', 1), ('max_pool_3x3', 2)], [('max_pool_3x3', 0), ('max_pool_3x3', 2)]], normal1_concat=range(2, 6), reduce1=[[('max_pool_3x3', 0), ('sep_conv_5x5', 1)], [('max_pool_3x3', 0), ('sep_conv_3x3', 2)], [('max_pool_3x3', 0), ('dil_conv_5x5', 2)], [('dil_conv_5x5', 2), ('dil_conv_3x3', 3)]], reduce1_concat=range(2, 6), normal2=[[('dil_conv_5x5', 1), ('max_pool_3x3', 0)], [('dil_conv_5x5', 1), ('dil_conv_5x5', 2)], [('dil_conv_5x5', 0), ('dil_conv_5x5', 1)], [('sep_conv_5x5', 4), ('dil_conv_3x3', 1)]], normal2_concat=range(2, 6), reduce2=[[('dil_conv_5x5', 0), ('sep_conv_5x5', 1)], [('dil_conv_5x5', 1), ('sep_conv_5x5', 0)], [('dil_conv_5x5', 1), ('sep_conv_5x5', 3)], [('dil_conv_5x5', 2), ('sep_conv_5x5', 3)]], reduce2_concat=range(2, 6), normal3=[[('sep_conv_5x5', 1), ('dil_conv_3x3', 0)], [('sep_conv_5x5', 1), ('sep_conv_3x3', 0)], [('sep_conv_5x5', 3), ('dil_conv_5x5', 0)], [('dil_conv_5x5', 2), ('sep_conv_5x5', 1)]], normal3_concat=range(2, 6))
08/07 04:02:03PM searchCell_KD_main.py:92 [INFO] Until now, best Prec@1 = 13.8400%
####### ALPHA #######
# Alpha - normal
tensor([[0.1254, 0.1210, 0.1222, 0.1273, 0.1268, 0.1273, 0.1254, 0.1247],
        [0.1275, 0.1223, 0.1240, 0.1247, 0.1248, 0.1263, 0.1258, 0.1247]],
       device='cuda:0', grad_fn=<SoftmaxBackward0>)
tensor([[0.1288, 0.1230, 0.1250, 0.1246, 0.1247, 0.1250, 0.1246, 0.1243],
        [0.1267, 0.1226, 0.1243, 0.1251, 0.1249, 0.1243, 0.1268, 0.1253],
        [0.1284, 0.1244, 0.1256, 0.1227, 0.1254, 0.1259, 0.1242, 0.1234]],
       device='cuda:0', grad_fn=<SoftmaxBackward0>)
tensor([[0.1275, 0.1226, 0.1242, 0.1244, 0.1247, 0.1259, 0.1240, 0.1267],
        [0.1279, 0.1242, 0.1256, 0.1260, 0.1232, 0.1249, 0.1235, 0.1247],
        [0.1275, 0.1247, 0.1266, 0.1225, 0.1241, 0.1246, 0.1256, 0.1243],
        [0.1267, 0.1241, 0.1266, 0.1247, 0.1242, 0.1250, 0.1241, 0.1246]],
       device='cuda:0', grad_fn=<SoftmaxBackward0>)
tensor([[0.1287, 0.1212, 0.1227, 0.1256, 0.1234, 0.1249, 0.1275, 0.1260],
        [0.1278, 0.1231, 0.1247, 0.1252, 0.1233, 0.1249, 0.1260, 0.1250],
        [0.1283, 0.1241, 0.1247, 0.1260, 0.1253, 0.1237, 0.1229, 0.1249],
        [0.1274, 0.1235, 0.1245, 0.1274, 0.1237, 0.1240, 0.1247, 0.1249],
        [0.1256, 0.1225, 0.1238, 0.1243, 0.1260, 0.1268, 0.1248, 0.1262]],
       device='cuda:0', grad_fn=<SoftmaxBackward0>)
tensor([[0.1269, 0.1243, 0.1260, 0.1242, 0.1248, 0.1249, 0.1261, 0.1227],
        [0.1228, 0.1211, 0.1223, 0.1259, 0.1277, 0.1240, 0.1289, 0.1273]],
       device='cuda:0', grad_fn=<SoftmaxBackward0>)
tensor([[0.1263, 0.1240, 0.1252, 0.1245, 0.1268, 0.1241, 0.1252, 0.1239],
        [0.1230, 0.1210, 0.1226, 0.1222, 0.1275, 0.1276, 0.1291, 0.1269],
        [0.1248, 0.1242, 0.1248, 0.1260, 0.1257, 0.1238, 0.1272, 0.1235]],
       device='cuda:0', grad_fn=<SoftmaxBackward0>)
tensor([[0.1250, 0.1221, 0.1229, 0.1257, 0.1262, 0.1256, 0.1279, 0.1246],
        [0.1240, 0.1229, 0.1240, 0.1243, 0.1254, 0.1257, 0.1273, 0.1264],
        [0.1244, 0.1239, 0.1244, 0.1269, 0.1271, 0.1263, 0.1231, 0.1240],
        [0.1239, 0.1235, 0.1240, 0.1258, 0.1255, 0.1261, 0.1259, 0.1254]],
       device='cuda:0', grad_fn=<SoftmaxBackward0>)
tensor([[0.1263, 0.1240, 0.1249, 0.1255, 0.1245, 0.1256, 0.1252, 0.1238],
        [0.1228, 0.1209, 0.1219, 0.1268, 0.1259, 0.1279, 0.1262, 0.1275],
        [0.1243, 0.1235, 0.1238, 0.1245, 0.1269, 0.1240, 0.1277, 0.1253],
        [0.1236, 0.1227, 0.1237, 0.1259, 0.1254, 0.1252, 0.1275, 0.1259],
        [0.1235, 0.1221, 0.1232, 0.1224, 0.1286, 0.1284, 0.1256, 0.1263]],
       device='cuda:0', grad_fn=<SoftmaxBackward0>)
tensor([[0.1255, 0.1221, 0.1228, 0.1248, 0.1261, 0.1270, 0.1263, 0.1254],
        [0.1238, 0.1212, 0.1217, 0.1256, 0.1272, 0.1265, 0.1266, 0.1274]],
       device='cuda:0', grad_fn=<SoftmaxBackward0>)
tensor([[0.1247, 0.1217, 0.1220, 0.1284, 0.1255, 0.1241, 0.1269, 0.1266],
        [0.1236, 0.1212, 0.1212, 0.1243, 0.1293, 0.1262, 0.1259, 0.1283],
        [0.1241, 0.1222, 0.1212, 0.1259, 0.1281, 0.1260, 0.1262, 0.1263]],
       device='cuda:0', grad_fn=<SoftmaxBackward0>)
tensor([[0.1222, 0.1209, 0.1209, 0.1275, 0.1278, 0.1256, 0.1284, 0.1266],
        [0.1227, 0.1212, 0.1210, 0.1274, 0.1257, 0.1268, 0.1276, 0.1276],
        [0.1229, 0.1221, 0.1218, 0.1259, 0.1271, 0.1265, 0.1263, 0.1273],
        [0.1225, 0.1218, 0.1213, 0.1260, 0.1287, 0.1260, 0.1262, 0.1274]],
       device='cuda:0', grad_fn=<SoftmaxBackward0>)
tensor([[0.1249, 0.1227, 0.1223, 0.1254, 0.1275, 0.1256, 0.1258, 0.1259],
        [0.1225, 0.1204, 0.1206, 0.1270, 0.1277, 0.1263, 0.1269, 0.1285],
        [0.1239, 0.1226, 0.1214, 0.1264, 0.1259, 0.1251, 0.1283, 0.1264],
        [0.1242, 0.1229, 0.1224, 0.1268, 0.1272, 0.1250, 0.1253, 0.1263],
        [0.1240, 0.1225, 0.1227, 0.1259, 0.1257, 0.1258, 0.1263, 0.1271]],
       device='cuda:0', grad_fn=<SoftmaxBackward0>)

# Alpha - reduce
tensor([[0.1283, 0.1253, 0.1245, 0.1245, 0.1229, 0.1255, 0.1246, 0.1244],
        [0.1246, 0.1233, 0.1250, 0.1239, 0.1264, 0.1246, 0.1255, 0.1267]],
       device='cuda:0', grad_fn=<SoftmaxBackward0>)
tensor([[0.1267, 0.1242, 0.1243, 0.1258, 0.1253, 0.1250, 0.1252, 0.1235],
        [0.1247, 0.1237, 0.1253, 0.1242, 0.1261, 0.1245, 0.1260, 0.1255],
        [0.1243, 0.1233, 0.1248, 0.1262, 0.1257, 0.1242, 0.1249, 0.1264]],
       device='cuda:0', grad_fn=<SoftmaxBackward0>)
tensor([[0.1278, 0.1246, 0.1244, 0.1263, 0.1245, 0.1252, 0.1245, 0.1227],
        [0.1237, 0.1228, 0.1243, 0.1264, 0.1256, 0.1263, 0.1257, 0.1251],
        [0.1241, 0.1222, 0.1236, 0.1263, 0.1259, 0.1252, 0.1276, 0.1252],
        [0.1259, 0.1229, 0.1243, 0.1260, 0.1267, 0.1256, 0.1243, 0.1244]],
       device='cuda:0', grad_fn=<SoftmaxBackward0>)
tensor([[0.1272, 0.1245, 0.1255, 0.1242, 0.1254, 0.1249, 0.1238, 0.1244],
        [0.1255, 0.1245, 0.1231, 0.1239, 0.1267, 0.1247, 0.1246, 0.1270],
        [0.1258, 0.1233, 0.1241, 0.1231, 0.1258, 0.1249, 0.1283, 0.1248],
        [0.1266, 0.1246, 0.1258, 0.1242, 0.1248, 0.1273, 0.1230, 0.1237],
        [0.1260, 0.1243, 0.1254, 0.1235, 0.1272, 0.1253, 0.1237, 0.1247]],
       device='cuda:0', grad_fn=<SoftmaxBackward0>)
tensor([[0.1241, 0.1227, 0.1253, 0.1243, 0.1260, 0.1263, 0.1270, 0.1243],
        [0.1250, 0.1241, 0.1259, 0.1259, 0.1264, 0.1231, 0.1242, 0.1254]],
       device='cuda:0', grad_fn=<SoftmaxBackward0>)
tensor([[0.1227, 0.1208, 0.1263, 0.1251, 0.1274, 0.1257, 0.1272, 0.1248],
        [0.1256, 0.1245, 0.1239, 0.1222, 0.1251, 0.1252, 0.1275, 0.1260],
        [0.1245, 0.1225, 0.1235, 0.1266, 0.1270, 0.1253, 0.1249, 0.1256]],
       device='cuda:0', grad_fn=<SoftmaxBackward0>)
tensor([[0.1233, 0.1219, 0.1256, 0.1254, 0.1267, 0.1259, 0.1250, 0.1262],
        [0.1247, 0.1236, 0.1236, 0.1240, 0.1269, 0.1244, 0.1277, 0.1251],
        [0.1251, 0.1226, 0.1254, 0.1235, 0.1250, 0.1268, 0.1252, 0.1264],
        [0.1252, 0.1223, 0.1240, 0.1245, 0.1277, 0.1242, 0.1265, 0.1256]],
       device='cuda:0', grad_fn=<SoftmaxBackward0>)
tensor([[0.1238, 0.1222, 0.1273, 0.1244, 0.1262, 0.1262, 0.1267, 0.1233],
        [0.1242, 0.1232, 0.1250, 0.1264, 0.1257, 0.1243, 0.1258, 0.1254],
        [0.1240, 0.1222, 0.1221, 0.1260, 0.1276, 0.1258, 0.1280, 0.1242],
        [0.1260, 0.1230, 0.1235, 0.1259, 0.1277, 0.1241, 0.1255, 0.1244],
        [0.1247, 0.1223, 0.1232, 0.1258, 0.1264, 0.1248, 0.1273, 0.1255]],
       device='cuda:0', grad_fn=<SoftmaxBackward0>)
#####################
08/07 04:02:24午後 searchCell_trainer.py:220 [INFO] Train: Epoch: [1][50/390]	Step 441	lr 0.02498	Loss 1.9496 (1.8122)	Hard Loss 3.8489 (3.5779)	Soft Loss 0.0005 (0.0005)	Arch Loss 3.5480 (3.6040)	Arch Hard Loss 0.0000 (0.0000)	Arch Soft Loss 0.0000 (0.0000)	Prec@(1,5) (15.0%, 40.5%)	
08/07 04:02:44午後 searchCell_trainer.py:220 [INFO] Train: Epoch: [1][100/390]	Step 491	lr 0.02498	Loss 1.7707 (1.7886)	Hard Loss 3.4952 (3.5311)	Soft Loss 0.0005 (0.0005)	Arch Loss 3.4247 (3.5550)	Arch Hard Loss 0.0000 (0.0000)	Arch Soft Loss 0.0000 (0.0000)	Prec@(1,5) (15.5%, 41.7%)	
08/07 04:03:04午後 searchCell_trainer.py:220 [INFO] Train: Epoch: [1][150/390]	Step 541	lr 0.02498	Loss 1.7526 (1.7826)	Hard Loss 3.4589 (3.5191)	Soft Loss 0.0005 (0.0005)	Arch Loss 3.3997 (3.5262)	Arch Hard Loss 0.0000 (0.0000)	Arch Soft Loss 0.0000 (0.0000)	Prec@(1,5) (15.7%, 42.0%)	
08/07 04:03:24午後 searchCell_trainer.py:220 [INFO] Train: Epoch: [1][200/390]	Step 591	lr 0.02498	Loss 1.8905 (1.7757)	Hard Loss 3.7337 (3.5053)	Soft Loss 0.0005 (0.0005)	Arch Loss 3.3760 (3.5004)	Arch Hard Loss 0.0000 (0.0000)	Arch Soft Loss 0.0000 (0.0000)	Prec@(1,5) (16.1%, 42.3%)	
08/07 04:03:44午後 searchCell_trainer.py:220 [INFO] Train: Epoch: [1][250/390]	Step 641	lr 0.02498	Loss 1.5733 (1.7609)	Hard Loss 3.1018 (3.4760)	Soft Loss 0.0004 (0.0005)	Arch Loss 3.3990 (3.4839)	Arch Hard Loss 0.0000 (0.0000)	Arch Soft Loss 0.0000 (0.0000)	Prec@(1,5) (16.4%, 43.2%)	
08/07 04:04:04午後 searchCell_trainer.py:220 [INFO] Train: Epoch: [1][300/390]	Step 691	lr 0.02498	Loss 1.5822 (1.7491)	Hard Loss 3.1169 (3.4524)	Soft Loss 0.0005 (0.0005)	Arch Loss 3.3552 (3.4558)	Arch Hard Loss 0.0000 (0.0000)	Arch Soft Loss 0.0000 (0.0000)	Prec@(1,5) (16.8%, 43.9%)	
08/07 04:04:24午後 searchCell_trainer.py:220 [INFO] Train: Epoch: [1][350/390]	Step 741	lr 0.02498	Loss 1.4732 (1.7363)	Hard Loss 2.9061 (3.4270)	Soft Loss 0.0004 (0.0005)	Arch Loss 3.2852 (3.4262)	Arch Hard Loss 0.0000 (0.0000)	Arch Soft Loss 0.0000 (0.0000)	Prec@(1,5) (17.2%, 44.7%)	
08/07 04:04:40午後 searchCell_trainer.py:220 [INFO] Train: Epoch: [1][390/390]	Step 781	lr 0.02498	Loss 1.6239 (1.7295)	Hard Loss 3.2050 (3.4133)	Soft Loss 0.0004 (0.0005)	Arch Loss 3.3926 (3.4067)	Arch Hard Loss 0.0000 (0.0000)	Arch Soft Loss 0.0000 (0.0000)	Prec@(1,5) (17.5%, 45.0%)	
08/07 04:04:41午後 searchCell_trainer.py:235 [INFO] Train: [  1/49] Final Prec@1 17.4720%
08/07 04:04:43午後 searchCell_trainer.py:263 [INFO] Valid: Epoch: [1][50/391]	Step 782	Loss 3.2929	Prec@(1,5) (19.5%, 48.7%)
08/07 04:04:45午後 searchCell_trainer.py:263 [INFO] Valid: Epoch: [1][100/391]	Step 782	Loss 3.3142	Prec@(1,5) (19.2%, 48.4%)
08/07 04:04:47午後 searchCell_trainer.py:263 [INFO] Valid: Epoch: [1][150/391]	Step 782	Loss 3.3062	Prec@(1,5) (19.7%, 48.5%)
08/07 04:04:49午後 searchCell_trainer.py:263 [INFO] Valid: Epoch: [1][200/391]	Step 782	Loss 3.3001	Prec@(1,5) (19.8%, 48.5%)
08/07 04:04:51午後 searchCell_trainer.py:263 [INFO] Valid: Epoch: [1][250/391]	Step 782	Loss 3.2941	Prec@(1,5) (19.9%, 48.6%)
08/07 04:04:53午後 searchCell_trainer.py:263 [INFO] Valid: Epoch: [1][300/391]	Step 782	Loss 3.2871	Prec@(1,5) (19.9%, 48.9%)
08/07 04:04:55午後 searchCell_trainer.py:263 [INFO] Valid: Epoch: [1][350/391]	Step 782	Loss 3.2885	Prec@(1,5) (19.8%, 48.7%)
08/07 04:04:57午後 searchCell_trainer.py:263 [INFO] Valid: Epoch: [1][390/391]	Step 782	Loss 3.2899	Prec@(1,5) (19.9%, 48.8%)
08/07 04:04:57午後 searchCell_trainer.py:270 [INFO] Valid: [  1/49] Final Prec@1 19.8680%
08/07 04:04:57午後 searchCell_KD_main.py:58 [INFO] genotype = Genotype3(normal1=[[('max_pool_3x3', 1), ('sep_conv_3x3', 0)], [('max_pool_3x3', 0), ('max_pool_3x3', 2)], [('max_pool_3x3', 1), ('max_pool_3x3', 0)], [('max_pool_3x3', 0), ('max_pool_3x3', 1)]], normal1_concat=range(2, 6), reduce1=[[('sep_conv_5x5', 1), ('max_pool_3x3', 0)], [('dil_conv_5x5', 1), ('max_pool_3x3', 0)], [('max_pool_3x3', 0), ('dil_conv_5x5', 2)], [('dil_conv_5x5', 2), ('max_pool_3x3', 0)]], reduce1_concat=range(2, 6), normal2=[[('dil_conv_5x5', 1), ('dil_conv_5x5', 0)], [('dil_conv_5x5', 1), ('sep_conv_5x5', 0)], [('dil_conv_5x5', 0), ('sep_conv_5x5', 2)], [('dil_conv_3x3', 1), ('dil_conv_5x5', 2)]], normal2_concat=range(2, 6), reduce2=[[('sep_conv_5x5', 1), ('sep_conv_5x5', 0)], [('sep_conv_5x5', 0), ('dil_conv_5x5', 1)], [('sep_conv_5x5', 3), ('dil_conv_3x3', 2)], [('dil_conv_5x5', 2), ('sep_conv_5x5', 3)]], reduce2_concat=range(2, 6), normal3=[[('dil_conv_5x5', 1), ('sep_conv_5x5', 0)], [('sep_conv_5x5', 1), ('sep_conv_5x5', 2)], [('sep_conv_3x3', 1), ('sep_conv_5x5', 3)], [('dil_conv_5x5', 1), ('sep_conv_5x5', 0)]], normal3_concat=range(2, 6))
08/07 04:04:58午後 searchCell_KD_main.py:92 [INFO] Until now, best Prec@1 = 19.8680%
####### ALPHA #######
# Alpha - normal
tensor([[0.1250, 0.1173, 0.1201, 0.1290, 0.1282, 0.1286, 0.1271, 0.1248],
        [0.1299, 0.1212, 0.1247, 0.1238, 0.1240, 0.1267, 0.1254, 0.1244]],
       device='cuda:0', grad_fn=<SoftmaxBackward0>)
tensor([[0.1322, 0.1207, 0.1252, 0.1261, 0.1240, 0.1235, 0.1248, 0.1234],
        [0.1296, 0.1221, 0.1253, 0.1240, 0.1245, 0.1231, 0.1280, 0.1235],
        [0.1303, 0.1238, 0.1276, 0.1206, 0.1258, 0.1261, 0.1238, 0.1220]],
       device='cuda:0', grad_fn=<SoftmaxBackward0>)
tensor([[0.1300, 0.1194, 0.1235, 0.1225, 0.1261, 0.1271, 0.1227, 0.1286],
        [0.1305, 0.1237, 0.1272, 0.1268, 0.1218, 0.1234, 0.1231, 0.1235],
        [0.1280, 0.1228, 0.1269, 0.1227, 0.1248, 0.1250, 0.1275, 0.1224],
        [0.1257, 0.1215, 0.1269, 0.1246, 0.1250, 0.1283, 0.1231, 0.1250]],
       device='cuda:0', grad_fn=<SoftmaxBackward0>)
tensor([[0.1313, 0.1178, 0.1207, 0.1258, 0.1236, 0.1233, 0.1298, 0.1279],
        [0.1297, 0.1217, 0.1245, 0.1260, 0.1222, 0.1243, 0.1266, 0.1251],
        [0.1288, 0.1223, 0.1248, 0.1263, 0.1246, 0.1227, 0.1250, 0.1255],
        [0.1265, 0.1210, 0.1231, 0.1294, 0.1253, 0.1245, 0.1244, 0.1258],
        [0.1253, 0.1200, 0.1230, 0.1233, 0.1261, 0.1285, 0.1249, 0.1288]],
       device='cuda:0', grad_fn=<SoftmaxBackward0>)
tensor([[0.1271, 0.1203, 0.1243, 0.1233, 0.1259, 0.1279, 0.1294, 0.1219],
        [0.1192, 0.1157, 0.1182, 0.1268, 0.1306, 0.1250, 0.1356, 0.1289]],
       device='cuda:0', grad_fn=<SoftmaxBackward0>)
tensor([[0.1275, 0.1212, 0.1249, 0.1236, 0.1295, 0.1233, 0.1271, 0.1231],
        [0.1195, 0.1154, 0.1183, 0.1219, 0.1319, 0.1309, 0.1333, 0.1289],
        [0.1237, 0.1215, 0.1237, 0.1264, 0.1277, 0.1253, 0.1291, 0.1225]],
       device='cuda:0', grad_fn=<SoftmaxBackward0>)
tensor([[0.1260, 0.1189, 0.1218, 0.1261, 0.1270, 0.1258, 0.1313, 0.1232],
        [0.1208, 0.1173, 0.1197, 0.1253, 0.1286, 0.1294, 0.1291, 0.1297],
        [0.1238, 0.1218, 0.1241, 0.1263, 0.1295, 0.1276, 0.1223, 0.1245],
        [0.1231, 0.1213, 0.1235, 0.1260, 0.1263, 0.1282, 0.1277, 0.1240]],
       device='cuda:0', grad_fn=<SoftmaxBackward0>)
tensor([[0.1280, 0.1214, 0.1242, 0.1261, 0.1258, 0.1269, 0.1249, 0.1228],
        [0.1200, 0.1156, 0.1180, 0.1266, 0.1287, 0.1315, 0.1301, 0.1295],
        [0.1228, 0.1207, 0.1222, 0.1244, 0.1288, 0.1253, 0.1320, 0.1239],
        [0.1232, 0.1207, 0.1228, 0.1249, 0.1275, 0.1260, 0.1290, 0.1259],
        [0.1219, 0.1186, 0.1210, 0.1219, 0.1316, 0.1285, 0.1279, 0.1285]],
       device='cuda:0', grad_fn=<SoftmaxBackward0>)
tensor([[0.1276, 0.1200, 0.1215, 0.1242, 0.1282, 0.1266, 0.1274, 0.1246],
        [0.1251, 0.1190, 0.1199, 0.1248, 0.1276, 0.1267, 0.1293, 0.1275]],
       device='cuda:0', grad_fn=<SoftmaxBackward0>)
tensor([[0.1285, 0.1220, 0.1228, 0.1285, 0.1238, 0.1216, 0.1271, 0.1259],
        [0.1246, 0.1192, 0.1195, 0.1230, 0.1312, 0.1246, 0.1278, 0.1302],
        [0.1270, 0.1228, 0.1206, 0.1255, 0.1292, 0.1254, 0.1264, 0.1232]],
       device='cuda:0', grad_fn=<SoftmaxBackward0>)
tensor([[0.1237, 0.1195, 0.1196, 0.1276, 0.1284, 0.1266, 0.1291, 0.1255],
        [0.1235, 0.1196, 0.1195, 0.1298, 0.1250, 0.1264, 0.1291, 0.1271],
        [0.1249, 0.1227, 0.1214, 0.1255, 0.1279, 0.1267, 0.1253, 0.1256],
        [0.1245, 0.1220, 0.1211, 0.1264, 0.1294, 0.1247, 0.1257, 0.1262]],
       device='cuda:0', grad_fn=<SoftmaxBackward0>)
tensor([[0.1268, 0.1214, 0.1209, 0.1239, 0.1296, 0.1269, 0.1261, 0.1243],
        [0.1232, 0.1189, 0.1191, 0.1266, 0.1278, 0.1268, 0.1296, 0.1281],
        [0.1262, 0.1230, 0.1210, 0.1252, 0.1256, 0.1250, 0.1291, 0.1248],
        [0.1266, 0.1232, 0.1224, 0.1250, 0.1288, 0.1244, 0.1241, 0.1254],
        [0.1263, 0.1229, 0.1230, 0.1250, 0.1252, 0.1255, 0.1262, 0.1259]],
       device='cuda:0', grad_fn=<SoftmaxBackward0>)

# Alpha - reduce
tensor([[0.1302, 0.1250, 0.1222, 0.1241, 0.1239, 0.1262, 0.1252, 0.1233],
        [0.1200, 0.1183, 0.1272, 0.1238, 0.1305, 0.1247, 0.1277, 0.1278]],
       device='cuda:0', grad_fn=<SoftmaxBackward0>)
tensor([[0.1279, 0.1232, 0.1244, 0.1254, 0.1261, 0.1272, 0.1251, 0.1208],
        [0.1215, 0.1200, 0.1252, 0.1257, 0.1278, 0.1258, 0.1278, 0.1263],
        [0.1245, 0.1222, 0.1254, 0.1258, 0.1274, 0.1223, 0.1271, 0.1254]],
       device='cuda:0', grad_fn=<SoftmaxBackward0>)
tensor([[0.1305, 0.1244, 0.1247, 0.1256, 0.1229, 0.1239, 0.1258, 0.1221],
        [0.1199, 0.1182, 0.1255, 0.1263, 0.1267, 0.1276, 0.1278, 0.1281],
        [0.1234, 0.1191, 0.1238, 0.1263, 0.1282, 0.1239, 0.1295, 0.1256],
        [0.1248, 0.1201, 0.1239, 0.1260, 0.1278, 0.1277, 0.1251, 0.1247]],
       device='cuda:0', grad_fn=<SoftmaxBackward0>)
tensor([[0.1301, 0.1246, 0.1275, 0.1241, 0.1263, 0.1215, 0.1225, 0.1233],
        [0.1234, 0.1210, 0.1233, 0.1237, 0.1273, 0.1234, 0.1276, 0.1302],
        [0.1249, 0.1202, 0.1219, 0.1230, 0.1280, 0.1262, 0.1325, 0.1233],
        [0.1267, 0.1225, 0.1257, 0.1240, 0.1257, 0.1289, 0.1229, 0.1236],
        [0.1246, 0.1216, 0.1252, 0.1223, 0.1296, 0.1272, 0.1239, 0.1256]],
       device='cuda:0', grad_fn=<SoftmaxBackward0>)
tensor([[0.1243, 0.1198, 0.1231, 0.1249, 0.1289, 0.1270, 0.1274, 0.1246],
        [0.1243, 0.1204, 0.1227, 0.1266, 0.1316, 0.1217, 0.1262, 0.1265]],
       device='cuda:0', grad_fn=<SoftmaxBackward0>)
tensor([[0.1224, 0.1173, 0.1251, 0.1245, 0.1302, 0.1247, 0.1293, 0.1264],
        [0.1250, 0.1209, 0.1230, 0.1223, 0.1260, 0.1261, 0.1300, 0.1267],
        [0.1272, 0.1174, 0.1204, 0.1277, 0.1291, 0.1255, 0.1286, 0.1240]],
       device='cuda:0', grad_fn=<SoftmaxBackward0>)
tensor([[0.1230, 0.1187, 0.1257, 0.1261, 0.1292, 0.1240, 0.1256, 0.1276],
        [0.1234, 0.1199, 0.1228, 0.1249, 0.1288, 0.1247, 0.1299, 0.1256],
        [0.1276, 0.1172, 0.1216, 0.1227, 0.1257, 0.1315, 0.1283, 0.1255],
        [0.1268, 0.1166, 0.1203, 0.1248, 0.1320, 0.1254, 0.1291, 0.1249]],
       device='cuda:0', grad_fn=<SoftmaxBackward0>)
tensor([[0.1244, 0.1196, 0.1277, 0.1263, 0.1253, 0.1267, 0.1264, 0.1236],
        [0.1232, 0.1194, 0.1242, 0.1281, 0.1268, 0.1231, 0.1281, 0.1270],
        [0.1263, 0.1168, 0.1172, 0.1268, 0.1307, 0.1296, 0.1309, 0.1217],
        [0.1292, 0.1185, 0.1208, 0.1262, 0.1299, 0.1251, 0.1262, 0.1241],
        [0.1283, 0.1183, 0.1214, 0.1268, 0.1291, 0.1245, 0.1272, 0.1244]],
       device='cuda:0', grad_fn=<SoftmaxBackward0>)
#####################
08/07 04:05:18午後 searchCell_trainer.py:220 [INFO] Train: Epoch: [2][50/390]	Step 832	lr 0.02491	Loss 1.4710 (1.5991)	Hard Loss 2.8978 (3.1532)	Soft Loss 0.0004 (0.0005)	Arch Loss 3.2169 (3.2252)	Arch Hard Loss 0.0000 (0.0000)	Arch Soft Loss 0.0000 (0.0000)	Prec@(1,5) (22.9%, 51.4%)	
08/07 04:05:38午後 searchCell_trainer.py:220 [INFO] Train: Epoch: [2][100/390]	Step 882	lr 0.02491	Loss 1.4920 (1.5789)	Hard Loss 2.9427 (3.1128)	Soft Loss 0.0004 (0.0005)	Arch Loss 3.1100 (3.1835)	Arch Hard Loss 0.0000 (0.0000)	Arch Soft Loss 0.0000 (0.0000)	Prec@(1,5) (23.5%, 52.7%)	
08/07 04:05:58午後 searchCell_trainer.py:220 [INFO] Train: Epoch: [2][150/390]	Step 932	lr 0.02491	Loss 1.4968 (1.5761)	Hard Loss 2.9479 (3.1070)	Soft Loss 0.0005 (0.0005)	Arch Loss 2.9802 (3.1837)	Arch Hard Loss 0.0000 (0.0000)	Arch Soft Loss 0.0000 (0.0000)	Prec@(1,5) (23.8%, 53.0%)	
08/07 04:06:18午後 searchCell_trainer.py:220 [INFO] Train: Epoch: [2][200/390]	Step 982	lr 0.02491	Loss 1.6394 (1.5722)	Hard Loss 3.2312 (3.0992)	Soft Loss 0.0005 (0.0005)	Arch Loss 2.9270 (3.1581)	Arch Hard Loss 0.0000 (0.0000)	Arch Soft Loss 0.0000 (0.0000)	Prec@(1,5) (23.7%, 53.3%)	
08/07 04:06:39午後 searchCell_trainer.py:220 [INFO] Train: Epoch: [2][250/390]	Step 1032	lr 0.02491	Loss 1.4813 (1.5728)	Hard Loss 2.9232 (3.1003)	Soft Loss 0.0004 (0.0005)	Arch Loss 2.8372 (3.1403)	Arch Hard Loss 0.0000 (0.0000)	Arch Soft Loss 0.0000 (0.0000)	Prec@(1,5) (23.6%, 53.3%)	
08/07 04:06:59午後 searchCell_trainer.py:220 [INFO] Train: Epoch: [2][300/390]	Step 1082	lr 0.02491	Loss 1.5387 (1.5706)	Hard Loss 3.0362 (3.0960)	Soft Loss 0.0004 (0.0005)	Arch Loss 3.1341 (3.1284)	Arch Hard Loss 0.0000 (0.0000)	Arch Soft Loss 0.0000 (0.0000)	Prec@(1,5) (23.7%, 53.3%)	
08/07 04:07:19午後 searchCell_trainer.py:220 [INFO] Train: Epoch: [2][350/390]	Step 1132	lr 0.02491	Loss 1.5516 (1.5705)	Hard Loss 3.0567 (3.0960)	Soft Loss 0.0005 (0.0005)	Arch Loss 2.7018 (3.1153)	Arch Hard Loss 0.0000 (0.0000)	Arch Soft Loss 0.0000 (0.0000)	Prec@(1,5) (23.6%, 53.3%)	
08/07 04:07:35午後 searchCell_trainer.py:220 [INFO] Train: Epoch: [2][390/390]	Step 1172	lr 0.02491	Loss 1.6325 (1.5669)	Hard Loss 3.2191 (3.0889)	Soft Loss 0.0005 (0.0005)	Arch Loss 3.1793 (3.1082)	Arch Hard Loss 0.0000 (0.0000)	Arch Soft Loss 0.0000 (0.0000)	Prec@(1,5) (23.8%, 53.5%)	
08/07 04:07:35午後 searchCell_trainer.py:235 [INFO] Train: [  2/49] Final Prec@1 23.7840%
08/07 04:07:38午後 searchCell_trainer.py:263 [INFO] Valid: Epoch: [2][50/391]	Step 1173	Loss 2.9761	Prec@(1,5) (26.3%, 56.4%)
08/07 04:07:40午後 searchCell_trainer.py:263 [INFO] Valid: Epoch: [2][100/391]	Step 1173	Loss 2.9870	Prec@(1,5) (25.8%, 56.0%)
08/07 04:07:42午後 searchCell_trainer.py:263 [INFO] Valid: Epoch: [2][150/391]	Step 1173	Loss 2.9893	Prec@(1,5) (25.5%, 56.1%)
08/07 04:07:44午後 searchCell_trainer.py:263 [INFO] Valid: Epoch: [2][200/391]	Step 1173	Loss 2.9894	Prec@(1,5) (25.6%, 56.1%)
08/07 04:07:46午後 searchCell_trainer.py:263 [INFO] Valid: Epoch: [2][250/391]	Step 1173	Loss 2.9846	Prec@(1,5) (25.7%, 56.1%)
08/07 04:07:48午後 searchCell_trainer.py:263 [INFO] Valid: Epoch: [2][300/391]	Step 1173	Loss 2.9898	Prec@(1,5) (25.6%, 56.1%)
08/07 04:07:50午後 searchCell_trainer.py:263 [INFO] Valid: Epoch: [2][350/391]	Step 1173	Loss 2.9888	Prec@(1,5) (25.6%, 56.1%)
08/07 04:07:52午後 searchCell_trainer.py:263 [INFO] Valid: Epoch: [2][390/391]	Step 1173	Loss 2.9824	Prec@(1,5) (25.7%, 56.2%)
08/07 04:07:52午後 searchCell_trainer.py:270 [INFO] Valid: [  2/49] Final Prec@1 25.7520%
08/07 04:07:52午後 searchCell_KD_main.py:58 [INFO] genotype = Genotype3(normal1=[[('sep_conv_3x3', 0), ('max_pool_3x3', 1)], [('max_pool_3x3', 0), ('max_pool_3x3', 2)], [('max_pool_3x3', 0), ('dil_conv_3x3', 3)], [('max_pool_3x3', 0), ('dil_conv_3x3', 4)]], normal1_concat=range(2, 6), reduce1=[[('sep_conv_5x5', 1), ('max_pool_3x3', 0)], [('dil_conv_5x5', 1), ('sep_conv_5x5', 2)], [('max_pool_3x3', 0), ('dil_conv_5x5', 2)], [('dil_conv_5x5', 2), ('max_pool_3x3', 0)]], reduce1_concat=range(2, 6), normal2=[[('dil_conv_5x5', 1), ('dil_conv_5x5', 0)], [('dil_conv_5x5', 1), ('sep_conv_5x5', 0)], [('dil_conv_5x5', 0), ('sep_conv_5x5', 1)], [('dil_conv_3x3', 1), ('sep_conv_5x5', 4)]], normal2_concat=range(2, 6), reduce2=[[('sep_conv_5x5', 1), ('sep_conv_5x5', 0)], [('sep_conv_5x5', 0), ('dil_conv_5x5', 1)], [('sep_conv_5x5', 3), ('dil_conv_3x3', 2)], [('dil_conv_5x5', 2), ('sep_conv_5x5', 4)]], reduce2_concat=range(2, 6), normal3=[[('dil_conv_5x5', 1), ('sep_conv_5x5', 0)], [('sep_conv_5x5', 1), ('max_pool_3x3', 0)], [('sep_conv_3x3', 1), ('dil_conv_5x5', 0)], [('sep_conv_5x5', 0), ('dil_conv_5x5', 1)]], normal3_concat=range(2, 6))
08/07 04:07:52午後 searchCell_KD_main.py:92 [INFO] Until now, best Prec@1 = 25.7520%
####### ALPHA #######
# Alpha - normal
tensor([[0.1263, 0.1151, 0.1198, 0.1312, 0.1287, 0.1280, 0.1272, 0.1236],
        [0.1296, 0.1172, 0.1229, 0.1246, 0.1249, 0.1284, 0.1268, 0.1256]],
       device='cuda:0', grad_fn=<SoftmaxBackward0>)
tensor([[0.1350, 0.1187, 0.1258, 0.1256, 0.1249, 0.1215, 0.1260, 0.1226],
        [0.1297, 0.1196, 0.1247, 0.1256, 0.1259, 0.1230, 0.1283, 0.1234],
        [0.1307, 0.1222, 0.1283, 0.1206, 0.1253, 0.1269, 0.1242, 0.1217]],
       device='cuda:0', grad_fn=<SoftmaxBackward0>)
tensor([[0.1321, 0.1171, 0.1232, 0.1225, 0.1279, 0.1279, 0.1223, 0.1270],
        [0.1304, 0.1207, 0.1267, 0.1297, 0.1224, 0.1225, 0.1230, 0.1247],
        [0.1275, 0.1202, 0.1270, 0.1239, 0.1264, 0.1247, 0.1292, 0.1211],
        [0.1236, 0.1186, 0.1262, 0.1244, 0.1271, 0.1310, 0.1234, 0.1256]],
       device='cuda:0', grad_fn=<SoftmaxBackward0>)
tensor([[0.1339, 0.1148, 0.1192, 0.1249, 0.1225, 0.1240, 0.1331, 0.1277],
        [0.1297, 0.1188, 0.1233, 0.1265, 0.1216, 0.1264, 0.1271, 0.1265],
        [0.1285, 0.1199, 0.1248, 0.1255, 0.1251, 0.1232, 0.1264, 0.1265],
        [0.1245, 0.1183, 0.1220, 0.1317, 0.1253, 0.1252, 0.1255, 0.1277],
        [0.1236, 0.1174, 0.1220, 0.1238, 0.1270, 0.1316, 0.1238, 0.1307]],
       device='cuda:0', grad_fn=<SoftmaxBackward0>)
tensor([[0.1270, 0.1180, 0.1238, 0.1232, 0.1283, 0.1295, 0.1301, 0.1202],
        [0.1166, 0.1126, 0.1165, 0.1272, 0.1313, 0.1258, 0.1389, 0.1311]],
       device='cuda:0', grad_fn=<SoftmaxBackward0>)
tensor([[0.1282, 0.1194, 0.1256, 0.1237, 0.1305, 0.1228, 0.1278, 0.1220],
        [0.1172, 0.1124, 0.1166, 0.1224, 0.1332, 0.1324, 0.1348, 0.1311],
        [0.1224, 0.1201, 0.1231, 0.1287, 0.1302, 0.1253, 0.1291, 0.1211]],
       device='cuda:0', grad_fn=<SoftmaxBackward0>)
tensor([[0.1271, 0.1176, 0.1225, 0.1276, 0.1262, 0.1249, 0.1321, 0.1219],
        [0.1173, 0.1137, 0.1172, 0.1266, 0.1317, 0.1314, 0.1306, 0.1315],
        [0.1225, 0.1205, 0.1242, 0.1264, 0.1312, 0.1273, 0.1222, 0.1256],
        [0.1215, 0.1192, 0.1227, 0.1276, 0.1278, 0.1280, 0.1291, 0.1241]],
       device='cuda:0', grad_fn=<SoftmaxBackward0>)
tensor([[0.1284, 0.1194, 0.1240, 0.1263, 0.1265, 0.1284, 0.1253, 0.1217],
        [0.1190, 0.1130, 0.1166, 0.1283, 0.1278, 0.1335, 0.1319, 0.1298],
        [0.1231, 0.1205, 0.1234, 0.1223, 0.1302, 0.1256, 0.1311, 0.1239],
        [0.1235, 0.1201, 0.1233, 0.1237, 0.1291, 0.1258, 0.1286, 0.1259],
        [0.1216, 0.1171, 0.1209, 0.1224, 0.1323, 0.1274, 0.1297, 0.1286]],
       device='cuda:0', grad_fn=<SoftmaxBackward0>)
tensor([[0.1285, 0.1169, 0.1188, 0.1257, 0.1308, 0.1261, 0.1288, 0.1245],
        [0.1257, 0.1162, 0.1173, 0.1244, 0.1276, 0.1283, 0.1332, 0.1273]],
       device='cuda:0', grad_fn=<SoftmaxBackward0>)
tensor([[0.1304, 0.1205, 0.1218, 0.1293, 0.1233, 0.1208, 0.1276, 0.1263],
        [0.1248, 0.1164, 0.1169, 0.1232, 0.1335, 0.1235, 0.1304, 0.1315],
        [0.1290, 0.1220, 0.1194, 0.1239, 0.1305, 0.1259, 0.1275, 0.1218]],
       device='cuda:0', grad_fn=<SoftmaxBackward0>)
tensor([[0.1251, 0.1176, 0.1181, 0.1265, 0.1291, 0.1269, 0.1308, 0.1259],
        [0.1243, 0.1177, 0.1177, 0.1317, 0.1256, 0.1265, 0.1287, 0.1280],
        [0.1264, 0.1218, 0.1200, 0.1253, 0.1301, 0.1268, 0.1251, 0.1245],
        [0.1257, 0.1211, 0.1200, 0.1285, 0.1287, 0.1243, 0.1262, 0.1255]],
       device='cuda:0', grad_fn=<SoftmaxBackward0>)
tensor([[0.1272, 0.1191, 0.1189, 0.1244, 0.1316, 0.1276, 0.1271, 0.1242],
        [0.1241, 0.1174, 0.1179, 0.1270, 0.1278, 0.1271, 0.1298, 0.1289],
        [0.1276, 0.1224, 0.1204, 0.1262, 0.1259, 0.1238, 0.1294, 0.1243],
        [0.1276, 0.1222, 0.1214, 0.1248, 0.1298, 0.1258, 0.1233, 0.1250],
        [0.1268, 0.1216, 0.1218, 0.1259, 0.1255, 0.1260, 0.1267, 0.1256]],
       device='cuda:0', grad_fn=<SoftmaxBackward0>)

# Alpha - reduce
tensor([[0.1314, 0.1248, 0.1220, 0.1249, 0.1238, 0.1259, 0.1247, 0.1225],
        [0.1171, 0.1151, 0.1290, 0.1246, 0.1329, 0.1241, 0.1287, 0.1285]],
