08/22 09:36:43AM parser.py:28 [INFO] 
08/22 09:36:43AM parser.py:29 [INFO] Parameters:
08/22 09:36:43AM parser.py:31 [INFO] DAG_PATH=results/search_stage_KD/cifar10/noSlideWindow/3-20240822-093643/DAG
08/22 09:36:43AM parser.py:31 [INFO] T=10.0
08/22 09:36:43AM parser.py:31 [INFO] ADVANCED=False
08/22 09:36:43AM parser.py:31 [INFO] ALPHA_LR=0.0003
08/22 09:36:43AM parser.py:31 [INFO] ALPHA_WEIGHT_DECAY=0.001
08/22 09:36:43AM parser.py:31 [INFO] BATCH_SIZE=64
08/22 09:36:43AM parser.py:31 [INFO] CASCADE=True
08/22 09:36:43AM parser.py:31 [INFO] CHECKPOINT_RESET=False
08/22 09:36:43AM parser.py:31 [INFO] CUTOUT_LENGTH=0
08/22 09:36:43AM parser.py:31 [INFO] DATA_PATH=../data/
08/22 09:36:43AM parser.py:31 [INFO] DATASET=cifar10
08/22 09:36:43AM parser.py:31 [INFO] DESCRIPTION=noSlideWindow_version_searching_stage
08/22 09:36:43AM parser.py:31 [INFO] EPOCHS=50
08/22 09:36:43AM parser.py:31 [INFO] EXP_NAME=3-20240822-093643
08/22 09:36:43AM parser.py:31 [INFO] GENOTYPE=Genotype3(normal1=[[('sep_conv_5x5', 0), ('sep_conv_3x3', 1)], [('sep_conv_3x3', 1), ('sep_conv_3x3', 0)], [('sep_conv_3x3', 1), ('sep_conv_3x3', 2)], [('sep_conv_3x3', 0), ('sep_conv_5x5', 4)]], normal1_concat=range(2, 6), reduce1=[[('sep_conv_3x3', 0), ('skip_connect', 1)], [('sep_conv_3x3', 1), ('max_pool_3x3', 0)], [('sep_conv_3x3', 2), ('sep_conv_3x3', 1)], [('max_pool_3x3', 0), ('dil_conv_3x3', 1)]], reduce1_concat=range(2, 6), normal2=[[('skip_connect', 0), ('sep_conv_5x5', 1)], [('skip_connect', 0), ('skip_connect', 2)], [('avg_pool_3x3', 0), ('avg_pool_3x3', 2)], [('skip_connect', 0), ('avg_pool_3x3', 2)]], normal2_concat=range(2, 6), reduce2=[[('avg_pool_3x3', 0), ('avg_pool_3x3', 1)], [('avg_pool_3x3', 0), ('skip_connect', 2)], [('skip_connect', 2), ('avg_pool_3x3', 0)], [('skip_connect', 2), ('avg_pool_3x3', 0)]], reduce2_concat=range(2, 6), normal3=[[('skip_connect', 0), ('skip_connect', 1)], [('skip_connect', 0), ('dil_conv_3x3', 1)], [('skip_connect', 0), ('skip_connect', 1)], [('skip_connect', 0), ('skip_connect', 2)]], normal3_concat=range(2, 6))
08/22 09:36:43AM parser.py:31 [INFO] GPUS=[0]
08/22 09:36:43AM parser.py:31 [INFO] INIT_CHANNELS=16
08/22 09:36:43AM parser.py:31 [INFO] L=0.5
08/22 09:36:43AM parser.py:31 [INFO] LAYERS=20
08/22 09:36:43AM parser.py:31 [INFO] LOGGER=<Logger H-DAS (INFO)>
08/22 09:36:43AM parser.py:31 [INFO] NAME=noSlideWindow
08/22 09:36:43AM parser.py:31 [INFO] NONKD=True
08/22 09:36:43AM parser.py:31 [INFO] PATH=results/search_stage_KD/cifar10/noSlideWindow/3-20240822-093643
08/22 09:36:43AM parser.py:31 [INFO] PCDARTS=False
08/22 09:36:43AM parser.py:31 [INFO] PLOT_PATH=results/search_stage_KD/cifar10/noSlideWindow/3-20240822-093643/plots
08/22 09:36:43AM parser.py:31 [INFO] PRINT_FREQ=50
08/22 09:36:43AM parser.py:31 [INFO] RESUME_PATH=None
08/22 09:36:43AM parser.py:31 [INFO] SAVE=3
08/22 09:36:43AM parser.py:31 [INFO] SEED=3
08/22 09:36:43AM parser.py:31 [INFO] SHARE_STAGE=False
08/22 09:36:43AM parser.py:31 [INFO] SPEC_CELL=True
08/22 09:36:43AM parser.py:31 [INFO] TEACHER_NAME=non
08/22 09:36:43AM parser.py:31 [INFO] TEACHER_PATH=non
08/22 09:36:43AM parser.py:31 [INFO] TRAIN_PORTION=0.5
08/22 09:36:43AM parser.py:31 [INFO] W_GRAD_CLIP=5.0
08/22 09:36:43AM parser.py:31 [INFO] W_LR=0.025
08/22 09:36:43AM parser.py:31 [INFO] W_LR_MIN=0.001
08/22 09:36:43AM parser.py:31 [INFO] W_MOMENTUM=0.9
08/22 09:36:43AM parser.py:31 [INFO] W_WEIGHT_DECAY=0.0003
08/22 09:36:43AM parser.py:31 [INFO] WORKERS=4
08/22 09:36:43AM parser.py:32 [INFO] 
08/22 09:36:58AM searchStage_trainer.py:136 [INFO] --> No loaded checkpoint!
####### ALPHA #######
# Alpha - DAG
tensor([[0.2499, 0.2504, 0.2497, 0.2501],
        [0.2502, 0.2502, 0.2494, 0.2501]], device='cuda:0',
       grad_fn=<SoftmaxBackward0>)
tensor([[0.2501, 0.2500, 0.2504, 0.2496],
        [0.2501, 0.2498, 0.2500, 0.2501],
        [0.2500, 0.2501, 0.2499, 0.2500]], device='cuda:0',
       grad_fn=<SoftmaxBackward0>)
tensor([[0.2501, 0.2499, 0.2502, 0.2498],
        [0.2501, 0.2502, 0.2501, 0.2496],
        [0.2502, 0.2502, 0.2499, 0.2497],
        [0.2502, 0.2499, 0.2500, 0.2499]], device='cuda:0',
       grad_fn=<SoftmaxBackward0>)
tensor([[0.2500, 0.2503, 0.2498, 0.2500],
        [0.2505, 0.2499, 0.2502, 0.2495],
        [0.2496, 0.2500, 0.2501, 0.2503],
        [0.2499, 0.2501, 0.2502, 0.2498],
        [0.2502, 0.2499, 0.2498, 0.2501]], device='cuda:0',
       grad_fn=<SoftmaxBackward0>)
tensor([[0.2494, 0.2503, 0.2500, 0.2503],
        [0.2505, 0.2496, 0.2499, 0.2501],
        [0.2503, 0.2501, 0.2496, 0.2499],
        [0.2503, 0.2498, 0.2502, 0.2497],
        [0.2499, 0.2501, 0.2503, 0.2498],
        [0.2501, 0.2498, 0.2499, 0.2502]], device='cuda:0',
       grad_fn=<SoftmaxBackward0>)
tensor([[0.2498, 0.2498, 0.2499, 0.2505],
        [0.2501, 0.2497, 0.2498, 0.2503],
        [0.2501, 0.2500, 0.2501, 0.2498],
        [0.2503, 0.2496, 0.2502, 0.2500],
        [0.2502, 0.2496, 0.2504, 0.2497],
        [0.2499, 0.2500, 0.2504, 0.2498],
        [0.2504, 0.2501, 0.2500, 0.2495]], device='cuda:0',
       grad_fn=<SoftmaxBackward0>)
tensor([[0.2501, 0.2499, 0.2499, 0.2501],
        [0.2497, 0.2501, 0.2504, 0.2498]], device='cuda:0',
       grad_fn=<SoftmaxBackward0>)
tensor([[0.2497, 0.2502, 0.2502, 0.2499],
        [0.2502, 0.2500, 0.2499, 0.2500],
        [0.2502, 0.2500, 0.2498, 0.2500]], device='cuda:0',
       grad_fn=<SoftmaxBackward0>)
tensor([[0.2502, 0.2498, 0.2502, 0.2499],
        [0.2500, 0.2502, 0.2499, 0.2499],
        [0.2497, 0.2501, 0.2498, 0.2503],
        [0.2498, 0.2501, 0.2500, 0.2501]], device='cuda:0',
       grad_fn=<SoftmaxBackward0>)
tensor([[0.2500, 0.2501, 0.2500, 0.2498],
        [0.2498, 0.2499, 0.2499, 0.2504],
        [0.2501, 0.2501, 0.2497, 0.2501],
        [0.2501, 0.2499, 0.2497, 0.2503],
        [0.2499, 0.2501, 0.2500, 0.2500]], device='cuda:0',
       grad_fn=<SoftmaxBackward0>)
tensor([[0.2498, 0.2499, 0.2499, 0.2505],
        [0.2500, 0.2500, 0.2501, 0.2499],
        [0.2500, 0.2500, 0.2499, 0.2502],
        [0.2494, 0.2496, 0.2503, 0.2507],
        [0.2499, 0.2502, 0.2498, 0.2500],
        [0.2500, 0.2499, 0.2500, 0.2501]], device='cuda:0',
       grad_fn=<SoftmaxBackward0>)
tensor([[0.2501, 0.2499, 0.2500, 0.2499],
        [0.2501, 0.2503, 0.2496, 0.2500],
        [0.2501, 0.2497, 0.2500, 0.2502],
        [0.2499, 0.2501, 0.2500, 0.2500],
        [0.2500, 0.2501, 0.2493, 0.2505],
        [0.2501, 0.2501, 0.2498, 0.2500],
        [0.2502, 0.2498, 0.2500, 0.2499]], device='cuda:0',
       grad_fn=<SoftmaxBackward0>)
tensor([[0.2503, 0.2499, 0.2497, 0.2501],
        [0.2503, 0.2500, 0.2500, 0.2497]], device='cuda:0',
       grad_fn=<SoftmaxBackward0>)
tensor([[0.2496, 0.2499, 0.2503, 0.2502],
        [0.2496, 0.2498, 0.2504, 0.2502],
        [0.2501, 0.2500, 0.2499, 0.2499]], device='cuda:0',
       grad_fn=<SoftmaxBackward0>)
tensor([[0.2504, 0.2497, 0.2498, 0.2501],
        [0.2497, 0.2497, 0.2504, 0.2501],
        [0.2500, 0.2498, 0.2499, 0.2503],
        [0.2501, 0.2499, 0.2502, 0.2498]], device='cuda:0',
       grad_fn=<SoftmaxBackward0>)
tensor([[0.2504, 0.2499, 0.2500, 0.2497],
        [0.2496, 0.2502, 0.2499, 0.2503],
        [0.2502, 0.2501, 0.2497, 0.2500],
        [0.2498, 0.2500, 0.2504, 0.2498],
        [0.2499, 0.2499, 0.2505, 0.2498]], device='cuda:0',
       grad_fn=<SoftmaxBackward0>)
tensor([[0.2500, 0.2502, 0.2496, 0.2502],
        [0.2499, 0.2500, 0.2501, 0.2499],
        [0.2500, 0.2500, 0.2501, 0.2500],
        [0.2501, 0.2498, 0.2497, 0.2504],
        [0.2501, 0.2496, 0.2499, 0.2504],
        [0.2505, 0.2493, 0.2501, 0.2501]], device='cuda:0',
       grad_fn=<SoftmaxBackward0>)
tensor([[0.2499, 0.2499, 0.2502, 0.2500],
        [0.2496, 0.2500, 0.2501, 0.2503],
        [0.2500, 0.2500, 0.2497, 0.2503],
        [0.2504, 0.2501, 0.2500, 0.2495],
        [0.2500, 0.2499, 0.2504, 0.2496],
        [0.2498, 0.2500, 0.2501, 0.2501],
        [0.2497, 0.2498, 0.2503, 0.2501]], device='cuda:0',
       grad_fn=<SoftmaxBackward0>)
#####################
08/22 09:37:21AM searchStage_trainer.py:267 [INFO] Train: Epoch: [0][50/390]	Step 50	lr 0.025	Loss 1.8168 (2.2068)	Hard Loss 1.8168 (2.2068)	Soft Loss 1.8168 (2.2068)	Arch Loss 2.3586 (2.2462)	Arch Hard Loss 2.3586 (2.2462)	Arch Soft Loss 2.3586 (2.2462)	Arch depth Loss -0.2080 (-0.1032)	Prec@(1,5) (21.7%, 72.0%)	
08/22 09:37:43AM searchStage_trainer.py:267 [INFO] Train: Epoch: [0][100/390]	Step 100	lr 0.025	Loss 2.1190 (2.0813)	Hard Loss 2.1190 (2.0813)	Soft Loss 2.1190 (2.0813)	Arch Loss 1.8904 (2.0951)	Arch Hard Loss 1.8904 (2.0951)	Arch Soft Loss 1.8904 (2.0951)	Arch depth Loss -0.4283 (-0.2115)	Prec@(1,5) (24.4%, 77.5%)	
08/22 09:38:04AM searchStage_trainer.py:267 [INFO] Train: Epoch: [0][150/390]	Step 150	lr 0.025	Loss 1.7213 (1.9877)	Hard Loss 1.7213 (1.9877)	Soft Loss 1.7213 (1.9877)	Arch Loss 1.5193 (2.0096)	Arch Hard Loss 1.5193 (2.0096)	Arch Soft Loss 1.5193 (2.0096)	Arch depth Loss -0.6555 (-0.3222)	Prec@(1,5) (26.3%, 80.2%)	
08/22 09:38:26AM searchStage_trainer.py:267 [INFO] Train: Epoch: [0][200/390]	Step 200	lr 0.025	Loss 1.9724 (1.9141)	Hard Loss 1.9724 (1.9141)	Soft Loss 1.9724 (1.9141)	Arch Loss 1.6723 (1.9319)	Arch Hard Loss 1.6723 (1.9319)	Arch Soft Loss 1.6723 (1.9319)	Arch depth Loss -0.8896 (-0.4352)	Prec@(1,5) (28.8%, 82.2%)	
08/22 09:38:47AM searchStage_trainer.py:267 [INFO] Train: Epoch: [0][250/390]	Step 250	lr 0.025	Loss 1.5091 (1.8650)	Hard Loss 1.5091 (1.8650)	Soft Loss 1.5091 (1.8650)	Arch Loss 1.5696 (1.8757)	Arch Hard Loss 1.5696 (1.8757)	Arch Soft Loss 1.5696 (1.8757)	Arch depth Loss -1.1307 (-0.5506)	Prec@(1,5) (30.5%, 83.6%)	
08/22 09:39:09AM searchStage_trainer.py:267 [INFO] Train: Epoch: [0][300/390]	Step 300	lr 0.025	Loss 1.5978 (1.8215)	Hard Loss 1.5978 (1.8215)	Soft Loss 1.5978 (1.8215)	Arch Loss 1.4596 (1.8356)	Arch Hard Loss 1.4596 (1.8356)	Arch Soft Loss 1.4596 (1.8356)	Arch depth Loss -1.3791 (-0.6683)	Prec@(1,5) (32.2%, 84.6%)	
08/22 09:39:30AM searchStage_trainer.py:267 [INFO] Train: Epoch: [0][350/390]	Step 350	lr 0.025	Loss 1.5669 (1.7855)	Hard Loss 1.5669 (1.7855)	Soft Loss 1.5669 (1.7855)	Arch Loss 1.5004 (1.7983)	Arch Hard Loss 1.5004 (1.7983)	Arch Soft Loss 1.5004 (1.7983)	Arch depth Loss -1.6347 (-0.7884)	Prec@(1,5) (33.5%, 85.4%)	
08/22 09:39:47AM searchStage_trainer.py:267 [INFO] Train: Epoch: [0][390/390]	Step 390	lr 0.025	Loss 1.3829 (1.7586)	Hard Loss 1.3829 (1.7586)	Soft Loss 1.3829 (1.7586)	Arch Loss 1.4734 (1.7693)	Arch Hard Loss 1.4734 (1.7693)	Arch Soft Loss 1.4734 (1.7693)	Arch depth Loss -1.8446 (-0.8862)	Prec@(1,5) (34.6%, 86.1%)	
08/22 09:39:48AM searchStage_trainer.py:283 [INFO] Train: [  0/49] Final Prec@1 34.6120%
08/22 09:39:52AM searchStage_trainer.py:311 [INFO] Valid: Epoch: [0][50/391]	Step 391	Loss 1.5370	Prec@(1,5) (43.0%, 90.2%)
08/22 09:39:56AM searchStage_trainer.py:311 [INFO] Valid: Epoch: [0][100/391]	Step 391	Loss 1.5205	Prec@(1,5) (43.0%, 90.8%)
08/22 09:40:00AM searchStage_trainer.py:311 [INFO] Valid: Epoch: [0][150/391]	Step 391	Loss 1.5273	Prec@(1,5) (43.1%, 90.6%)
08/22 09:40:03AM searchStage_trainer.py:311 [INFO] Valid: Epoch: [0][200/391]	Step 391	Loss 1.5188	Prec@(1,5) (43.1%, 90.9%)
08/22 09:40:07AM searchStage_trainer.py:311 [INFO] Valid: Epoch: [0][250/391]	Step 391	Loss 1.5196	Prec@(1,5) (43.1%, 91.0%)
08/22 09:40:10AM searchStage_trainer.py:311 [INFO] Valid: Epoch: [0][300/391]	Step 391	Loss 1.5208	Prec@(1,5) (43.1%, 90.8%)
08/22 09:40:14AM searchStage_trainer.py:311 [INFO] Valid: Epoch: [0][350/391]	Step 391	Loss 1.5182	Prec@(1,5) (43.5%, 90.9%)
08/22 09:40:17AM searchStage_trainer.py:311 [INFO] Valid: Epoch: [0][390/391]	Step 391	Loss 1.5190	Prec@(1,5) (43.5%, 90.9%)
08/22 09:40:17AM searchStage_trainer.py:322 [INFO] Valid: [  0/49] Final Prec@1 43.4880%
08/22 09:40:17AM searchStage_KD_main.py:58 [INFO] DAG = Genotype2(DAG1=[[('skip_connect', 0), ('max_pool_3x3', 1)], [('max_pool_3x3', 2), ('skip_connect', 0)], [('max_pool_3x3', 2), ('max_pool_3x3', 3)], [('skip_connect', 2), ('max_pool_3x3', 4)], [('max_pool_3x3', 1), ('max_pool_3x3', 2)], [('max_pool_3x3', 1), ('max_pool_3x3', 0)]], DAG1_concat=range(6, 8), DAG2=[[('skip_connect', 1), ('max_pool_3x3', 0)], [('max_pool_3x3', 2), ('skip_connect', 0)], [('skip_connect', 3), ('avg_pool_3x3', 2)], [('avg_pool_3x3', 2), ('max_pool_3x3', 3)], [('max_pool_3x3', 1), ('max_pool_3x3', 0)], [('max_pool_3x3', 1), ('max_pool_3x3', 0)]], DAG2_concat=range(6, 8), DAG3=[[('skip_connect', 1), ('skip_connect', 0)], [('skip_connect', 2), ('skip_connect', 1)], [('skip_connect', 3), ('skip_connect', 2)], [('skip_connect', 3), ('skip_connect', 4)], [('skip_connect', 1), ('skip_connect', 2)], [('skip_connect', 0), ('skip_connect', 1)]], DAG3_concat=range(6, 8))
08/22 09:40:18AM searchStage_KD_main.py:89 [INFO] Until now, best Prec@1 = 43.4880%
####### ALPHA #######
# Alpha - DAG
tensor([[0.2494, 0.2500, 0.2502, 0.2504],
        [0.2503, 0.2500, 0.2499, 0.2499]], device='cuda:0',
       grad_fn=<SoftmaxBackward0>)
tensor([[0.2504, 0.2500, 0.2509, 0.2488],
        [0.2501, 0.2498, 0.2503, 0.2497],
        [0.2507, 0.2502, 0.2489, 0.2502]], device='cuda:0',
       grad_fn=<SoftmaxBackward0>)
tensor([[0.2507, 0.2497, 0.2502, 0.2494],
        [0.2507, 0.2500, 0.2503, 0.2491],
        [0.2507, 0.2506, 0.2495, 0.2492],
        [0.2504, 0.2503, 0.2496, 0.2498]], device='cuda:0',
       grad_fn=<SoftmaxBackward0>)
tensor([[0.2506, 0.2503, 0.2502, 0.2490],
        [0.2508, 0.2497, 0.2506, 0.2489],
        [0.2496, 0.2499, 0.2500, 0.2505],
        [0.2501, 0.2501, 0.2497, 0.2500],
        [0.2502, 0.2500, 0.2497, 0.2501]], device='cuda:0',
       grad_fn=<SoftmaxBackward0>)
tensor([[0.2506, 0.2495, 0.2500, 0.2499],
        [0.2519, 0.2487, 0.2501, 0.2493],
        [0.2514, 0.2505, 0.2490, 0.2491],
        [0.2541, 0.2464, 0.2508, 0.2487],
        [0.2518, 0.2461, 0.2474, 0.2547],
        [0.2506, 0.2476, 0.2509, 0.2508]], device='cuda:0',
       grad_fn=<SoftmaxBackward0>)
tensor([[0.2509, 0.2489, 0.2496, 0.2506],
        [0.2509, 0.2490, 0.2500, 0.2500],
        [0.2507, 0.2499, 0.2497, 0.2496],
        [0.2528, 0.2482, 0.2478, 0.2511],
        [0.2539, 0.2477, 0.2506, 0.2478],
        [0.2532, 0.2479, 0.2507, 0.2481],
        [0.2520, 0.2475, 0.2498, 0.2507]], device='cuda:0',
       grad_fn=<SoftmaxBackward0>)
tensor([[0.2502, 0.2497, 0.2499, 0.2502],
        [0.2498, 0.2500, 0.2506, 0.2497]], device='cuda:0',
       grad_fn=<SoftmaxBackward0>)
tensor([[0.2499, 0.2502, 0.2503, 0.2497],
        [0.2501, 0.2499, 0.2500, 0.2500],
        [0.2503, 0.2500, 0.2496, 0.2501]], device='cuda:0',
       grad_fn=<SoftmaxBackward0>)
tensor([[0.2501, 0.2498, 0.2503, 0.2498],
        [0.2500, 0.2501, 0.2500, 0.2500],
        [0.2499, 0.2500, 0.2497, 0.2504],
        [0.2497, 0.2502, 0.2502, 0.2498]], device='cuda:0',
       grad_fn=<SoftmaxBackward0>)
tensor([[0.2501, 0.2501, 0.2501, 0.2497],
        [0.2498, 0.2498, 0.2500, 0.2504],
        [0.2500, 0.2502, 0.2498, 0.2500],
        [0.2500, 0.2500, 0.2497, 0.2504],
        [0.2500, 0.2501, 0.2499, 0.2499]], device='cuda:0',
       grad_fn=<SoftmaxBackward0>)
tensor([[0.2503, 0.2501, 0.2501, 0.2495],
        [0.2505, 0.2500, 0.2501, 0.2494],
        [0.2501, 0.2499, 0.2496, 0.2503],
        [0.2475, 0.2487, 0.2499, 0.2539],
        [0.2511, 0.2484, 0.2475, 0.2530],
        [0.2499, 0.2484, 0.2470, 0.2547]], device='cuda:0',
       grad_fn=<SoftmaxBackward0>)
tensor([[0.2506, 0.2500, 0.2501, 0.2493],
        [0.2507, 0.2501, 0.2496, 0.2496],
        [0.2504, 0.2498, 0.2501, 0.2497],
        [0.2474, 0.2503, 0.2524, 0.2499],
        [0.2497, 0.2479, 0.2466, 0.2558],
        [0.2497, 0.2492, 0.2486, 0.2526],
        [0.2491, 0.2498, 0.2487, 0.2524]], device='cuda:0',
       grad_fn=<SoftmaxBackward0>)
tensor([[0.2500, 0.2497, 0.2501, 0.2501],
        [0.2500, 0.2499, 0.2505, 0.2496]], device='cuda:0',
       grad_fn=<SoftmaxBackward0>)
tensor([[0.2495, 0.2499, 0.2507, 0.2499],
        [0.2494, 0.2497, 0.2506, 0.2503],
        [0.2499, 0.2500, 0.2501, 0.2501]], device='cuda:0',
       grad_fn=<SoftmaxBackward0>)
tensor([[0.2504, 0.2495, 0.2499, 0.2501],
        [0.2496, 0.2496, 0.2506, 0.2502],
        [0.2498, 0.2498, 0.2503, 0.2501],
        [0.2499, 0.2498, 0.2504, 0.2499]], device='cuda:0',
       grad_fn=<SoftmaxBackward0>)
tensor([[0.2503, 0.2499, 0.2503, 0.2495],
        [0.2496, 0.2500, 0.2501, 0.2503],
        [0.2500, 0.2500, 0.2499, 0.2501],
        [0.2496, 0.2500, 0.2506, 0.2498],
        [0.2498, 0.2498, 0.2504, 0.2500]], device='cuda:0',
       grad_fn=<SoftmaxBackward0>)
tensor([[0.2502, 0.2498, 0.2501, 0.2499],
        [0.2502, 0.2498, 0.2505, 0.2495],
        [0.2499, 0.2495, 0.2504, 0.2501],
        [0.2522, 0.2424, 0.2540, 0.2514],
        [0.2486, 0.2436, 0.2560, 0.2517],
        [0.2472, 0.2418, 0.2565, 0.2545]], device='cuda:0',
       grad_fn=<SoftmaxBackward0>)
tensor([[0.2501, 0.2498, 0.2506, 0.2495],
        [0.2497, 0.2498, 0.2505, 0.2500],
        [0.2499, 0.2497, 0.2502, 0.2502],
        [0.2514, 0.2447, 0.2544, 0.2496],
        [0.2488, 0.2451, 0.2533, 0.2527],
        [0.2471, 0.2442, 0.2558, 0.2529],
        [0.2508, 0.2446, 0.2514, 0.2532]], device='cuda:0',
       grad_fn=<SoftmaxBackward0>)
#####################
08/22 09:40:40午前 searchStage_trainer.py:267 [INFO] Train: Epoch: [1][50/390]	Step 441	lr 0.02498	Loss 1.4405 (1.4720)	Hard Loss 1.4405 (1.4720)	Soft Loss 1.4405 (1.4720)	Arch Loss 1.3609 (1.4791)	Arch Hard Loss 1.3609 (1.4791)	Arch Soft Loss 1.3609 (1.4791)	Arch depth Loss -2.1195 (-1.9868)	Prec@(1,5) (45.7%, 91.7%)	
08/22 09:41:02午前 searchStage_trainer.py:267 [INFO] Train: Epoch: [1][100/390]	Step 491	lr 0.02498	Loss 1.3611 (1.4555)	Hard Loss 1.3611 (1.4555)	Soft Loss 1.3611 (1.4555)	Arch Loss 1.5864 (1.4665)	Arch Hard Loss 1.5864 (1.4665)	Arch Soft Loss 1.5864 (1.4665)	Arch depth Loss -2.3968 (-2.1235)	Prec@(1,5) (46.6%, 92.0%)	
08/22 09:41:23午前 searchStage_trainer.py:267 [INFO] Train: Epoch: [1][150/390]	Step 541	lr 0.02498	Loss 1.3140 (1.4386)	Hard Loss 1.3140 (1.4386)	Soft Loss 1.3140 (1.4386)	Arch Loss 1.2955 (1.4540)	Arch Hard Loss 1.2955 (1.4540)	Arch Soft Loss 1.2955 (1.4540)	Arch depth Loss -2.6823 (-2.2629)	Prec@(1,5) (47.2%, 92.2%)	
08/22 09:41:45午前 searchStage_trainer.py:267 [INFO] Train: Epoch: [1][200/390]	Step 591	lr 0.02498	Loss 1.4371 (1.4271)	Hard Loss 1.4371 (1.4271)	Soft Loss 1.4371 (1.4271)	Arch Loss 1.3877 (1.4409)	Arch Hard Loss 1.3877 (1.4409)	Arch Soft Loss 1.3877 (1.4409)	Arch depth Loss -2.9759 (-2.4050)	Prec@(1,5) (47.4%, 92.5%)	
08/22 09:42:07午前 searchStage_trainer.py:267 [INFO] Train: Epoch: [1][250/390]	Step 641	lr 0.02498	Loss 0.9684 (1.4083)	Hard Loss 0.9684 (1.4083)	Soft Loss 0.9684 (1.4083)	Arch Loss 1.4843 (1.4272)	Arch Hard Loss 1.4843 (1.4272)	Arch Soft Loss 1.4843 (1.4272)	Arch depth Loss -3.2781 (-2.5499)	Prec@(1,5) (48.4%, 92.7%)	
08/22 09:42:28午前 searchStage_trainer.py:267 [INFO] Train: Epoch: [1][300/390]	Step 691	lr 0.02498	Loss 1.3507 (1.3935)	Hard Loss 1.3507 (1.3935)	Soft Loss 1.3507 (1.3935)	Arch Loss 1.3715 (1.4063)	Arch Hard Loss 1.3715 (1.4063)	Arch Soft Loss 1.3715 (1.4063)	Arch depth Loss -3.5888 (-2.6975)	Prec@(1,5) (49.1%, 92.9%)	
08/22 09:42:50午前 searchStage_trainer.py:267 [INFO] Train: Epoch: [1][350/390]	Step 741	lr 0.02498	Loss 1.1111 (1.3792)	Hard Loss 1.1111 (1.3792)	Soft Loss 1.1111 (1.3792)	Arch Loss 1.3235 (1.3910)	Arch Hard Loss 1.3235 (1.3910)	Arch Soft Loss 1.3235 (1.3910)	Arch depth Loss -3.9083 (-2.8480)	Prec@(1,5) (49.8%, 93.0%)	
08/22 09:43:07午前 searchStage_trainer.py:267 [INFO] Train: Epoch: [1][390/390]	Step 781	lr 0.02498	Loss 1.1712 (1.3736)	Hard Loss 1.1712 (1.3736)	Soft Loss 1.1712 (1.3736)	Arch Loss 1.2844 (1.3841)	Arch Hard Loss 1.2844 (1.3841)	Arch Soft Loss 1.2844 (1.3841)	Arch depth Loss -4.1704 (-2.9705)	Prec@(1,5) (50.0%, 93.0%)	
08/22 09:43:08午前 searchStage_trainer.py:283 [INFO] Train: [  1/49] Final Prec@1 50.0160%
08/22 09:43:11午前 searchStage_trainer.py:311 [INFO] Valid: Epoch: [1][50/391]	Step 782	Loss 1.2903	Prec@(1,5) (54.5%, 94.2%)
08/22 09:43:15午前 searchStage_trainer.py:311 [INFO] Valid: Epoch: [1][100/391]	Step 782	Loss 1.3084	Prec@(1,5) (53.7%, 94.2%)
08/22 09:43:19午前 searchStage_trainer.py:311 [INFO] Valid: Epoch: [1][150/391]	Step 782	Loss 1.3128	Prec@(1,5) (53.6%, 93.9%)
08/22 09:43:22午前 searchStage_trainer.py:311 [INFO] Valid: Epoch: [1][200/391]	Step 782	Loss 1.3120	Prec@(1,5) (53.3%, 93.8%)
08/22 09:43:26午前 searchStage_trainer.py:311 [INFO] Valid: Epoch: [1][250/391]	Step 782	Loss 1.3104	Prec@(1,5) (53.4%, 93.8%)
08/22 09:43:30午前 searchStage_trainer.py:311 [INFO] Valid: Epoch: [1][300/391]	Step 782	Loss 1.3124	Prec@(1,5) (53.3%, 93.8%)
08/22 09:43:33午前 searchStage_trainer.py:311 [INFO] Valid: Epoch: [1][350/391]	Step 782	Loss 1.3175	Prec@(1,5) (53.2%, 93.7%)
08/22 09:43:36午前 searchStage_trainer.py:311 [INFO] Valid: Epoch: [1][390/391]	Step 782	Loss 1.3161	Prec@(1,5) (53.1%, 93.7%)
08/22 09:43:36午前 searchStage_trainer.py:322 [INFO] Valid: [  1/49] Final Prec@1 53.1120%
08/22 09:43:36午前 searchStage_KD_main.py:58 [INFO] DAG = Genotype2(DAG1=[[('skip_connect', 0), ('skip_connect', 1)], [('max_pool_3x3', 2), ('skip_connect', 0)], [('max_pool_3x3', 3), ('max_pool_3x3', 2)], [('max_pool_3x3', 4), ('skip_connect', 2)], [('max_pool_3x3', 1), ('max_pool_3x3', 2)], [('max_pool_3x3', 1), ('max_pool_3x3', 0)]], DAG1_concat=range(6, 8), DAG2=[[('skip_connect', 1), ('max_pool_3x3', 0)], [('max_pool_3x3', 2), ('skip_connect', 0)], [('skip_connect', 3), ('avg_pool_3x3', 2)], [('avg_pool_3x3', 4), ('max_pool_3x3', 3)], [('max_pool_3x3', 1), ('max_pool_3x3', 2)], [('max_pool_3x3', 1), ('max_pool_3x3', 0)]], DAG2_concat=range(6, 8), DAG3=[[('skip_connect', 1), ('skip_connect', 0)], [('skip_connect', 2), ('skip_connect', 1)], [('skip_connect', 3), ('skip_connect', 2)], [('skip_connect', 3), ('skip_connect', 4)], [('skip_connect', 1), ('skip_connect', 2)], [('skip_connect', 0), ('skip_connect', 1)]], DAG3_concat=range(6, 8))
08/22 09:43:37午前 searchStage_KD_main.py:89 [INFO] Until now, best Prec@1 = 53.1120%
####### ALPHA #######
# Alpha - DAG
tensor([[0.2490, 0.2495, 0.2510, 0.2505],
        [0.2499, 0.2495, 0.2508, 0.2498]], device='cuda:0',
       grad_fn=<SoftmaxBackward0>)
tensor([[0.2503, 0.2497, 0.2514, 0.2486],
        [0.2499, 0.2495, 0.2509, 0.2497],
        [0.2505, 0.2502, 0.2491, 0.2502]], device='cuda:0',
       grad_fn=<SoftmaxBackward0>)
tensor([[0.2507, 0.2492, 0.2509, 0.2492],
        [0.2506, 0.2494, 0.2511, 0.2489],
        [0.2506, 0.2505, 0.2498, 0.2491],
        [0.2503, 0.2501, 0.2498, 0.2498]], device='cuda:0',
       grad_fn=<SoftmaxBackward0>)
tensor([[0.2506, 0.2501, 0.2505, 0.2488],
        [0.2510, 0.2494, 0.2509, 0.2487],
        [0.2494, 0.2500, 0.2503, 0.2503],
        [0.2499, 0.2501, 0.2497, 0.2503],
        [0.2501, 0.2499, 0.2499, 0.2501]], device='cuda:0',
       grad_fn=<SoftmaxBackward0>)
tensor([[0.2514, 0.2485, 0.2511, 0.2490],
        [0.2524, 0.2476, 0.2512, 0.2488],
        [0.2515, 0.2503, 0.2491, 0.2491],
        [0.2554, 0.2423, 0.2514, 0.2510],
        [0.2508, 0.2440, 0.2483, 0.2569],
        [0.2465, 0.2452, 0.2525, 0.2559]], device='cuda:0',
       grad_fn=<SoftmaxBackward0>)
tensor([[0.2517, 0.2483, 0.2497, 0.2503],
        [0.2517, 0.2483, 0.2503, 0.2498],
        [0.2509, 0.2497, 0.2498, 0.2496],
        [0.2544, 0.2464, 0.2472, 0.2519],
        [0.2563, 0.2457, 0.2537, 0.2444],
        [0.2520, 0.2466, 0.2500, 0.2514],
        [0.2502, 0.2464, 0.2494, 0.2540]], device='cuda:0',
       grad_fn=<SoftmaxBackward0>)
tensor([[0.2503, 0.2496, 0.2499, 0.2502],
        [0.2499, 0.2498, 0.2506, 0.2497]], device='cuda:0',
       grad_fn=<SoftmaxBackward0>)
tensor([[0.2499, 0.2501, 0.2503, 0.2496],
        [0.2502, 0.2498, 0.2500, 0.2500],
        [0.2503, 0.2500, 0.2495, 0.2502]], device='cuda:0',
       grad_fn=<SoftmaxBackward0>)
tensor([[0.2500, 0.2498, 0.2504, 0.2498],
        [0.2499, 0.2500, 0.2500, 0.2500],
        [0.2499, 0.2500, 0.2498, 0.2503],
        [0.2497, 0.2502, 0.2502, 0.2499]], device='cuda:0',
       grad_fn=<SoftmaxBackward0>)
tensor([[0.2501, 0.2501, 0.2501, 0.2497],
        [0.2498, 0.2498, 0.2500, 0.2503],
        [0.2499, 0.2502, 0.2499, 0.2499],
        [0.2500, 0.2500, 0.2497, 0.2504],
        [0.2500, 0.2501, 0.2499, 0.2500]], device='cuda:0',
       grad_fn=<SoftmaxBackward0>)
tensor([[0.2506, 0.2501, 0.2502, 0.2491],
        [0.2508, 0.2501, 0.2502, 0.2489],
        [0.2503, 0.2498, 0.2498, 0.2501],
        [0.2483, 0.2456, 0.2491, 0.2570],
        [0.2520, 0.2461, 0.2452, 0.2567],
        [0.2500, 0.2470, 0.2404, 0.2627]], device='cuda:0',
       grad_fn=<SoftmaxBackward0>)
tensor([[0.2507, 0.2501, 0.2502, 0.2489],
        [0.2508, 0.2502, 0.2497, 0.2492],
        [0.2506, 0.2497, 0.2499, 0.2498],
        [0.2497, 0.2466, 0.2535, 0.2502],
        [0.2489, 0.2455, 0.2436, 0.2621],
        [0.2502, 0.2479, 0.2462, 0.2557],
        [0.2529, 0.2463, 0.2481, 0.2527]], device='cuda:0',
       grad_fn=<SoftmaxBackward0>)
tensor([[0.2499, 0.2497, 0.2502, 0.2502],
        [0.2500, 0.2499, 0.2506, 0.2495]], device='cuda:0',
       grad_fn=<SoftmaxBackward0>)
tensor([[0.2495, 0.2499, 0.2507, 0.2499],
        [0.2494, 0.2496, 0.2507, 0.2503],
        [0.2498, 0.2500, 0.2501, 0.2501]], device='cuda:0',
       grad_fn=<SoftmaxBackward0>)
tensor([[0.2504, 0.2495, 0.2500, 0.2501],
        [0.2496, 0.2496, 0.2506, 0.2502],
        [0.2498, 0.2498, 0.2504, 0.2500],
        [0.2499, 0.2498, 0.2504, 0.2499]], device='cuda:0',
       grad_fn=<SoftmaxBackward0>)
tensor([[0.2503, 0.2498, 0.2503, 0.2495],
        [0.2496, 0.2500, 0.2501, 0.2502],
        [0.2500, 0.2500, 0.2500, 0.2501],
        [0.2497, 0.2500, 0.2506, 0.2498],
        [0.2498, 0.2498, 0.2505, 0.2500]], device='cuda:0',
       grad_fn=<SoftmaxBackward0>)
tensor([[0.2504, 0.2496, 0.2502, 0.2498],
        [0.2504, 0.2496, 0.2506, 0.2494],
        [0.2498, 0.2493, 0.2506, 0.2503],
        [0.2522, 0.2397, 0.2555, 0.2526],
        [0.2500, 0.2418, 0.2585, 0.2498],
        [0.2467, 0.2405, 0.2594, 0.2534]], device='cuda:0',
       grad_fn=<SoftmaxBackward0>)
tensor([[0.2503, 0.2497, 0.2506, 0.2494],
        [0.2499, 0.2497, 0.2505, 0.2499],
        [0.2499, 0.2495, 0.2503, 0.2503],
        [0.2511, 0.2409, 0.2559, 0.2521],
        [0.2488, 0.2425, 0.2567, 0.2520],
        [0.2467, 0.2419, 0.2590, 0.2524],
        [0.2524, 0.2418, 0.2518, 0.2541]], device='cuda:0',
       grad_fn=<SoftmaxBackward0>)
#####################
08/22 09:43:59午前 searchStage_trainer.py:267 [INFO] Train: Epoch: [2][50/390]	Step 832	lr 0.02491	Loss 1.2991 (1.2174)	Hard Loss 1.2991 (1.2174)	Soft Loss 1.2991 (1.2174)	Arch Loss 1.1784 (1.2876)	Arch Hard Loss 1.1784 (1.2876)	Arch Soft Loss 1.1784 (1.2876)	Arch depth Loss -4.5131 (-4.3477)	Prec@(1,5) (56.6%, 94.3%)	
08/22 09:44:21午前 searchStage_trainer.py:267 [INFO] Train: Epoch: [2][100/390]	Step 882	lr 0.02491	Loss 1.2414 (1.2080)	Hard Loss 1.2414 (1.2080)	Soft Loss 1.2414 (1.2080)	Arch Loss 1.1324 (1.2546)	Arch Hard Loss 1.1324 (1.2546)	Arch Soft Loss 1.1324 (1.2546)	Arch depth Loss -4.8585 (-4.5181)	Prec@(1,5) (57.0%, 94.6%)	
08/22 09:44:42午前 searchStage_trainer.py:267 [INFO] Train: Epoch: [2][150/390]	Step 932	lr 0.02491	Loss 1.4463 (1.2029)	Hard Loss 1.4463 (1.2029)	Soft Loss 1.4463 (1.2029)	Arch Loss 1.4188 (1.2453)	Arch Hard Loss 1.4188 (1.2453)	Arch Soft Loss 1.4188 (1.2453)	Arch depth Loss -5.2135 (-4.6916)	Prec@(1,5) (56.7%, 94.8%)	
08/22 09:45:04午前 searchStage_trainer.py:267 [INFO] Train: Epoch: [2][200/390]	Step 982	lr 0.02491	Loss 0.9903 (1.1993)	Hard Loss 0.9903 (1.1993)	Soft Loss 0.9903 (1.1993)	Arch Loss 1.4282 (1.2337)	Arch Hard Loss 1.4282 (1.2337)	Arch Soft Loss 1.4282 (1.2337)	Arch depth Loss -5.5781 (-4.8684)	Prec@(1,5) (56.9%, 94.8%)	
08/22 09:45:26午前 searchStage_trainer.py:267 [INFO] Train: Epoch: [2][250/390]	Step 1032	lr 0.02491	Loss 1.2575 (1.1973)	Hard Loss 1.2575 (1.1973)	Soft Loss 1.2575 (1.1973)	Arch Loss 0.8901 (1.2294)	Arch Hard Loss 0.8901 (1.2294)	Arch Soft Loss 0.8901 (1.2294)	Arch depth Loss -5.9527 (-5.0484)	Prec@(1,5) (56.8%, 94.9%)	
08/22 09:45:47午前 searchStage_trainer.py:267 [INFO] Train: Epoch: [2][300/390]	Step 1082	lr 0.02491	Loss 0.9707 (1.1932)	Hard Loss 0.9707 (1.1932)	Soft Loss 0.9707 (1.1932)	Arch Loss 1.2348 (1.2181)	Arch Hard Loss 1.2348 (1.2181)	Arch Soft Loss 1.2348 (1.2181)	Arch depth Loss -6.3375 (-5.2317)	Prec@(1,5) (57.1%, 94.9%)	
08/22 09:46:09午前 searchStage_trainer.py:267 [INFO] Train: Epoch: [2][350/390]	Step 1132	lr 0.02491	Loss 1.0301 (1.1808)	Hard Loss 1.0301 (1.1808)	Soft Loss 1.0301 (1.1808)	Arch Loss 1.1458 (1.2028)	Arch Hard Loss 1.1458 (1.2028)	Arch Soft Loss 1.1458 (1.2028)	Arch depth Loss -6.7325 (-5.4183)	Prec@(1,5) (57.6%, 95.0%)	
08/22 09:46:26午前 searchStage_trainer.py:267 [INFO] Train: Epoch: [2][390/390]	Step 1172	lr 0.02491	Loss 0.9707 (1.1782)	Hard Loss 0.9707 (1.1782)	Soft Loss 0.9707 (1.1782)	Arch Loss 0.8777 (1.1938)	Arch Hard Loss 0.8777 (1.1938)	Arch Soft Loss 0.8777 (1.1938)	Arch depth Loss -7.0561 (-5.5700)	Prec@(1,5) (57.7%, 95.0%)	
08/22 09:46:27午前 searchStage_trainer.py:283 [INFO] Train: [  2/49] Final Prec@1 57.7440%
08/22 09:46:31午前 searchStage_trainer.py:311 [INFO] Valid: Epoch: [2][50/391]	Step 1173	Loss 1.1440	Prec@(1,5) (58.4%, 95.3%)
08/22 09:46:34午前 searchStage_trainer.py:311 [INFO] Valid: Epoch: [2][100/391]	Step 1173	Loss 1.1321	Prec@(1,5) (59.2%, 95.2%)
08/22 09:46:38午前 searchStage_trainer.py:311 [INFO] Valid: Epoch: [2][150/391]	Step 1173	Loss 1.1394	Prec@(1,5) (59.1%, 95.3%)
08/22 09:46:41午前 searchStage_trainer.py:311 [INFO] Valid: Epoch: [2][200/391]	Step 1173	Loss 1.1369	Prec@(1,5) (59.4%, 95.3%)
08/22 09:46:45午前 searchStage_trainer.py:311 [INFO] Valid: Epoch: [2][250/391]	Step 1173	Loss 1.1369	Prec@(1,5) (59.4%, 95.3%)
08/22 09:46:49午前 searchStage_trainer.py:311 [INFO] Valid: Epoch: [2][300/391]	Step 1173	Loss 1.1384	Prec@(1,5) (59.4%, 95.3%)
08/22 09:46:52午前 searchStage_trainer.py:311 [INFO] Valid: Epoch: [2][350/391]	Step 1173	Loss 1.1416	Prec@(1,5) (59.4%, 95.3%)
08/22 09:46:55午前 searchStage_trainer.py:311 [INFO] Valid: Epoch: [2][390/391]	Step 1173	Loss 1.1447	Prec@(1,5) (59.3%, 95.3%)
08/22 09:46:55午前 searchStage_trainer.py:322 [INFO] Valid: [  2/49] Final Prec@1 59.2840%
08/22 09:46:55午前 searchStage_KD_main.py:58 [INFO] DAG = Genotype2(DAG1=[[('skip_connect', 0), ('skip_connect', 1)], [('max_pool_3x3', 2), ('skip_connect', 0)], [('max_pool_3x3', 3), ('max_pool_3x3', 2)], [('skip_connect', 4), ('avg_pool_3x3', 3)], [('max_pool_3x3', 1), ('max_pool_3x3', 2)], [('max_pool_3x3', 1), ('max_pool_3x3', 0)]], DAG1_concat=range(6, 8), DAG2=[[('skip_connect', 1), ('max_pool_3x3', 0)], [('max_pool_3x3', 2), ('skip_connect', 0)], [('skip_connect', 3), ('avg_pool_3x3', 2)], [('avg_pool_3x3', 4), ('avg_pool_3x3', 3)], [('max_pool_3x3', 1), ('max_pool_3x3', 2)], [('max_pool_3x3', 1), ('max_pool_3x3', 0)]], DAG2_concat=range(6, 8), DAG3=[[('skip_connect', 1), ('skip_connect', 0)], [('skip_connect', 2), ('skip_connect', 1)], [('skip_connect', 3), ('skip_connect', 2)], [('skip_connect', 4), ('skip_connect', 3)], [('skip_connect', 2), ('skip_connect', 1)], [('skip_connect', 1), ('skip_connect', 0)]], DAG3_concat=range(6, 8))
08/22 09:46:56午前 searchStage_KD_main.py:89 [INFO] Until now, best Prec@1 = 59.2840%
####### ALPHA #######
# Alpha - DAG
tensor([[0.2488, 0.2489, 0.2518, 0.2505],
        [0.2496, 0.2489, 0.2517, 0.2498]], device='cuda:0',
       grad_fn=<SoftmaxBackward0>)
tensor([[0.2505, 0.2490, 0.2520, 0.2484],
        [0.2501, 0.2487, 0.2514, 0.2497],
        [0.2505, 0.2500, 0.2493, 0.2502]], device='cuda:0',
       grad_fn=<SoftmaxBackward0>)
tensor([[0.2506, 0.2485, 0.2519, 0.2490],
        [0.2505, 0.2487, 0.2522, 0.2486],
        [0.2505, 0.2503, 0.2499, 0.2493],
        [0.2501, 0.2499, 0.2500, 0.2499]], device='cuda:0',
       grad_fn=<SoftmaxBackward0>)
tensor([[0.2508, 0.2497, 0.2510, 0.2484],
        [0.2513, 0.2490, 0.2513, 0.2484],
        [0.2494, 0.2497, 0.2504, 0.2505],
        [0.2496, 0.2500, 0.2498, 0.2506],
        [0.2500, 0.2499, 0.2501, 0.2501]], device='cuda:0',
       grad_fn=<SoftmaxBackward0>)
tensor([[0.2527, 0.2469, 0.2522, 0.2482],
        [0.2532, 0.2461, 0.2525, 0.2482],
        [0.2516, 0.2499, 0.2489, 0.2496],
        [0.2558, 0.2402, 0.2530, 0.2509],
        [0.2498, 0.2392, 0.2518, 0.2592],
        [0.2453, 0.2428, 0.2536, 0.2583]], device='cuda:0',
       grad_fn=<SoftmaxBackward0>)
tensor([[0.2532, 0.2475, 0.2498, 0.2495],
        [0.2531, 0.2475, 0.2504, 0.2491],
        [0.2513, 0.2494, 0.2498, 0.2494],
        [0.2551, 0.2433, 0.2488, 0.2528],
        [0.2601, 0.2401, 0.2520, 0.2478],
        [0.2546, 0.2420, 0.2484, 0.2550],
        [0.2548, 0.2420, 0.2442, 0.2590]], device='cuda:0',
       grad_fn=<SoftmaxBackward0>)
tensor([[0.2503, 0.2495, 0.2500, 0.2502],
        [0.2498, 0.2498, 0.2507, 0.2497]], device='cuda:0',
       grad_fn=<SoftmaxBackward0>)
tensor([[0.2498, 0.2502, 0.2505, 0.2496],
        [0.2502, 0.2498, 0.2501, 0.2498],
        [0.2502, 0.2500, 0.2495, 0.2503]], device='cuda:0',
       grad_fn=<SoftmaxBackward0>)
tensor([[0.2499, 0.2498, 0.2505, 0.2498],
        [0.2499, 0.2501, 0.2501, 0.2499],
        [0.2498, 0.2500, 0.2498, 0.2504],
        [0.2497, 0.2502, 0.2503, 0.2498]], device='cuda:0',
       grad_fn=<SoftmaxBackward0>)
tensor([[0.2501, 0.2501, 0.2502, 0.2496],
        [0.2500, 0.2497, 0.2500, 0.2503],
        [0.2499, 0.2503, 0.2499, 0.2500],
        [0.2500, 0.2500, 0.2496, 0.2504],
        [0.2500, 0.2502, 0.2498, 0.2500]], device='cuda:0',
       grad_fn=<SoftmaxBackward0>)
tensor([[0.2508, 0.2502, 0.2503, 0.2487],
        [0.2509, 0.2501, 0.2503, 0.2486],
        [0.2504, 0.2498, 0.2496, 0.2503],
        [0.2451, 0.2463, 0.2480, 0.2606],
        [0.2540, 0.2471, 0.2456, 0.2533],
        [0.2495, 0.2478, 0.2378, 0.2649]], device='cuda:0',
       grad_fn=<SoftmaxBackward0>)
tensor([[0.2509, 0.2502, 0.2503, 0.2486],
        [0.2510, 0.2504, 0.2498, 0.2488],
        [0.2507, 0.2497, 0.2495, 0.2501],
        [0.2464, 0.2484, 0.2531, 0.2522],
        [0.2485, 0.2458, 0.2416, 0.2642],
        [0.2510, 0.2476, 0.2453, 0.2561],
        [0.2535, 0.2482, 0.2483, 0.2499]], device='cuda:0',
       grad_fn=<SoftmaxBackward0>)
tensor([[0.2499, 0.2496, 0.2503, 0.2502],
        [0.2499, 0.2498, 0.2507, 0.2495]], device='cuda:0',
       grad_fn=<SoftmaxBackward0>)
tensor([[0.2495, 0.2498, 0.2508, 0.2499],
        [0.2494, 0.2496, 0.2508, 0.2502],
        [0.2498, 0.2499, 0.2501, 0.2502]], device='cuda:0',
       grad_fn=<SoftmaxBackward0>)
tensor([[0.2505, 0.2495, 0.2500, 0.2500],
        [0.2496, 0.2496, 0.2507, 0.2501],
        [0.2497, 0.2498, 0.2504, 0.2501],
        [0.2498, 0.2498, 0.2504, 0.2500]], device='cuda:0',
       grad_fn=<SoftmaxBackward0>)
tensor([[0.2503, 0.2498, 0.2504, 0.2495],
        [0.2496, 0.2500, 0.2502, 0.2502],
        [0.2499, 0.2499, 0.2500, 0.2501],
        [0.2497, 0.2499, 0.2506, 0.2498],
        [0.2498, 0.2497, 0.2506, 0.2499]], device='cuda:0',
       grad_fn=<SoftmaxBackward0>)
tensor([[0.2506, 0.2494, 0.2503, 0.2496],
        [0.2506, 0.2495, 0.2507, 0.2492],
        [0.2498, 0.2491, 0.2506, 0.2504],
        [0.2509, 0.2369, 0.2581, 0.2540],
        [0.2500, 0.2393, 0.2608, 0.2500],
        [0.2460, 0.2374, 0.2621, 0.2545]], device='cuda:0',
       grad_fn=<SoftmaxBackward0>)
tensor([[0.2505, 0.2495, 0.2507, 0.2493],
        [0.2501, 0.2496, 0.2506, 0.2496],
        [0.2499, 0.2494, 0.2503, 0.2503],
        [0.2503, 0.2385, 0.2563, 0.2549],
        [0.2486, 0.2400, 0.2577, 0.2538],
        [0.2448, 0.2395, 0.2614, 0.2543],
        [0.2544, 0.2430, 0.2519, 0.2508]], device='cuda:0',
       grad_fn=<SoftmaxBackward0>)
#####################
08/22 09:47:18午前 searchStage_trainer.py:267 [INFO] Train: Epoch: [3][50/390]	Step 1223	lr 0.02479	Loss 1.2118 (1.0876)	Hard Loss 1.2118 (1.0876)	Soft Loss 1.2118 (1.0876)	Arch Loss 0.9812 (1.1309)	Arch Hard Loss 0.9812 (1.1309)	Arch Soft Loss 0.9812 (1.1309)	Arch depth Loss -7.4786 (-7.2746)	Prec@(1,5) (60.7%, 96.2%)	
08/22 09:47:40午前 searchStage_trainer.py:267 [INFO] Train: Epoch: [3][100/390]	Step 1273	lr 0.02479	Loss 1.0645 (1.0585)	Hard Loss 1.0645 (1.0585)	Soft Loss 1.0645 (1.0585)	Arch Loss 1.2265 (1.0967)	Arch Hard Loss 1.2265 (1.0967)	Arch Soft Loss 1.2265 (1.0967)	Arch depth Loss -7.9037 (-7.4846)	Prec@(1,5) (61.6%, 96.6%)	
08/22 09:48:01午前 searchStage_trainer.py:267 [INFO] Train: Epoch: [3][150/390]	Step 1323	lr 0.02479	Loss 1.0753 (1.0565)	Hard Loss 1.0753 (1.0565)	Soft Loss 1.0753 (1.0565)	Arch Loss 1.2840 (1.0842)	Arch Hard Loss 1.2840 (1.0842)	Arch Soft Loss 1.2840 (1.0842)	Arch depth Loss -8.3400 (-7.6981)	Prec@(1,5) (62.0%, 96.3%)	
08/22 09:48:23午前 searchStage_trainer.py:267 [INFO] Train: Epoch: [3][200/390]	Step 1373	lr 0.02479	Loss 0.9457 (1.0503)	Hard Loss 0.9457 (1.0503)	Soft Loss 0.9457 (1.0503)	Arch Loss 1.0962 (1.0775)	Arch Hard Loss 1.0962 (1.0775)	Arch Soft Loss 1.0962 (1.0775)	Arch depth Loss -8.7875 (-7.9154)	Prec@(1,5) (62.1%, 96.4%)	
08/22 09:48:45午前 searchStage_trainer.py:267 [INFO] Train: Epoch: [3][250/390]	Step 1423	lr 0.02479	Loss 0.8569 (1.0478)	Hard Loss 0.8569 (1.0478)	Soft Loss 0.8569 (1.0478)	Arch Loss 1.0011 (1.0664)	Arch Hard Loss 1.0011 (1.0664)	Arch Soft Loss 1.0011 (1.0664)	Arch depth Loss -9.2465 (-8.1365)	Prec@(1,5) (62.3%, 96.3%)	
08/22 09:49:06午前 searchStage_trainer.py:267 [INFO] Train: Epoch: [3][300/390]	Step 1473	lr 0.02479	Loss 1.0449 (1.0455)	Hard Loss 1.0449 (1.0455)	Soft Loss 1.0449 (1.0455)	Arch Loss 1.4309 (1.0652)	Arch Hard Loss 1.4309 (1.0652)	Arch Soft Loss 1.4309 (1.0652)	Arch depth Loss -9.7172 (-8.3613)	Prec@(1,5) (62.6%, 96.3%)	
08/22 09:49:28午前 searchStage_trainer.py:267 [INFO] Train: Epoch: [3][350/390]	Step 1523	lr 0.02479	Loss 0.9521 (1.0346)	Hard Loss 0.9521 (1.0346)	Soft Loss 0.9521 (1.0346)	Arch Loss 1.0505 (1.0539)	Arch Hard Loss 1.0505 (1.0539)	Arch Soft Loss 1.0505 (1.0539)	Arch depth Loss -10.1998 (-8.5900)	Prec@(1,5) (63.0%, 96.4%)	
08/22 09:49:45午前 searchStage_trainer.py:267 [INFO] Train: Epoch: [3][390/390]	Step 1563	lr 0.02479	Loss 1.1011 (1.0281)	Hard Loss 1.1011 (1.0281)	Soft Loss 1.1011 (1.0281)	Arch Loss 0.6162 (1.0482)	Arch Hard Loss 0.6162 (1.0482)	Arch Soft Loss 0.6162 (1.0482)	Arch depth Loss -10.5947 (-8.7758)	Prec@(1,5) (63.4%, 96.4%)	
08/22 09:49:45午前 searchStage_trainer.py:283 [INFO] Train: [  3/49] Final Prec@1 63.3560%
08/22 09:49:49午前 searchStage_trainer.py:311 [INFO] Valid: Epoch: [3][50/391]	Step 1564	Loss 1.0027	Prec@(1,5) (65.0%, 97.0%)
08/22 09:49:53午前 searchStage_trainer.py:311 [INFO] Valid: Epoch: [3][100/391]	Step 1564	Loss 0.9985	Prec@(1,5) (64.8%, 96.8%)
08/22 09:49:57午前 searchStage_trainer.py:311 [INFO] Valid: Epoch: [3][150/391]	Step 1564	Loss 0.9936	Prec@(1,5) (64.8%, 96.7%)
08/22 09:50:00午前 searchStage_trainer.py:311 [INFO] Valid: Epoch: [3][200/391]	Step 1564	Loss 0.9891	Prec@(1,5) (65.0%, 96.8%)
08/22 09:50:04午前 searchStage_trainer.py:311 [INFO] Valid: Epoch: [3][250/391]	Step 1564	Loss 0.9861	Prec@(1,5) (65.0%, 96.8%)
08/22 09:50:08午前 searchStage_trainer.py:311 [INFO] Valid: Epoch: [3][300/391]	Step 1564	Loss 0.9904	Prec@(1,5) (64.9%, 96.8%)
08/22 09:50:11午前 searchStage_trainer.py:311 [INFO] Valid: Epoch: [3][350/391]	Step 1564	Loss 0.9921	Prec@(1,5) (64.9%, 96.7%)
08/22 09:50:14午前 searchStage_trainer.py:311 [INFO] Valid: Epoch: [3][390/391]	Step 1564	Loss 0.9939	Prec@(1,5) (64.8%, 96.6%)
08/22 09:50:14午前 searchStage_trainer.py:322 [INFO] Valid: [  3/49] Final Prec@1 64.8480%
