08/22 01:17:15AM parser.py:28 [INFO] 
08/22 01:17:15AM parser.py:29 [INFO] Parameters:
08/22 01:17:15AM parser.py:31 [INFO] DAG_PATH=results/search_stage_KD/cifar10/noSlideWindow/0-20240822-011715/DAG
08/22 01:17:15AM parser.py:31 [INFO] T=10.0
08/22 01:17:15AM parser.py:31 [INFO] ADVANCED=False
08/22 01:17:15AM parser.py:31 [INFO] ALPHA_LR=0.0003
08/22 01:17:15AM parser.py:31 [INFO] ALPHA_WEIGHT_DECAY=0.001
08/22 01:17:15AM parser.py:31 [INFO] BATCH_SIZE=64
08/22 01:17:15AM parser.py:31 [INFO] CASCADE=True
08/22 01:17:15AM parser.py:31 [INFO] CHECKPOINT_RESET=False
08/22 01:17:15AM parser.py:31 [INFO] CUTOUT_LENGTH=0
08/22 01:17:15AM parser.py:31 [INFO] DATA_PATH=../data/
08/22 01:17:15AM parser.py:31 [INFO] DATASET=cifar10
08/22 01:17:15AM parser.py:31 [INFO] DESCRIPTION=noSlideWindow_version_searching_stage
08/22 01:17:15AM parser.py:31 [INFO] EPOCHS=50
08/22 01:17:15AM parser.py:31 [INFO] EXP_NAME=0-20240822-011715
08/22 01:17:15AM parser.py:31 [INFO] GENOTYPE=Genotype3(normal1=[[('sep_conv_5x5', 0), ('sep_conv_3x3', 1)], [('sep_conv_3x3', 1), ('sep_conv_3x3', 0)], [('sep_conv_3x3', 1), ('sep_conv_3x3', 2)], [('sep_conv_3x3', 0), ('sep_conv_5x5', 4)]], normal1_concat=range(2, 6), reduce1=[[('sep_conv_3x3', 0), ('skip_connect', 1)], [('sep_conv_3x3', 1), ('max_pool_3x3', 0)], [('sep_conv_3x3', 2), ('sep_conv_3x3', 1)], [('max_pool_3x3', 0), ('dil_conv_3x3', 1)]], reduce1_concat=range(2, 6), normal2=[[('skip_connect', 0), ('sep_conv_5x5', 1)], [('skip_connect', 0), ('skip_connect', 2)], [('avg_pool_3x3', 0), ('avg_pool_3x3', 2)], [('skip_connect', 0), ('avg_pool_3x3', 2)]], normal2_concat=range(2, 6), reduce2=[[('avg_pool_3x3', 0), ('avg_pool_3x3', 1)], [('avg_pool_3x3', 0), ('skip_connect', 2)], [('skip_connect', 2), ('avg_pool_3x3', 0)], [('skip_connect', 2), ('avg_pool_3x3', 0)]], reduce2_concat=range(2, 6), normal3=[[('skip_connect', 0), ('skip_connect', 1)], [('skip_connect', 0), ('dil_conv_3x3', 1)], [('skip_connect', 0), ('skip_connect', 1)], [('skip_connect', 0), ('skip_connect', 2)]], normal3_concat=range(2, 6))
08/22 01:17:15AM parser.py:31 [INFO] GPUS=[0]
08/22 01:17:15AM parser.py:31 [INFO] INIT_CHANNELS=16
08/22 01:17:15AM parser.py:31 [INFO] L=0.5
08/22 01:17:15AM parser.py:31 [INFO] LAYERS=20
08/22 01:17:15AM parser.py:31 [INFO] LOGGER=<Logger H-DAS (INFO)>
08/22 01:17:15AM parser.py:31 [INFO] NAME=noSlideWindow
08/22 01:17:15AM parser.py:31 [INFO] NONKD=True
08/22 01:17:15AM parser.py:31 [INFO] PATH=results/search_stage_KD/cifar10/noSlideWindow/0-20240822-011715
08/22 01:17:15AM parser.py:31 [INFO] PCDARTS=False
08/22 01:17:15AM parser.py:31 [INFO] PLOT_PATH=results/search_stage_KD/cifar10/noSlideWindow/0-20240822-011715/plots
08/22 01:17:15AM parser.py:31 [INFO] PRINT_FREQ=50
08/22 01:17:15AM parser.py:31 [INFO] RESUME_PATH=None
08/22 01:17:15AM parser.py:31 [INFO] SAVE=0
08/22 01:17:15AM parser.py:31 [INFO] SEED=0
08/22 01:17:15AM parser.py:31 [INFO] SHARE_STAGE=False
08/22 01:17:15AM parser.py:31 [INFO] SPEC_CELL=True
08/22 01:17:15AM parser.py:31 [INFO] TEACHER_NAME=non
08/22 01:17:15AM parser.py:31 [INFO] TEACHER_PATH=non
08/22 01:17:15AM parser.py:31 [INFO] TRAIN_PORTION=0.5
08/22 01:17:15AM parser.py:31 [INFO] W_GRAD_CLIP=5.0
08/22 01:17:15AM parser.py:31 [INFO] W_LR=0.025
08/22 01:17:15AM parser.py:31 [INFO] W_LR_MIN=0.001
08/22 01:17:15AM parser.py:31 [INFO] W_MOMENTUM=0.9
08/22 01:17:15AM parser.py:31 [INFO] W_WEIGHT_DECAY=0.0003
08/22 01:17:15AM parser.py:31 [INFO] WORKERS=4
08/22 01:17:15AM parser.py:32 [INFO] 
08/22 01:17:31AM searchStage_trainer.py:136 [INFO] --> No loaded checkpoint!
####### ALPHA #######
# Alpha - DAG
tensor([[0.2500, 0.2501, 0.2500, 0.2499],
        [0.2500, 0.2496, 0.2501, 0.2502]], device='cuda:0',
       grad_fn=<SoftmaxBackward0>)
tensor([[0.2499, 0.2504, 0.2501, 0.2497],
        [0.2501, 0.2502, 0.2501, 0.2495],
        [0.2500, 0.2496, 0.2502, 0.2501]], device='cuda:0',
       grad_fn=<SoftmaxBackward0>)
tensor([[0.2502, 0.2502, 0.2497, 0.2499],
        [0.2504, 0.2496, 0.2501, 0.2499],
        [0.2498, 0.2503, 0.2502, 0.2497],
        [0.2501, 0.2503, 0.2499, 0.2497]], device='cuda:0',
       grad_fn=<SoftmaxBackward0>)
tensor([[0.2502, 0.2500, 0.2499, 0.2498],
        [0.2499, 0.2503, 0.2500, 0.2498],
        [0.2500, 0.2496, 0.2503, 0.2500],
        [0.2501, 0.2495, 0.2505, 0.2499],
        [0.2498, 0.2499, 0.2504, 0.2499]], device='cuda:0',
       grad_fn=<SoftmaxBackward0>)
tensor([[0.2501, 0.2499, 0.2498, 0.2502],
        [0.2502, 0.2498, 0.2499, 0.2500],
        [0.2501, 0.2502, 0.2499, 0.2498],
        [0.2498, 0.2498, 0.2498, 0.2506],
        [0.2502, 0.2500, 0.2499, 0.2499],
        [0.2500, 0.2501, 0.2501, 0.2498]], device='cuda:0',
       grad_fn=<SoftmaxBackward0>)
tensor([[0.2500, 0.2499, 0.2501, 0.2500],
        [0.2500, 0.2502, 0.2501, 0.2497],
        [0.2502, 0.2500, 0.2499, 0.2500],
        [0.2501, 0.2499, 0.2499, 0.2500],
        [0.2497, 0.2498, 0.2500, 0.2504],
        [0.2499, 0.2503, 0.2498, 0.2500],
        [0.2497, 0.2499, 0.2502, 0.2501]], device='cuda:0',
       grad_fn=<SoftmaxBackward0>)
tensor([[0.2499, 0.2503, 0.2499, 0.2499],
        [0.2500, 0.2500, 0.2502, 0.2499]], device='cuda:0',
       grad_fn=<SoftmaxBackward0>)
tensor([[0.2499, 0.2498, 0.2498, 0.2505],
        [0.2501, 0.2502, 0.2497, 0.2500],
        [0.2499, 0.2496, 0.2503, 0.2501]], device='cuda:0',
       grad_fn=<SoftmaxBackward0>)
tensor([[0.2500, 0.2498, 0.2501, 0.2501],
        [0.2501, 0.2499, 0.2500, 0.2500],
        [0.2503, 0.2501, 0.2496, 0.2501],
        [0.2495, 0.2501, 0.2504, 0.2501]], device='cuda:0',
       grad_fn=<SoftmaxBackward0>)
tensor([[0.2502, 0.2505, 0.2497, 0.2497],
        [0.2502, 0.2498, 0.2499, 0.2501],
        [0.2496, 0.2502, 0.2503, 0.2500],
        [0.2501, 0.2501, 0.2496, 0.2501],
        [0.2503, 0.2497, 0.2502, 0.2498]], device='cuda:0',
       grad_fn=<SoftmaxBackward0>)
tensor([[0.2499, 0.2499, 0.2502, 0.2500],
        [0.2499, 0.2501, 0.2501, 0.2499],
        [0.2502, 0.2501, 0.2502, 0.2495],
        [0.2498, 0.2502, 0.2502, 0.2498],
        [0.2499, 0.2498, 0.2500, 0.2504],
        [0.2501, 0.2501, 0.2501, 0.2497]], device='cuda:0',
       grad_fn=<SoftmaxBackward0>)
tensor([[0.2498, 0.2505, 0.2495, 0.2502],
        [0.2501, 0.2500, 0.2498, 0.2501],
        [0.2502, 0.2497, 0.2501, 0.2501],
        [0.2500, 0.2502, 0.2500, 0.2498],
        [0.2496, 0.2503, 0.2499, 0.2501],
        [0.2501, 0.2502, 0.2498, 0.2499],
        [0.2495, 0.2498, 0.2503, 0.2504]], device='cuda:0',
       grad_fn=<SoftmaxBackward0>)
tensor([[0.2502, 0.2497, 0.2501, 0.2500],
        [0.2498, 0.2505, 0.2498, 0.2499]], device='cuda:0',
       grad_fn=<SoftmaxBackward0>)
tensor([[0.2502, 0.2496, 0.2501, 0.2501],
        [0.2497, 0.2501, 0.2500, 0.2502],
        [0.2502, 0.2499, 0.2498, 0.2502]], device='cuda:0',
       grad_fn=<SoftmaxBackward0>)
tensor([[0.2499, 0.2500, 0.2499, 0.2502],
        [0.2503, 0.2496, 0.2501, 0.2500],
        [0.2495, 0.2501, 0.2498, 0.2506],
        [0.2505, 0.2500, 0.2497, 0.2498]], device='cuda:0',
       grad_fn=<SoftmaxBackward0>)
tensor([[0.2499, 0.2503, 0.2500, 0.2498],
        [0.2500, 0.2499, 0.2499, 0.2502],
        [0.2498, 0.2500, 0.2497, 0.2505],
        [0.2500, 0.2500, 0.2498, 0.2502],
        [0.2498, 0.2501, 0.2499, 0.2502]], device='cuda:0',
       grad_fn=<SoftmaxBackward0>)
tensor([[0.2498, 0.2502, 0.2502, 0.2498],
        [0.2501, 0.2496, 0.2505, 0.2499],
        [0.2497, 0.2502, 0.2502, 0.2499],
        [0.2499, 0.2501, 0.2499, 0.2501],
        [0.2500, 0.2495, 0.2499, 0.2505],
        [0.2497, 0.2499, 0.2499, 0.2505]], device='cuda:0',
       grad_fn=<SoftmaxBackward0>)
tensor([[0.2500, 0.2495, 0.2503, 0.2502],
        [0.2501, 0.2501, 0.2499, 0.2499],
        [0.2502, 0.2498, 0.2500, 0.2499],
        [0.2499, 0.2499, 0.2504, 0.2499],
        [0.2498, 0.2502, 0.2499, 0.2500],
        [0.2499, 0.2498, 0.2498, 0.2505],
        [0.2499, 0.2502, 0.2502, 0.2497]], device='cuda:0',
       grad_fn=<SoftmaxBackward0>)
#####################
08/22 01:17:53AM searchStage_trainer.py:267 [INFO] Train: Epoch: [0][50/390]	Step 50	lr 0.025	Loss 2.1149 (2.2274)	Hard Loss 2.1149 (2.2274)	Soft Loss 2.1149 (2.2274)	Arch Loss 2.2334 (2.2282)	Arch Hard Loss 2.2334 (2.2282)	Arch Soft Loss 2.2334 (2.2282)	Arch depth Loss -0.2064 (-0.1022)	Prec@(1,5) (19.9%, 72.2%)	
08/22 01:18:15AM searchStage_trainer.py:267 [INFO] Train: Epoch: [0][100/390]	Step 100	lr 0.025	Loss 2.2140 (2.1058)	Hard Loss 2.2140 (2.1058)	Soft Loss 2.2140 (2.1058)	Arch Loss 2.0520 (2.0910)	Arch Hard Loss 2.0520 (2.0910)	Arch Soft Loss 2.0520 (2.0910)	Arch depth Loss -0.4259 (-0.2100)	Prec@(1,5) (23.0%, 76.4%)	
08/22 01:18:37AM searchStage_trainer.py:267 [INFO] Train: Epoch: [0][150/390]	Step 150	lr 0.025	Loss 1.6372 (1.9947)	Hard Loss 1.6372 (1.9947)	Soft Loss 1.6372 (1.9947)	Arch Loss 1.5837 (1.9870)	Arch Hard Loss 1.5837 (1.9870)	Arch Soft Loss 1.5837 (1.9870)	Arch depth Loss -0.6526 (-0.3203)	Prec@(1,5) (26.7%, 79.9%)	
08/22 01:18:58AM searchStage_trainer.py:267 [INFO] Train: Epoch: [0][200/390]	Step 200	lr 0.025	Loss 1.5676 (1.9142)	Hard Loss 1.5676 (1.9142)	Soft Loss 1.5676 (1.9142)	Arch Loss 1.6078 (1.9170)	Arch Hard Loss 1.6078 (1.9170)	Arch Soft Loss 1.6078 (1.9170)	Arch depth Loss -0.8864 (-0.4330)	Prec@(1,5) (29.0%, 81.9%)	
08/22 01:19:20AM searchStage_trainer.py:267 [INFO] Train: Epoch: [0][250/390]	Step 250	lr 0.025	Loss 1.5830 (1.8642)	Hard Loss 1.5830 (1.8642)	Soft Loss 1.5830 (1.8642)	Arch Loss 1.6617 (1.8699)	Arch Hard Loss 1.6617 (1.8699)	Arch Soft Loss 1.6617 (1.8699)	Arch depth Loss -1.1272 (-0.5481)	Prec@(1,5) (30.7%, 83.3%)	
08/22 01:19:42AM searchStage_trainer.py:267 [INFO] Train: Epoch: [0][300/390]	Step 300	lr 0.025	Loss 1.4040 (1.8166)	Hard Loss 1.4040 (1.8166)	Soft Loss 1.4040 (1.8166)	Arch Loss 1.7377 (1.8275)	Arch Hard Loss 1.7377 (1.8275)	Arch Soft Loss 1.7377 (1.8275)	Arch depth Loss -1.3752 (-0.6656)	Prec@(1,5) (32.4%, 84.4%)	
08/22 01:20:03AM searchStage_trainer.py:267 [INFO] Train: Epoch: [0][350/390]	Step 350	lr 0.025	Loss 1.6977 (1.7814)	Hard Loss 1.6977 (1.7814)	Soft Loss 1.6977 (1.7814)	Arch Loss 1.4798 (1.7939)	Arch Hard Loss 1.4798 (1.7939)	Arch Soft Loss 1.4798 (1.7939)	Arch depth Loss -1.6306 (-0.7855)	Prec@(1,5) (33.7%, 85.2%)	
08/22 01:20:21AM searchStage_trainer.py:267 [INFO] Train: Epoch: [0][390/390]	Step 390	lr 0.025	Loss 1.3745 (1.7555)	Hard Loss 1.3745 (1.7555)	Soft Loss 1.3745 (1.7555)	Arch Loss 1.6074 (1.7665)	Arch Hard Loss 1.6074 (1.7665)	Arch Soft Loss 1.6074 (1.7665)	Arch depth Loss -1.8404 (-0.8832)	Prec@(1,5) (34.7%, 85.8%)	
08/22 01:20:22AM searchStage_trainer.py:283 [INFO] Train: [  0/49] Final Prec@1 34.6880%
08/22 01:20:25AM searchStage_trainer.py:311 [INFO] Valid: Epoch: [0][50/391]	Step 391	Loss 1.5163	Prec@(1,5) (44.8%, 91.7%)
08/22 01:20:29AM searchStage_trainer.py:311 [INFO] Valid: Epoch: [0][100/391]	Step 391	Loss 1.5224	Prec@(1,5) (43.8%, 91.8%)
08/22 01:20:33AM searchStage_trainer.py:311 [INFO] Valid: Epoch: [0][150/391]	Step 391	Loss 1.5327	Prec@(1,5) (43.4%, 91.6%)
08/22 01:20:36AM searchStage_trainer.py:311 [INFO] Valid: Epoch: [0][200/391]	Step 391	Loss 1.5383	Prec@(1,5) (43.0%, 91.5%)
08/22 01:20:40AM searchStage_trainer.py:311 [INFO] Valid: Epoch: [0][250/391]	Step 391	Loss 1.5416	Prec@(1,5) (42.9%, 91.5%)
08/22 01:20:44AM searchStage_trainer.py:311 [INFO] Valid: Epoch: [0][300/391]	Step 391	Loss 1.5451	Prec@(1,5) (43.0%, 91.3%)
08/22 01:20:47AM searchStage_trainer.py:311 [INFO] Valid: Epoch: [0][350/391]	Step 391	Loss 1.5436	Prec@(1,5) (42.9%, 91.3%)
08/22 01:20:50AM searchStage_trainer.py:311 [INFO] Valid: Epoch: [0][390/391]	Step 391	Loss 1.5449	Prec@(1,5) (42.7%, 91.4%)
08/22 01:20:50AM searchStage_trainer.py:322 [INFO] Valid: [  0/49] Final Prec@1 42.7240%
08/22 01:20:50AM searchStage_KD_main.py:58 [INFO] DAG = Genotype2(DAG1=[[('skip_connect', 1), ('avg_pool_3x3', 0)], [('max_pool_3x3', 2), ('skip_connect', 1)], [('avg_pool_3x3', 2), ('max_pool_3x3', 3)], [('max_pool_3x3', 3), ('max_pool_3x3', 2)], [('max_pool_3x3', 0), ('max_pool_3x3', 1)], [('skip_connect', 1), ('skip_connect', 0)]], DAG1_concat=range(6, 8), DAG2=[[('skip_connect', 1), ('avg_pool_3x3', 0)], [('skip_connect', 2), ('max_pool_3x3', 1)], [('skip_connect', 3), ('avg_pool_3x3', 2)], [('skip_connect', 2), ('max_pool_3x3', 4)], [('max_pool_3x3', 2), ('avg_pool_3x3', 1)], [('avg_pool_3x3', 0), ('avg_pool_3x3', 1)]], DAG2_concat=range(6, 8), DAG3=[[('skip_connect', 0), ('avg_pool_3x3', 1)], [('skip_connect', 2), ('skip_connect', 0)], [('skip_connect', 2), ('max_pool_3x3', 3)], [('avg_pool_3x3', 3), ('skip_connect', 4)], [('skip_connect', 2), ('skip_connect', 1)], [('skip_connect', 0), ('skip_connect', 1)]], DAG3_concat=range(6, 8))
08/22 01:20:51AM searchStage_KD_main.py:89 [INFO] Until now, best Prec@1 = 42.7240%
####### ALPHA #######
# Alpha - DAG
tensor([[0.2501, 0.2503, 0.2500, 0.2496],
        [0.2501, 0.2494, 0.2504, 0.2502]], device='cuda:0',
       grad_fn=<SoftmaxBackward0>)
tensor([[0.2497, 0.2504, 0.2508, 0.2491],
        [0.2505, 0.2502, 0.2508, 0.2485],
        [0.2502, 0.2499, 0.2502, 0.2497]], device='cuda:0',
       grad_fn=<SoftmaxBackward0>)
tensor([[0.2506, 0.2498, 0.2501, 0.2496],
        [0.2509, 0.2496, 0.2505, 0.2491],
        [0.2502, 0.2507, 0.2497, 0.2494],
        [0.2506, 0.2506, 0.2497, 0.2491]], device='cuda:0',
       grad_fn=<SoftmaxBackward0>)
tensor([[0.2506, 0.2502, 0.2503, 0.2489],
        [0.2501, 0.2504, 0.2506, 0.2488],
        [0.2503, 0.2496, 0.2502, 0.2499],
        [0.2504, 0.2498, 0.2504, 0.2494],
        [0.2500, 0.2500, 0.2499, 0.2501]], device='cuda:0',
       grad_fn=<SoftmaxBackward0>)
tensor([[0.2515, 0.2497, 0.2503, 0.2485],
        [0.2512, 0.2498, 0.2502, 0.2489],
        [0.2512, 0.2508, 0.2484, 0.2496],
        [0.2526, 0.2469, 0.2490, 0.2515],
        [0.2524, 0.2472, 0.2490, 0.2513],
        [0.2532, 0.2465, 0.2492, 0.2511]], device='cuda:0',
       grad_fn=<SoftmaxBackward0>)
tensor([[0.2504, 0.2491, 0.2512, 0.2493],
        [0.2506, 0.2500, 0.2514, 0.2480],
        [0.2510, 0.2505, 0.2494, 0.2491],
        [0.2525, 0.2479, 0.2500, 0.2496],
        [0.2498, 0.2452, 0.2522, 0.2529],
        [0.2485, 0.2496, 0.2504, 0.2515],
        [0.2496, 0.2487, 0.2478, 0.2538]], device='cuda:0',
       grad_fn=<SoftmaxBackward0>)
tensor([[0.2497, 0.2503, 0.2501, 0.2500],
        [0.2498, 0.2501, 0.2504, 0.2497]], device='cuda:0',
       grad_fn=<SoftmaxBackward0>)
tensor([[0.2500, 0.2497, 0.2499, 0.2504],
        [0.2503, 0.2501, 0.2498, 0.2499],
        [0.2498, 0.2495, 0.2504, 0.2502]], device='cuda:0',
       grad_fn=<SoftmaxBackward0>)
tensor([[0.2499, 0.2498, 0.2502, 0.2500],
        [0.2500, 0.2500, 0.2501, 0.2500],
        [0.2501, 0.2502, 0.2496, 0.2501],
        [0.2493, 0.2502, 0.2505, 0.2500]], device='cuda:0',
       grad_fn=<SoftmaxBackward0>)
tensor([[0.2503, 0.2504, 0.2497, 0.2497],
        [0.2503, 0.2497, 0.2500, 0.2500],
        [0.2495, 0.2502, 0.2505, 0.2498],
        [0.2502, 0.2501, 0.2495, 0.2502],
        [0.2502, 0.2498, 0.2502, 0.2498]], device='cuda:0',
       grad_fn=<SoftmaxBackward0>)
tensor([[0.2503, 0.2502, 0.2503, 0.2492],
        [0.2500, 0.2503, 0.2503, 0.2495],
        [0.2506, 0.2501, 0.2501, 0.2491],
        [0.2504, 0.2470, 0.2483, 0.2543],
        [0.2503, 0.2478, 0.2492, 0.2526],
        [0.2496, 0.2476, 0.2496, 0.2533]], device='cuda:0',
       grad_fn=<SoftmaxBackward0>)
tensor([[0.2497, 0.2507, 0.2497, 0.2499],
        [0.2502, 0.2505, 0.2501, 0.2493],
        [0.2501, 0.2498, 0.2500, 0.2501],
        [0.2488, 0.2500, 0.2526, 0.2485],
        [0.2442, 0.2508, 0.2523, 0.2527],
        [0.2463, 0.2505, 0.2477, 0.2556],
        [0.2459, 0.2501, 0.2492, 0.2548]], device='cuda:0',
       grad_fn=<SoftmaxBackward0>)
tensor([[0.2499, 0.2495, 0.2505, 0.2501],
        [0.2495, 0.2504, 0.2503, 0.2498]], device='cuda:0',
       grad_fn=<SoftmaxBackward0>)
tensor([[0.2499, 0.2496, 0.2505, 0.2501],
        [0.2495, 0.2501, 0.2504, 0.2500],
        [0.2499, 0.2499, 0.2500, 0.2502]], device='cuda:0',
       grad_fn=<SoftmaxBackward0>)
tensor([[0.2497, 0.2500, 0.2502, 0.2501],
        [0.2501, 0.2496, 0.2504, 0.2499],
        [0.2493, 0.2500, 0.2501, 0.2506],
        [0.2503, 0.2501, 0.2499, 0.2498]], device='cuda:0',
       grad_fn=<SoftmaxBackward0>)
tensor([[0.2497, 0.2503, 0.2502, 0.2498],
        [0.2499, 0.2498, 0.2500, 0.2503],
        [0.2497, 0.2500, 0.2499, 0.2504],
        [0.2500, 0.2501, 0.2499, 0.2500],
        [0.2497, 0.2501, 0.2502, 0.2500]], device='cuda:0',
       grad_fn=<SoftmaxBackward0>)
tensor([[0.2497, 0.2500, 0.2507, 0.2496],
        [0.2499, 0.2494, 0.2511, 0.2495],
        [0.2492, 0.2501, 0.2510, 0.2496],
        [0.2475, 0.2438, 0.2568, 0.2519],
        [0.2470, 0.2435, 0.2532, 0.2563],
        [0.2452, 0.2466, 0.2580, 0.2502]], device='cuda:0',
       grad_fn=<SoftmaxBackward0>)
tensor([[0.2501, 0.2495, 0.2508, 0.2496],
        [0.2502, 0.2499, 0.2504, 0.2496],
        [0.2501, 0.2496, 0.2501, 0.2502],
        [0.2482, 0.2456, 0.2566, 0.2496],
        [0.2467, 0.2445, 0.2535, 0.2553],
        [0.2452, 0.2465, 0.2579, 0.2504],
        [0.2493, 0.2483, 0.2529, 0.2495]], device='cuda:0',
       grad_fn=<SoftmaxBackward0>)
#####################
08/22 01:21:13午前 searchStage_trainer.py:267 [INFO] Train: Epoch: [1][50/390]	Step 441	lr 0.02498	Loss 1.3253 (1.4796)	Hard Loss 1.3253 (1.4796)	Soft Loss 1.3253 (1.4796)	Arch Loss 1.3893 (1.4735)	Arch Hard Loss 1.3893 (1.4735)	Arch Soft Loss 1.3893 (1.4735)	Arch depth Loss -2.1150 (-1.9824)	Prec@(1,5) (45.6%, 92.0%)	
08/22 01:21:35午前 searchStage_trainer.py:267 [INFO] Train: Epoch: [1][100/390]	Step 491	lr 0.02498	Loss 1.4869 (1.4320)	Hard Loss 1.4869 (1.4320)	Soft Loss 1.4869 (1.4320)	Arch Loss 1.3182 (1.4529)	Arch Hard Loss 1.3182 (1.4529)	Arch Soft Loss 1.3182 (1.4529)	Arch depth Loss -2.3921 (-2.1190)	Prec@(1,5) (47.5%, 92.4%)	
08/22 01:21:57午前 searchStage_trainer.py:267 [INFO] Train: Epoch: [1][150/390]	Step 541	lr 0.02498	Loss 1.6676 (1.4194)	Hard Loss 1.6676 (1.4194)	Soft Loss 1.6676 (1.4194)	Arch Loss 1.4940 (1.4386)	Arch Hard Loss 1.4940 (1.4386)	Arch Soft Loss 1.4940 (1.4386)	Arch depth Loss -2.6774 (-2.2583)	Prec@(1,5) (48.0%, 92.4%)	
08/22 01:22:18午前 searchStage_trainer.py:267 [INFO] Train: Epoch: [1][200/390]	Step 591	lr 0.02498	Loss 1.2221 (1.4034)	Hard Loss 1.2221 (1.4034)	Soft Loss 1.2221 (1.4034)	Arch Loss 1.5256 (1.4233)	Arch Hard Loss 1.5256 (1.4233)	Arch Soft Loss 1.5256 (1.4233)	Arch depth Loss -2.9708 (-2.4003)	Prec@(1,5) (48.4%, 92.7%)	
08/22 01:22:40午前 searchStage_trainer.py:267 [INFO] Train: Epoch: [1][250/390]	Step 641	lr 0.02498	Loss 1.2865 (1.3896)	Hard Loss 1.2865 (1.3896)	Soft Loss 1.2865 (1.3896)	Arch Loss 1.3288 (1.4055)	Arch Hard Loss 1.3288 (1.4055)	Arch Soft Loss 1.3288 (1.4055)	Arch depth Loss -3.2728 (-2.5451)	Prec@(1,5) (49.0%, 92.9%)	
08/22 01:23:02午前 searchStage_trainer.py:267 [INFO] Train: Epoch: [1][300/390]	Step 691	lr 0.02498	Loss 1.1956 (1.3805)	Hard Loss 1.1956 (1.3805)	Soft Loss 1.1956 (1.3805)	Arch Loss 1.2117 (1.3986)	Arch Hard Loss 1.2117 (1.3986)	Arch Soft Loss 1.2117 (1.3986)	Arch depth Loss -3.5833 (-2.6926)	Prec@(1,5) (49.5%, 93.2%)	
08/22 01:23:23午前 searchStage_trainer.py:267 [INFO] Train: Epoch: [1][350/390]	Step 741	lr 0.02498	Loss 1.3456 (1.3728)	Hard Loss 1.3456 (1.3728)	Soft Loss 1.3456 (1.3728)	Arch Loss 1.3534 (1.3867)	Arch Hard Loss 1.3534 (1.3867)	Arch Soft Loss 1.3534 (1.3867)	Arch depth Loss -3.9027 (-2.8430)	Prec@(1,5) (49.9%, 93.2%)	
08/22 01:23:41午前 searchStage_trainer.py:267 [INFO] Train: Epoch: [1][390/390]	Step 781	lr 0.02498	Loss 1.0190 (1.3611)	Hard Loss 1.0190 (1.3611)	Soft Loss 1.0190 (1.3611)	Arch Loss 1.2583 (1.3749)	Arch Hard Loss 1.2583 (1.3749)	Arch Soft Loss 1.2583 (1.3749)	Arch depth Loss -4.1646 (-2.9654)	Prec@(1,5) (50.4%, 93.3%)	
08/22 01:23:41午前 searchStage_trainer.py:283 [INFO] Train: [  1/49] Final Prec@1 50.4400%
08/22 01:23:45午前 searchStage_trainer.py:311 [INFO] Valid: Epoch: [1][50/391]	Step 782	Loss 1.2675	Prec@(1,5) (53.1%, 94.6%)
08/22 01:23:49午前 searchStage_trainer.py:311 [INFO] Valid: Epoch: [1][100/391]	Step 782	Loss 1.2457	Prec@(1,5) (54.5%, 94.9%)
08/22 01:23:52午前 searchStage_trainer.py:311 [INFO] Valid: Epoch: [1][150/391]	Step 782	Loss 1.2428	Prec@(1,5) (54.4%, 95.1%)
08/22 01:23:56午前 searchStage_trainer.py:311 [INFO] Valid: Epoch: [1][200/391]	Step 782	Loss 1.2452	Prec@(1,5) (54.4%, 94.9%)
08/22 01:24:00午前 searchStage_trainer.py:311 [INFO] Valid: Epoch: [1][250/391]	Step 782	Loss 1.2446	Prec@(1,5) (54.6%, 94.9%)
08/22 01:24:03午前 searchStage_trainer.py:311 [INFO] Valid: Epoch: [1][300/391]	Step 782	Loss 1.2422	Prec@(1,5) (54.7%, 94.9%)
08/22 01:24:07午前 searchStage_trainer.py:311 [INFO] Valid: Epoch: [1][350/391]	Step 782	Loss 1.2445	Prec@(1,5) (54.6%, 94.8%)
08/22 01:24:10午前 searchStage_trainer.py:311 [INFO] Valid: Epoch: [1][390/391]	Step 782	Loss 1.2436	Prec@(1,5) (54.7%, 94.9%)
08/22 01:24:10午前 searchStage_trainer.py:322 [INFO] Valid: [  1/49] Final Prec@1 54.6560%
08/22 01:24:10午前 searchStage_KD_main.py:58 [INFO] DAG = Genotype2(DAG1=[[('skip_connect', 1), ('skip_connect', 0)], [('skip_connect', 2), ('skip_connect', 0)], [('max_pool_3x3', 3), ('avg_pool_3x3', 2)], [('max_pool_3x3', 3), ('skip_connect', 4)], [('max_pool_3x3', 0), ('max_pool_3x3', 1)], [('skip_connect', 1), ('skip_connect', 0)]], DAG1_concat=range(6, 8), DAG2=[[('skip_connect', 1), ('avg_pool_3x3', 0)], [('skip_connect', 2), ('max_pool_3x3', 1)], [('skip_connect', 3), ('avg_pool_3x3', 2)], [('skip_connect', 4), ('max_pool_3x3', 3)], [('max_pool_3x3', 2), ('skip_connect', 1)], [('avg_pool_3x3', 0), ('avg_pool_3x3', 1)]], DAG2_concat=range(6, 8), DAG3=[[('skip_connect', 0), ('skip_connect', 1)], [('skip_connect', 2), ('skip_connect', 0)], [('max_pool_3x3', 3), ('skip_connect', 2)], [('skip_connect', 4), ('avg_pool_3x3', 3)], [('skip_connect', 2), ('skip_connect', 1)], [('skip_connect', 0), ('skip_connect', 1)]], DAG3_concat=range(6, 8))
08/22 01:24:10午前 searchStage_KD_main.py:89 [INFO] Until now, best Prec@1 = 54.6560%
####### ALPHA #######
# Alpha - DAG
tensor([[0.2500, 0.2499, 0.2505, 0.2495],
        [0.2499, 0.2490, 0.2509, 0.2502]], device='cuda:0',
       grad_fn=<SoftmaxBackward0>)
tensor([[0.2492, 0.2503, 0.2516, 0.2489],
        [0.2501, 0.2500, 0.2515, 0.2484],
        [0.2501, 0.2498, 0.2504, 0.2497]], device='cuda:0',
       grad_fn=<SoftmaxBackward0>)
tensor([[0.2509, 0.2490, 0.2507, 0.2494],
        [0.2512, 0.2488, 0.2510, 0.2489],
        [0.2503, 0.2505, 0.2499, 0.2492],
        [0.2506, 0.2504, 0.2499, 0.2491]], device='cuda:0',
       grad_fn=<SoftmaxBackward0>)
tensor([[0.2506, 0.2501, 0.2509, 0.2484],
        [0.2499, 0.2503, 0.2512, 0.2486],
        [0.2502, 0.2495, 0.2500, 0.2502],
        [0.2504, 0.2498, 0.2504, 0.2494],
        [0.2499, 0.2500, 0.2501, 0.2500]], device='cuda:0',
       grad_fn=<SoftmaxBackward0>)
tensor([[0.2518, 0.2495, 0.2509, 0.2478],
        [0.2514, 0.2494, 0.2508, 0.2484],
        [0.2513, 0.2509, 0.2485, 0.2493],
        [0.2528, 0.2436, 0.2484, 0.2552],
        [0.2525, 0.2460, 0.2531, 0.2484],
        [0.2502, 0.2433, 0.2490, 0.2574]], device='cuda:0',
       grad_fn=<SoftmaxBackward0>)
tensor([[0.2493, 0.2470, 0.2555, 0.2482],
        [0.2496, 0.2483, 0.2553, 0.2468],
        [0.2507, 0.2506, 0.2500, 0.2487],
        [0.2503, 0.2425, 0.2517, 0.2555],
        [0.2448, 0.2420, 0.2582, 0.2549],
        [0.2458, 0.2438, 0.2522, 0.2582],
        [0.2481, 0.2483, 0.2465, 0.2571]], device='cuda:0',
       grad_fn=<SoftmaxBackward0>)
tensor([[0.2497, 0.2502, 0.2502, 0.2500],
        [0.2498, 0.2499, 0.2505, 0.2498]], device='cuda:0',
       grad_fn=<SoftmaxBackward0>)
tensor([[0.2500, 0.2496, 0.2500, 0.2504],
        [0.2503, 0.2500, 0.2498, 0.2499],
        [0.2498, 0.2495, 0.2505, 0.2502]], device='cuda:0',
       grad_fn=<SoftmaxBackward0>)
tensor([[0.2499, 0.2498, 0.2503, 0.2499],
        [0.2500, 0.2499, 0.2501, 0.2500],
        [0.2501, 0.2502, 0.2496, 0.2501],
        [0.2492, 0.2502, 0.2505, 0.2501]], device='cuda:0',
       grad_fn=<SoftmaxBackward0>)
tensor([[0.2503, 0.2504, 0.2498, 0.2496],
        [0.2503, 0.2496, 0.2501, 0.2499],
        [0.2495, 0.2502, 0.2505, 0.2498],
        [0.2503, 0.2501, 0.2495, 0.2502],
        [0.2502, 0.2498, 0.2502, 0.2498]], device='cuda:0',
       grad_fn=<SoftmaxBackward0>)
tensor([[0.2504, 0.2503, 0.2504, 0.2489],
        [0.2500, 0.2504, 0.2504, 0.2492],
        [0.2506, 0.2502, 0.2504, 0.2488],
        [0.2500, 0.2474, 0.2452, 0.2574],
        [0.2499, 0.2464, 0.2495, 0.2541],
        [0.2521, 0.2451, 0.2462, 0.2566]], device='cuda:0',
       grad_fn=<SoftmaxBackward0>)
tensor([[0.2499, 0.2508, 0.2498, 0.2495],
        [0.2503, 0.2506, 0.2502, 0.2489],
        [0.2501, 0.2498, 0.2503, 0.2498],
        [0.2488, 0.2497, 0.2534, 0.2481],
        [0.2467, 0.2482, 0.2495, 0.2555],
        [0.2486, 0.2480, 0.2431, 0.2603],
        [0.2460, 0.2489, 0.2454, 0.2596]], device='cuda:0',
       grad_fn=<SoftmaxBackward0>)
tensor([[0.2498, 0.2494, 0.2506, 0.2501],
        [0.2495, 0.2503, 0.2504, 0.2497]], device='cuda:0',
       grad_fn=<SoftmaxBackward0>)
tensor([[0.2498, 0.2495, 0.2506, 0.2501],
        [0.2494, 0.2501, 0.2505, 0.2500],
        [0.2499, 0.2498, 0.2500, 0.2502]], device='cuda:0',
       grad_fn=<SoftmaxBackward0>)
tensor([[0.2497, 0.2500, 0.2503, 0.2501],
        [0.2501, 0.2495, 0.2505, 0.2499],
        [0.2493, 0.2500, 0.2502, 0.2506],
        [0.2503, 0.2500, 0.2499, 0.2498]], device='cuda:0',
       grad_fn=<SoftmaxBackward0>)
tensor([[0.2497, 0.2502, 0.2503, 0.2498],
        [0.2499, 0.2497, 0.2501, 0.2503],
        [0.2497, 0.2499, 0.2499, 0.2504],
        [0.2500, 0.2501, 0.2499, 0.2500],
        [0.2497, 0.2501, 0.2502, 0.2500]], device='cuda:0',
       grad_fn=<SoftmaxBackward0>)
tensor([[0.2498, 0.2499, 0.2509, 0.2494],
        [0.2501, 0.2493, 0.2513, 0.2492],
        [0.2493, 0.2500, 0.2510, 0.2497],
        [0.2502, 0.2401, 0.2520, 0.2577],
        [0.2500, 0.2413, 0.2511, 0.2576],
        [0.2472, 0.2451, 0.2599, 0.2479]], device='cuda:0',
       grad_fn=<SoftmaxBackward0>)
tensor([[0.2503, 0.2494, 0.2509, 0.2494],
        [0.2504, 0.2497, 0.2505, 0.2493],
        [0.2501, 0.2494, 0.2501, 0.2504],
        [0.2513, 0.2414, 0.2538, 0.2535],
        [0.2509, 0.2426, 0.2508, 0.2557],
        [0.2491, 0.2431, 0.2584, 0.2494],
        [0.2529, 0.2468, 0.2523, 0.2480]], device='cuda:0',
       grad_fn=<SoftmaxBackward0>)
#####################
08/22 01:24:33午前 searchStage_trainer.py:267 [INFO] Train: Epoch: [2][50/390]	Step 832	lr 0.02491	Loss 1.2033 (1.1890)	Hard Loss 1.2033 (1.1890)	Soft Loss 1.2033 (1.1890)	Arch Loss 1.5621 (1.2542)	Arch Hard Loss 1.5621 (1.2542)	Arch Soft Loss 1.5621 (1.2542)	Arch depth Loss -4.5071 (-4.3418)	Prec@(1,5) (57.5%, 95.1%)	
08/22 01:24:54午前 searchStage_trainer.py:267 [INFO] Train: Epoch: [2][100/390]	Step 882	lr 0.02491	Loss 1.2604 (1.1974)	Hard Loss 1.2604 (1.1974)	Soft Loss 1.2604 (1.1974)	Arch Loss 1.1386 (1.2256)	Arch Hard Loss 1.1386 (1.2256)	Arch Soft Loss 1.1386 (1.2256)	Arch depth Loss -4.8523 (-4.5121)	Prec@(1,5) (57.5%, 95.0%)	
08/22 01:25:16午前 searchStage_trainer.py:267 [INFO] Train: Epoch: [2][150/390]	Step 932	lr 0.02491	Loss 0.9236 (1.2143)	Hard Loss 0.9236 (1.2143)	Soft Loss 0.9236 (1.2143)	Arch Loss 1.3284 (1.2194)	Arch Hard Loss 1.3284 (1.2194)	Arch Soft Loss 1.3284 (1.2194)	Arch depth Loss -5.2071 (-4.6855)	Prec@(1,5) (56.7%, 94.7%)	
08/22 01:25:38午前 searchStage_trainer.py:267 [INFO] Train: Epoch: [2][200/390]	Step 982	lr 0.02491	Loss 1.2060 (1.2063)	Hard Loss 1.2060 (1.2063)	Soft Loss 1.2060 (1.2063)	Arch Loss 1.2836 (1.2183)	Arch Hard Loss 1.2836 (1.2183)	Arch Soft Loss 1.2836 (1.2183)	Arch depth Loss -5.5715 (-4.8622)	Prec@(1,5) (57.0%, 94.8%)	
08/22 01:25:59午前 searchStage_trainer.py:267 [INFO] Train: Epoch: [2][250/390]	Step 1032	lr 0.02491	Loss 1.2403 (1.1967)	Hard Loss 1.2403 (1.1967)	Soft Loss 1.2403 (1.1967)	Arch Loss 1.0476 (1.2068)	Arch Hard Loss 1.0476 (1.2068)	Arch Soft Loss 1.0476 (1.2068)	Arch depth Loss -5.9459 (-5.0421)	Prec@(1,5) (57.1%, 95.0%)	
08/22 01:26:21午前 searchStage_trainer.py:267 [INFO] Train: Epoch: [2][300/390]	Step 1082	lr 0.02491	Loss 0.9478 (1.1858)	Hard Loss 0.9478 (1.1858)	Soft Loss 0.9478 (1.1858)	Arch Loss 1.1930 (1.1964)	Arch Hard Loss 1.1930 (1.1964)	Arch Soft Loss 1.1930 (1.1964)	Arch depth Loss -6.3305 (-5.2253)	Prec@(1,5) (57.4%, 95.1%)	
08/22 01:26:43午前 searchStage_trainer.py:267 [INFO] Train: Epoch: [2][350/390]	Step 1132	lr 0.02491	Loss 1.0528 (1.1737)	Hard Loss 1.0528 (1.1737)	Soft Loss 1.0528 (1.1737)	Arch Loss 1.2153 (1.1850)	Arch Hard Loss 1.2153 (1.1850)	Arch Soft Loss 1.2153 (1.1850)	Arch depth Loss -6.7253 (-5.4118)	Prec@(1,5) (58.0%, 95.2%)	
08/22 01:27:00午前 searchStage_trainer.py:267 [INFO] Train: Epoch: [2][390/390]	Step 1172	lr 0.02491	Loss 0.9920 (1.1672)	Hard Loss 0.9920 (1.1672)	Soft Loss 0.9920 (1.1672)	Arch Loss 1.3345 (1.1804)	Arch Hard Loss 1.3345 (1.1804)	Arch Soft Loss 1.3345 (1.1804)	Arch depth Loss -7.0487 (-5.5634)	Prec@(1,5) (58.2%, 95.3%)	
08/22 01:27:00午前 searchStage_trainer.py:283 [INFO] Train: [  2/49] Final Prec@1 58.2360%
08/22 01:27:04午前 searchStage_trainer.py:311 [INFO] Valid: Epoch: [2][50/391]	Step 1173	Loss 1.1666	Prec@(1,5) (58.4%, 94.8%)
08/22 01:27:08午前 searchStage_trainer.py:311 [INFO] Valid: Epoch: [2][100/391]	Step 1173	Loss 1.1516	Prec@(1,5) (59.0%, 95.0%)
08/22 01:27:11午前 searchStage_trainer.py:311 [INFO] Valid: Epoch: [2][150/391]	Step 1173	Loss 1.1549	Prec@(1,5) (59.0%, 95.1%)
08/22 01:27:15午前 searchStage_trainer.py:311 [INFO] Valid: Epoch: [2][200/391]	Step 1173	Loss 1.1545	Prec@(1,5) (59.0%, 95.2%)
08/22 01:27:19午前 searchStage_trainer.py:311 [INFO] Valid: Epoch: [2][250/391]	Step 1173	Loss 1.1521	Prec@(1,5) (59.1%, 95.1%)
08/22 01:27:22午前 searchStage_trainer.py:311 [INFO] Valid: Epoch: [2][300/391]	Step 1173	Loss 1.1533	Prec@(1,5) (58.9%, 95.2%)
08/22 01:27:26午前 searchStage_trainer.py:311 [INFO] Valid: Epoch: [2][350/391]	Step 1173	Loss 1.1572	Prec@(1,5) (58.8%, 95.1%)
08/22 01:27:29午前 searchStage_trainer.py:311 [INFO] Valid: Epoch: [2][390/391]	Step 1173	Loss 1.1526	Prec@(1,5) (59.0%, 95.2%)
08/22 01:27:29午前 searchStage_trainer.py:322 [INFO] Valid: [  2/49] Final Prec@1 58.9920%
08/22 01:27:29午前 searchStage_KD_main.py:58 [INFO] DAG = Genotype2(DAG1=[[('skip_connect', 1), ('skip_connect', 0)], [('skip_connect', 2), ('skip_connect', 0)], [('max_pool_3x3', 3), ('avg_pool_3x3', 2)], [('skip_connect', 4), ('skip_connect', 3)], [('skip_connect', 1), ('max_pool_3x3', 0)], [('skip_connect', 1), ('skip_connect', 0)]], DAG1_concat=range(6, 8), DAG2=[[('skip_connect', 1), ('skip_connect', 0)], [('skip_connect', 2), ('max_pool_3x3', 1)], [('skip_connect', 3), ('avg_pool_3x3', 2)], [('max_pool_3x3', 4), ('max_pool_3x3', 3)], [('max_pool_3x3', 2), ('skip_connect', 1)], [('avg_pool_3x3', 1), ('avg_pool_3x3', 0)]], DAG2_concat=range(6, 8), DAG3=[[('skip_connect', 0), ('skip_connect', 1)], [('skip_connect', 2), ('skip_connect', 0)], [('max_pool_3x3', 3), ('skip_connect', 2)], [('skip_connect', 4), ('avg_pool_3x3', 3)], [('skip_connect', 2), ('skip_connect', 1)], [('skip_connect', 1), ('skip_connect', 0)]], DAG3_concat=range(6, 8))
08/22 01:27:30午前 searchStage_KD_main.py:89 [INFO] Until now, best Prec@1 = 58.9920%
####### ALPHA #######
# Alpha - DAG
tensor([[0.2500, 0.2496, 0.2509, 0.2495],
        [0.2499, 0.2486, 0.2512, 0.2503]], device='cuda:0',
       grad_fn=<SoftmaxBackward0>)
tensor([[0.2489, 0.2501, 0.2523, 0.2486],
        [0.2498, 0.2497, 0.2520, 0.2484],
        [0.2500, 0.2497, 0.2505, 0.2498]], device='cuda:0',
       grad_fn=<SoftmaxBackward0>)
tensor([[0.2508, 0.2484, 0.2515, 0.2493],
        [0.2512, 0.2483, 0.2518, 0.2487],
        [0.2502, 0.2504, 0.2501, 0.2493],
        [0.2506, 0.2503, 0.2501, 0.2491]], device='cuda:0',
       grad_fn=<SoftmaxBackward0>)
tensor([[0.2506, 0.2499, 0.2516, 0.2479],
        [0.2498, 0.2501, 0.2519, 0.2482],
        [0.2501, 0.2494, 0.2501, 0.2504],
        [0.2504, 0.2497, 0.2506, 0.2493],
        [0.2499, 0.2498, 0.2500, 0.2503]], device='cuda:0',
       grad_fn=<SoftmaxBackward0>)
tensor([[0.2521, 0.2491, 0.2520, 0.2468],
        [0.2515, 0.2490, 0.2518, 0.2477],
        [0.2511, 0.2507, 0.2484, 0.2499],
        [0.2527, 0.2386, 0.2499, 0.2589],
        [0.2535, 0.2401, 0.2530, 0.2534],
        [0.2499, 0.2422, 0.2509, 0.2570]], device='cuda:0',
       grad_fn=<SoftmaxBackward0>)
tensor([[0.2480, 0.2450, 0.2606, 0.2465],
        [0.2484, 0.2466, 0.2603, 0.2447],
        [0.2504, 0.2507, 0.2505, 0.2485],
        [0.2451, 0.2341, 0.2553, 0.2654],
        [0.2392, 0.2379, 0.2626, 0.2603],
        [0.2393, 0.2379, 0.2596, 0.2633],
        [0.2468, 0.2451, 0.2408, 0.2673]], device='cuda:0',
       grad_fn=<SoftmaxBackward0>)
tensor([[0.2497, 0.2501, 0.2503, 0.2499],
        [0.2497, 0.2499, 0.2507, 0.2498]], device='cuda:0',
       grad_fn=<SoftmaxBackward0>)
tensor([[0.2500, 0.2496, 0.2501, 0.2503],
        [0.2502, 0.2500, 0.2500, 0.2499],
        [0.2499, 0.2495, 0.2504, 0.2502]], device='cuda:0',
       grad_fn=<SoftmaxBackward0>)
tensor([[0.2499, 0.2499, 0.2505, 0.2497],
        [0.2501, 0.2499, 0.2502, 0.2498],
        [0.2500, 0.2502, 0.2497, 0.2501],
        [0.2492, 0.2502, 0.2504, 0.2503]], device='cuda:0',
       grad_fn=<SoftmaxBackward0>)
tensor([[0.2503, 0.2504, 0.2499, 0.2495],
        [0.2504, 0.2497, 0.2502, 0.2497],
        [0.2495, 0.2502, 0.2506, 0.2497],
        [0.2503, 0.2500, 0.2495, 0.2502],
        [0.2501, 0.2498, 0.2501, 0.2500]], device='cuda:0',
       grad_fn=<SoftmaxBackward0>)
tensor([[0.2505, 0.2503, 0.2505, 0.2487],
        [0.2501, 0.2505, 0.2505, 0.2490],
        [0.2506, 0.2503, 0.2505, 0.2486],
        [0.2516, 0.2452, 0.2480, 0.2552],
        [0.2518, 0.2426, 0.2455, 0.2601],
        [0.2565, 0.2442, 0.2419, 0.2574]], device='cuda:0',
       grad_fn=<SoftmaxBackward0>)
tensor([[0.2499, 0.2510, 0.2500, 0.2491],
        [0.2503, 0.2508, 0.2504, 0.2485],
        [0.2500, 0.2499, 0.2503, 0.2497],
        [0.2504, 0.2479, 0.2548, 0.2469],
        [0.2493, 0.2443, 0.2451, 0.2613],
        [0.2503, 0.2459, 0.2408, 0.2630],
        [0.2441, 0.2490, 0.2456, 0.2614]], device='cuda:0',
       grad_fn=<SoftmaxBackward0>)
tensor([[0.2499, 0.2492, 0.2507, 0.2501],
        [0.2496, 0.2502, 0.2505, 0.2497]], device='cuda:0',
       grad_fn=<SoftmaxBackward0>)
tensor([[0.2498, 0.2494, 0.2507, 0.2501],
        [0.2494, 0.2499, 0.2506, 0.2500],
        [0.2500, 0.2498, 0.2501, 0.2501]], device='cuda:0',
       grad_fn=<SoftmaxBackward0>)
tensor([[0.2497, 0.2499, 0.2504, 0.2500],
        [0.2501, 0.2495, 0.2505, 0.2499],
        [0.2493, 0.2499, 0.2502, 0.2505],
        [0.2503, 0.2500, 0.2499, 0.2498]], device='cuda:0',
       grad_fn=<SoftmaxBackward0>)
tensor([[0.2498, 0.2501, 0.2503, 0.2498],
        [0.2499, 0.2496, 0.2501, 0.2504],
        [0.2498, 0.2499, 0.2500, 0.2504],
        [0.2500, 0.2501, 0.2499, 0.2500],
        [0.2497, 0.2501, 0.2502, 0.2500]], device='cuda:0',
       grad_fn=<SoftmaxBackward0>)
tensor([[0.2500, 0.2497, 0.2510, 0.2492],
        [0.2504, 0.2492, 0.2514, 0.2490],
        [0.2495, 0.2498, 0.2509, 0.2498],
        [0.2558, 0.2385, 0.2467, 0.2590],
        [0.2503, 0.2400, 0.2490, 0.2608],
        [0.2489, 0.2415, 0.2606, 0.2490]], device='cuda:0',
       grad_fn=<SoftmaxBackward0>)
tensor([[0.2505, 0.2492, 0.2510, 0.2492],
        [0.2505, 0.2496, 0.2506, 0.2493],
        [0.2503, 0.2493, 0.2501, 0.2504],
        [0.2562, 0.2408, 0.2512, 0.2518],
        [0.2513, 0.2415, 0.2498, 0.2574],
        [0.2509, 0.2400, 0.2591, 0.2500],
        [0.2555, 0.2431, 0.2531, 0.2483]], device='cuda:0',
       grad_fn=<SoftmaxBackward0>)
#####################
08/22 01:27:52午前 searchStage_trainer.py:267 [INFO] Train: Epoch: [3][50/390]	Step 1223	lr 0.02479	Loss 0.8252 (1.0666)	Hard Loss 0.8252 (1.0666)	Soft Loss 0.8252 (1.0666)	Arch Loss 1.2899 (1.1224)	Arch Hard Loss 1.2899 (1.1224)	Arch Soft Loss 1.2899 (1.1224)	Arch depth Loss -7.4710 (-7.2672)	Prec@(1,5) (61.9%, 96.1%)	
08/22 01:28:14午前 searchStage_trainer.py:267 [INFO] Train: Epoch: [3][100/390]	Step 1273	lr 0.02479	Loss 0.8516 (1.0866)	Hard Loss 0.8516 (1.0866)	Soft Loss 0.8516 (1.0866)	Arch Loss 1.0413 (1.1133)	Arch Hard Loss 1.0413 (1.1133)	Arch Soft Loss 1.0413 (1.1133)	Arch depth Loss -7.8960 (-7.4770)	Prec@(1,5) (61.0%, 96.2%)	
08/22 01:28:35午前 searchStage_trainer.py:267 [INFO] Train: Epoch: [3][150/390]	Step 1323	lr 0.02479	Loss 1.2789 (1.0727)	Hard Loss 1.2789 (1.0727)	Soft Loss 1.2789 (1.0727)	Arch Loss 1.0406 (1.1040)	Arch Hard Loss 1.0406 (1.1040)	Arch Soft Loss 1.0406 (1.1040)	Arch depth Loss -8.3320 (-7.6905)	Prec@(1,5) (61.7%, 96.3%)	
08/22 01:28:57午前 searchStage_trainer.py:267 [INFO] Train: Epoch: [3][200/390]	Step 1373	lr 0.02479	Loss 0.8384 (1.0611)	Hard Loss 0.8384 (1.0611)	Soft Loss 0.8384 (1.0611)	Arch Loss 1.0906 (1.0912)	Arch Hard Loss 1.0906 (1.0912)	Arch Soft Loss 1.0906 (1.0912)	Arch depth Loss -8.7793 (-7.9076)	Prec@(1,5) (62.2%, 96.4%)	
08/22 01:29:19午前 searchStage_trainer.py:267 [INFO] Train: Epoch: [3][250/390]	Step 1423	lr 0.02479	Loss 0.8965 (1.0511)	Hard Loss 0.8965 (1.0511)	Soft Loss 0.8965 (1.0511)	Arch Loss 1.0294 (1.0793)	Arch Hard Loss 1.0294 (1.0793)	Arch Soft Loss 1.0294 (1.0793)	Arch depth Loss -9.2381 (-8.1286)	Prec@(1,5) (62.5%, 96.5%)	
08/22 01:29:40午前 searchStage_trainer.py:267 [INFO] Train: Epoch: [3][300/390]	Step 1473	lr 0.02479	Loss 0.7901 (1.0426)	Hard Loss 0.7901 (1.0426)	Soft Loss 0.7901 (1.0426)	Arch Loss 1.1290 (1.0647)	Arch Hard Loss 1.1290 (1.0647)	Arch Soft Loss 1.1290 (1.0647)	Arch depth Loss -9.7086 (-8.3533)	Prec@(1,5) (62.8%, 96.6%)	
08/22 01:30:02午前 searchStage_trainer.py:267 [INFO] Train: Epoch: [3][350/390]	Step 1523	lr 0.02479	Loss 0.8654 (1.0378)	Hard Loss 0.8654 (1.0378)	Soft Loss 0.8654 (1.0378)	Arch Loss 1.0400 (1.0607)	Arch Hard Loss 1.0400 (1.0607)	Arch Soft Loss 1.0400 (1.0607)	Arch depth Loss -10.1910 (-8.5819)	Prec@(1,5) (63.1%, 96.6%)	
08/22 01:30:19午前 searchStage_trainer.py:267 [INFO] Train: Epoch: [3][390/390]	Step 1563	lr 0.02479	Loss 1.1914 (1.0355)	Hard Loss 1.1914 (1.0355)	Soft Loss 1.1914 (1.0355)	Arch Loss 1.0611 (1.0558)	Arch Hard Loss 1.0611 (1.0558)	Arch Soft Loss 1.0611 (1.0558)	Arch depth Loss -10.5856 (-8.7676)	Prec@(1,5) (63.2%, 96.6%)	
08/22 01:30:20午前 searchStage_trainer.py:283 [INFO] Train: [  3/49] Final Prec@1 63.1680%
08/22 01:30:24午前 searchStage_trainer.py:311 [INFO] Valid: Epoch: [3][50/391]	Step 1564	Loss 1.0501	Prec@(1,5) (63.2%, 96.5%)
08/22 01:30:27午前 searchStage_trainer.py:311 [INFO] Valid: Epoch: [3][100/391]	Step 1564	Loss 1.0529	Prec@(1,5) (62.7%, 96.5%)
08/22 01:30:31午前 searchStage_trainer.py:311 [INFO] Valid: Epoch: [3][150/391]	Step 1564	Loss 1.0635	Prec@(1,5) (62.6%, 96.3%)
08/22 01:30:35午前 searchStage_trainer.py:311 [INFO] Valid: Epoch: [3][200/391]	Step 1564	Loss 1.0608	Prec@(1,5) (62.8%, 96.3%)
08/22 01:30:38午前 searchStage_trainer.py:311 [INFO] Valid: Epoch: [3][250/391]	Step 1564	Loss 1.0638	Prec@(1,5) (62.8%, 96.3%)
08/22 01:30:42午前 searchStage_trainer.py:311 [INFO] Valid: Epoch: [3][300/391]	Step 1564	Loss 1.0612	Prec@(1,5) (62.9%, 96.3%)
08/22 01:30:45午前 searchStage_trainer.py:311 [INFO] Valid: Epoch: [3][350/391]	Step 1564	Loss 1.0617	Prec@(1,5) (62.8%, 96.3%)
08/22 01:30:48午前 searchStage_trainer.py:311 [INFO] Valid: Epoch: [3][390/391]	Step 1564	Loss 1.0600	Prec@(1,5) (62.9%, 96.3%)
08/22 01:30:48午前 searchStage_trainer.py:322 [INFO] Valid: [  3/49] Final Prec@1 62.8800%
