08/24 12:28:23AM parser.py:28 [INFO] 
08/24 12:28:23AM parser.py:29 [INFO] Parameters:
08/24 12:28:23AM parser.py:31 [INFO] DAG_PATH=results/search_stage_KD/cifar10/largeSlideWindow/s2-BaselineBestCell/DAG
08/24 12:28:24AM parser.py:31 [INFO] T=10.0
08/24 12:28:24AM parser.py:31 [INFO] ADVANCED=False
08/24 12:28:24AM parser.py:31 [INFO] ALPHA_LR=0.0003
08/24 12:28:24AM parser.py:31 [INFO] ALPHA_WEIGHT_DECAY=0.001
08/24 12:28:24AM parser.py:31 [INFO] BATCH_SIZE=64
08/24 12:28:24AM parser.py:31 [INFO] CASCADE=False
08/24 12:28:24AM parser.py:31 [INFO] CHECKPOINT_RESET=False
08/24 12:28:24AM parser.py:31 [INFO] CUTOUT_LENGTH=0
08/24 12:28:24AM parser.py:31 [INFO] DATA_PATH=../data/
08/24 12:28:24AM parser.py:31 [INFO] DATASET=cifar10
08/24 12:28:24AM parser.py:31 [INFO] DEPTH_COEF=1.0
08/24 12:28:24AM parser.py:31 [INFO] DESCRIPTION=search_stage_on_noKD_with_slideWindow-8
08/24 12:28:24AM parser.py:31 [INFO] EPOCHS=50
08/24 12:28:24AM parser.py:31 [INFO] EXP_NAME=s2-BaselineBestCell
08/24 12:28:24AM parser.py:31 [INFO] GENOTYPE=Genotype3(normal1=[[('sep_conv_5x5', 0), ('sep_conv_3x3', 1)], [('sep_conv_3x3', 1), ('sep_conv_3x3', 0)], [('sep_conv_3x3', 1), ('sep_conv_3x3', 2)], [('sep_conv_3x3', 0), ('sep_conv_5x5', 4)]], normal1_concat=range(2, 6), reduce1=[[('sep_conv_3x3', 0), ('skip_connect', 1)], [('sep_conv_3x3', 1), ('max_pool_3x3', 0)], [('sep_conv_3x3', 2), ('sep_conv_3x3', 1)], [('max_pool_3x3', 0), ('dil_conv_3x3', 1)]], reduce1_concat=range(2, 6), normal2=[[('skip_connect', 0), ('sep_conv_5x5', 1)], [('skip_connect', 0), ('skip_connect', 2)], [('avg_pool_3x3', 0), ('avg_pool_3x3', 2)], [('skip_connect', 0), ('avg_pool_3x3', 2)]], normal2_concat=range(2, 6), reduce2=[[('avg_pool_3x3', 0), ('avg_pool_3x3', 1)], [('avg_pool_3x3', 0), ('skip_connect', 2)], [('skip_connect', 2), ('avg_pool_3x3', 0)], [('skip_connect', 2), ('avg_pool_3x3', 0)]], reduce2_concat=range(2, 6), normal3=[[('skip_connect', 0), ('skip_connect', 1)], [('skip_connect', 0), ('dil_conv_3x3', 1)], [('skip_connect', 0), ('skip_connect', 1)], [('skip_connect', 0), ('skip_connect', 2)]], normal3_concat=range(2, 6))
08/24 12:28:24AM parser.py:31 [INFO] GPUS=[0]
08/24 12:28:24AM parser.py:31 [INFO] INIT_CHANNELS=16
08/24 12:28:24AM parser.py:31 [INFO] L=0.5
08/24 12:28:24AM parser.py:31 [INFO] LAYERS=20
08/24 12:28:24AM parser.py:31 [INFO] LOGGER=<Logger H-DAS (INFO)>
08/24 12:28:24AM parser.py:31 [INFO] NAME=largeSlideWindow
08/24 12:28:24AM parser.py:31 [INFO] NONKD=True
08/24 12:28:24AM parser.py:31 [INFO] PATH=results/search_stage_KD/cifar10/largeSlideWindow/s2-BaselineBestCell
08/24 12:28:24AM parser.py:31 [INFO] PCDARTS=False
08/24 12:28:24AM parser.py:31 [INFO] PLOT_PATH=results/search_stage_KD/cifar10/largeSlideWindow/s2-BaselineBestCell/plots
08/24 12:28:24AM parser.py:31 [INFO] PRINT_FREQ=50
08/24 12:28:24AM parser.py:31 [INFO] RESUME_PATH=None
08/24 12:28:24AM parser.py:31 [INFO] SAVE=s2-BaselineBestCell
08/24 12:28:24AM parser.py:31 [INFO] SEED=2
08/24 12:28:24AM parser.py:31 [INFO] SHARE_STAGE=False
08/24 12:28:24AM parser.py:31 [INFO] SLIDE_WINDOW=8
08/24 12:28:24AM parser.py:31 [INFO] SPEC_CELL=True
08/24 12:28:24AM parser.py:31 [INFO] TEACHER_NAME=non
08/24 12:28:24AM parser.py:31 [INFO] TEACHER_PATH=non
08/24 12:28:24AM parser.py:31 [INFO] TRAIN_PORTION=0.5
08/24 12:28:24AM parser.py:31 [INFO] W_GRAD_CLIP=5.0
08/24 12:28:24AM parser.py:31 [INFO] W_LR=0.025
08/24 12:28:24AM parser.py:31 [INFO] W_LR_MIN=0.001
08/24 12:28:24AM parser.py:31 [INFO] W_MOMENTUM=0.9
08/24 12:28:24AM parser.py:31 [INFO] W_WEIGHT_DECAY=0.0003
08/24 12:28:24AM parser.py:31 [INFO] WORKERS=4
08/24 12:28:24AM parser.py:32 [INFO] 
08/24 12:28:39AM searchStage_trainer.py:137 [INFO] --> No loaded checkpoint!
####### ALPHA #######
# Alpha - DAG
tensor([[0.2502, 0.2500, 0.2500, 0.2498],
        [0.2502, 0.2497, 0.2500, 0.2500]], device='cuda:0',
       grad_fn=<SoftmaxBackward0>)
tensor([[0.2499, 0.2497, 0.2503, 0.2501],
        [0.2499, 0.2499, 0.2502, 0.2500],
        [0.2502, 0.2499, 0.2500, 0.2499]], device='cuda:0',
       grad_fn=<SoftmaxBackward0>)
tensor([[0.2498, 0.2499, 0.2501, 0.2502],
        [0.2503, 0.2502, 0.2498, 0.2498],
        [0.2501, 0.2502, 0.2498, 0.2499],
        [0.2498, 0.2497, 0.2504, 0.2501]], device='cuda:0',
       grad_fn=<SoftmaxBackward0>)
tensor([[0.2502, 0.2495, 0.2498, 0.2506],
        [0.2500, 0.2501, 0.2498, 0.2501],
        [0.2501, 0.2499, 0.2499, 0.2501],
        [0.2498, 0.2501, 0.2502, 0.2499],
        [0.2503, 0.2500, 0.2497, 0.2500]], device='cuda:0',
       grad_fn=<SoftmaxBackward0>)
tensor([[0.2498, 0.2498, 0.2505, 0.2499],
        [0.2500, 0.2499, 0.2500, 0.2501],
        [0.2500, 0.2502, 0.2497, 0.2501],
        [0.2503, 0.2502, 0.2499, 0.2496],
        [0.2497, 0.2504, 0.2502, 0.2496],
        [0.2501, 0.2502, 0.2501, 0.2496]], device='cuda:0',
       grad_fn=<SoftmaxBackward0>)
tensor([[0.2501, 0.2499, 0.2501, 0.2499],
        [0.2495, 0.2499, 0.2506, 0.2500],
        [0.2502, 0.2502, 0.2498, 0.2498],
        [0.2499, 0.2503, 0.2500, 0.2499],
        [0.2502, 0.2497, 0.2503, 0.2498],
        [0.2500, 0.2501, 0.2501, 0.2498],
        [0.2497, 0.2502, 0.2500, 0.2500]], device='cuda:0',
       grad_fn=<SoftmaxBackward0>)
tensor([[0.2496, 0.2502, 0.2500, 0.2502],
        [0.2500, 0.2503, 0.2497, 0.2499]], device='cuda:0',
       grad_fn=<SoftmaxBackward0>)
tensor([[0.2497, 0.2498, 0.2502, 0.2503],
        [0.2499, 0.2503, 0.2498, 0.2500],
        [0.2497, 0.2501, 0.2501, 0.2501]], device='cuda:0',
       grad_fn=<SoftmaxBackward0>)
tensor([[0.2496, 0.2499, 0.2499, 0.2506],
        [0.2503, 0.2503, 0.2496, 0.2499],
        [0.2500, 0.2501, 0.2502, 0.2496],
        [0.2498, 0.2503, 0.2501, 0.2498]], device='cuda:0',
       grad_fn=<SoftmaxBackward0>)
tensor([[0.2499, 0.2498, 0.2501, 0.2502],
        [0.2497, 0.2500, 0.2499, 0.2504],
        [0.2501, 0.2495, 0.2502, 0.2502],
        [0.2502, 0.2501, 0.2499, 0.2498],
        [0.2500, 0.2496, 0.2503, 0.2502]], device='cuda:0',
       grad_fn=<SoftmaxBackward0>)
tensor([[0.2499, 0.2499, 0.2499, 0.2503],
        [0.2500, 0.2498, 0.2500, 0.2502],
        [0.2497, 0.2501, 0.2504, 0.2499],
        [0.2495, 0.2503, 0.2501, 0.2501],
        [0.2503, 0.2503, 0.2493, 0.2502],
        [0.2501, 0.2499, 0.2499, 0.2502]], device='cuda:0',
       grad_fn=<SoftmaxBackward0>)
tensor([[0.2501, 0.2501, 0.2498, 0.2500],
        [0.2500, 0.2502, 0.2500, 0.2498],
        [0.2502, 0.2504, 0.2496, 0.2499],
        [0.2502, 0.2499, 0.2503, 0.2496],
        [0.2501, 0.2501, 0.2501, 0.2496],
        [0.2496, 0.2502, 0.2503, 0.2500],
        [0.2504, 0.2497, 0.2502, 0.2497]], device='cuda:0',
       grad_fn=<SoftmaxBackward0>)
tensor([[0.2499, 0.2502, 0.2501, 0.2499],
        [0.2502, 0.2501, 0.2499, 0.2498]], device='cuda:0',
       grad_fn=<SoftmaxBackward0>)
tensor([[0.2502, 0.2500, 0.2496, 0.2502],
        [0.2498, 0.2502, 0.2500, 0.2499],
        [0.2500, 0.2499, 0.2499, 0.2502]], device='cuda:0',
       grad_fn=<SoftmaxBackward0>)
tensor([[0.2502, 0.2501, 0.2495, 0.2503],
        [0.2501, 0.2498, 0.2499, 0.2502],
        [0.2502, 0.2498, 0.2499, 0.2501],
        [0.2501, 0.2492, 0.2505, 0.2502]], device='cuda:0',
       grad_fn=<SoftmaxBackward0>)
tensor([[0.2496, 0.2502, 0.2502, 0.2500],
        [0.2496, 0.2503, 0.2498, 0.2503],
        [0.2500, 0.2498, 0.2500, 0.2502],
        [0.2497, 0.2502, 0.2500, 0.2500],
        [0.2505, 0.2502, 0.2498, 0.2495]], device='cuda:0',
       grad_fn=<SoftmaxBackward0>)
tensor([[0.2502, 0.2500, 0.2499, 0.2499],
        [0.2499, 0.2498, 0.2500, 0.2503],
        [0.2503, 0.2498, 0.2502, 0.2497],
        [0.2496, 0.2502, 0.2499, 0.2503],
        [0.2501, 0.2502, 0.2499, 0.2498],
        [0.2501, 0.2501, 0.2499, 0.2499]], device='cuda:0',
       grad_fn=<SoftmaxBackward0>)
tensor([[0.2498, 0.2500, 0.2502, 0.2500],
        [0.2498, 0.2504, 0.2500, 0.2499],
        [0.2498, 0.2501, 0.2500, 0.2501],
        [0.2498, 0.2501, 0.2499, 0.2501],
        [0.2498, 0.2498, 0.2503, 0.2501],
        [0.2505, 0.2497, 0.2500, 0.2498],
        [0.2505, 0.2494, 0.2501, 0.2499]], device='cuda:0',
       grad_fn=<SoftmaxBackward0>)
#####################
08/24 12:29:02AM searchStage_trainer.py:268 [INFO] Train: Epoch: [0][50/390]	Step 50	lr 0.025	Loss 1.9774 (2.2253)	Hard Loss 1.9774 (2.2253)	Soft Loss 1.9774 (2.2253)	Arch Loss 1.8065 (2.2326)	Arch Hard Loss 1.8065 (2.2326)	Arch Soft Loss 1.8065 (2.2326)	Arch depth Loss -0.2474 (-0.1225)	Prec@(1,5) (19.8%, 71.9%)	
08/24 12:29:23AM searchStage_trainer.py:268 [INFO] Train: Epoch: [0][100/390]	Step 100	lr 0.025	Loss 1.7725 (2.1015)	Hard Loss 1.7725 (2.1015)	Soft Loss 1.7725 (2.1015)	Arch Loss 1.9433 (2.1005)	Arch Hard Loss 1.9433 (2.1005)	Arch Soft Loss 1.9433 (2.1005)	Arch depth Loss -0.5105 (-0.2517)	Prec@(1,5) (23.4%, 76.5%)	
08/24 12:29:45AM searchStage_trainer.py:268 [INFO] Train: Epoch: [0][150/390]	Step 150	lr 0.025	Loss 1.9767 (2.0016)	Hard Loss 1.9767 (2.0016)	Soft Loss 1.9767 (2.0016)	Arch Loss 1.6517 (1.9896)	Arch Hard Loss 1.6517 (1.9896)	Arch Soft Loss 1.6517 (1.9896)	Arch depth Loss -0.7822 (-0.3839)	Prec@(1,5) (26.1%, 79.7%)	
08/24 12:30:06AM searchStage_trainer.py:268 [INFO] Train: Epoch: [0][200/390]	Step 200	lr 0.025	Loss 1.8465 (1.9258)	Hard Loss 1.8465 (1.9258)	Soft Loss 1.8465 (1.9258)	Arch Loss 1.5448 (1.9161)	Arch Hard Loss 1.5448 (1.9161)	Arch Soft Loss 1.5448 (1.9161)	Arch depth Loss -1.0623 (-0.5190)	Prec@(1,5) (28.4%, 81.9%)	
08/24 12:30:28AM searchStage_trainer.py:268 [INFO] Train: Epoch: [0][250/390]	Step 250	lr 0.025	Loss 1.6121 (1.8615)	Hard Loss 1.6121 (1.8615)	Soft Loss 1.6121 (1.8615)	Arch Loss 1.5806 (1.8591)	Arch Hard Loss 1.5806 (1.8591)	Arch Soft Loss 1.5806 (1.8591)	Arch depth Loss -1.3507 (-0.6569)	Prec@(1,5) (30.5%, 83.4%)	
08/24 12:30:50AM searchStage_trainer.py:268 [INFO] Train: Epoch: [0][300/390]	Step 300	lr 0.025	Loss 1.4316 (1.8121)	Hard Loss 1.4316 (1.8121)	Soft Loss 1.4316 (1.8121)	Arch Loss 1.4579 (1.8172)	Arch Hard Loss 1.4579 (1.8172)	Arch Soft Loss 1.4579 (1.8172)	Arch depth Loss -1.6477 (-0.7977)	Prec@(1,5) (32.4%, 84.7%)	
08/24 12:31:11AM searchStage_trainer.py:268 [INFO] Train: Epoch: [0][350/390]	Step 350	lr 0.025	Loss 1.4682 (1.7774)	Hard Loss 1.4682 (1.7774)	Soft Loss 1.4682 (1.7774)	Arch Loss 1.4711 (1.7809)	Arch Hard Loss 1.4711 (1.7809)	Arch Soft Loss 1.4711 (1.7809)	Arch depth Loss -1.9534 (-0.9413)	Prec@(1,5) (33.9%, 85.6%)	
08/24 12:31:29AM searchStage_trainer.py:268 [INFO] Train: Epoch: [0][390/390]	Step 390	lr 0.025	Loss 1.4793 (1.7489)	Hard Loss 1.4793 (1.7489)	Soft Loss 1.4793 (1.7489)	Arch Loss 1.5400 (1.7551)	Arch Hard Loss 1.5400 (1.7551)	Arch Soft Loss 1.5400 (1.7551)	Arch depth Loss -2.2043 (-1.0582)	Prec@(1,5) (35.1%, 86.1%)	
08/24 12:31:30AM searchStage_trainer.py:284 [INFO] Train: [  0/49] Final Prec@1 35.0920%
08/24 12:31:34AM searchStage_trainer.py:312 [INFO] Valid: Epoch: [0][50/391]	Step 391	Loss 1.6012	Prec@(1,5) (42.8%, 91.8%)
08/24 12:31:37AM searchStage_trainer.py:312 [INFO] Valid: Epoch: [0][100/391]	Step 391	Loss 1.5844	Prec@(1,5) (42.9%, 92.1%)
08/24 12:31:41AM searchStage_trainer.py:312 [INFO] Valid: Epoch: [0][150/391]	Step 391	Loss 1.5827	Prec@(1,5) (43.0%, 91.9%)
08/24 12:31:45AM searchStage_trainer.py:312 [INFO] Valid: Epoch: [0][200/391]	Step 391	Loss 1.5763	Prec@(1,5) (43.2%, 92.1%)
08/24 12:31:48AM searchStage_trainer.py:312 [INFO] Valid: Epoch: [0][250/391]	Step 391	Loss 1.5696	Prec@(1,5) (43.2%, 92.2%)
08/24 12:31:52AM searchStage_trainer.py:312 [INFO] Valid: Epoch: [0][300/391]	Step 391	Loss 1.5694	Prec@(1,5) (43.2%, 92.1%)
08/24 12:31:56AM searchStage_trainer.py:312 [INFO] Valid: Epoch: [0][350/391]	Step 391	Loss 1.5691	Prec@(1,5) (43.3%, 92.0%)
08/24 12:31:58AM searchStage_trainer.py:312 [INFO] Valid: Epoch: [0][390/391]	Step 391	Loss 1.5649	Prec@(1,5) (43.3%, 92.1%)
08/24 12:31:59AM searchStage_trainer.py:323 [INFO] Valid: [  0/49] Final Prec@1 43.2960%
08/24 12:31:59AM searchStage_KD_main.py:58 [INFO] DAG = Genotype2(DAG1=[[('skip_connect', 0), ('skip_connect', 1)], [('max_pool_3x3', 2), ('skip_connect', 0)], [('avg_pool_3x3', 2), ('max_pool_3x3', 3)], [('max_pool_3x3', 4), ('max_pool_3x3', 2)], [('max_pool_3x3', 3), ('max_pool_3x3', 2)], [('max_pool_3x3', 4), ('avg_pool_3x3', 6)]], DAG1_concat=range(6, 8), DAG2=[[('avg_pool_3x3', 1), ('avg_pool_3x3', 0)], [('avg_pool_3x3', 2), ('skip_connect', 0)], [('avg_pool_3x3', 2), ('avg_pool_3x3', 3)], [('skip_connect', 4), ('skip_connect', 2)], [('avg_pool_3x3', 3), ('avg_pool_3x3', 4)], [('max_pool_3x3', 6), ('avg_pool_3x3', 2)]], DAG2_concat=range(6, 8), DAG3=[[('skip_connect', 1), ('skip_connect', 0)], [('skip_connect', 2), ('skip_connect', 1)], [('skip_connect', 3), ('max_pool_3x3', 2)], [('max_pool_3x3', 4), ('avg_pool_3x3', 3)], [('skip_connect', 2), ('skip_connect', 3)], [('skip_connect', 4), ('skip_connect', 6)]], DAG3_concat=range(6, 8))
08/24 12:31:59AM searchStage_KD_main.py:89 [INFO] Until now, best Prec@1 = 43.2960%
####### ALPHA #######
# Alpha - DAG
tensor([[0.2501, 0.2500, 0.2507, 0.2492],
        [0.2503, 0.2497, 0.2504, 0.2496]], device='cuda:0',
       grad_fn=<SoftmaxBackward0>)
tensor([[0.2500, 0.2497, 0.2509, 0.2495],
        [0.2503, 0.2499, 0.2509, 0.2488],
        [0.2504, 0.2502, 0.2496, 0.2498]], device='cuda:0',
       grad_fn=<SoftmaxBackward0>)
tensor([[0.2504, 0.2500, 0.2500, 0.2496],
        [0.2511, 0.2498, 0.2499, 0.2492],
        [0.2504, 0.2505, 0.2496, 0.2495],
        [0.2501, 0.2496, 0.2500, 0.2504]], device='cuda:0',
       grad_fn=<SoftmaxBackward0>)
tensor([[0.2507, 0.2494, 0.2499, 0.2500],
        [0.2504, 0.2500, 0.2499, 0.2496],
        [0.2509, 0.2505, 0.2494, 0.2492],
        [0.2501, 0.2507, 0.2498, 0.2493],
        [0.2508, 0.2506, 0.2491, 0.2496]], device='cuda:0',
       grad_fn=<SoftmaxBackward0>)
tensor([[0.2508, 0.2493, 0.2509, 0.2490],
        [0.2512, 0.2496, 0.2508, 0.2484],
        [0.2508, 0.2506, 0.2496, 0.2491],
        [0.2510, 0.2505, 0.2494, 0.2491],
        [0.2498, 0.2506, 0.2503, 0.2494],
        [0.2511, 0.2508, 0.2485, 0.2496]], device='cuda:0',
       grad_fn=<SoftmaxBackward0>)
tensor([[0.2510, 0.2498, 0.2503, 0.2489],
        [0.2502, 0.2502, 0.2510, 0.2486],
        [0.2505, 0.2508, 0.2495, 0.2492],
        [0.2506, 0.2508, 0.2500, 0.2487],
        [0.2511, 0.2504, 0.2490, 0.2495],
        [0.2503, 0.2507, 0.2498, 0.2493],
        [0.2502, 0.2511, 0.2490, 0.2497]], device='cuda:0',
       grad_fn=<SoftmaxBackward0>)
tensor([[0.2496, 0.2502, 0.2501, 0.2500],
        [0.2500, 0.2502, 0.2497, 0.2501]], device='cuda:0',
       grad_fn=<SoftmaxBackward0>)
tensor([[0.2498, 0.2498, 0.2504, 0.2501],
        [0.2501, 0.2502, 0.2499, 0.2499],
        [0.2498, 0.2501, 0.2499, 0.2503]], device='cuda:0',
       grad_fn=<SoftmaxBackward0>)
tensor([[0.2499, 0.2500, 0.2500, 0.2502],
        [0.2505, 0.2504, 0.2496, 0.2495],
        [0.2499, 0.2502, 0.2501, 0.2498],
        [0.2500, 0.2502, 0.2498, 0.2500]], device='cuda:0',
       grad_fn=<SoftmaxBackward0>)
tensor([[0.2499, 0.2498, 0.2502, 0.2501],
        [0.2499, 0.2499, 0.2499, 0.2503],
        [0.2501, 0.2496, 0.2502, 0.2501],
        [0.2503, 0.2501, 0.2496, 0.2499],
        [0.2499, 0.2496, 0.2503, 0.2502]], device='cuda:0',
       grad_fn=<SoftmaxBackward0>)
tensor([[0.2502, 0.2500, 0.2501, 0.2497],
        [0.2505, 0.2499, 0.2501, 0.2495],
        [0.2497, 0.2501, 0.2503, 0.2500],
        [0.2495, 0.2504, 0.2499, 0.2502],
        [0.2502, 0.2504, 0.2494, 0.2499],
        [0.2499, 0.2501, 0.2494, 0.2506]], device='cuda:0',
       grad_fn=<SoftmaxBackward0>)
tensor([[0.2505, 0.2501, 0.2498, 0.2496],
        [0.2504, 0.2504, 0.2502, 0.2490],
        [0.2502, 0.2506, 0.2496, 0.2496],
        [0.2503, 0.2500, 0.2502, 0.2496],
        [0.2501, 0.2503, 0.2503, 0.2493],
        [0.2495, 0.2503, 0.2500, 0.2502],
        [0.2505, 0.2498, 0.2493, 0.2504]], device='cuda:0',
       grad_fn=<SoftmaxBackward0>)
tensor([[0.2498, 0.2500, 0.2503, 0.2500],
        [0.2500, 0.2501, 0.2503, 0.2496]], device='cuda:0',
       grad_fn=<SoftmaxBackward0>)
tensor([[0.2498, 0.2499, 0.2500, 0.2502],
        [0.2494, 0.2502, 0.2504, 0.2500],
        [0.2497, 0.2500, 0.2502, 0.2501]], device='cuda:0',
       grad_fn=<SoftmaxBackward0>)
tensor([[0.2501, 0.2501, 0.2498, 0.2500],
        [0.2500, 0.2498, 0.2502, 0.2499],
        [0.2502, 0.2497, 0.2498, 0.2503],
        [0.2499, 0.2493, 0.2505, 0.2503]], device='cuda:0',
       grad_fn=<SoftmaxBackward0>)
tensor([[0.2496, 0.2503, 0.2504, 0.2497],
        [0.2495, 0.2503, 0.2500, 0.2502],
        [0.2497, 0.2499, 0.2501, 0.2502],
        [0.2495, 0.2502, 0.2502, 0.2501],
        [0.2504, 0.2502, 0.2498, 0.2496]], device='cuda:0',
       grad_fn=<SoftmaxBackward0>)
tensor([[0.2503, 0.2501, 0.2505, 0.2491],
        [0.2499, 0.2497, 0.2504, 0.2500],
        [0.2500, 0.2496, 0.2506, 0.2497],
        [0.2494, 0.2501, 0.2505, 0.2500],
        [0.2498, 0.2498, 0.2499, 0.2505],
        [0.2498, 0.2500, 0.2502, 0.2500]], device='cuda:0',
       grad_fn=<SoftmaxBackward0>)
tensor([[0.2500, 0.2499, 0.2505, 0.2496],
        [0.2499, 0.2503, 0.2504, 0.2494],
        [0.2496, 0.2501, 0.2502, 0.2501],
        [0.2499, 0.2502, 0.2503, 0.2496],
        [0.2497, 0.2497, 0.2504, 0.2501],
        [0.2503, 0.2495, 0.2501, 0.2501],
        [0.2502, 0.2492, 0.2505, 0.2501]], device='cuda:0',
       grad_fn=<SoftmaxBackward0>)
#####################
08/24 12:32:22午前 searchStage_trainer.py:268 [INFO] Train: Epoch: [1][50/390]	Step 441	lr 0.02498	Loss 1.3284 (1.4504)	Hard Loss 1.3284 (1.4504)	Soft Loss 1.3284 (1.4504)	Arch Loss 1.4055 (1.4574)	Arch Hard Loss 1.4055 (1.4574)	Arch Soft Loss 1.4055 (1.4574)	Arch depth Loss -2.5327 (-2.3741)	Prec@(1,5) (46.2%, 92.1%)	
08/24 12:32:43午前 searchStage_trainer.py:268 [INFO] Train: Epoch: [1][100/390]	Step 491	lr 0.02498	Loss 1.3298 (1.4188)	Hard Loss 1.3298 (1.4188)	Soft Loss 1.3298 (1.4188)	Arch Loss 1.4300 (1.4434)	Arch Hard Loss 1.4300 (1.4434)	Arch Soft Loss 1.4300 (1.4434)	Arch depth Loss -2.8638 (-2.5374)	Prec@(1,5) (47.2%, 92.7%)	
08/24 12:33:05午前 searchStage_trainer.py:268 [INFO] Train: Epoch: [1][150/390]	Step 541	lr 0.02498	Loss 1.5976 (1.4166)	Hard Loss 1.5976 (1.4166)	Soft Loss 1.5976 (1.4166)	Arch Loss 1.2854 (1.4320)	Arch Hard Loss 1.2854 (1.4320)	Arch Soft Loss 1.2854 (1.4320)	Arch depth Loss -3.2044 (-2.7039)	Prec@(1,5) (47.7%, 92.7%)	
08/24 12:33:27午前 searchStage_trainer.py:268 [INFO] Train: Epoch: [1][200/390]	Step 591	lr 0.02498	Loss 1.4019 (1.4082)	Hard Loss 1.4019 (1.4082)	Soft Loss 1.4019 (1.4082)	Arch Loss 1.3816 (1.4216)	Arch Hard Loss 1.3816 (1.4216)	Arch Soft Loss 1.3816 (1.4216)	Arch depth Loss -3.5545 (-2.8734)	Prec@(1,5) (48.1%, 93.0%)	
08/24 12:33:48午前 searchStage_trainer.py:268 [INFO] Train: Epoch: [1][250/390]	Step 641	lr 0.02498	Loss 1.2619 (1.3947)	Hard Loss 1.2619 (1.3947)	Soft Loss 1.2619 (1.3947)	Arch Loss 1.1585 (1.4008)	Arch Hard Loss 1.1585 (1.4008)	Arch Soft Loss 1.1585 (1.4008)	Arch depth Loss -3.9145 (-3.0462)	Prec@(1,5) (48.6%, 93.1%)	
08/24 12:34:10午前 searchStage_trainer.py:268 [INFO] Train: Epoch: [1][300/390]	Step 691	lr 0.02498	Loss 1.3934 (1.3847)	Hard Loss 1.3934 (1.3847)	Soft Loss 1.3934 (1.3847)	Arch Loss 1.1608 (1.3902)	Arch Hard Loss 1.1608 (1.3902)	Arch Soft Loss 1.1608 (1.3902)	Arch depth Loss -4.2844 (-3.2222)	Prec@(1,5) (48.9%, 93.2%)	
08/24 12:34:32午前 searchStage_trainer.py:268 [INFO] Train: Epoch: [1][350/390]	Step 741	lr 0.02498	Loss 1.2328 (1.3678)	Hard Loss 1.2328 (1.3678)	Soft Loss 1.2328 (1.3678)	Arch Loss 1.3101 (1.3762)	Arch Hard Loss 1.3101 (1.3762)	Arch Soft Loss 1.3101 (1.3762)	Arch depth Loss -4.6645 (-3.4015)	Prec@(1,5) (49.6%, 93.4%)	
08/24 12:34:49午前 searchStage_trainer.py:268 [INFO] Train: Epoch: [1][390/390]	Step 781	lr 0.02498	Loss 1.3671 (1.3597)	Hard Loss 1.3671 (1.3597)	Soft Loss 1.3671 (1.3597)	Arch Loss 1.2981 (1.3679)	Arch Hard Loss 1.2981 (1.3679)	Arch Soft Loss 1.2981 (1.3679)	Arch depth Loss -4.9760 (-3.5474)	Prec@(1,5) (50.0%, 93.5%)	
08/24 12:34:50午前 searchStage_trainer.py:284 [INFO] Train: [  1/49] Final Prec@1 50.0480%
08/24 12:34:54午前 searchStage_trainer.py:312 [INFO] Valid: Epoch: [1][50/391]	Step 782	Loss 1.2709	Prec@(1,5) (53.9%, 93.9%)
08/24 12:34:57午前 searchStage_trainer.py:312 [INFO] Valid: Epoch: [1][100/391]	Step 782	Loss 1.2935	Prec@(1,5) (52.8%, 93.9%)
08/24 12:35:01午前 searchStage_trainer.py:312 [INFO] Valid: Epoch: [1][150/391]	Step 782	Loss 1.2837	Prec@(1,5) (53.2%, 93.9%)
08/24 12:35:04午前 searchStage_trainer.py:312 [INFO] Valid: Epoch: [1][200/391]	Step 782	Loss 1.2894	Prec@(1,5) (53.0%, 93.9%)
08/24 12:35:08午前 searchStage_trainer.py:312 [INFO] Valid: Epoch: [1][250/391]	Step 782	Loss 1.2904	Prec@(1,5) (53.0%, 93.9%)
08/24 12:35:12午前 searchStage_trainer.py:312 [INFO] Valid: Epoch: [1][300/391]	Step 782	Loss 1.2908	Prec@(1,5) (52.9%, 94.1%)
08/24 12:35:15午前 searchStage_trainer.py:312 [INFO] Valid: Epoch: [1][350/391]	Step 782	Loss 1.2890	Prec@(1,5) (53.0%, 94.0%)
08/24 12:35:18午前 searchStage_trainer.py:312 [INFO] Valid: Epoch: [1][390/391]	Step 782	Loss 1.2854	Prec@(1,5) (53.3%, 94.1%)
08/24 12:35:18午前 searchStage_trainer.py:323 [INFO] Valid: [  1/49] Final Prec@1 53.2680%
08/24 12:35:18午前 searchStage_KD_main.py:58 [INFO] DAG = Genotype2(DAG1=[[('skip_connect', 0), ('skip_connect', 1)], [('max_pool_3x3', 2), ('skip_connect', 0)], [('max_pool_3x3', 3), ('max_pool_3x3', 2)], [('max_pool_3x3', 4), ('avg_pool_3x3', 3)], [('max_pool_3x3', 3), ('avg_pool_3x3', 4)], [('avg_pool_3x3', 6), ('avg_pool_3x3', 5)]], DAG1_concat=range(6, 8), DAG2=[[('avg_pool_3x3', 1), ('skip_connect', 0)], [('avg_pool_3x3', 2), ('skip_connect', 0)], [('avg_pool_3x3', 3), ('avg_pool_3x3', 2)], [('skip_connect', 4), ('max_pool_3x3', 3)], [('avg_pool_3x3', 5), ('avg_pool_3x3', 4)], [('max_pool_3x3', 6), ('avg_pool_3x3', 5)]], DAG2_concat=range(6, 8), DAG3=[[('skip_connect', 1), ('skip_connect', 0)], [('skip_connect', 2), ('skip_connect', 1)], [('skip_connect', 3), ('max_pool_3x3', 2)], [('max_pool_3x3', 4), ('skip_connect', 3)], [('skip_connect', 3), ('avg_pool_3x3', 5)], [('skip_connect', 6), ('skip_connect', 4)]], DAG3_concat=range(6, 8))
08/24 12:35:19午前 searchStage_KD_main.py:89 [INFO] Until now, best Prec@1 = 53.2680%
####### ALPHA #######
# Alpha - DAG
tensor([[0.2497, 0.2496, 0.2516, 0.2491],
        [0.2499, 0.2493, 0.2513, 0.2495]], device='cuda:0',
       grad_fn=<SoftmaxBackward0>)
tensor([[0.2501, 0.2493, 0.2511, 0.2495],
        [0.2505, 0.2495, 0.2512, 0.2488],
        [0.2504, 0.2502, 0.2498, 0.2496]], device='cuda:0',
       grad_fn=<SoftmaxBackward0>)
tensor([[0.2508, 0.2495, 0.2502, 0.2495],
        [0.2515, 0.2492, 0.2500, 0.2492],
        [0.2505, 0.2505, 0.2497, 0.2493],
        [0.2502, 0.2495, 0.2499, 0.2504]], device='cuda:0',
       grad_fn=<SoftmaxBackward0>)
tensor([[0.2510, 0.2490, 0.2500, 0.2501],
        [0.2507, 0.2495, 0.2500, 0.2498],
        [0.2512, 0.2505, 0.2495, 0.2489],
        [0.2503, 0.2508, 0.2499, 0.2490],
        [0.2509, 0.2506, 0.2490, 0.2496]], device='cuda:0',
       grad_fn=<SoftmaxBackward0>)
tensor([[0.2512, 0.2482, 0.2530, 0.2476],
        [0.2520, 0.2485, 0.2527, 0.2468],
        [0.2508, 0.2502, 0.2497, 0.2493],
        [0.2510, 0.2503, 0.2496, 0.2492],
        [0.2496, 0.2507, 0.2503, 0.2494],
        [0.2510, 0.2506, 0.2480, 0.2505]], device='cuda:0',
       grad_fn=<SoftmaxBackward0>)
tensor([[0.2509, 0.2486, 0.2523, 0.2483],
        [0.2504, 0.2491, 0.2530, 0.2475],
        [0.2501, 0.2506, 0.2501, 0.2493],
        [0.2508, 0.2508, 0.2502, 0.2483],
        [0.2508, 0.2504, 0.2493, 0.2494],
        [0.2504, 0.2508, 0.2498, 0.2490],
        [0.2502, 0.2509, 0.2487, 0.2502]], device='cuda:0',
       grad_fn=<SoftmaxBackward0>)
tensor([[0.2495, 0.2502, 0.2503, 0.2500],
        [0.2499, 0.2501, 0.2498, 0.2501]], device='cuda:0',
       grad_fn=<SoftmaxBackward0>)
tensor([[0.2497, 0.2497, 0.2505, 0.2500],
        [0.2502, 0.2502, 0.2499, 0.2498],
        [0.2497, 0.2501, 0.2498, 0.2504]], device='cuda:0',
       grad_fn=<SoftmaxBackward0>)
tensor([[0.2500, 0.2500, 0.2500, 0.2500],
        [0.2506, 0.2504, 0.2497, 0.2492],
        [0.2499, 0.2501, 0.2500, 0.2499],
        [0.2500, 0.2502, 0.2496, 0.2502]], device='cuda:0',
       grad_fn=<SoftmaxBackward0>)
tensor([[0.2500, 0.2498, 0.2502, 0.2499],
        [0.2499, 0.2500, 0.2500, 0.2501],
        [0.2500, 0.2496, 0.2502, 0.2502],
        [0.2503, 0.2501, 0.2496, 0.2500],
        [0.2498, 0.2496, 0.2503, 0.2503]], device='cuda:0',
       grad_fn=<SoftmaxBackward0>)
tensor([[0.2504, 0.2502, 0.2502, 0.2493],
        [0.2507, 0.2502, 0.2502, 0.2490],
        [0.2498, 0.2500, 0.2500, 0.2502],
        [0.2495, 0.2504, 0.2499, 0.2502],
        [0.2502, 0.2504, 0.2492, 0.2501],
        [0.2500, 0.2501, 0.2492, 0.2507]], device='cuda:0',
       grad_fn=<SoftmaxBackward0>)
tensor([[0.2506, 0.2503, 0.2499, 0.2492],
        [0.2504, 0.2507, 0.2504, 0.2484],
        [0.2502, 0.2506, 0.2497, 0.2495],
        [0.2503, 0.2501, 0.2503, 0.2493],
        [0.2501, 0.2504, 0.2501, 0.2495],
        [0.2494, 0.2504, 0.2497, 0.2505],
        [0.2505, 0.2499, 0.2489, 0.2507]], device='cuda:0',
       grad_fn=<SoftmaxBackward0>)
tensor([[0.2497, 0.2500, 0.2504, 0.2499],
        [0.2499, 0.2500, 0.2504, 0.2497]], device='cuda:0',
       grad_fn=<SoftmaxBackward0>)
tensor([[0.2498, 0.2499, 0.2501, 0.2501],
        [0.2494, 0.2502, 0.2504, 0.2500],
        [0.2497, 0.2500, 0.2502, 0.2501]], device='cuda:0',
       grad_fn=<SoftmaxBackward0>)
tensor([[0.2500, 0.2501, 0.2498, 0.2500],
        [0.2500, 0.2498, 0.2503, 0.2499],
        [0.2502, 0.2497, 0.2498, 0.2503],
        [0.2499, 0.2493, 0.2506, 0.2503]], device='cuda:0',
       grad_fn=<SoftmaxBackward0>)
tensor([[0.2496, 0.2502, 0.2504, 0.2497],
        [0.2495, 0.2502, 0.2501, 0.2502],
        [0.2497, 0.2499, 0.2501, 0.2503],
        [0.2495, 0.2502, 0.2503, 0.2500],
        [0.2503, 0.2502, 0.2499, 0.2496]], device='cuda:0',
       grad_fn=<SoftmaxBackward0>)
tensor([[0.2505, 0.2502, 0.2507, 0.2487],
        [0.2502, 0.2497, 0.2506, 0.2495],
        [0.2502, 0.2496, 0.2507, 0.2496],
        [0.2494, 0.2500, 0.2505, 0.2501],
        [0.2498, 0.2498, 0.2497, 0.2508],
        [0.2499, 0.2500, 0.2499, 0.2502]], device='cuda:0',
       grad_fn=<SoftmaxBackward0>)
tensor([[0.2503, 0.2500, 0.2507, 0.2491],
        [0.2501, 0.2503, 0.2506, 0.2490],
        [0.2498, 0.2499, 0.2503, 0.2499],
        [0.2499, 0.2502, 0.2503, 0.2496],
        [0.2498, 0.2496, 0.2503, 0.2504],
        [0.2504, 0.2494, 0.2499, 0.2502],
        [0.2501, 0.2489, 0.2505, 0.2505]], device='cuda:0',
       grad_fn=<SoftmaxBackward0>)
#####################
08/24 12:35:41午前 searchStage_trainer.py:268 [INFO] Train: Epoch: [2][50/390]	Step 832	lr 0.02491	Loss 1.2089 (1.2131)	Hard Loss 1.2089 (1.2131)	Soft Loss 1.2089 (1.2131)	Arch Loss 1.3350 (1.2195)	Arch Hard Loss 1.3350 (1.2195)	Arch Soft Loss 1.3350 (1.2195)	Arch depth Loss -5.3829 (-5.1865)	Prec@(1,5) (55.8%, 95.1%)	
08/24 12:36:03午前 searchStage_trainer.py:268 [INFO] Train: Epoch: [2][100/390]	Step 882	lr 0.02491	Loss 1.0719 (1.2094)	Hard Loss 1.0719 (1.2094)	Soft Loss 1.0719 (1.2094)	Arch Loss 1.1968 (1.2304)	Arch Hard Loss 1.1968 (1.2304)	Arch Soft Loss 1.1968 (1.2304)	Arch depth Loss -5.7926 (-5.3887)	Prec@(1,5) (56.3%, 95.1%)	
08/24 12:36:25午前 searchStage_trainer.py:268 [INFO] Train: Epoch: [2][150/390]	Step 932	lr 0.02491	Loss 1.2192 (1.2002)	Hard Loss 1.2192 (1.2002)	Soft Loss 1.2192 (1.2002)	Arch Loss 0.9828 (1.2197)	Arch Hard Loss 0.9828 (1.2197)	Arch Soft Loss 0.9828 (1.2197)	Arch depth Loss -6.2132 (-5.5946)	Prec@(1,5) (56.6%, 95.1%)	
08/24 12:36:46午前 searchStage_trainer.py:268 [INFO] Train: Epoch: [2][200/390]	Step 982	lr 0.02491	Loss 1.2595 (1.1820)	Hard Loss 1.2595 (1.1820)	Soft Loss 1.2595 (1.1820)	Arch Loss 1.1340 (1.2061)	Arch Hard Loss 1.1340 (1.2061)	Arch Soft Loss 1.1340 (1.2061)	Arch depth Loss -6.6449 (-5.8040)	Prec@(1,5) (57.1%, 95.2%)	
08/24 12:37:08午前 searchStage_trainer.py:268 [INFO] Train: Epoch: [2][250/390]	Step 1032	lr 0.02491	Loss 1.2298 (1.1767)	Hard Loss 1.2298 (1.1767)	Soft Loss 1.2298 (1.1767)	Arch Loss 0.9258 (1.1970)	Arch Hard Loss 0.9258 (1.1970)	Arch Soft Loss 0.9258 (1.1970)	Arch depth Loss -7.0878 (-6.0172)	Prec@(1,5) (57.4%, 95.3%)	
08/24 12:37:30午前 searchStage_trainer.py:268 [INFO] Train: Epoch: [2][300/390]	Step 1082	lr 0.02491	Loss 1.1213 (1.1739)	Hard Loss 1.1213 (1.1739)	Soft Loss 1.1213 (1.1739)	Arch Loss 1.0541 (1.1882)	Arch Hard Loss 1.0541 (1.1882)	Arch Soft Loss 1.0541 (1.1882)	Arch depth Loss -7.5421 (-6.2341)	Prec@(1,5) (57.6%, 95.3%)	
08/24 12:37:52午前 searchStage_trainer.py:268 [INFO] Train: Epoch: [2][350/390]	Step 1132	lr 0.02491	Loss 1.1554 (1.1662)	Hard Loss 1.1554 (1.1662)	Soft Loss 1.1554 (1.1662)	Arch Loss 1.1322 (1.1799)	Arch Hard Loss 1.1322 (1.1799)	Arch Soft Loss 1.1322 (1.1799)	Arch depth Loss -8.0081 (-6.4548)	Prec@(1,5) (57.9%, 95.4%)	
08/24 12:38:09午前 searchStage_trainer.py:268 [INFO] Train: Epoch: [2][390/390]	Step 1172	lr 0.02491	Loss 1.0571 (1.1622)	Hard Loss 1.0571 (1.1622)	Soft Loss 1.0571 (1.1622)	Arch Loss 1.0931 (1.1742)	Arch Hard Loss 1.0931 (1.1742)	Arch Soft Loss 1.0931 (1.1742)	Arch depth Loss -8.3893 (-6.6340)	Prec@(1,5) (57.9%, 95.5%)	
08/24 12:38:09午前 searchStage_trainer.py:284 [INFO] Train: [  2/49] Final Prec@1 57.9200%
08/24 12:38:13午前 searchStage_trainer.py:312 [INFO] Valid: Epoch: [2][50/391]	Step 1173	Loss 1.1520	Prec@(1,5) (58.1%, 96.1%)
08/24 12:38:17午前 searchStage_trainer.py:312 [INFO] Valid: Epoch: [2][100/391]	Step 1173	Loss 1.1422	Prec@(1,5) (58.3%, 96.0%)
08/24 12:38:21午前 searchStage_trainer.py:312 [INFO] Valid: Epoch: [2][150/391]	Step 1173	Loss 1.1367	Prec@(1,5) (58.7%, 96.0%)
08/24 12:38:24午前 searchStage_trainer.py:312 [INFO] Valid: Epoch: [2][200/391]	Step 1173	Loss 1.1411	Prec@(1,5) (58.4%, 95.9%)
08/24 12:38:28午前 searchStage_trainer.py:312 [INFO] Valid: Epoch: [2][250/391]	Step 1173	Loss 1.1454	Prec@(1,5) (58.1%, 96.0%)
08/24 12:38:32午前 searchStage_trainer.py:312 [INFO] Valid: Epoch: [2][300/391]	Step 1173	Loss 1.1468	Prec@(1,5) (58.0%, 95.9%)
08/24 12:38:35午前 searchStage_trainer.py:312 [INFO] Valid: Epoch: [2][350/391]	Step 1173	Loss 1.1486	Prec@(1,5) (58.0%, 95.9%)
08/24 12:38:38午前 searchStage_trainer.py:312 [INFO] Valid: Epoch: [2][390/391]	Step 1173	Loss 1.1485	Prec@(1,5) (58.0%, 95.9%)
08/24 12:38:38午前 searchStage_trainer.py:323 [INFO] Valid: [  2/49] Final Prec@1 57.9600%
08/24 12:38:38午前 searchStage_KD_main.py:58 [INFO] DAG = Genotype2(DAG1=[[('skip_connect', 0), ('skip_connect', 1)], [('max_pool_3x3', 2), ('skip_connect', 0)], [('max_pool_3x3', 3), ('max_pool_3x3', 2)], [('max_pool_3x3', 4), ('avg_pool_3x3', 3)], [('max_pool_3x3', 5), ('avg_pool_3x3', 4)], [('avg_pool_3x3', 6), ('avg_pool_3x3', 5)]], DAG1_concat=range(6, 8), DAG2=[[('skip_connect', 0), ('avg_pool_3x3', 1)], [('avg_pool_3x3', 2), ('skip_connect', 0)], [('avg_pool_3x3', 3), ('avg_pool_3x3', 2)], [('skip_connect', 4), ('max_pool_3x3', 3)], [('avg_pool_3x3', 5), ('avg_pool_3x3', 4)], [('max_pool_3x3', 6), ('avg_pool_3x3', 5)]], DAG2_concat=range(6, 8), DAG3=[[('skip_connect', 1), ('skip_connect', 0)], [('skip_connect', 2), ('skip_connect', 1)], [('skip_connect', 3), ('max_pool_3x3', 2)], [('max_pool_3x3', 4), ('skip_connect', 3)], [('avg_pool_3x3', 5), ('max_pool_3x3', 4)], [('skip_connect', 6), ('max_pool_3x3', 5)]], DAG3_concat=range(6, 8))
08/24 12:38:39午前 searchStage_KD_main.py:89 [INFO] Until now, best Prec@1 = 57.9600%
####### ALPHA #######
# Alpha - DAG
tensor([[0.2493, 0.2492, 0.2525, 0.2491],
        [0.2495, 0.2489, 0.2522, 0.2495]], device='cuda:0',
       grad_fn=<SoftmaxBackward0>)
tensor([[0.2499, 0.2489, 0.2516, 0.2495],
        [0.2503, 0.2492, 0.2517, 0.2488],
        [0.2502, 0.2502, 0.2501, 0.2495]], device='cuda:0',
       grad_fn=<SoftmaxBackward0>)
tensor([[0.2511, 0.2491, 0.2504, 0.2493],
        [0.2518, 0.2490, 0.2503, 0.2490],
        [0.2504, 0.2504, 0.2498, 0.2493],
        [0.2502, 0.2493, 0.2498, 0.2507]], device='cuda:0',
       grad_fn=<SoftmaxBackward0>)
tensor([[0.2509, 0.2484, 0.2503, 0.2504],
        [0.2505, 0.2490, 0.2504, 0.2500],
        [0.2511, 0.2505, 0.2499, 0.2485],
        [0.2501, 0.2507, 0.2501, 0.2490],
        [0.2508, 0.2506, 0.2491, 0.2494]], device='cuda:0',
       grad_fn=<SoftmaxBackward0>)
tensor([[0.2515, 0.2466, 0.2555, 0.2463],
        [0.2527, 0.2471, 0.2552, 0.2451],
        [0.2506, 0.2497, 0.2501, 0.2496],
        [0.2507, 0.2499, 0.2495, 0.2499],
        [0.2495, 0.2505, 0.2502, 0.2499],
        [0.2510, 0.2505, 0.2482, 0.2503]], device='cuda:0',
       grad_fn=<SoftmaxBackward0>)
tensor([[0.2504, 0.2472, 0.2552, 0.2472],
        [0.2502, 0.2480, 0.2563, 0.2455],
        [0.2494, 0.2507, 0.2508, 0.2491],
        [0.2504, 0.2507, 0.2504, 0.2485],
        [0.2506, 0.2502, 0.2493, 0.2499],
        [0.2504, 0.2506, 0.2500, 0.2491],
        [0.2498, 0.2506, 0.2487, 0.2509]], device='cuda:0',
       grad_fn=<SoftmaxBackward0>)
tensor([[0.2494, 0.2502, 0.2504, 0.2500],
        [0.2500, 0.2500, 0.2498, 0.2501]], device='cuda:0',
       grad_fn=<SoftmaxBackward0>)
tensor([[0.2498, 0.2496, 0.2506, 0.2500],
        [0.2503, 0.2501, 0.2499, 0.2497],
        [0.2497, 0.2501, 0.2497, 0.2505]], device='cuda:0',
       grad_fn=<SoftmaxBackward0>)
tensor([[0.2500, 0.2499, 0.2501, 0.2500],
        [0.2506, 0.2504, 0.2498, 0.2492],
        [0.2500, 0.2501, 0.2501, 0.2499],
        [0.2500, 0.2502, 0.2495, 0.2503]], device='cuda:0',
       grad_fn=<SoftmaxBackward0>)
tensor([[0.2500, 0.2499, 0.2503, 0.2499],
        [0.2500, 0.2500, 0.2501, 0.2500],
        [0.2500, 0.2496, 0.2502, 0.2502],
        [0.2504, 0.2501, 0.2495, 0.2500],
        [0.2498, 0.2496, 0.2503, 0.2503]], device='cuda:0',
       grad_fn=<SoftmaxBackward0>)
tensor([[0.2506, 0.2503, 0.2502, 0.2490],
        [0.2508, 0.2502, 0.2502, 0.2487],
        [0.2498, 0.2500, 0.2499, 0.2503],
        [0.2496, 0.2504, 0.2496, 0.2505],
        [0.2503, 0.2505, 0.2495, 0.2498],
        [0.2501, 0.2502, 0.2489, 0.2508]], device='cuda:0',
       grad_fn=<SoftmaxBackward0>)
tensor([[0.2508, 0.2503, 0.2500, 0.2489],
        [0.2505, 0.2508, 0.2505, 0.2482],
        [0.2503, 0.2505, 0.2497, 0.2495],
        [0.2504, 0.2501, 0.2503, 0.2493],
        [0.2502, 0.2504, 0.2500, 0.2495],
        [0.2495, 0.2504, 0.2496, 0.2505],
        [0.2506, 0.2499, 0.2487, 0.2508]], device='cuda:0',
       grad_fn=<SoftmaxBackward0>)
tensor([[0.2497, 0.2499, 0.2504, 0.2499],
        [0.2499, 0.2499, 0.2505, 0.2497]], device='cuda:0',
       grad_fn=<SoftmaxBackward0>)
tensor([[0.2499, 0.2498, 0.2502, 0.2501],
        [0.2494, 0.2501, 0.2505, 0.2500],
        [0.2497, 0.2499, 0.2502, 0.2502]], device='cuda:0',
       grad_fn=<SoftmaxBackward0>)
tensor([[0.2500, 0.2500, 0.2499, 0.2501],
        [0.2501, 0.2497, 0.2503, 0.2499],
        [0.2502, 0.2496, 0.2499, 0.2503],
        [0.2499, 0.2492, 0.2506, 0.2503]], device='cuda:0',
       grad_fn=<SoftmaxBackward0>)
tensor([[0.2496, 0.2502, 0.2504, 0.2498],
        [0.2495, 0.2502, 0.2501, 0.2502],
        [0.2497, 0.2498, 0.2501, 0.2504],
        [0.2495, 0.2502, 0.2503, 0.2500],
        [0.2503, 0.2501, 0.2499, 0.2496]], device='cuda:0',
       grad_fn=<SoftmaxBackward0>)
tensor([[0.2509, 0.2501, 0.2508, 0.2482],
        [0.2506, 0.2496, 0.2507, 0.2491],
        [0.2503, 0.2494, 0.2507, 0.2495],
        [0.2494, 0.2500, 0.2504, 0.2503],
        [0.2498, 0.2496, 0.2497, 0.2509],
        [0.2498, 0.2500, 0.2497, 0.2504]], device='cuda:0',
       grad_fn=<SoftmaxBackward0>)
tensor([[0.2507, 0.2499, 0.2508, 0.2486],
        [0.2505, 0.2502, 0.2507, 0.2486],
        [0.2499, 0.2497, 0.2506, 0.2498],
        [0.2499, 0.2501, 0.2503, 0.2497],
        [0.2498, 0.2495, 0.2504, 0.2504],
        [0.2503, 0.2494, 0.2499, 0.2504],
        [0.2499, 0.2487, 0.2507, 0.2508]], device='cuda:0',
       grad_fn=<SoftmaxBackward0>)
#####################
08/24 12:39:01午前 searchStage_trainer.py:268 [INFO] Train: Epoch: [3][50/390]	Step 1223	lr 0.02479	Loss 1.2002 (1.0918)	Hard Loss 1.2002 (1.0918)	Soft Loss 1.2002 (1.0918)	Arch Loss 1.1701 (1.1158)	Arch Hard Loss 1.1701 (1.1158)	Arch Soft Loss 1.1701 (1.1158)	Arch depth Loss -8.8865 (-8.6466)	Prec@(1,5) (61.9%, 95.9%)	
08/24 12:39:23午前 searchStage_trainer.py:268 [INFO] Train: Epoch: [3][100/390]	Step 1273	lr 0.02479	Loss 1.1789 (1.0801)	Hard Loss 1.1789 (1.0801)	Soft Loss 1.1789 (1.0801)	Arch Loss 1.0275 (1.0877)	Arch Hard Loss 1.0275 (1.0877)	Arch Soft Loss 1.0275 (1.0877)	Arch depth Loss -9.3862 (-8.8934)	Prec@(1,5) (62.6%, 95.9%)	
08/24 12:39:45午前 searchStage_trainer.py:268 [INFO] Train: Epoch: [3][150/390]	Step 1323	lr 0.02479	Loss 1.1983 (1.0695)	Hard Loss 1.1983 (1.0695)	Soft Loss 1.1983 (1.0695)	Arch Loss 1.5314 (1.0810)	Arch Hard Loss 1.5314 (1.0810)	Arch Soft Loss 1.5314 (1.0810)	Arch depth Loss -9.8982 (-9.1444)	Prec@(1,5) (62.5%, 96.1%)	
08/24 12:40:06午前 searchStage_trainer.py:268 [INFO] Train: Epoch: [3][200/390]	Step 1373	lr 0.02479	Loss 0.8736 (1.0677)	Hard Loss 0.8736 (1.0677)	Soft Loss 0.8736 (1.0677)	Arch Loss 0.6934 (1.0730)	Arch Hard Loss 0.6934 (1.0730)	Arch Soft Loss 0.6934 (1.0730)	Arch depth Loss -10.4227 (-9.3994)	Prec@(1,5) (62.3%, 96.2%)	
08/24 12:40:28午前 searchStage_trainer.py:268 [INFO] Train: Epoch: [3][250/390]	Step 1423	lr 0.02479	Loss 1.0449 (1.0596)	Hard Loss 1.0449 (1.0596)	Soft Loss 1.0449 (1.0596)	Arch Loss 1.0634 (1.0734)	Arch Hard Loss 1.0634 (1.0734)	Arch Soft Loss 1.0634 (1.0734)	Arch depth Loss -10.9600 (-9.6587)	Prec@(1,5) (62.4%, 96.3%)	
08/24 12:40:50午前 searchStage_trainer.py:268 [INFO] Train: Epoch: [3][300/390]	Step 1473	lr 0.02479	Loss 1.0285 (1.0494)	Hard Loss 1.0285 (1.0494)	Soft Loss 1.0285 (1.0494)	Arch Loss 1.0560 (1.0639)	Arch Hard Loss 1.0560 (1.0639)	Arch Soft Loss 1.0560 (1.0639)	Arch depth Loss -11.5101 (-9.9221)	Prec@(1,5) (62.6%, 96.3%)	
08/24 12:41:11午前 searchStage_trainer.py:268 [INFO] Train: Epoch: [3][350/390]	Step 1523	lr 0.02479	Loss 1.1804 (1.0417)	Hard Loss 1.1804 (1.0417)	Soft Loss 1.1804 (1.0417)	Arch Loss 1.0932 (1.0541)	Arch Hard Loss 1.0932 (1.0541)	Arch Soft Loss 1.0932 (1.0541)	Arch depth Loss -12.0734 (-10.1899)	Prec@(1,5) (62.9%, 96.4%)	
08/24 12:41:29午前 searchStage_trainer.py:268 [INFO] Train: Epoch: [3][390/390]	Step 1563	lr 0.02479	Loss 0.9343 (1.0414)	Hard Loss 0.9343 (1.0414)	Soft Loss 0.9343 (1.0414)	Arch Loss 0.9118 (1.0498)	Arch Hard Loss 0.9118 (1.0498)	Arch Soft Loss 0.9118 (1.0498)	Arch depth Loss -12.5336 (-10.4072)	Prec@(1,5) (62.9%, 96.4%)	
08/24 12:41:29午前 searchStage_trainer.py:284 [INFO] Train: [  3/49] Final Prec@1 62.9080%
08/24 12:41:33午前 searchStage_trainer.py:312 [INFO] Valid: Epoch: [3][50/391]	Step 1564	Loss 0.9911	Prec@(1,5) (64.4%, 97.1%)
08/24 12:41:37午前 searchStage_trainer.py:312 [INFO] Valid: Epoch: [3][100/391]	Step 1564	Loss 0.9846	Prec@(1,5) (64.7%, 97.1%)
08/24 12:41:40午前 searchStage_trainer.py:312 [INFO] Valid: Epoch: [3][150/391]	Step 1564	Loss 0.9853	Prec@(1,5) (64.8%, 97.1%)
08/24 12:41:44午前 searchStage_trainer.py:312 [INFO] Valid: Epoch: [3][200/391]	Step 1564	Loss 0.9863	Prec@(1,5) (64.6%, 97.0%)
08/24 12:41:48午前 searchStage_trainer.py:312 [INFO] Valid: Epoch: [3][250/391]	Step 1564	Loss 0.9873	Prec@(1,5) (64.6%, 97.0%)
08/24 12:41:51午前 searchStage_trainer.py:312 [INFO] Valid: Epoch: [3][300/391]	Step 1564	Loss 0.9891	Prec@(1,5) (64.4%, 97.0%)
08/24 12:41:55午前 searchStage_trainer.py:312 [INFO] Valid: Epoch: [3][350/391]	Step 1564	Loss 0.9916	Prec@(1,5) (64.4%, 97.0%)
08/24 12:41:58午前 searchStage_trainer.py:312 [INFO] Valid: Epoch: [3][390/391]	Step 1564	Loss 0.9935	Prec@(1,5) (64.3%, 97.0%)
08/24 12:41:58午前 searchStage_trainer.py:323 [INFO] Valid: [  3/49] Final Prec@1 64.2840%
