08/24 03:15:03AM parser.py:28 [INFO] 
08/24 03:15:03AM parser.py:29 [INFO] Parameters:
08/24 03:15:03AM parser.py:31 [INFO] DAG_PATH=results/search_stage_KD/cifar10/largeSlideWindow/s3-BaselineBestCell/DAG
08/24 03:15:03AM parser.py:31 [INFO] T=10.0
08/24 03:15:03AM parser.py:31 [INFO] ADVANCED=False
08/24 03:15:03AM parser.py:31 [INFO] ALPHA_LR=0.0003
08/24 03:15:03AM parser.py:31 [INFO] ALPHA_WEIGHT_DECAY=0.001
08/24 03:15:03AM parser.py:31 [INFO] BATCH_SIZE=64
08/24 03:15:03AM parser.py:31 [INFO] CASCADE=False
08/24 03:15:03AM parser.py:31 [INFO] CHECKPOINT_RESET=False
08/24 03:15:03AM parser.py:31 [INFO] CUTOUT_LENGTH=0
08/24 03:15:03AM parser.py:31 [INFO] DATA_PATH=../data/
08/24 03:15:03AM parser.py:31 [INFO] DATASET=cifar10
08/24 03:15:03AM parser.py:31 [INFO] DEPTH_COEF=1.0
08/24 03:15:03AM parser.py:31 [INFO] DESCRIPTION=search_stage_on_noKD_with_slideWindow-8
08/24 03:15:03AM parser.py:31 [INFO] EPOCHS=50
08/24 03:15:03AM parser.py:31 [INFO] EXP_NAME=s3-BaselineBestCell
08/24 03:15:03AM parser.py:31 [INFO] GENOTYPE=Genotype3(normal1=[[('sep_conv_5x5', 0), ('sep_conv_3x3', 1)], [('sep_conv_3x3', 1), ('sep_conv_3x3', 0)], [('sep_conv_3x3', 1), ('sep_conv_3x3', 2)], [('sep_conv_3x3', 0), ('sep_conv_5x5', 4)]], normal1_concat=range(2, 6), reduce1=[[('sep_conv_3x3', 0), ('skip_connect', 1)], [('sep_conv_3x3', 1), ('max_pool_3x3', 0)], [('sep_conv_3x3', 2), ('sep_conv_3x3', 1)], [('max_pool_3x3', 0), ('dil_conv_3x3', 1)]], reduce1_concat=range(2, 6), normal2=[[('skip_connect', 0), ('sep_conv_5x5', 1)], [('skip_connect', 0), ('skip_connect', 2)], [('avg_pool_3x3', 0), ('avg_pool_3x3', 2)], [('skip_connect', 0), ('avg_pool_3x3', 2)]], normal2_concat=range(2, 6), reduce2=[[('avg_pool_3x3', 0), ('avg_pool_3x3', 1)], [('avg_pool_3x3', 0), ('skip_connect', 2)], [('skip_connect', 2), ('avg_pool_3x3', 0)], [('skip_connect', 2), ('avg_pool_3x3', 0)]], reduce2_concat=range(2, 6), normal3=[[('skip_connect', 0), ('skip_connect', 1)], [('skip_connect', 0), ('dil_conv_3x3', 1)], [('skip_connect', 0), ('skip_connect', 1)], [('skip_connect', 0), ('skip_connect', 2)]], normal3_concat=range(2, 6))
08/24 03:15:03AM parser.py:31 [INFO] GPUS=[0]
08/24 03:15:03AM parser.py:31 [INFO] INIT_CHANNELS=16
08/24 03:15:03AM parser.py:31 [INFO] L=0.5
08/24 03:15:03AM parser.py:31 [INFO] LAYERS=20
08/24 03:15:03AM parser.py:31 [INFO] LOGGER=<Logger H-DAS (INFO)>
08/24 03:15:03AM parser.py:31 [INFO] NAME=largeSlideWindow
08/24 03:15:03AM parser.py:31 [INFO] NONKD=True
08/24 03:15:03AM parser.py:31 [INFO] PATH=results/search_stage_KD/cifar10/largeSlideWindow/s3-BaselineBestCell
08/24 03:15:03AM parser.py:31 [INFO] PCDARTS=False
08/24 03:15:03AM parser.py:31 [INFO] PLOT_PATH=results/search_stage_KD/cifar10/largeSlideWindow/s3-BaselineBestCell/plots
08/24 03:15:03AM parser.py:31 [INFO] PRINT_FREQ=50
08/24 03:15:03AM parser.py:31 [INFO] RESUME_PATH=None
08/24 03:15:03AM parser.py:31 [INFO] SAVE=s3-BaselineBestCell
08/24 03:15:03AM parser.py:31 [INFO] SEED=3
08/24 03:15:03AM parser.py:31 [INFO] SHARE_STAGE=False
08/24 03:15:03AM parser.py:31 [INFO] SLIDE_WINDOW=8
08/24 03:15:03AM parser.py:31 [INFO] SPEC_CELL=True
08/24 03:15:03AM parser.py:31 [INFO] TEACHER_NAME=non
08/24 03:15:03AM parser.py:31 [INFO] TEACHER_PATH=non
08/24 03:15:03AM parser.py:31 [INFO] TRAIN_PORTION=0.5
08/24 03:15:03AM parser.py:31 [INFO] W_GRAD_CLIP=5.0
08/24 03:15:03AM parser.py:31 [INFO] W_LR=0.025
08/24 03:15:03AM parser.py:31 [INFO] W_LR_MIN=0.001
08/24 03:15:03AM parser.py:31 [INFO] W_MOMENTUM=0.9
08/24 03:15:03AM parser.py:31 [INFO] W_WEIGHT_DECAY=0.0003
08/24 03:15:03AM parser.py:31 [INFO] WORKERS=4
08/24 03:15:03AM parser.py:32 [INFO] 
08/24 03:15:18AM searchStage_trainer.py:137 [INFO] --> No loaded checkpoint!
####### ALPHA #######
# Alpha - DAG
tensor([[0.2502, 0.2500, 0.2500, 0.2498],
        [0.2500, 0.2497, 0.2501, 0.2503]], device='cuda:0',
       grad_fn=<SoftmaxBackward0>)
tensor([[0.2496, 0.2502, 0.2500, 0.2502],
        [0.2498, 0.2501, 0.2501, 0.2500],
        [0.2501, 0.2501, 0.2500, 0.2498]], device='cuda:0',
       grad_fn=<SoftmaxBackward0>)
tensor([[0.2497, 0.2503, 0.2500, 0.2500],
        [0.2497, 0.2503, 0.2501, 0.2499],
        [0.2502, 0.2499, 0.2497, 0.2502],
        [0.2502, 0.2500, 0.2499, 0.2499]], device='cuda:0',
       grad_fn=<SoftmaxBackward0>)
tensor([[0.2501, 0.2504, 0.2495, 0.2500],
        [0.2500, 0.2502, 0.2496, 0.2502],
        [0.2501, 0.2500, 0.2500, 0.2499],
        [0.2499, 0.2502, 0.2497, 0.2502],
        [0.2501, 0.2501, 0.2501, 0.2498]], device='cuda:0',
       grad_fn=<SoftmaxBackward0>)
tensor([[0.2501, 0.2500, 0.2499, 0.2500],
        [0.2500, 0.2500, 0.2500, 0.2500],
        [0.2506, 0.2500, 0.2499, 0.2494],
        [0.2498, 0.2501, 0.2502, 0.2499],
        [0.2499, 0.2505, 0.2497, 0.2499],
        [0.2502, 0.2500, 0.2499, 0.2500]], device='cuda:0',
       grad_fn=<SoftmaxBackward0>)
tensor([[0.2504, 0.2498, 0.2499, 0.2499],
        [0.2499, 0.2497, 0.2500, 0.2504],
        [0.2501, 0.2501, 0.2500, 0.2498],
        [0.2501, 0.2500, 0.2499, 0.2499],
        [0.2502, 0.2501, 0.2497, 0.2501],
        [0.2500, 0.2502, 0.2500, 0.2498],
        [0.2501, 0.2501, 0.2500, 0.2499]], device='cuda:0',
       grad_fn=<SoftmaxBackward0>)
tensor([[0.2504, 0.2499, 0.2497, 0.2500],
        [0.2499, 0.2499, 0.2498, 0.2504]], device='cuda:0',
       grad_fn=<SoftmaxBackward0>)
tensor([[0.2500, 0.2498, 0.2500, 0.2502],
        [0.2501, 0.2503, 0.2497, 0.2500],
        [0.2501, 0.2498, 0.2502, 0.2499]], device='cuda:0',
       grad_fn=<SoftmaxBackward0>)
tensor([[0.2503, 0.2499, 0.2499, 0.2499],
        [0.2500, 0.2500, 0.2496, 0.2503],
        [0.2498, 0.2501, 0.2504, 0.2497],
        [0.2500, 0.2501, 0.2502, 0.2498]], device='cuda:0',
       grad_fn=<SoftmaxBackward0>)
tensor([[0.2497, 0.2504, 0.2505, 0.2494],
        [0.2501, 0.2500, 0.2499, 0.2500],
        [0.2496, 0.2507, 0.2498, 0.2500],
        [0.2504, 0.2500, 0.2497, 0.2499],
        [0.2501, 0.2500, 0.2501, 0.2498]], device='cuda:0',
       grad_fn=<SoftmaxBackward0>)
tensor([[0.2501, 0.2504, 0.2497, 0.2498],
        [0.2501, 0.2498, 0.2499, 0.2501],
        [0.2501, 0.2501, 0.2497, 0.2501],
        [0.2500, 0.2497, 0.2499, 0.2504],
        [0.2499, 0.2501, 0.2501, 0.2500],
        [0.2497, 0.2501, 0.2500, 0.2501]], device='cuda:0',
       grad_fn=<SoftmaxBackward0>)
tensor([[0.2498, 0.2502, 0.2498, 0.2502],
        [0.2503, 0.2496, 0.2500, 0.2501],
        [0.2502, 0.2501, 0.2500, 0.2497],
        [0.2500, 0.2502, 0.2501, 0.2498],
        [0.2502, 0.2500, 0.2498, 0.2500],
        [0.2497, 0.2504, 0.2503, 0.2496],
        [0.2500, 0.2498, 0.2500, 0.2501]], device='cuda:0',
       grad_fn=<SoftmaxBackward0>)
tensor([[0.2500, 0.2498, 0.2501, 0.2501],
        [0.2502, 0.2500, 0.2499, 0.2498]], device='cuda:0',
       grad_fn=<SoftmaxBackward0>)
tensor([[0.2497, 0.2497, 0.2502, 0.2505],
        [0.2503, 0.2503, 0.2497, 0.2497],
        [0.2503, 0.2498, 0.2502, 0.2497]], device='cuda:0',
       grad_fn=<SoftmaxBackward0>)
tensor([[0.2500, 0.2501, 0.2498, 0.2501],
        [0.2502, 0.2498, 0.2499, 0.2501],
        [0.2501, 0.2499, 0.2499, 0.2502],
        [0.2499, 0.2499, 0.2501, 0.2502]], device='cuda:0',
       grad_fn=<SoftmaxBackward0>)
tensor([[0.2502, 0.2502, 0.2497, 0.2499],
        [0.2500, 0.2497, 0.2499, 0.2503],
        [0.2502, 0.2502, 0.2497, 0.2499],
        [0.2499, 0.2503, 0.2496, 0.2502],
        [0.2502, 0.2498, 0.2498, 0.2502]], device='cuda:0',
       grad_fn=<SoftmaxBackward0>)
tensor([[0.2504, 0.2497, 0.2501, 0.2498],
        [0.2501, 0.2500, 0.2502, 0.2496],
        [0.2500, 0.2498, 0.2499, 0.2502],
        [0.2502, 0.2499, 0.2498, 0.2501],
        [0.2504, 0.2498, 0.2500, 0.2498],
        [0.2503, 0.2500, 0.2498, 0.2499]], device='cuda:0',
       grad_fn=<SoftmaxBackward0>)
tensor([[0.2499, 0.2501, 0.2499, 0.2501],
        [0.2499, 0.2500, 0.2501, 0.2499],
        [0.2498, 0.2503, 0.2497, 0.2502],
        [0.2501, 0.2500, 0.2500, 0.2499],
        [0.2504, 0.2498, 0.2503, 0.2495],
        [0.2500, 0.2500, 0.2500, 0.2500],
        [0.2500, 0.2502, 0.2497, 0.2501]], device='cuda:0',
       grad_fn=<SoftmaxBackward0>)
#####################
08/24 03:15:41AM searchStage_trainer.py:268 [INFO] Train: Epoch: [0][50/390]	Step 50	lr 0.025	Loss 2.0896 (2.2354)	Hard Loss 2.0896 (2.2354)	Soft Loss 2.0896 (2.2354)	Arch Loss 2.0749 (2.2528)	Arch Hard Loss 2.0749 (2.2528)	Arch Soft Loss 2.0749 (2.2528)	Arch depth Loss -0.2453 (-0.1214)	Prec@(1,5) (19.6%, 71.7%)	
08/24 03:16:03AM searchStage_trainer.py:268 [INFO] Train: Epoch: [0][100/390]	Step 100	lr 0.025	Loss 1.9890 (2.0911)	Hard Loss 1.9890 (2.0911)	Soft Loss 1.9890 (2.0911)	Arch Loss 1.7630 (2.1040)	Arch Hard Loss 1.7630 (2.1040)	Arch Soft Loss 1.7630 (2.1040)	Arch depth Loss -0.5073 (-0.2498)	Prec@(1,5) (23.5%, 77.0%)	
08/24 03:16:25AM searchStage_trainer.py:268 [INFO] Train: Epoch: [0][150/390]	Step 150	lr 0.025	Loss 1.8232 (2.0053)	Hard Loss 1.8232 (2.0053)	Soft Loss 1.8232 (2.0053)	Arch Loss 1.6167 (2.0221)	Arch Hard Loss 1.6167 (2.0221)	Arch Soft Loss 1.6167 (2.0221)	Arch depth Loss -0.7784 (-0.3815)	Prec@(1,5) (26.3%, 79.6%)	
08/24 03:16:46AM searchStage_trainer.py:268 [INFO] Train: Epoch: [0][200/390]	Step 200	lr 0.025	Loss 1.7563 (1.9455)	Hard Loss 1.7563 (1.9455)	Soft Loss 1.7563 (1.9455)	Arch Loss 1.7899 (1.9576)	Arch Hard Loss 1.7899 (1.9576)	Arch Soft Loss 1.7899 (1.9576)	Arch depth Loss -1.0580 (-0.5162)	Prec@(1,5) (27.9%, 81.3%)	
08/24 03:17:08AM searchStage_trainer.py:268 [INFO] Train: Epoch: [0][250/390]	Step 250	lr 0.025	Loss 1.6203 (1.8953)	Hard Loss 1.6203 (1.8953)	Soft Loss 1.6203 (1.8953)	Arch Loss 1.5445 (1.9007)	Arch Hard Loss 1.5445 (1.9007)	Arch Soft Loss 1.5445 (1.9007)	Arch depth Loss -1.3460 (-0.6538)	Prec@(1,5) (29.6%, 82.5%)	
08/24 03:17:30AM searchStage_trainer.py:268 [INFO] Train: Epoch: [0][300/390]	Step 300	lr 0.025	Loss 1.4362 (1.8445)	Hard Loss 1.4362 (1.8445)	Soft Loss 1.4362 (1.8445)	Arch Loss 1.5497 (1.8536)	Arch Hard Loss 1.5497 (1.8536)	Arch Soft Loss 1.5497 (1.8536)	Arch depth Loss -1.6426 (-0.7942)	Prec@(1,5) (31.5%, 83.7%)	
08/24 03:17:51AM searchStage_trainer.py:268 [INFO] Train: Epoch: [0][350/390]	Step 350	lr 0.025	Loss 1.5509 (1.8028)	Hard Loss 1.5509 (1.8028)	Soft Loss 1.5509 (1.8028)	Arch Loss 1.5784 (1.8180)	Arch Hard Loss 1.5784 (1.8180)	Arch Soft Loss 1.5784 (1.8180)	Arch depth Loss -1.9480 (-0.9376)	Prec@(1,5) (33.0%, 84.6%)	
08/24 03:18:09AM searchStage_trainer.py:268 [INFO] Train: Epoch: [0][390/390]	Step 390	lr 0.025	Loss 1.4945 (1.7798)	Hard Loss 1.4945 (1.7798)	Soft Loss 1.4945 (1.7798)	Arch Loss 1.6483 (1.7879)	Arch Hard Loss 1.6483 (1.7879)	Arch Soft Loss 1.6483 (1.7879)	Arch depth Loss -2.1986 (-1.0543)	Prec@(1,5) (33.8%, 85.2%)	
08/24 03:18:10AM searchStage_trainer.py:284 [INFO] Train: [  0/49] Final Prec@1 33.8040%
08/24 03:18:14AM searchStage_trainer.py:312 [INFO] Valid: Epoch: [0][50/391]	Step 391	Loss 1.5945	Prec@(1,5) (39.6%, 89.8%)
08/24 03:18:17AM searchStage_trainer.py:312 [INFO] Valid: Epoch: [0][100/391]	Step 391	Loss 1.5933	Prec@(1,5) (40.0%, 89.5%)
08/24 03:18:21AM searchStage_trainer.py:312 [INFO] Valid: Epoch: [0][150/391]	Step 391	Loss 1.6011	Prec@(1,5) (39.6%, 89.5%)
08/24 03:18:25AM searchStage_trainer.py:312 [INFO] Valid: Epoch: [0][200/391]	Step 391	Loss 1.5966	Prec@(1,5) (39.7%, 89.5%)
08/24 03:18:28AM searchStage_trainer.py:312 [INFO] Valid: Epoch: [0][250/391]	Step 391	Loss 1.5947	Prec@(1,5) (39.7%, 89.7%)
08/24 03:18:32AM searchStage_trainer.py:312 [INFO] Valid: Epoch: [0][300/391]	Step 391	Loss 1.5996	Prec@(1,5) (39.4%, 89.6%)
08/24 03:18:36AM searchStage_trainer.py:312 [INFO] Valid: Epoch: [0][350/391]	Step 391	Loss 1.6011	Prec@(1,5) (39.4%, 89.5%)
08/24 03:18:38AM searchStage_trainer.py:312 [INFO] Valid: Epoch: [0][390/391]	Step 391	Loss 1.5986	Prec@(1,5) (39.6%, 89.5%)
08/24 03:18:39AM searchStage_trainer.py:323 [INFO] Valid: [  0/49] Final Prec@1 39.5760%
08/24 03:18:39AM searchStage_KD_main.py:58 [INFO] DAG = Genotype2(DAG1=[[('skip_connect', 1), ('skip_connect', 0)], [('avg_pool_3x3', 2), ('avg_pool_3x3', 0)], [('max_pool_3x3', 3), ('max_pool_3x3', 2)], [('avg_pool_3x3', 3), ('max_pool_3x3', 2)], [('avg_pool_3x3', 4), ('avg_pool_3x3', 3)], [('max_pool_3x3', 2), ('max_pool_3x3', 4)]], DAG1_concat=range(6, 8), DAG2=[[('max_pool_3x3', 0), ('max_pool_3x3', 1)], [('skip_connect', 2), ('max_pool_3x3', 0)], [('skip_connect', 2), ('avg_pool_3x3', 3)], [('max_pool_3x3', 3), ('avg_pool_3x3', 2)], [('avg_pool_3x3', 5), ('avg_pool_3x3', 4)], [('avg_pool_3x3', 5), ('skip_connect', 2)]], DAG2_concat=range(6, 8), DAG3=[[('skip_connect', 0), ('skip_connect', 1)], [('skip_connect', 2), ('avg_pool_3x3', 1)], [('skip_connect', 3), ('skip_connect', 2)], [('avg_pool_3x3', 3), ('avg_pool_3x3', 2)], [('skip_connect', 4), ('skip_connect', 5)], [('skip_connect', 4), ('skip_connect', 3)]], DAG3_concat=range(6, 8))
08/24 03:18:39AM searchStage_KD_main.py:89 [INFO] Until now, best Prec@1 = 39.5760%
####### ALPHA #######
# Alpha - DAG
tensor([[0.2499, 0.2501, 0.2506, 0.2494],
        [0.2494, 0.2499, 0.2510, 0.2497]], device='cuda:0',
       grad_fn=<SoftmaxBackward0>)
tensor([[0.2497, 0.2504, 0.2500, 0.2499],
        [0.2501, 0.2498, 0.2501, 0.2500],
        [0.2505, 0.2510, 0.2493, 0.2492]], device='cuda:0',
       grad_fn=<SoftmaxBackward0>)
tensor([[0.2502, 0.2500, 0.2500, 0.2498],
        [0.2506, 0.2502, 0.2499, 0.2493],
        [0.2507, 0.2502, 0.2493, 0.2497],
        [0.2510, 0.2509, 0.2494, 0.2488]], device='cuda:0',
       grad_fn=<SoftmaxBackward0>)
tensor([[0.2502, 0.2503, 0.2496, 0.2499],
        [0.2503, 0.2501, 0.2498, 0.2497],
        [0.2506, 0.2503, 0.2498, 0.2493],
        [0.2498, 0.2508, 0.2496, 0.2498],
        [0.2509, 0.2506, 0.2501, 0.2483]], device='cuda:0',
       grad_fn=<SoftmaxBackward0>)
tensor([[0.2512, 0.2504, 0.2500, 0.2484],
        [0.2513, 0.2502, 0.2499, 0.2485],
        [0.2509, 0.2511, 0.2498, 0.2482],
        [0.2504, 0.2516, 0.2494, 0.2486],
        [0.2505, 0.2515, 0.2481, 0.2499],
        [0.2508, 0.2506, 0.2495, 0.2492]], device='cuda:0',
       grad_fn=<SoftmaxBackward0>)
tensor([[0.2519, 0.2495, 0.2506, 0.2480],
        [0.2518, 0.2494, 0.2511, 0.2477],
        [0.2513, 0.2499, 0.2496, 0.2492],
        [0.2507, 0.2501, 0.2497, 0.2495],
        [0.2514, 0.2505, 0.2476, 0.2505],
        [0.2513, 0.2507, 0.2494, 0.2486],
        [0.2510, 0.2508, 0.2487, 0.2494]], device='cuda:0',
       grad_fn=<SoftmaxBackward0>)
tensor([[0.2505, 0.2496, 0.2499, 0.2500],
        [0.2501, 0.2497, 0.2499, 0.2504]], device='cuda:0',
       grad_fn=<SoftmaxBackward0>)
tensor([[0.2501, 0.2497, 0.2500, 0.2501],
        [0.2501, 0.2502, 0.2498, 0.2500],
        [0.2501, 0.2497, 0.2503, 0.2499]], device='cuda:0',
       grad_fn=<SoftmaxBackward0>)
tensor([[0.2504, 0.2499, 0.2500, 0.2497],
        [0.2500, 0.2499, 0.2497, 0.2504],
        [0.2498, 0.2502, 0.2505, 0.2495],
        [0.2500, 0.2501, 0.2500, 0.2499]], device='cuda:0',
       grad_fn=<SoftmaxBackward0>)
tensor([[0.2497, 0.2503, 0.2505, 0.2495],
        [0.2502, 0.2500, 0.2499, 0.2499],
        [0.2495, 0.2507, 0.2500, 0.2498],
        [0.2505, 0.2500, 0.2495, 0.2500],
        [0.2502, 0.2500, 0.2501, 0.2497]], device='cuda:0',
       grad_fn=<SoftmaxBackward0>)
tensor([[0.2502, 0.2505, 0.2497, 0.2496],
        [0.2503, 0.2497, 0.2499, 0.2501],
        [0.2501, 0.2502, 0.2500, 0.2496],
        [0.2500, 0.2499, 0.2498, 0.2503],
        [0.2498, 0.2502, 0.2497, 0.2503],
        [0.2499, 0.2504, 0.2499, 0.2499]], device='cuda:0',
       grad_fn=<SoftmaxBackward0>)
tensor([[0.2501, 0.2501, 0.2498, 0.2500],
        [0.2505, 0.2497, 0.2502, 0.2497],
        [0.2503, 0.2502, 0.2504, 0.2491],
        [0.2500, 0.2502, 0.2501, 0.2497],
        [0.2501, 0.2502, 0.2492, 0.2504],
        [0.2498, 0.2504, 0.2501, 0.2497],
        [0.2500, 0.2499, 0.2501, 0.2501]], device='cuda:0',
       grad_fn=<SoftmaxBackward0>)
tensor([[0.2498, 0.2496, 0.2504, 0.2502],
        [0.2499, 0.2500, 0.2504, 0.2497]], device='cuda:0',
       grad_fn=<SoftmaxBackward0>)
tensor([[0.2495, 0.2495, 0.2505, 0.2505],
        [0.2500, 0.2503, 0.2499, 0.2497],
        [0.2502, 0.2497, 0.2504, 0.2497]], device='cuda:0',
       grad_fn=<SoftmaxBackward0>)
tensor([[0.2500, 0.2501, 0.2500, 0.2499],
        [0.2502, 0.2499, 0.2501, 0.2499],
        [0.2499, 0.2499, 0.2500, 0.2503],
        [0.2496, 0.2499, 0.2504, 0.2501]], device='cuda:0',
       grad_fn=<SoftmaxBackward0>)
tensor([[0.2500, 0.2503, 0.2500, 0.2497],
        [0.2500, 0.2497, 0.2502, 0.2501],
        [0.2500, 0.2502, 0.2500, 0.2498],
        [0.2498, 0.2503, 0.2498, 0.2501],
        [0.2501, 0.2498, 0.2498, 0.2504]], device='cuda:0',
       grad_fn=<SoftmaxBackward0>)
tensor([[0.2503, 0.2497, 0.2507, 0.2494],
        [0.2503, 0.2500, 0.2508, 0.2489],
        [0.2497, 0.2497, 0.2503, 0.2503],
        [0.2497, 0.2499, 0.2502, 0.2501],
        [0.2499, 0.2496, 0.2505, 0.2501],
        [0.2497, 0.2498, 0.2503, 0.2502]], device='cuda:0',
       grad_fn=<SoftmaxBackward0>)
tensor([[0.2499, 0.2498, 0.2503, 0.2501],
        [0.2501, 0.2499, 0.2506, 0.2494],
        [0.2496, 0.2500, 0.2504, 0.2500],
        [0.2497, 0.2498, 0.2506, 0.2500],
        [0.2500, 0.2496, 0.2510, 0.2493],
        [0.2497, 0.2498, 0.2504, 0.2501],
        [0.2496, 0.2498, 0.2501, 0.2505]], device='cuda:0',
       grad_fn=<SoftmaxBackward0>)
#####################
08/24 03:19:02午前 searchStage_trainer.py:268 [INFO] Train: Epoch: [1][50/390]	Step 441	lr 0.02498	Loss 1.4339 (1.4964)	Hard Loss 1.4339 (1.4964)	Soft Loss 1.4339 (1.4964)	Arch Loss 1.7285 (1.5194)	Arch Hard Loss 1.7285 (1.5194)	Arch Soft Loss 1.7285 (1.5194)	Arch depth Loss -2.5266 (-2.3683)	Prec@(1,5) (43.6%, 91.8%)	
08/24 03:19:23午前 searchStage_trainer.py:268 [INFO] Train: Epoch: [1][100/390]	Step 491	lr 0.02498	Loss 1.4454 (1.4988)	Hard Loss 1.4454 (1.4988)	Soft Loss 1.4454 (1.4988)	Arch Loss 1.4341 (1.5251)	Arch Hard Loss 1.4341 (1.5251)	Arch Soft Loss 1.4341 (1.5251)	Arch depth Loss -2.8575 (-2.5314)	Prec@(1,5) (44.2%, 91.5%)	
08/24 03:19:45午前 searchStage_trainer.py:268 [INFO] Train: Epoch: [1][150/390]	Step 541	lr 0.02498	Loss 1.5001 (1.4808)	Hard Loss 1.5001 (1.4808)	Soft Loss 1.5001 (1.4808)	Arch Loss 1.5895 (1.5102)	Arch Hard Loss 1.5895 (1.5102)	Arch Soft Loss 1.5895 (1.5102)	Arch depth Loss -3.1978 (-2.6977)	Prec@(1,5) (45.2%, 91.6%)	
08/24 03:20:07午前 searchStage_trainer.py:268 [INFO] Train: Epoch: [1][200/390]	Step 591	lr 0.02498	Loss 1.4467 (1.4603)	Hard Loss 1.4467 (1.4603)	Soft Loss 1.4467 (1.4603)	Arch Loss 1.4300 (1.4941)	Arch Hard Loss 1.4300 (1.4941)	Arch Soft Loss 1.4300 (1.4941)	Arch depth Loss -3.5477 (-2.8672)	Prec@(1,5) (46.2%, 91.8%)	
08/24 03:20:28午前 searchStage_trainer.py:268 [INFO] Train: Epoch: [1][250/390]	Step 641	lr 0.02498	Loss 1.3751 (1.4472)	Hard Loss 1.3751 (1.4472)	Soft Loss 1.3751 (1.4472)	Arch Loss 1.5397 (1.4730)	Arch Hard Loss 1.5397 (1.4730)	Arch Soft Loss 1.5397 (1.4730)	Arch depth Loss -3.9074 (-3.0398)	Prec@(1,5) (46.8%, 92.1%)	
08/24 03:20:50午前 searchStage_trainer.py:268 [INFO] Train: Epoch: [1][300/390]	Step 691	lr 0.02498	Loss 1.1471 (1.4344)	Hard Loss 1.1471 (1.4344)	Soft Loss 1.1471 (1.4344)	Arch Loss 1.2756 (1.4562)	Arch Hard Loss 1.2756 (1.4562)	Arch Soft Loss 1.2756 (1.4562)	Arch depth Loss -4.2771 (-3.2157)	Prec@(1,5) (47.1%, 92.3%)	
08/24 03:21:12午前 searchStage_trainer.py:268 [INFO] Train: Epoch: [1][350/390]	Step 741	lr 0.02498	Loss 1.3524 (1.4232)	Hard Loss 1.3524 (1.4232)	Soft Loss 1.3524 (1.4232)	Arch Loss 1.1985 (1.4412)	Arch Hard Loss 1.1985 (1.4412)	Arch Soft Loss 1.1985 (1.4412)	Arch depth Loss -4.6569 (-3.3949)	Prec@(1,5) (47.6%, 92.4%)	
08/24 03:21:29午前 searchStage_trainer.py:268 [INFO] Train: Epoch: [1][390/390]	Step 781	lr 0.02498	Loss 1.3751 (1.4118)	Hard Loss 1.3751 (1.4118)	Soft Loss 1.3751 (1.4118)	Arch Loss 1.2311 (1.4294)	Arch Hard Loss 1.2311 (1.4294)	Arch Soft Loss 1.2311 (1.4294)	Arch depth Loss -4.9682 (-3.5406)	Prec@(1,5) (48.0%, 92.6%)	
08/24 03:21:30午前 searchStage_trainer.py:284 [INFO] Train: [  1/49] Final Prec@1 48.0280%
08/24 03:21:33午前 searchStage_trainer.py:312 [INFO] Valid: Epoch: [1][50/391]	Step 782	Loss 1.5449	Prec@(1,5) (43.5%, 90.7%)
08/24 03:21:37午前 searchStage_trainer.py:312 [INFO] Valid: Epoch: [1][100/391]	Step 782	Loss 1.5250	Prec@(1,5) (44.0%, 91.1%)
08/24 03:21:41午前 searchStage_trainer.py:312 [INFO] Valid: Epoch: [1][150/391]	Step 782	Loss 1.5175	Prec@(1,5) (44.2%, 91.3%)
08/24 03:21:44午前 searchStage_trainer.py:312 [INFO] Valid: Epoch: [1][200/391]	Step 782	Loss 1.5192	Prec@(1,5) (44.4%, 91.3%)
08/24 03:21:48午前 searchStage_trainer.py:312 [INFO] Valid: Epoch: [1][250/391]	Step 782	Loss 1.5141	Prec@(1,5) (44.6%, 91.3%)
08/24 03:21:52午前 searchStage_trainer.py:312 [INFO] Valid: Epoch: [1][300/391]	Step 782	Loss 1.5087	Prec@(1,5) (44.9%, 91.3%)
08/24 03:21:55午前 searchStage_trainer.py:312 [INFO] Valid: Epoch: [1][350/391]	Step 782	Loss 1.5061	Prec@(1,5) (45.0%, 91.4%)
08/24 03:21:58午前 searchStage_trainer.py:312 [INFO] Valid: Epoch: [1][390/391]	Step 782	Loss 1.5058	Prec@(1,5) (45.1%, 91.4%)
08/24 03:21:58午前 searchStage_trainer.py:323 [INFO] Valid: [  1/49] Final Prec@1 45.0680%
08/24 03:21:58午前 searchStage_KD_main.py:58 [INFO] DAG = Genotype2(DAG1=[[('skip_connect', 1), ('skip_connect', 0)], [('avg_pool_3x3', 2), ('skip_connect', 0)], [('max_pool_3x3', 3), ('max_pool_3x3', 2)], [('avg_pool_3x3', 3), ('max_pool_3x3', 4)], [('avg_pool_3x3', 4), ('avg_pool_3x3', 3)], [('max_pool_3x3', 4), ('max_pool_3x3', 5)]], DAG1_concat=range(6, 8), DAG2=[[('max_pool_3x3', 0), ('max_pool_3x3', 1)], [('skip_connect', 2), ('max_pool_3x3', 0)], [('avg_pool_3x3', 3), ('skip_connect', 2)], [('max_pool_3x3', 3), ('max_pool_3x3', 4)], [('avg_pool_3x3', 5), ('avg_pool_3x3', 4)], [('avg_pool_3x3', 5), ('max_pool_3x3', 6)]], DAG2_concat=range(6, 8), DAG3=[[('skip_connect', 0), ('skip_connect', 1)], [('skip_connect', 2), ('skip_connect', 0)], [('skip_connect', 3), ('skip_connect', 2)], [('avg_pool_3x3', 3), ('max_pool_3x3', 4)], [('skip_connect', 5), ('skip_connect', 4)], [('skip_connect', 4), ('skip_connect', 5)]], DAG3_concat=range(6, 8))
08/24 03:21:59午前 searchStage_KD_main.py:89 [INFO] Until now, best Prec@1 = 45.0680%
####### ALPHA #######
# Alpha - DAG
tensor([[0.2499, 0.2496, 0.2512, 0.2492],
        [0.2493, 0.2494, 0.2516, 0.2497]], device='cuda:0',
       grad_fn=<SoftmaxBackward0>)
tensor([[0.2497, 0.2501, 0.2503, 0.2499],
        [0.2502, 0.2495, 0.2503, 0.2500],
        [0.2508, 0.2509, 0.2493, 0.2490]], device='cuda:0',
       grad_fn=<SoftmaxBackward0>)
tensor([[0.2506, 0.2497, 0.2503, 0.2495],
        [0.2509, 0.2499, 0.2501, 0.2491],
        [0.2507, 0.2501, 0.2494, 0.2498],
        [0.2510, 0.2509, 0.2493, 0.2488]], device='cuda:0',
       grad_fn=<SoftmaxBackward0>)
tensor([[0.2505, 0.2498, 0.2498, 0.2499],
        [0.2506, 0.2497, 0.2501, 0.2496],
        [0.2507, 0.2502, 0.2500, 0.2490],
        [0.2498, 0.2508, 0.2495, 0.2500],
        [0.2511, 0.2506, 0.2503, 0.2481]], device='cuda:0',
       grad_fn=<SoftmaxBackward0>)
tensor([[0.2522, 0.2496, 0.2509, 0.2473],
        [0.2523, 0.2496, 0.2507, 0.2474],
        [0.2508, 0.2510, 0.2498, 0.2484],
        [0.2503, 0.2518, 0.2491, 0.2488],
        [0.2505, 0.2515, 0.2479, 0.2500],
        [0.2510, 0.2506, 0.2495, 0.2489]], device='cuda:0',
       grad_fn=<SoftmaxBackward0>)
tensor([[0.2531, 0.2486, 0.2519, 0.2464],
        [0.2531, 0.2484, 0.2524, 0.2462],
        [0.2517, 0.2495, 0.2495, 0.2493],
        [0.2509, 0.2501, 0.2494, 0.2496],
        [0.2520, 0.2505, 0.2472, 0.2504],
        [0.2515, 0.2505, 0.2491, 0.2489],
        [0.2511, 0.2511, 0.2484, 0.2494]], device='cuda:0',
       grad_fn=<SoftmaxBackward0>)
tensor([[0.2504, 0.2496, 0.2500, 0.2500],
        [0.2500, 0.2497, 0.2499, 0.2504]], device='cuda:0',
       grad_fn=<SoftmaxBackward0>)
tensor([[0.2501, 0.2498, 0.2501, 0.2500],
        [0.2501, 0.2502, 0.2498, 0.2499],
        [0.2501, 0.2497, 0.2502, 0.2500]], device='cuda:0',
       grad_fn=<SoftmaxBackward0>)
tensor([[0.2502, 0.2499, 0.2501, 0.2498],
        [0.2500, 0.2500, 0.2497, 0.2503],
        [0.2498, 0.2502, 0.2505, 0.2495],
        [0.2499, 0.2501, 0.2500, 0.2499]], device='cuda:0',
       grad_fn=<SoftmaxBackward0>)
tensor([[0.2497, 0.2503, 0.2505, 0.2495],
        [0.2501, 0.2500, 0.2499, 0.2499],
        [0.2495, 0.2507, 0.2500, 0.2498],
        [0.2505, 0.2500, 0.2495, 0.2500],
        [0.2502, 0.2500, 0.2501, 0.2497]], device='cuda:0',
       grad_fn=<SoftmaxBackward0>)
tensor([[0.2503, 0.2507, 0.2498, 0.2493],
        [0.2503, 0.2499, 0.2500, 0.2498],
        [0.2501, 0.2503, 0.2504, 0.2491],
        [0.2500, 0.2500, 0.2498, 0.2502],
        [0.2497, 0.2502, 0.2492, 0.2508],
        [0.2499, 0.2504, 0.2496, 0.2501]], device='cuda:0',
       grad_fn=<SoftmaxBackward0>)
tensor([[0.2501, 0.2503, 0.2499, 0.2498],
        [0.2504, 0.2499, 0.2503, 0.2494],
        [0.2504, 0.2502, 0.2505, 0.2489],
        [0.2501, 0.2502, 0.2501, 0.2496],
        [0.2501, 0.2502, 0.2491, 0.2506],
        [0.2499, 0.2504, 0.2498, 0.2500],
        [0.2501, 0.2500, 0.2500, 0.2499]], device='cuda:0',
       grad_fn=<SoftmaxBackward0>)
tensor([[0.2497, 0.2496, 0.2505, 0.2502],
        [0.2498, 0.2499, 0.2505, 0.2498]], device='cuda:0',
       grad_fn=<SoftmaxBackward0>)
tensor([[0.2495, 0.2494, 0.2506, 0.2505],
        [0.2500, 0.2503, 0.2500, 0.2497],
        [0.2501, 0.2497, 0.2505, 0.2497]], device='cuda:0',
       grad_fn=<SoftmaxBackward0>)
tensor([[0.2500, 0.2500, 0.2501, 0.2499],
        [0.2501, 0.2498, 0.2502, 0.2498],
        [0.2498, 0.2498, 0.2500, 0.2503],
        [0.2495, 0.2498, 0.2505, 0.2501]], device='cuda:0',
       grad_fn=<SoftmaxBackward0>)
tensor([[0.2500, 0.2503, 0.2501, 0.2496],
        [0.2500, 0.2496, 0.2503, 0.2501],
        [0.2499, 0.2502, 0.2500, 0.2498],
        [0.2498, 0.2502, 0.2499, 0.2501],
        [0.2500, 0.2497, 0.2498, 0.2504]], device='cuda:0',
       grad_fn=<SoftmaxBackward0>)
tensor([[0.2504, 0.2495, 0.2509, 0.2492],
        [0.2504, 0.2498, 0.2510, 0.2489],
        [0.2496, 0.2496, 0.2506, 0.2502],
        [0.2495, 0.2498, 0.2504, 0.2503],
        [0.2497, 0.2494, 0.2507, 0.2501],
        [0.2495, 0.2496, 0.2506, 0.2503]], device='cuda:0',
       grad_fn=<SoftmaxBackward0>)
tensor([[0.2501, 0.2497, 0.2505, 0.2497],
        [0.2502, 0.2498, 0.2508, 0.2491],
        [0.2496, 0.2499, 0.2507, 0.2498],
        [0.2494, 0.2496, 0.2508, 0.2502],
        [0.2499, 0.2495, 0.2512, 0.2494],
        [0.2495, 0.2497, 0.2505, 0.2502],
        [0.2495, 0.2496, 0.2502, 0.2507]], device='cuda:0',
       grad_fn=<SoftmaxBackward0>)
#####################
08/24 03:22:21午前 searchStage_trainer.py:268 [INFO] Train: Epoch: [2][50/390]	Step 832	lr 0.02491	Loss 1.2358 (1.3082)	Hard Loss 1.2358 (1.3082)	Soft Loss 1.2358 (1.3082)	Arch Loss 1.2062 (1.3144)	Arch Hard Loss 1.2062 (1.3144)	Arch Soft Loss 1.2062 (1.3144)	Arch depth Loss -5.3749 (-5.1786)	Prec@(1,5) (51.2%, 94.3%)	
08/24 03:22:43午前 searchStage_trainer.py:268 [INFO] Train: Epoch: [2][100/390]	Step 882	lr 0.02491	Loss 1.4602 (1.2862)	Hard Loss 1.4602 (1.2862)	Soft Loss 1.4602 (1.2862)	Arch Loss 1.0805 (1.2840)	Arch Hard Loss 1.0805 (1.2840)	Arch Soft Loss 1.0805 (1.2840)	Arch depth Loss -5.7844 (-5.3807)	Prec@(1,5) (53.1%, 94.7%)	
08/24 03:23:05午前 searchStage_trainer.py:268 [INFO] Train: Epoch: [2][150/390]	Step 932	lr 0.02491	Loss 0.8849 (1.2639)	Hard Loss 0.8849 (1.2639)	Soft Loss 0.8849 (1.2639)	Arch Loss 1.2255 (1.2901)	Arch Hard Loss 1.2255 (1.2901)	Arch Soft Loss 1.2255 (1.2901)	Arch depth Loss -6.2047 (-5.5864)	Prec@(1,5) (53.5%, 94.9%)	
08/24 03:23:26午前 searchStage_trainer.py:268 [INFO] Train: Epoch: [2][200/390]	Step 982	lr 0.02491	Loss 1.2642 (1.2469)	Hard Loss 1.2642 (1.2469)	Soft Loss 1.2642 (1.2469)	Arch Loss 0.9002 (1.2660)	Arch Hard Loss 0.9002 (1.2660)	Arch Soft Loss 0.9002 (1.2660)	Arch depth Loss -6.6362 (-5.7958)	Prec@(1,5) (54.4%, 95.0%)	
08/24 03:23:48午前 searchStage_trainer.py:268 [INFO] Train: Epoch: [2][250/390]	Step 1032	lr 0.02491	Loss 1.2228 (1.2431)	Hard Loss 1.2228 (1.2431)	Soft Loss 1.2228 (1.2431)	Arch Loss 1.2266 (1.2547)	Arch Hard Loss 1.2266 (1.2547)	Arch Soft Loss 1.2266 (1.2547)	Arch depth Loss -7.0788 (-6.0088)	Prec@(1,5) (54.4%, 94.9%)	
08/24 03:24:10午前 searchStage_trainer.py:268 [INFO] Train: Epoch: [2][300/390]	Step 1082	lr 0.02491	Loss 1.1923 (1.2345)	Hard Loss 1.1923 (1.2345)	Soft Loss 1.1923 (1.2345)	Arch Loss 1.1322 (1.2410)	Arch Hard Loss 1.1322 (1.2410)	Arch Soft Loss 1.1322 (1.2410)	Arch depth Loss -7.5330 (-6.2256)	Prec@(1,5) (55.1%, 94.9%)	
08/24 03:24:31午前 searchStage_trainer.py:268 [INFO] Train: Epoch: [2][350/390]	Step 1132	lr 0.02491	Loss 0.9103 (1.2226)	Hard Loss 0.9103 (1.2226)	Soft Loss 0.9103 (1.2226)	Arch Loss 1.1030 (1.2282)	Arch Hard Loss 1.1030 (1.2282)	Arch Soft Loss 1.1030 (1.2282)	Arch depth Loss -7.9987 (-6.4461)	Prec@(1,5) (55.6%, 94.9%)	
08/24 03:24:49午前 searchStage_trainer.py:268 [INFO] Train: Epoch: [2][390/390]	Step 1172	lr 0.02491	Loss 1.2102 (1.2148)	Hard Loss 1.2102 (1.2148)	Soft Loss 1.2102 (1.2148)	Arch Loss 1.1166 (1.2258)	Arch Hard Loss 1.1166 (1.2258)	Arch Soft Loss 1.1166 (1.2258)	Arch depth Loss -8.3798 (-6.6254)	Prec@(1,5) (56.0%, 95.0%)	
08/24 03:24:49午前 searchStage_trainer.py:284 [INFO] Train: [  2/49] Final Prec@1 56.0000%
08/24 03:24:53午前 searchStage_trainer.py:312 [INFO] Valid: Epoch: [2][50/391]	Step 1173	Loss 1.1993	Prec@(1,5) (58.0%, 95.1%)
08/24 03:24:57午前 searchStage_trainer.py:312 [INFO] Valid: Epoch: [2][100/391]	Step 1173	Loss 1.1970	Prec@(1,5) (57.4%, 95.3%)
08/24 03:25:00午前 searchStage_trainer.py:312 [INFO] Valid: Epoch: [2][150/391]	Step 1173	Loss 1.2056	Prec@(1,5) (56.9%, 95.3%)
08/24 03:25:04午前 searchStage_trainer.py:312 [INFO] Valid: Epoch: [2][200/391]	Step 1173	Loss 1.2127	Prec@(1,5) (56.4%, 95.3%)
08/24 03:25:08午前 searchStage_trainer.py:312 [INFO] Valid: Epoch: [2][250/391]	Step 1173	Loss 1.2069	Prec@(1,5) (56.4%, 95.4%)
08/24 03:25:11午前 searchStage_trainer.py:312 [INFO] Valid: Epoch: [2][300/391]	Step 1173	Loss 1.2141	Prec@(1,5) (56.3%, 95.3%)
08/24 03:25:15午前 searchStage_trainer.py:312 [INFO] Valid: Epoch: [2][350/391]	Step 1173	Loss 1.2106	Prec@(1,5) (56.4%, 95.3%)
08/24 03:25:18午前 searchStage_trainer.py:312 [INFO] Valid: Epoch: [2][390/391]	Step 1173	Loss 1.2104	Prec@(1,5) (56.3%, 95.3%)
08/24 03:25:18午前 searchStage_trainer.py:323 [INFO] Valid: [  2/49] Final Prec@1 56.3280%
08/24 03:25:18午前 searchStage_KD_main.py:58 [INFO] DAG = Genotype2(DAG1=[[('skip_connect', 1), ('skip_connect', 0)], [('avg_pool_3x3', 2), ('skip_connect', 0)], [('max_pool_3x3', 3), ('max_pool_3x3', 2)], [('max_pool_3x3', 4), ('avg_pool_3x3', 3)], [('avg_pool_3x3', 4), ('max_pool_3x3', 5)], [('max_pool_3x3', 4), ('max_pool_3x3', 5)]], DAG1_concat=range(6, 8), DAG2=[[('max_pool_3x3', 0), ('skip_connect', 1)], [('skip_connect', 2), ('skip_connect', 0)], [('avg_pool_3x3', 3), ('skip_connect', 2)], [('max_pool_3x3', 4), ('max_pool_3x3', 3)], [('avg_pool_3x3', 5), ('avg_pool_3x3', 4)], [('max_pool_3x3', 6), ('avg_pool_3x3', 5)]], DAG2_concat=range(6, 8), DAG3=[[('skip_connect', 0), ('skip_connect', 1)], [('skip_connect', 2), ('skip_connect', 0)], [('skip_connect', 3), ('skip_connect', 2)], [('max_pool_3x3', 4), ('avg_pool_3x3', 3)], [('skip_connect', 5), ('skip_connect', 4)], [('skip_connect', 4), ('skip_connect', 5)]], DAG3_concat=range(6, 8))
08/24 03:25:18午前 searchStage_KD_main.py:89 [INFO] Until now, best Prec@1 = 56.3280%
####### ALPHA #######
# Alpha - DAG
tensor([[0.2498, 0.2491, 0.2518, 0.2492],
        [0.2492, 0.2489, 0.2521, 0.2497]], device='cuda:0',
       grad_fn=<SoftmaxBackward0>)
tensor([[0.2497, 0.2499, 0.2507, 0.2497],
        [0.2500, 0.2492, 0.2507, 0.2501],
        [0.2506, 0.2508, 0.2496, 0.2490]], device='cuda:0',
       grad_fn=<SoftmaxBackward0>)
tensor([[0.2506, 0.2492, 0.2508, 0.2493],
        [0.2509, 0.2493, 0.2506, 0.2491],
        [0.2507, 0.2500, 0.2495, 0.2497],
        [0.2510, 0.2509, 0.2493, 0.2489]], device='cuda:0',
       grad_fn=<SoftmaxBackward0>)
tensor([[0.2506, 0.2495, 0.2502, 0.2497],
        [0.2508, 0.2494, 0.2504, 0.2494],
        [0.2507, 0.2501, 0.2501, 0.2491],
        [0.2497, 0.2508, 0.2497, 0.2499],
        [0.2511, 0.2505, 0.2502, 0.2482]], device='cuda:0',
       grad_fn=<SoftmaxBackward0>)
tensor([[0.2529, 0.2491, 0.2524, 0.2456],
        [0.2530, 0.2488, 0.2521, 0.2461],
        [0.2504, 0.2507, 0.2502, 0.2487],
        [0.2499, 0.2517, 0.2488, 0.2496],
        [0.2503, 0.2515, 0.2483, 0.2498],
        [0.2508, 0.2506, 0.2496, 0.2490]], device='cuda:0',
       grad_fn=<SoftmaxBackward0>)
tensor([[0.2535, 0.2472, 0.2540, 0.2453],
        [0.2539, 0.2468, 0.2541, 0.2452],
        [0.2520, 0.2489, 0.2498, 0.2493],
        [0.2508, 0.2499, 0.2494, 0.2499],
        [0.2521, 0.2503, 0.2475, 0.2501],
        [0.2517, 0.2506, 0.2497, 0.2481],
        [0.2509, 0.2509, 0.2481, 0.2500]], device='cuda:0',
       grad_fn=<SoftmaxBackward0>)
tensor([[0.2504, 0.2495, 0.2501, 0.2501],
        [0.2500, 0.2497, 0.2500, 0.2503]], device='cuda:0',
       grad_fn=<SoftmaxBackward0>)
tensor([[0.2501, 0.2498, 0.2502, 0.2500],
        [0.2501, 0.2502, 0.2498, 0.2499],
        [0.2501, 0.2497, 0.2502, 0.2501]], device='cuda:0',
       grad_fn=<SoftmaxBackward0>)
tensor([[0.2501, 0.2500, 0.2502, 0.2497],
        [0.2499, 0.2500, 0.2498, 0.2503],
        [0.2498, 0.2502, 0.2505, 0.2495],
        [0.2499, 0.2501, 0.2500, 0.2499]], device='cuda:0',
       grad_fn=<SoftmaxBackward0>)
tensor([[0.2498, 0.2503, 0.2505, 0.2494],
        [0.2502, 0.2501, 0.2499, 0.2498],
        [0.2495, 0.2507, 0.2500, 0.2498],
        [0.2505, 0.2500, 0.2494, 0.2501],
        [0.2502, 0.2500, 0.2500, 0.2497]], device='cuda:0',
       grad_fn=<SoftmaxBackward0>)
tensor([[0.2506, 0.2508, 0.2498, 0.2489],
        [0.2504, 0.2499, 0.2501, 0.2497],
        [0.2501, 0.2504, 0.2506, 0.2489],
        [0.2501, 0.2500, 0.2498, 0.2501],
        [0.2498, 0.2501, 0.2488, 0.2512],
        [0.2502, 0.2503, 0.2494, 0.2501]], device='cuda:0',
       grad_fn=<SoftmaxBackward0>)
tensor([[0.2503, 0.2505, 0.2499, 0.2493],
        [0.2507, 0.2499, 0.2504, 0.2490],
        [0.2504, 0.2501, 0.2503, 0.2492],
        [0.2503, 0.2501, 0.2499, 0.2497],
        [0.2500, 0.2501, 0.2489, 0.2510],
        [0.2500, 0.2503, 0.2496, 0.2501],
        [0.2502, 0.2500, 0.2502, 0.2495]], device='cuda:0',
       grad_fn=<SoftmaxBackward0>)
tensor([[0.2497, 0.2495, 0.2506, 0.2501],
        [0.2498, 0.2499, 0.2506, 0.2498]], device='cuda:0',
       grad_fn=<SoftmaxBackward0>)
tensor([[0.2494, 0.2493, 0.2507, 0.2505],
        [0.2499, 0.2502, 0.2501, 0.2498],
        [0.2501, 0.2496, 0.2506, 0.2497]], device='cuda:0',
       grad_fn=<SoftmaxBackward0>)
tensor([[0.2500, 0.2499, 0.2502, 0.2499],
        [0.2501, 0.2498, 0.2503, 0.2498],
        [0.2498, 0.2498, 0.2501, 0.2503],
        [0.2495, 0.2498, 0.2506, 0.2501]], device='cuda:0',
       grad_fn=<SoftmaxBackward0>)
tensor([[0.2499, 0.2503, 0.2502, 0.2496],
        [0.2499, 0.2496, 0.2504, 0.2501],
        [0.2499, 0.2502, 0.2501, 0.2498],
        [0.2498, 0.2502, 0.2500, 0.2501],
        [0.2500, 0.2497, 0.2499, 0.2504]], device='cuda:0',
       grad_fn=<SoftmaxBackward0>)
tensor([[0.2507, 0.2492, 0.2510, 0.2491],
        [0.2507, 0.2495, 0.2511, 0.2486],
        [0.2496, 0.2496, 0.2509, 0.2499],
        [0.2493, 0.2497, 0.2506, 0.2505],
        [0.2495, 0.2493, 0.2510, 0.2503],
        [0.2494, 0.2494, 0.2508, 0.2505]], device='cuda:0',
       grad_fn=<SoftmaxBackward0>)
tensor([[0.2505, 0.2495, 0.2506, 0.2494],
        [0.2505, 0.2497, 0.2510, 0.2488],
        [0.2496, 0.2499, 0.2510, 0.2495],
        [0.2493, 0.2495, 0.2509, 0.2503],
        [0.2496, 0.2494, 0.2514, 0.2496],
        [0.2495, 0.2496, 0.2506, 0.2503],
        [0.2494, 0.2493, 0.2504, 0.2509]], device='cuda:0',
       grad_fn=<SoftmaxBackward0>)
#####################
08/24 03:25:41午前 searchStage_trainer.py:268 [INFO] Train: Epoch: [3][50/390]	Step 1223	lr 0.02479	Loss 1.1520 (1.0930)	Hard Loss 1.1520 (1.0930)	Soft Loss 1.1520 (1.0930)	Arch Loss 1.2187 (1.1507)	Arch Hard Loss 1.2187 (1.1507)	Arch Soft Loss 1.2187 (1.1507)	Arch depth Loss -8.8767 (-8.6369)	Prec@(1,5) (60.7%, 96.3%)	
08/24 03:26:03午前 searchStage_trainer.py:268 [INFO] Train: Epoch: [3][100/390]	Step 1273	lr 0.02479	Loss 1.2004 (1.0952)	Hard Loss 1.2004 (1.0952)	Soft Loss 1.2004 (1.0952)	Arch Loss 1.1781 (1.1327)	Arch Hard Loss 1.1781 (1.1327)	Arch Soft Loss 1.1781 (1.1327)	Arch depth Loss -9.3762 (-8.8837)	Prec@(1,5) (60.5%, 96.1%)	
08/24 03:26:24午前 searchStage_trainer.py:268 [INFO] Train: Epoch: [3][150/390]	Step 1323	lr 0.02479	Loss 0.9348 (1.0969)	Hard Loss 0.9348 (1.0969)	Soft Loss 0.9348 (1.0969)	Arch Loss 1.2130 (1.1114)	Arch Hard Loss 1.2130 (1.1114)	Arch Soft Loss 1.2130 (1.1114)	Arch depth Loss -9.8880 (-9.1345)	Prec@(1,5) (60.2%, 96.0%)	
08/24 03:26:46午前 searchStage_trainer.py:268 [INFO] Train: Epoch: [3][200/390]	Step 1373	lr 0.02479	Loss 0.7998 (1.0943)	Hard Loss 0.7998 (1.0943)	Soft Loss 0.7998 (1.0943)	Arch Loss 1.0928 (1.1063)	Arch Hard Loss 1.0928 (1.1063)	Arch Soft Loss 1.0928 (1.1063)	Arch depth Loss -10.4124 (-9.3895)	Prec@(1,5) (60.4%, 96.1%)	
08/24 03:27:08午前 searchStage_trainer.py:268 [INFO] Train: Epoch: [3][250/390]	Step 1423	lr 0.02479	Loss 1.0816 (1.0915)	Hard Loss 1.0816 (1.0915)	Soft Loss 1.0816 (1.0915)	Arch Loss 1.3127 (1.0996)	Arch Hard Loss 1.3127 (1.0996)	Arch Soft Loss 1.3127 (1.0996)	Arch depth Loss -10.9495 (-9.6487)	Prec@(1,5) (60.5%, 96.1%)	
08/24 03:27:29午前 searchStage_trainer.py:268 [INFO] Train: Epoch: [3][300/390]	Step 1473	lr 0.02479	Loss 1.0957 (1.0888)	Hard Loss 1.0957 (1.0888)	Soft Loss 1.0957 (1.0888)	Arch Loss 1.2837 (1.0959)	Arch Hard Loss 1.2837 (1.0959)	Arch Soft Loss 1.2837 (1.0959)	Arch depth Loss -11.4995 (-9.9120)	Prec@(1,5) (60.7%, 96.2%)	
08/24 03:27:51午前 searchStage_trainer.py:268 [INFO] Train: Epoch: [3][350/390]	Step 1523	lr 0.02479	Loss 0.8113 (1.0803)	Hard Loss 0.8113 (1.0803)	Soft Loss 0.8113 (1.0803)	Arch Loss 0.8746 (1.0906)	Arch Hard Loss 0.8746 (1.0906)	Arch Soft Loss 0.8746 (1.0906)	Arch depth Loss -12.0626 (-10.1797)	Prec@(1,5) (61.1%, 96.2%)	
08/24 03:28:08午前 searchStage_trainer.py:268 [INFO] Train: Epoch: [3][390/390]	Step 1563	lr 0.02479	Loss 1.3143 (1.0792)	Hard Loss 1.3143 (1.0792)	Soft Loss 1.3143 (1.0792)	Arch Loss 0.9564 (1.0885)	Arch Hard Loss 0.9564 (1.0885)	Arch Soft Loss 0.9564 (1.0885)	Arch depth Loss -12.5226 (-10.3969)	Prec@(1,5) (61.3%, 96.3%)	
08/24 03:28:09午前 searchStage_trainer.py:284 [INFO] Train: [  3/49] Final Prec@1 61.2680%
08/24 03:28:13午前 searchStage_trainer.py:312 [INFO] Valid: Epoch: [3][50/391]	Step 1564	Loss 1.0220	Prec@(1,5) (63.0%, 96.4%)
08/24 03:28:16午前 searchStage_trainer.py:312 [INFO] Valid: Epoch: [3][100/391]	Step 1564	Loss 1.0210	Prec@(1,5) (63.7%, 96.4%)
08/24 03:28:20午前 searchStage_trainer.py:312 [INFO] Valid: Epoch: [3][150/391]	Step 1564	Loss 1.0314	Prec@(1,5) (63.2%, 96.1%)
08/24 03:28:24午前 searchStage_trainer.py:312 [INFO] Valid: Epoch: [3][200/391]	Step 1564	Loss 1.0189	Prec@(1,5) (63.7%, 96.3%)
08/24 03:28:27午前 searchStage_trainer.py:312 [INFO] Valid: Epoch: [3][250/391]	Step 1564	Loss 1.0179	Prec@(1,5) (63.6%, 96.3%)
08/24 03:28:31午前 searchStage_trainer.py:312 [INFO] Valid: Epoch: [3][300/391]	Step 1564	Loss 1.0205	Prec@(1,5) (63.5%, 96.4%)
08/24 03:28:34午前 searchStage_trainer.py:312 [INFO] Valid: Epoch: [3][350/391]	Step 1564	Loss 1.0202	Prec@(1,5) (63.5%, 96.4%)
08/24 03:28:37午前 searchStage_trainer.py:312 [INFO] Valid: Epoch: [3][390/391]	Step 1564	Loss 1.0231	Prec@(1,5) (63.3%, 96.4%)
08/24 03:28:38午前 searchStage_trainer.py:323 [INFO] Valid: [  3/49] Final Prec@1 63.3000%
