08/27 07:54:34PM parser.py:28 [INFO] 
08/27 07:54:34PM parser.py:29 [INFO] Parameters:
08/27 07:54:34PM parser.py:31 [INFO] DAG_PATH=results/search_stage_KD/cifar100/noSWDL/s0-BaselineBestCell/DAG
08/27 07:54:34PM parser.py:31 [INFO] T=10.0
08/27 07:54:34PM parser.py:31 [INFO] ADVANCED=True
08/27 07:54:34PM parser.py:31 [INFO] ALPHA_LR=0.0003
08/27 07:54:34PM parser.py:31 [INFO] ALPHA_WEIGHT_DECAY=0.001
08/27 07:54:34PM parser.py:31 [INFO] BATCH_SIZE=64
08/27 07:54:34PM parser.py:31 [INFO] CASCADE=False
08/27 07:54:34PM parser.py:31 [INFO] CHECKPOINT_RESET=False
08/27 07:54:34PM parser.py:31 [INFO] CUTOUT_LENGTH=0
08/27 07:54:34PM parser.py:31 [INFO] DATA_PATH=../data/
08/27 07:54:34PM parser.py:31 [INFO] DATASET=cifar100
08/27 07:54:34PM parser.py:31 [INFO] DEPTH_COEF=0.0
08/27 07:54:34PM parser.py:31 [INFO] DESCRIPTION=search_architecture_on_noKD_without_depth_loss_with_large_slidewindoe
08/27 07:54:34PM parser.py:31 [INFO] EPOCHS=50
08/27 07:54:34PM parser.py:31 [INFO] EXP_NAME=s0-BaselineBestCell
08/27 07:54:34PM parser.py:31 [INFO] GENOTYPE=Genotype3(normal1=[[('sep_conv_5x5', 0), ('sep_conv_3x3', 1)], [('sep_conv_3x3', 1), ('sep_conv_3x3', 0)], [('sep_conv_3x3', 1), ('sep_conv_3x3', 2)], [('sep_conv_3x3', 0), ('sep_conv_5x5', 4)]], normal1_concat=range(2, 6), reduce1=[[('sep_conv_3x3', 0), ('skip_connect', 1)], [('sep_conv_3x3', 1), ('max_pool_3x3', 0)], [('sep_conv_3x3', 2), ('sep_conv_3x3', 1)], [('max_pool_3x3', 0), ('dil_conv_3x3', 1)]], reduce1_concat=range(2, 6), normal2=[[('skip_connect', 0), ('sep_conv_5x5', 1)], [('skip_connect', 0), ('skip_connect', 2)], [('avg_pool_3x3', 0), ('avg_pool_3x3', 2)], [('skip_connect', 0), ('avg_pool_3x3', 2)]], normal2_concat=range(2, 6), reduce2=[[('avg_pool_3x3', 0), ('avg_pool_3x3', 1)], [('avg_pool_3x3', 0), ('skip_connect', 2)], [('skip_connect', 2), ('avg_pool_3x3', 0)], [('skip_connect', 2), ('avg_pool_3x3', 0)]], reduce2_concat=range(2, 6), normal3=[[('skip_connect', 0), ('skip_connect', 1)], [('skip_connect', 0), ('dil_conv_3x3', 1)], [('skip_connect', 0), ('skip_connect', 1)], [('skip_connect', 0), ('skip_connect', 2)]], normal3_concat=range(2, 6))
08/27 07:54:34PM parser.py:31 [INFO] GPUS=[0]
08/27 07:54:34PM parser.py:31 [INFO] INIT_CHANNELS=16
08/27 07:54:34PM parser.py:31 [INFO] L=0.5
08/27 07:54:34PM parser.py:31 [INFO] LAYERS=20
08/27 07:54:34PM parser.py:31 [INFO] LOGGER=<Logger H-DAS (INFO)>
08/27 07:54:34PM parser.py:31 [INFO] NAME=noSWDL
08/27 07:54:34PM parser.py:31 [INFO] NONKD=True
08/27 07:54:34PM parser.py:31 [INFO] PATH=results/search_stage_KD/cifar100/noSWDL/s0-BaselineBestCell
08/27 07:54:34PM parser.py:31 [INFO] PCDARTS=False
08/27 07:54:34PM parser.py:31 [INFO] PLOT_PATH=results/search_stage_KD/cifar100/noSWDL/s0-BaselineBestCell/plots
08/27 07:54:34PM parser.py:31 [INFO] PRINT_FREQ=50
08/27 07:54:34PM parser.py:31 [INFO] RESUME_PATH=None
08/27 07:54:34PM parser.py:31 [INFO] SAVE=s0-BaselineBestCell
08/27 07:54:34PM parser.py:31 [INFO] SEED=0
08/27 07:54:34PM parser.py:31 [INFO] SHARE_STAGE=False
08/27 07:54:34PM parser.py:31 [INFO] SLIDE_WINDOW=8
08/27 07:54:34PM parser.py:31 [INFO] SPEC_CELL=True
08/27 07:54:34PM parser.py:31 [INFO] TEACHER_NAME=non
08/27 07:54:34PM parser.py:31 [INFO] TEACHER_PATH=non
08/27 07:54:34PM parser.py:31 [INFO] TRAIN_PORTION=0.5
08/27 07:54:34PM parser.py:31 [INFO] W_GRAD_CLIP=5.0
08/27 07:54:34PM parser.py:31 [INFO] W_LR=0.025
08/27 07:54:34PM parser.py:31 [INFO] W_LR_MIN=0.001
08/27 07:54:34PM parser.py:31 [INFO] W_MOMENTUM=0.9
08/27 07:54:34PM parser.py:31 [INFO] W_WEIGHT_DECAY=0.0003
08/27 07:54:34PM parser.py:31 [INFO] WORKERS=4
08/27 07:54:34PM parser.py:32 [INFO] 
08/27 07:54:52PM searchStage_trainer.py:137 [INFO] --> No loaded checkpoint!
####### ALPHA #######
# Alpha - DAG
tensor([[0.2504, 0.2499, 0.2495, 0.2502],
        [0.2498, 0.2497, 0.2502, 0.2503]], device='cuda:0',
       grad_fn=<SoftmaxBackward0>)
tensor([[0.2499, 0.2500, 0.2499, 0.2501],
        [0.2498, 0.2503, 0.2498, 0.2501],
        [0.2500, 0.2503, 0.2499, 0.2498]], device='cuda:0',
       grad_fn=<SoftmaxBackward0>)
tensor([[0.2500, 0.2498, 0.2501, 0.2501],
        [0.2499, 0.2498, 0.2502, 0.2501],
        [0.2503, 0.2500, 0.2497, 0.2500],
        [0.2499, 0.2500, 0.2496, 0.2505]], device='cuda:0',
       grad_fn=<SoftmaxBackward0>)
tensor([[0.2501, 0.2500, 0.2499, 0.2499],
        [0.2499, 0.2501, 0.2499, 0.2501],
        [0.2500, 0.2502, 0.2498, 0.2500],
        [0.2498, 0.2500, 0.2501, 0.2501],
        [0.2499, 0.2506, 0.2495, 0.2500]], device='cuda:0',
       grad_fn=<SoftmaxBackward0>)
tensor([[0.2503, 0.2501, 0.2499, 0.2497],
        [0.2503, 0.2496, 0.2500, 0.2501],
        [0.2502, 0.2501, 0.2497, 0.2500],
        [0.2499, 0.2504, 0.2499, 0.2498],
        [0.2498, 0.2501, 0.2500, 0.2501],
        [0.2503, 0.2501, 0.2500, 0.2497]], device='cuda:0',
       grad_fn=<SoftmaxBackward0>)
tensor([[0.2500, 0.2500, 0.2504, 0.2496],
        [0.2503, 0.2500, 0.2502, 0.2495],
        [0.2500, 0.2498, 0.2500, 0.2501],
        [0.2502, 0.2497, 0.2501, 0.2500],
        [0.2501, 0.2498, 0.2501, 0.2500],
        [0.2500, 0.2500, 0.2499, 0.2500],
        [0.2501, 0.2499, 0.2502, 0.2498]], device='cuda:0',
       grad_fn=<SoftmaxBackward0>)
tensor([[0.2499, 0.2501, 0.2497, 0.2503],
        [0.2501, 0.2500, 0.2500, 0.2499]], device='cuda:0',
       grad_fn=<SoftmaxBackward0>)
tensor([[0.2501, 0.2502, 0.2499, 0.2498],
        [0.2502, 0.2505, 0.2497, 0.2496],
        [0.2496, 0.2505, 0.2496, 0.2503]], device='cuda:0',
       grad_fn=<SoftmaxBackward0>)
tensor([[0.2500, 0.2499, 0.2502, 0.2498],
        [0.2501, 0.2495, 0.2499, 0.2505],
        [0.2500, 0.2497, 0.2503, 0.2500],
        [0.2501, 0.2503, 0.2499, 0.2497]], device='cuda:0',
       grad_fn=<SoftmaxBackward0>)
tensor([[0.2499, 0.2505, 0.2498, 0.2499],
        [0.2500, 0.2500, 0.2499, 0.2501],
        [0.2501, 0.2499, 0.2500, 0.2500],
        [0.2505, 0.2498, 0.2498, 0.2499],
        [0.2499, 0.2503, 0.2501, 0.2498]], device='cuda:0',
       grad_fn=<SoftmaxBackward0>)
tensor([[0.2504, 0.2501, 0.2497, 0.2498],
        [0.2499, 0.2501, 0.2501, 0.2500],
        [0.2501, 0.2498, 0.2501, 0.2500],
        [0.2498, 0.2503, 0.2498, 0.2501],
        [0.2503, 0.2498, 0.2502, 0.2498],
        [0.2499, 0.2502, 0.2500, 0.2499]], device='cuda:0',
       grad_fn=<SoftmaxBackward0>)
tensor([[0.2502, 0.2499, 0.2501, 0.2499],
        [0.2498, 0.2500, 0.2505, 0.2497],
        [0.2503, 0.2499, 0.2498, 0.2499],
        [0.2499, 0.2507, 0.2497, 0.2498],
        [0.2501, 0.2499, 0.2497, 0.2503],
        [0.2507, 0.2499, 0.2496, 0.2497],
        [0.2502, 0.2498, 0.2504, 0.2497]], device='cuda:0',
       grad_fn=<SoftmaxBackward0>)
tensor([[0.2499, 0.2504, 0.2499, 0.2499],
        [0.2497, 0.2503, 0.2500, 0.2500]], device='cuda:0',
       grad_fn=<SoftmaxBackward0>)
tensor([[0.2499, 0.2502, 0.2501, 0.2499],
        [0.2499, 0.2505, 0.2497, 0.2499],
        [0.2500, 0.2502, 0.2499, 0.2499]], device='cuda:0',
       grad_fn=<SoftmaxBackward0>)
tensor([[0.2500, 0.2497, 0.2499, 0.2504],
        [0.2497, 0.2500, 0.2500, 0.2502],
        [0.2499, 0.2500, 0.2502, 0.2499],
        [0.2497, 0.2504, 0.2501, 0.2498]], device='cuda:0',
       grad_fn=<SoftmaxBackward0>)
tensor([[0.2500, 0.2497, 0.2499, 0.2504],
        [0.2497, 0.2502, 0.2499, 0.2502],
        [0.2503, 0.2501, 0.2497, 0.2499],
        [0.2498, 0.2502, 0.2498, 0.2501],
        [0.2501, 0.2500, 0.2501, 0.2498]], device='cuda:0',
       grad_fn=<SoftmaxBackward0>)
tensor([[0.2499, 0.2499, 0.2500, 0.2502],
        [0.2497, 0.2500, 0.2505, 0.2498],
        [0.2501, 0.2499, 0.2501, 0.2499],
        [0.2501, 0.2499, 0.2502, 0.2499],
        [0.2502, 0.2499, 0.2505, 0.2494],
        [0.2502, 0.2501, 0.2500, 0.2498]], device='cuda:0',
       grad_fn=<SoftmaxBackward0>)
tensor([[0.2499, 0.2502, 0.2503, 0.2495],
        [0.2501, 0.2498, 0.2500, 0.2501],
        [0.2497, 0.2504, 0.2498, 0.2501],
        [0.2499, 0.2499, 0.2499, 0.2503],
        [0.2500, 0.2499, 0.2504, 0.2497],
        [0.2498, 0.2502, 0.2497, 0.2503],
        [0.2500, 0.2502, 0.2497, 0.2501]], device='cuda:0',
       grad_fn=<SoftmaxBackward0>)
#####################
08/27 07:55:09PM searchStage_trainer.py:268 [INFO] Train: Epoch: [0][50/390]	Step 50	lr 0.025	Loss 4.5850 (4.7350)	Hard Loss 4.5850 (4.7350)	Soft Loss 4.5850 (4.7350)	Arch Loss 4.4600 (4.7816)	Arch Hard Loss 4.4600 (4.7816)	Arch Soft Loss 4.4600 (4.7816)	Arch depth Loss 0.0000 (0.0000)	Prec@(1,5) (2.5%, 9.3%)	
08/27 07:55:24PM searchStage_trainer.py:268 [INFO] Train: Epoch: [0][100/390]	Step 100	lr 0.025	Loss 4.2457 (4.5972)	Hard Loss 4.2457 (4.5972)	Soft Loss 4.2457 (4.5972)	Arch Loss 4.4092 (4.6335)	Arch Hard Loss 4.4092 (4.6335)	Arch Soft Loss 4.4092 (4.6335)	Arch depth Loss 0.0000 (0.0000)	Prec@(1,5) (2.7%, 10.9%)	
08/27 07:55:39PM searchStage_trainer.py:268 [INFO] Train: Epoch: [0][150/390]	Step 150	lr 0.025	Loss 4.0854 (4.4944)	Hard Loss 4.0854 (4.4944)	Soft Loss 4.0854 (4.4944)	Arch Loss 4.0969 (4.5040)	Arch Hard Loss 4.0969 (4.5040)	Arch Soft Loss 4.0969 (4.5040)	Arch depth Loss 0.0000 (0.0000)	Prec@(1,5) (3.3%, 12.8%)	
08/27 07:55:54PM searchStage_trainer.py:268 [INFO] Train: Epoch: [0][200/390]	Step 200	lr 0.025	Loss 4.2221 (4.4277)	Hard Loss 4.2221 (4.4277)	Soft Loss 4.2221 (4.4277)	Arch Loss 4.0283 (4.4248)	Arch Hard Loss 4.0283 (4.4248)	Arch Soft Loss 4.0283 (4.4248)	Arch depth Loss 0.0000 (0.0000)	Prec@(1,5) (3.7%, 14.5%)	
08/27 07:56:09PM searchStage_trainer.py:268 [INFO] Train: Epoch: [0][250/390]	Step 250	lr 0.025	Loss 4.1798 (4.3596)	Hard Loss 4.1798 (4.3596)	Soft Loss 4.1798 (4.3596)	Arch Loss 3.7485 (4.3597)	Arch Hard Loss 3.7485 (4.3597)	Arch Soft Loss 3.7485 (4.3597)	Arch depth Loss 0.0000 (0.0000)	Prec@(1,5) (4.3%, 16.3%)	
08/27 07:56:23PM searchStage_trainer.py:268 [INFO] Train: Epoch: [0][300/390]	Step 300	lr 0.025	Loss 3.9480 (4.3126)	Hard Loss 3.9480 (4.3126)	Soft Loss 3.9480 (4.3126)	Arch Loss 3.8518 (4.3128)	Arch Hard Loss 3.8518 (4.3128)	Arch Soft Loss 3.8518 (4.3128)	Arch depth Loss 0.0000 (0.0000)	Prec@(1,5) (4.7%, 17.4%)	
08/27 07:56:38PM searchStage_trainer.py:268 [INFO] Train: Epoch: [0][350/390]	Step 350	lr 0.025	Loss 3.8406 (4.2620)	Hard Loss 3.8406 (4.2620)	Soft Loss 3.8406 (4.2620)	Arch Loss 4.0249 (4.2619)	Arch Hard Loss 4.0249 (4.2619)	Arch Soft Loss 4.0249 (4.2619)	Arch depth Loss 0.0000 (0.0000)	Prec@(1,5) (5.1%, 18.9%)	
08/27 07:56:50PM searchStage_trainer.py:268 [INFO] Train: Epoch: [0][390/390]	Step 390	lr 0.025	Loss 3.9755 (4.2251)	Hard Loss 3.9755 (4.2251)	Soft Loss 3.9755 (4.2251)	Arch Loss 3.8085 (4.2280)	Arch Hard Loss 3.8085 (4.2280)	Arch Soft Loss 3.8085 (4.2280)	Arch depth Loss 0.0000 (0.0000)	Prec@(1,5) (5.5%, 20.0%)	
08/27 07:56:51PM searchStage_trainer.py:284 [INFO] Train: [  0/49] Final Prec@1 5.4960%
08/27 07:56:54PM searchStage_trainer.py:312 [INFO] Valid: Epoch: [0][50/391]	Step 391	Loss 3.9715	Prec@(1,5) (9.0%, 28.7%)
08/27 07:56:56PM searchStage_trainer.py:312 [INFO] Valid: Epoch: [0][100/391]	Step 391	Loss 3.9805	Prec@(1,5) (8.3%, 27.9%)
08/27 07:56:58PM searchStage_trainer.py:312 [INFO] Valid: Epoch: [0][150/391]	Step 391	Loss 3.9894	Prec@(1,5) (8.1%, 27.2%)
08/27 07:57:01PM searchStage_trainer.py:312 [INFO] Valid: Epoch: [0][200/391]	Step 391	Loss 3.9913	Prec@(1,5) (8.0%, 27.2%)
08/27 07:57:03PM searchStage_trainer.py:312 [INFO] Valid: Epoch: [0][250/391]	Step 391	Loss 4.0014	Prec@(1,5) (8.0%, 26.9%)
08/27 07:57:05PM searchStage_trainer.py:312 [INFO] Valid: Epoch: [0][300/391]	Step 391	Loss 3.9985	Prec@(1,5) (8.0%, 27.1%)
08/27 07:57:08PM searchStage_trainer.py:312 [INFO] Valid: Epoch: [0][350/391]	Step 391	Loss 3.9963	Prec@(1,5) (8.0%, 27.2%)
08/27 07:57:09PM searchStage_trainer.py:312 [INFO] Valid: Epoch: [0][390/391]	Step 391	Loss 3.9910	Prec@(1,5) (8.2%, 27.4%)
08/27 07:57:10PM searchStage_trainer.py:323 [INFO] Valid: [  0/49] Final Prec@1 8.1680%
08/27 07:57:10PM searchStage_KD_main.py:58 [INFO] DAG = Genotype2(DAG1=[[('max_pool_3x3', 0), ('skip_connect', 1)], [('max_pool_3x3', 1), ('skip_connect', 2)], [('max_pool_3x3', 0), ('max_pool_3x3', 1)], [('skip_connect', 0), ('skip_connect', 3)], [('max_pool_3x3', 0), ('max_pool_3x3', 1)], [('max_pool_3x3', 1), ('max_pool_3x3', 0)]], DAG1_concat=range(6, 8), DAG2=[[('skip_connect', 1), ('skip_connect', 0)], [('skip_connect', 0), ('skip_connect', 1)], [('skip_connect', 0), ('skip_connect', 1)], [('skip_connect', 0), ('skip_connect', 1)], [('max_pool_3x3', 1), ('skip_connect', 0)], [('max_pool_3x3', 1), ('max_pool_3x3', 2)]], DAG2_concat=range(6, 8), DAG3=[[('skip_connect', 1), ('skip_connect', 0)], [('skip_connect', 0), ('skip_connect', 1)], [('skip_connect', 0), ('skip_connect', 1)], [('skip_connect', 0), ('skip_connect', 1)], [('max_pool_3x3', 1), ('max_pool_3x3', 0)], [('skip_connect', 0), ('skip_connect', 1)]], DAG3_concat=range(6, 8))
08/27 07:57:10PM searchStage_KD_main.py:89 [INFO] Until now, best Prec@1 = 8.1680%
####### ALPHA #######
# Alpha - DAG
tensor([[0.2517, 0.2481, 0.2500, 0.2502],
        [0.2509, 0.2475, 0.2511, 0.2506]], device='cuda:0',
       grad_fn=<SoftmaxBackward0>)
tensor([[0.2501, 0.2478, 0.2501, 0.2520],
        [0.2509, 0.2500, 0.2504, 0.2487],
        [0.2503, 0.2491, 0.2508, 0.2498]], device='cuda:0',
       grad_fn=<SoftmaxBackward0>)
tensor([[0.2522, 0.2491, 0.2511, 0.2476],
        [0.2518, 0.2495, 0.2499, 0.2488],
        [0.2503, 0.2497, 0.2493, 0.2507],
        [0.2488, 0.2493, 0.2496, 0.2523]], device='cuda:0',
       grad_fn=<SoftmaxBackward0>)
tensor([[0.2499, 0.2496, 0.2513, 0.2492],
        [0.2488, 0.2497, 0.2511, 0.2504],
        [0.2499, 0.2503, 0.2497, 0.2501],
        [0.2495, 0.2498, 0.2511, 0.2497],
        [0.2497, 0.2501, 0.2495, 0.2507]], device='cuda:0',
       grad_fn=<SoftmaxBackward0>)
tensor([[0.2540, 0.2460, 0.2514, 0.2485],
        [0.2533, 0.2464, 0.2508, 0.2495],
        [0.2539, 0.2453, 0.2480, 0.2528],
        [0.2514, 0.2492, 0.2501, 0.2493],
        [0.2525, 0.2477, 0.2494, 0.2504],
        [0.2520, 0.2482, 0.2509, 0.2489]], device='cuda:0',
       grad_fn=<SoftmaxBackward0>)
tensor([[0.2527, 0.2475, 0.2527, 0.2471],
        [0.2533, 0.2486, 0.2518, 0.2463],
        [0.2514, 0.2463, 0.2487, 0.2537],
        [0.2518, 0.2481, 0.2489, 0.2512],
        [0.2516, 0.2475, 0.2512, 0.2497],
        [0.2524, 0.2476, 0.2494, 0.2506],
        [0.2520, 0.2478, 0.2497, 0.2506]], device='cuda:0',
       grad_fn=<SoftmaxBackward0>)
tensor([[0.2495, 0.2479, 0.2517, 0.2510],
        [0.2501, 0.2483, 0.2528, 0.2488]], device='cuda:0',
       grad_fn=<SoftmaxBackward0>)
tensor([[0.2501, 0.2501, 0.2540, 0.2458],
        [0.2503, 0.2494, 0.2533, 0.2470],
        [0.2513, 0.2474, 0.2454, 0.2559]], device='cuda:0',
       grad_fn=<SoftmaxBackward0>)
tensor([[0.2512, 0.2471, 0.2530, 0.2487],
        [0.2502, 0.2475, 0.2528, 0.2495],
        [0.2504, 0.2467, 0.2498, 0.2531],
        [0.2503, 0.2484, 0.2524, 0.2489]], device='cuda:0',
       grad_fn=<SoftmaxBackward0>)
tensor([[0.2478, 0.2501, 0.2525, 0.2496],
        [0.2516, 0.2497, 0.2517, 0.2470],
        [0.2483, 0.2499, 0.2506, 0.2511],
        [0.2477, 0.2500, 0.2520, 0.2503],
        [0.2481, 0.2498, 0.2503, 0.2518]], device='cuda:0',
       grad_fn=<SoftmaxBackward0>)
tensor([[0.2520, 0.2496, 0.2523, 0.2461],
        [0.2535, 0.2497, 0.2514, 0.2455],
        [0.2521, 0.2468, 0.2478, 0.2533],
        [0.2512, 0.2487, 0.2499, 0.2502],
        [0.2516, 0.2475, 0.2492, 0.2518],
        [0.2494, 0.2500, 0.2495, 0.2511]], device='cuda:0',
       grad_fn=<SoftmaxBackward0>)
tensor([[0.2524, 0.2503, 0.2515, 0.2458],
        [0.2543, 0.2485, 0.2502, 0.2470],
        [0.2538, 0.2475, 0.2494, 0.2493],
        [0.2513, 0.2475, 0.2508, 0.2505],
        [0.2499, 0.2463, 0.2482, 0.2555],
        [0.2520, 0.2477, 0.2509, 0.2495],
        [0.2483, 0.2508, 0.2502, 0.2507]], device='cuda:0',
       grad_fn=<SoftmaxBackward0>)
tensor([[0.2474, 0.2415, 0.2642, 0.2469],
        [0.2419, 0.2404, 0.2656, 0.2520]], device='cuda:0',
       grad_fn=<SoftmaxBackward0>)
tensor([[0.2468, 0.2395, 0.2633, 0.2503],
        [0.2470, 0.2441, 0.2609, 0.2479],
        [0.2494, 0.2473, 0.2517, 0.2516]], device='cuda:0',
       grad_fn=<SoftmaxBackward0>)
tensor([[0.2472, 0.2457, 0.2596, 0.2475],
        [0.2461, 0.2442, 0.2588, 0.2509],
        [0.2459, 0.2503, 0.2522, 0.2516],
        [0.2466, 0.2502, 0.2533, 0.2499]], device='cuda:0',
       grad_fn=<SoftmaxBackward0>)
tensor([[0.2485, 0.2449, 0.2565, 0.2501],
        [0.2496, 0.2473, 0.2550, 0.2481],
        [0.2496, 0.2499, 0.2537, 0.2468],
        [0.2481, 0.2491, 0.2516, 0.2512],
        [0.2491, 0.2482, 0.2493, 0.2534]], device='cuda:0',
       grad_fn=<SoftmaxBackward0>)
tensor([[0.2549, 0.2475, 0.2532, 0.2444],
        [0.2580, 0.2467, 0.2519, 0.2434],
        [0.2511, 0.2462, 0.2531, 0.2495],
        [0.2472, 0.2482, 0.2510, 0.2536],
        [0.2483, 0.2479, 0.2508, 0.2530],
        [0.2463, 0.2487, 0.2514, 0.2536]], device='cuda:0',
       grad_fn=<SoftmaxBackward0>)
tensor([[0.2519, 0.2492, 0.2557, 0.2431],
        [0.2528, 0.2490, 0.2549, 0.2434],
        [0.2469, 0.2491, 0.2535, 0.2504],
        [0.2473, 0.2469, 0.2521, 0.2536],
        [0.2469, 0.2465, 0.2518, 0.2549],
        [0.2455, 0.2492, 0.2514, 0.2539],
        [0.2463, 0.2540, 0.2495, 0.2502]], device='cuda:0',
       grad_fn=<SoftmaxBackward0>)
#####################
08/27 07:57:26午後 searchStage_trainer.py:268 [INFO] Train: Epoch: [1][50/390]	Step 441	lr 0.02498	Loss 3.7404 (3.8649)	Hard Loss 3.7404 (3.8649)	Soft Loss 3.7404 (3.8649)	Arch Loss 3.7609 (3.8951)	Arch Hard Loss 3.7609 (3.8951)	Arch Soft Loss 3.7609 (3.8951)	Arch depth Loss 0.0000 (0.0000)	Prec@(1,5) (9.7%, 29.6%)	
08/27 07:57:41午後 searchStage_trainer.py:268 [INFO] Train: Epoch: [1][100/390]	Step 491	lr 0.02498	Loss 3.7135 (3.8442)	Hard Loss 3.7135 (3.8442)	Soft Loss 3.7135 (3.8442)	Arch Loss 3.8153 (3.8589)	Arch Hard Loss 3.8153 (3.8589)	Arch Soft Loss 3.8153 (3.8589)	Arch depth Loss 0.0000 (0.0000)	Prec@(1,5) (9.9%, 30.4%)	
08/27 07:57:56午後 searchStage_trainer.py:268 [INFO] Train: Epoch: [1][150/390]	Step 541	lr 0.02498	Loss 3.9544 (3.8068)	Hard Loss 3.9544 (3.8068)	Soft Loss 3.9544 (3.8068)	Arch Loss 3.8124 (3.8413)	Arch Hard Loss 3.8124 (3.8413)	Arch Soft Loss 3.8124 (3.8413)	Arch depth Loss 0.0000 (0.0000)	Prec@(1,5) (10.1%, 31.4%)	
08/27 07:58:11午後 searchStage_trainer.py:268 [INFO] Train: Epoch: [1][200/390]	Step 591	lr 0.02498	Loss 3.8617 (3.7950)	Hard Loss 3.8617 (3.7950)	Soft Loss 3.8617 (3.7950)	Arch Loss 3.8131 (3.8152)	Arch Hard Loss 3.8131 (3.8152)	Arch Soft Loss 3.8131 (3.8152)	Arch depth Loss 0.0000 (0.0000)	Prec@(1,5) (10.4%, 32.0%)	
08/27 07:58:25午後 searchStage_trainer.py:268 [INFO] Train: Epoch: [1][250/390]	Step 641	lr 0.02498	Loss 3.7063 (3.7795)	Hard Loss 3.7063 (3.7795)	Soft Loss 3.7063 (3.7795)	Arch Loss 3.6605 (3.7808)	Arch Hard Loss 3.6605 (3.7808)	Arch Soft Loss 3.6605 (3.7808)	Arch depth Loss -0.0000 (0.0000)	Prec@(1,5) (10.5%, 32.4%)	
08/27 07:58:40午後 searchStage_trainer.py:268 [INFO] Train: Epoch: [1][300/390]	Step 691	lr 0.02498	Loss 3.6810 (3.7564)	Hard Loss 3.6810 (3.7564)	Soft Loss 3.6810 (3.7564)	Arch Loss 3.6963 (3.7596)	Arch Hard Loss 3.6963 (3.7596)	Arch Soft Loss 3.6963 (3.7596)	Arch depth Loss -0.0000 (0.0000)	Prec@(1,5) (10.8%, 33.3%)	
08/27 07:58:54午後 searchStage_trainer.py:268 [INFO] Train: Epoch: [1][350/390]	Step 741	lr 0.02498	Loss 3.6529 (3.7364)	Hard Loss 3.6529 (3.7364)	Soft Loss 3.6529 (3.7364)	Arch Loss 3.7255 (3.7366)	Arch Hard Loss 3.7255 (3.7366)	Arch Soft Loss 3.7255 (3.7366)	Arch depth Loss -0.0000 (0.0000)	Prec@(1,5) (11.2%, 34.1%)	
08/27 07:59:06午後 searchStage_trainer.py:268 [INFO] Train: Epoch: [1][390/390]	Step 781	lr 0.02498	Loss 3.8198 (3.7219)	Hard Loss 3.8198 (3.7219)	Soft Loss 3.8198 (3.7219)	Arch Loss 3.3333 (3.7238)	Arch Hard Loss 3.3333 (3.7238)	Arch Soft Loss 3.3333 (3.7238)	Arch depth Loss -0.0000 (0.0000)	Prec@(1,5) (11.4%, 34.6%)	
08/27 07:59:07午後 searchStage_trainer.py:284 [INFO] Train: [  1/49] Final Prec@1 11.3600%
08/27 07:59:09午後 searchStage_trainer.py:312 [INFO] Valid: Epoch: [1][50/391]	Step 782	Loss 3.5738	Prec@(1,5) (13.7%, 40.6%)
08/27 07:59:11午後 searchStage_trainer.py:312 [INFO] Valid: Epoch: [1][100/391]	Step 782	Loss 3.5925	Prec@(1,5) (14.0%, 39.6%)
08/27 07:59:14午後 searchStage_trainer.py:312 [INFO] Valid: Epoch: [1][150/391]	Step 782	Loss 3.5981	Prec@(1,5) (13.9%, 39.2%)
08/27 07:59:16午後 searchStage_trainer.py:312 [INFO] Valid: Epoch: [1][200/391]	Step 782	Loss 3.6038	Prec@(1,5) (13.9%, 39.0%)
08/27 07:59:18午後 searchStage_trainer.py:312 [INFO] Valid: Epoch: [1][250/391]	Step 782	Loss 3.6010	Prec@(1,5) (13.8%, 39.1%)
08/27 07:59:20午後 searchStage_trainer.py:312 [INFO] Valid: Epoch: [1][300/391]	Step 782	Loss 3.6017	Prec@(1,5) (13.9%, 39.0%)
08/27 07:59:23午後 searchStage_trainer.py:312 [INFO] Valid: Epoch: [1][350/391]	Step 782	Loss 3.6017	Prec@(1,5) (13.9%, 39.0%)
08/27 07:59:24午後 searchStage_trainer.py:312 [INFO] Valid: Epoch: [1][390/391]	Step 782	Loss 3.5993	Prec@(1,5) (13.9%, 39.3%)
08/27 07:59:25午後 searchStage_trainer.py:323 [INFO] Valid: [  1/49] Final Prec@1 13.8920%
08/27 07:59:25午後 searchStage_KD_main.py:58 [INFO] DAG = Genotype2(DAG1=[[('skip_connect', 0), ('skip_connect', 1)], [('skip_connect', 1), ('skip_connect', 0)], [('skip_connect', 0), ('max_pool_3x3', 1)], [('skip_connect', 0), ('skip_connect', 1)], [('skip_connect', 0), ('skip_connect', 1)], [('max_pool_3x3', 1), ('skip_connect', 0)]], DAG1_concat=range(6, 8), DAG2=[[('skip_connect', 1), ('skip_connect', 0)], [('skip_connect', 1), ('skip_connect', 0)], [('skip_connect', 3), ('max_pool_3x3', 0)], [('skip_connect', 0), ('skip_connect', 1)], [('skip_connect', 0), ('skip_connect', 1)], [('skip_connect', 0), ('skip_connect', 1)]], DAG2_concat=range(6, 8), DAG3=[[('skip_connect', 1), ('skip_connect', 0)], [('skip_connect', 0), ('skip_connect', 1)], [('skip_connect', 0), ('skip_connect', 1)], [('skip_connect', 0), ('skip_connect', 1)], [('max_pool_3x3', 0), ('max_pool_3x3', 1)], [('max_pool_3x3', 0), ('max_pool_3x3', 1)]], DAG3_concat=range(6, 8))
08/27 07:59:25午後 searchStage_KD_main.py:89 [INFO] Until now, best Prec@1 = 13.8920%
####### ALPHA #######
# Alpha - DAG
tensor([[0.2481, 0.2442, 0.2574, 0.2503],
        [0.2495, 0.2432, 0.2566, 0.2507]], device='cuda:0',
       grad_fn=<SoftmaxBackward0>)
tensor([[0.2476, 0.2456, 0.2560, 0.2508],
        [0.2490, 0.2471, 0.2555, 0.2484],
        [0.2481, 0.2469, 0.2537, 0.2512]], device='cuda:0',
       grad_fn=<SoftmaxBackward0>)
tensor([[0.2528, 0.2451, 0.2552, 0.2469],
        [0.2529, 0.2461, 0.2525, 0.2485],
        [0.2501, 0.2472, 0.2525, 0.2502],
        [0.2473, 0.2490, 0.2496, 0.2540]], device='cuda:0',
       grad_fn=<SoftmaxBackward0>)
tensor([[0.2502, 0.2485, 0.2554, 0.2458],
        [0.2471, 0.2477, 0.2553, 0.2500],
        [0.2486, 0.2497, 0.2493, 0.2524],
        [0.2492, 0.2503, 0.2533, 0.2471],
        [0.2484, 0.2473, 0.2501, 0.2542]], device='cuda:0',
       grad_fn=<SoftmaxBackward0>)
tensor([[0.2588, 0.2426, 0.2590, 0.2396],
        [0.2576, 0.2431, 0.2580, 0.2413],
        [0.2548, 0.2428, 0.2472, 0.2552],
        [0.2510, 0.2431, 0.2505, 0.2553],
        [0.2566, 0.2415, 0.2472, 0.2547],
        [0.2535, 0.2443, 0.2494, 0.2528]], device='cuda:0',
       grad_fn=<SoftmaxBackward0>)
tensor([[0.2567, 0.2454, 0.2580, 0.2400],
        [0.2584, 0.2468, 0.2567, 0.2382],
        [0.2493, 0.2437, 0.2468, 0.2602],
        [0.2494, 0.2448, 0.2506, 0.2553],
        [0.2508, 0.2452, 0.2548, 0.2492],
        [0.2509, 0.2453, 0.2467, 0.2572],
        [0.2514, 0.2478, 0.2505, 0.2504]], device='cuda:0',
       grad_fn=<SoftmaxBackward0>)
tensor([[0.2457, 0.2411, 0.2594, 0.2538],
        [0.2472, 0.2448, 0.2634, 0.2446]], device='cuda:0',
       grad_fn=<SoftmaxBackward0>)
tensor([[0.2504, 0.2461, 0.2619, 0.2416],
        [0.2479, 0.2441, 0.2625, 0.2455],
        [0.2505, 0.2473, 0.2421, 0.2601]], device='cuda:0',
       grad_fn=<SoftmaxBackward0>)
tensor([[0.2543, 0.2436, 0.2530, 0.2491],
        [0.2536, 0.2435, 0.2541, 0.2488],
        [0.2526, 0.2438, 0.2457, 0.2579],
        [0.2513, 0.2494, 0.2544, 0.2449]], device='cuda:0',
       grad_fn=<SoftmaxBackward0>)
tensor([[0.2467, 0.2493, 0.2573, 0.2467],
        [0.2524, 0.2496, 0.2564, 0.2417],
        [0.2480, 0.2505, 0.2494, 0.2520],
        [0.2498, 0.2480, 0.2471, 0.2551],
        [0.2490, 0.2500, 0.2495, 0.2516]], device='cuda:0',
       grad_fn=<SoftmaxBackward0>)
tensor([[0.2515, 0.2489, 0.2586, 0.2410],
        [0.2537, 0.2500, 0.2571, 0.2392],
        [0.2505, 0.2452, 0.2455, 0.2587],
        [0.2472, 0.2497, 0.2543, 0.2487],
        [0.2507, 0.2449, 0.2457, 0.2587],
        [0.2527, 0.2476, 0.2492, 0.2505]], device='cuda:0',
       grad_fn=<SoftmaxBackward0>)
tensor([[0.2528, 0.2521, 0.2561, 0.2390],
        [0.2517, 0.2493, 0.2551, 0.2439],
        [0.2526, 0.2473, 0.2508, 0.2493],
        [0.2466, 0.2484, 0.2537, 0.2513],
        [0.2475, 0.2469, 0.2464, 0.2592],
        [0.2517, 0.2474, 0.2519, 0.2490],
        [0.2462, 0.2512, 0.2479, 0.2547]], device='cuda:0',
       grad_fn=<SoftmaxBackward0>)
tensor([[0.2527, 0.2309, 0.2664, 0.2500],
        [0.2466, 0.2335, 0.2706, 0.2493]], device='cuda:0',
       grad_fn=<SoftmaxBackward0>)
tensor([[0.2503, 0.2303, 0.2627, 0.2568],
        [0.2524, 0.2326, 0.2618, 0.2533],
        [0.2550, 0.2478, 0.2551, 0.2421]], device='cuda:0',
       grad_fn=<SoftmaxBackward0>)
tensor([[0.2546, 0.2348, 0.2578, 0.2527],
        [0.2517, 0.2333, 0.2571, 0.2579],
        [0.2506, 0.2469, 0.2544, 0.2480],
        [0.2512, 0.2501, 0.2541, 0.2446]], device='cuda:0',
       grad_fn=<SoftmaxBackward0>)
tensor([[0.2520, 0.2394, 0.2563, 0.2523],
        [0.2530, 0.2410, 0.2546, 0.2514],
        [0.2531, 0.2479, 0.2538, 0.2452],
        [0.2491, 0.2490, 0.2543, 0.2476],
        [0.2454, 0.2490, 0.2517, 0.2539]], device='cuda:0',
       grad_fn=<SoftmaxBackward0>)
tensor([[0.2759, 0.2417, 0.2434, 0.2390],
        [0.2749, 0.2405, 0.2447, 0.2399],
        [0.2619, 0.2435, 0.2480, 0.2467],
        [0.2561, 0.2430, 0.2439, 0.2570],
        [0.2534, 0.2447, 0.2441, 0.2577],
        [0.2499, 0.2470, 0.2473, 0.2558]], device='cuda:0',
       grad_fn=<SoftmaxBackward0>)
tensor([[0.2695, 0.2434, 0.2485, 0.2385],
        [0.2663, 0.2443, 0.2501, 0.2394],
        [0.2557, 0.2444, 0.2491, 0.2509],
        [0.2537, 0.2410, 0.2474, 0.2579],
        [0.2515, 0.2426, 0.2469, 0.2590],
        [0.2511, 0.2477, 0.2477, 0.2536],
        [0.2505, 0.2550, 0.2441, 0.2504]], device='cuda:0',
       grad_fn=<SoftmaxBackward0>)
#####################
08/27 07:59:41午後 searchStage_trainer.py:268 [INFO] Train: Epoch: [2][50/390]	Step 832	lr 0.02491	Loss 3.3870 (3.5038)	Hard Loss 3.3870 (3.5038)	Soft Loss 3.3870 (3.5038)	Arch Loss 3.6745 (3.5317)	Arch Hard Loss 3.6745 (3.5317)	Arch Soft Loss 3.6745 (3.5317)	Arch depth Loss -0.0000 (0.0000)	Prec@(1,5) (14.8%, 41.7%)	
08/27 07:59:56午後 searchStage_trainer.py:268 [INFO] Train: Epoch: [2][100/390]	Step 882	lr 0.02491	Loss 3.8534 (3.4990)	Hard Loss 3.8534 (3.4990)	Soft Loss 3.8534 (3.4990)	Arch Loss 3.6237 (3.5340)	Arch Hard Loss 3.6237 (3.5340)	Arch Soft Loss 3.6237 (3.5340)	Arch depth Loss -0.0000 (0.0000)	Prec@(1,5) (14.7%, 41.5%)	
08/27 08:00:11午後 searchStage_trainer.py:268 [INFO] Train: Epoch: [2][150/390]	Step 932	lr 0.02491	Loss 3.4340 (3.4979)	Hard Loss 3.4340 (3.4979)	Soft Loss 3.4340 (3.4979)	Arch Loss 3.5997 (3.4953)	Arch Hard Loss 3.5997 (3.4953)	Arch Soft Loss 3.5997 (3.4953)	Arch depth Loss -0.0000 (0.0000)	Prec@(1,5) (14.7%, 41.6%)	
08/27 08:00:26午後 searchStage_trainer.py:268 [INFO] Train: Epoch: [2][200/390]	Step 982	lr 0.02491	Loss 3.4925 (3.4730)	Hard Loss 3.4925 (3.4730)	Soft Loss 3.4925 (3.4730)	Arch Loss 3.4401 (3.4916)	Arch Hard Loss 3.4401 (3.4916)	Arch Soft Loss 3.4401 (3.4916)	Arch depth Loss -0.0000 (0.0000)	Prec@(1,5) (15.1%, 42.5%)	
08/27 08:00:41午後 searchStage_trainer.py:268 [INFO] Train: Epoch: [2][250/390]	Step 1032	lr 0.02491	Loss 3.4469 (3.4534)	Hard Loss 3.4469 (3.4534)	Soft Loss 3.4469 (3.4534)	Arch Loss 3.5030 (3.4751)	Arch Hard Loss 3.5030 (3.4751)	Arch Soft Loss 3.5030 (3.4751)	Arch depth Loss -0.0000 (0.0000)	Prec@(1,5) (15.5%, 43.0%)	
08/27 08:00:55午後 searchStage_trainer.py:268 [INFO] Train: Epoch: [2][300/390]	Step 1082	lr 0.02491	Loss 3.4877 (3.4378)	Hard Loss 3.4877 (3.4378)	Soft Loss 3.4877 (3.4378)	Arch Loss 3.6634 (3.4584)	Arch Hard Loss 3.6634 (3.4584)	Arch Soft Loss 3.6634 (3.4584)	Arch depth Loss -0.0000 (0.0000)	Prec@(1,5) (15.8%, 43.3%)	
08/27 08:01:10午後 searchStage_trainer.py:268 [INFO] Train: Epoch: [2][350/390]	Step 1132	lr 0.02491	Loss 3.2209 (3.4217)	Hard Loss 3.2209 (3.4217)	Soft Loss 3.2209 (3.4217)	Arch Loss 2.9546 (3.4338)	Arch Hard Loss 2.9546 (3.4338)	Arch Soft Loss 2.9546 (3.4338)	Arch depth Loss -0.0000 (0.0000)	Prec@(1,5) (16.1%, 43.8%)	
08/27 08:01:22午後 searchStage_trainer.py:268 [INFO] Train: Epoch: [2][390/390]	Step 1172	lr 0.02491	Loss 3.5941 (3.4102)	Hard Loss 3.5941 (3.4102)	Soft Loss 3.5941 (3.4102)	Arch Loss 3.5854 (3.4185)	Arch Hard Loss 3.5854 (3.4185)	Arch Soft Loss 3.5854 (3.4185)	Arch depth Loss -0.0000 (0.0000)	Prec@(1,5) (16.3%, 44.2%)	
08/27 08:01:23午後 searchStage_trainer.py:284 [INFO] Train: [  2/49] Final Prec@1 16.3120%
08/27 08:01:25午後 searchStage_trainer.py:312 [INFO] Valid: Epoch: [2][50/391]	Step 1173	Loss 3.4198	Prec@(1,5) (16.3%, 44.2%)
08/27 08:01:28午後 searchStage_trainer.py:312 [INFO] Valid: Epoch: [2][100/391]	Step 1173	Loss 3.4196	Prec@(1,5) (16.8%, 44.3%)
08/27 08:01:30午後 searchStage_trainer.py:312 [INFO] Valid: Epoch: [2][150/391]	Step 1173	Loss 3.4086	Prec@(1,5) (16.8%, 44.4%)
08/27 08:01:32午後 searchStage_trainer.py:312 [INFO] Valid: Epoch: [2][200/391]	Step 1173	Loss 3.4127	Prec@(1,5) (16.7%, 44.5%)
08/27 08:01:35午後 searchStage_trainer.py:312 [INFO] Valid: Epoch: [2][250/391]	Step 1173	Loss 3.3924	Prec@(1,5) (17.0%, 45.0%)
08/27 08:01:37午後 searchStage_trainer.py:312 [INFO] Valid: Epoch: [2][300/391]	Step 1173	Loss 3.3769	Prec@(1,5) (17.2%, 45.3%)
08/27 08:01:39午後 searchStage_trainer.py:312 [INFO] Valid: Epoch: [2][350/391]	Step 1173	Loss 3.3677	Prec@(1,5) (17.4%, 45.5%)
08/27 08:01:41午後 searchStage_trainer.py:312 [INFO] Valid: Epoch: [2][390/391]	Step 1173	Loss 3.3628	Prec@(1,5) (17.6%, 45.5%)
08/27 08:01:41午後 searchStage_trainer.py:323 [INFO] Valid: [  2/49] Final Prec@1 17.5520%
08/27 08:01:41午後 searchStage_KD_main.py:58 [INFO] DAG = Genotype2(DAG1=[[('skip_connect', 0), ('skip_connect', 1)], [('skip_connect', 1), ('skip_connect', 0)], [('skip_connect', 0), ('skip_connect', 1)], [('skip_connect', 0), ('skip_connect', 1)], [('skip_connect', 0), ('skip_connect', 1)], [('skip_connect', 0), ('max_pool_3x3', 1)]], DAG1_concat=range(6, 8), DAG2=[[('skip_connect', 1), ('skip_connect', 0)], [('skip_connect', 0), ('skip_connect', 1)], [('skip_connect', 3), ('skip_connect', 1)], [('skip_connect', 1), ('skip_connect', 0)], [('skip_connect', 0), ('skip_connect', 1)], [('skip_connect', 0), ('skip_connect', 1)]], DAG2_concat=range(6, 8), DAG3=[[('skip_connect', 1), ('skip_connect', 0)], [('skip_connect', 1), ('skip_connect', 0)], [('max_pool_3x3', 0), ('skip_connect', 1)], [('max_pool_3x3', 1), ('max_pool_3x3', 2)], [('max_pool_3x3', 1), ('max_pool_3x3', 0)], [('max_pool_3x3', 1), ('max_pool_3x3', 0)]], DAG3_concat=range(6, 8))
08/27 08:01:42午後 searchStage_KD_main.py:89 [INFO] Until now, best Prec@1 = 17.5520%
####### ALPHA #######
# Alpha - DAG
tensor([[0.2428, 0.2382, 0.2700, 0.2490],
        [0.2451, 0.2364, 0.2667, 0.2519]], device='cuda:0',
       grad_fn=<SoftmaxBackward0>)
tensor([[0.2423, 0.2419, 0.2652, 0.2506],
        [0.2424, 0.2426, 0.2661, 0.2489],
        [0.2447, 0.2472, 0.2576, 0.2505]], device='cuda:0',
       grad_fn=<SoftmaxBackward0>)
tensor([[0.2509, 0.2431, 0.2625, 0.2436],
        [0.2524, 0.2441, 0.2605, 0.2431],
        [0.2461, 0.2443, 0.2542, 0.2554],
        [0.2434, 0.2501, 0.2507, 0.2559]], device='cuda:0',
       grad_fn=<SoftmaxBackward0>)
tensor([[0.2450, 0.2438, 0.2612, 0.2499],
        [0.2434, 0.2431, 0.2602, 0.2533],
        [0.2510, 0.2476, 0.2510, 0.2503],
        [0.2491, 0.2493, 0.2540, 0.2476],
        [0.2485, 0.2483, 0.2530, 0.2503]], device='cuda:0',
       grad_fn=<SoftmaxBackward0>)
tensor([[0.2538, 0.2399, 0.2732, 0.2331],
        [0.2550, 0.2393, 0.2714, 0.2343],
        [0.2560, 0.2382, 0.2479, 0.2579],
        [0.2453, 0.2403, 0.2574, 0.2570],
        [0.2520, 0.2393, 0.2503, 0.2583],
        [0.2495, 0.2412, 0.2476, 0.2616]], device='cuda:0',
       grad_fn=<SoftmaxBackward0>)
tensor([[0.2607, 0.2436, 0.2638, 0.2319],
        [0.2638, 0.2433, 0.2628, 0.2301],
        [0.2466, 0.2429, 0.2493, 0.2612],
        [0.2435, 0.2439, 0.2530, 0.2597],
        [0.2491, 0.2454, 0.2524, 0.2530],
        [0.2490, 0.2429, 0.2441, 0.2640],
        [0.2474, 0.2484, 0.2500, 0.2542]], device='cuda:0',
       grad_fn=<SoftmaxBackward0>)
tensor([[0.2417, 0.2396, 0.2675, 0.2513],
        [0.2428, 0.2421, 0.2692, 0.2460]], device='cuda:0',
       grad_fn=<SoftmaxBackward0>)
tensor([[0.2437, 0.2440, 0.2693, 0.2431],
        [0.2424, 0.2424, 0.2683, 0.2470],
        [0.2496, 0.2496, 0.2439, 0.2569]], device='cuda:0',
       grad_fn=<SoftmaxBackward0>)
tensor([[0.2519, 0.2368, 0.2553, 0.2561],
        [0.2511, 0.2379, 0.2561, 0.2549],
        [0.2538, 0.2437, 0.2502, 0.2523],
        [0.2514, 0.2480, 0.2604, 0.2402]], device='cuda:0',
       grad_fn=<SoftmaxBackward0>)
tensor([[0.2456, 0.2469, 0.2563, 0.2512],
        [0.2515, 0.2518, 0.2570, 0.2398],
        [0.2449, 0.2530, 0.2548, 0.2473],
        [0.2504, 0.2468, 0.2458, 0.2570],
        [0.2466, 0.2504, 0.2492, 0.2538]], device='cuda:0',
       grad_fn=<SoftmaxBackward0>)
tensor([[0.2495, 0.2497, 0.2654, 0.2354],
        [0.2540, 0.2495, 0.2624, 0.2341],
        [0.2503, 0.2438, 0.2484, 0.2575],
        [0.2456, 0.2491, 0.2559, 0.2494],
        [0.2512, 0.2447, 0.2442, 0.2599],
        [0.2562, 0.2432, 0.2437, 0.2569]], device='cuda:0',
       grad_fn=<SoftmaxBackward0>)
tensor([[0.2494, 0.2544, 0.2609, 0.2353],
        [0.2504, 0.2537, 0.2581, 0.2378],
        [0.2498, 0.2475, 0.2512, 0.2516],
        [0.2453, 0.2477, 0.2555, 0.2515],
        [0.2463, 0.2464, 0.2465, 0.2608],
        [0.2483, 0.2484, 0.2502, 0.2531],
        [0.2422, 0.2511, 0.2505, 0.2562]], device='cuda:0',
       grad_fn=<SoftmaxBackward0>)
tensor([[0.2526, 0.2225, 0.2722, 0.2527],
        [0.2497, 0.2267, 0.2774, 0.2462]], device='cuda:0',
       grad_fn=<SoftmaxBackward0>)
tensor([[0.2510, 0.2234, 0.2646, 0.2611],
        [0.2556, 0.2267, 0.2653, 0.2524],
        [0.2633, 0.2457, 0.2520, 0.2390]], device='cuda:0',
       grad_fn=<SoftmaxBackward0>)
tensor([[0.2581, 0.2299, 0.2563, 0.2557],
        [0.2562, 0.2313, 0.2572, 0.2553],
        [0.2566, 0.2455, 0.2521, 0.2459],
        [0.2526, 0.2484, 0.2534, 0.2456]], device='cuda:0',
       grad_fn=<SoftmaxBackward0>)
tensor([[0.2509, 0.2349, 0.2574, 0.2568],
        [0.2574, 0.2385, 0.2559, 0.2481],
        [0.2574, 0.2461, 0.2494, 0.2471],
        [0.2497, 0.2466, 0.2551, 0.2485],
        [0.2458, 0.2491, 0.2545, 0.2506]], device='cuda:0',
       grad_fn=<SoftmaxBackward0>)
tensor([[0.2869, 0.2358, 0.2401, 0.2373],
        [0.2894, 0.2354, 0.2405, 0.2347],
        [0.2666, 0.2382, 0.2446, 0.2506],
        [0.2591, 0.2384, 0.2433, 0.2592],
        [0.2553, 0.2430, 0.2434, 0.2583],
        [0.2550, 0.2429, 0.2449, 0.2571]], device='cuda:0',
       grad_fn=<SoftmaxBackward0>)
tensor([[0.2795, 0.2362, 0.2466, 0.2376],
        [0.2790, 0.2394, 0.2477, 0.2339],
        [0.2608, 0.2375, 0.2477, 0.2539],
        [0.2580, 0.2353, 0.2453, 0.2614],
        [0.2561, 0.2397, 0.2454, 0.2588],
        [0.2550, 0.2440, 0.2449, 0.2560],
        [0.2541, 0.2552, 0.2421, 0.2485]], device='cuda:0',
       grad_fn=<SoftmaxBackward0>)
#####################
08/27 08:01:58午後 searchStage_trainer.py:268 [INFO] Train: Epoch: [3][50/390]	Step 1223	lr 0.02479	Loss 3.2173 (3.2403)	Hard Loss 3.2173 (3.2403)	Soft Loss 3.2173 (3.2403)	Arch Loss 2.9977 (3.2683)	Arch Hard Loss 2.9977 (3.2683)	Arch Soft Loss 2.9977 (3.2683)	Arch depth Loss -0.0000 (0.0000)	Prec@(1,5) (19.3%, 49.0%)	
08/27 08:02:13午後 searchStage_trainer.py:268 [INFO] Train: Epoch: [3][100/390]	Step 1273	lr 0.02479	Loss 3.1060 (3.2350)	Hard Loss 3.1060 (3.2350)	Soft Loss 3.1060 (3.2350)	Arch Loss 3.2156 (3.2693)	Arch Hard Loss 3.2156 (3.2693)	Arch Soft Loss 3.2156 (3.2693)	Arch depth Loss 0.0000 (0.0000)	Prec@(1,5) (19.5%, 48.6%)	
08/27 08:02:28午後 searchStage_trainer.py:268 [INFO] Train: Epoch: [3][150/390]	Step 1323	lr 0.02479	Loss 3.2575 (3.2060)	Hard Loss 3.2575 (3.2060)	Soft Loss 3.2575 (3.2060)	Arch Loss 3.0587 (3.2500)	Arch Hard Loss 3.0587 (3.2500)	Arch Soft Loss 3.0587 (3.2500)	Arch depth Loss -0.0000 (0.0000)	Prec@(1,5) (20.2%, 49.7%)	
08/27 08:02:42午後 searchStage_trainer.py:268 [INFO] Train: Epoch: [3][200/390]	Step 1373	lr 0.02479	Loss 2.9866 (3.2000)	Hard Loss 2.9866 (3.2000)	Soft Loss 2.9866 (3.2000)	Arch Loss 3.0453 (3.2322)	Arch Hard Loss 3.0453 (3.2322)	Arch Soft Loss 3.0453 (3.2322)	Arch depth Loss -0.0000 (0.0000)	Prec@(1,5) (20.4%, 49.9%)	
08/27 08:02:57午後 searchStage_trainer.py:268 [INFO] Train: Epoch: [3][250/390]	Step 1423	lr 0.02479	Loss 3.2672 (3.1837)	Hard Loss 3.2672 (3.1837)	Soft Loss 3.2672 (3.1837)	Arch Loss 3.2006 (3.2218)	Arch Hard Loss 3.2006 (3.2218)	Arch Soft Loss 3.2006 (3.2218)	Arch depth Loss -0.0000 (0.0000)	Prec@(1,5) (20.6%, 50.2%)	
08/27 08:03:12午後 searchStage_trainer.py:268 [INFO] Train: Epoch: [3][300/390]	Step 1473	lr 0.02479	Loss 3.1855 (3.1758)	Hard Loss 3.1855 (3.1758)	Soft Loss 3.1855 (3.1758)	Arch Loss 3.3352 (3.2174)	Arch Hard Loss 3.3352 (3.2174)	Arch Soft Loss 3.3352 (3.2174)	Arch depth Loss -0.0000 (0.0000)	Prec@(1,5) (20.8%, 50.3%)	
08/27 08:03:27午後 searchStage_trainer.py:268 [INFO] Train: Epoch: [3][350/390]	Step 1523	lr 0.02479	Loss 2.8959 (3.1693)	Hard Loss 2.8959 (3.1693)	Soft Loss 2.8959 (3.1693)	Arch Loss 3.0637 (3.2083)	Arch Hard Loss 3.0637 (3.2083)	Arch Soft Loss 3.0637 (3.2083)	Arch depth Loss 0.0000 (0.0000)	Prec@(1,5) (21.1%, 50.6%)	
08/27 08:03:38午後 searchStage_trainer.py:268 [INFO] Train: Epoch: [3][390/390]	Step 1563	lr 0.02479	Loss 2.8977 (3.1663)	Hard Loss 2.8977 (3.1663)	Soft Loss 2.8977 (3.1663)	Arch Loss 2.8989 (3.1938)	Arch Hard Loss 2.8989 (3.1938)	Arch Soft Loss 2.8989 (3.1938)	Arch depth Loss 0.0000 (0.0000)	Prec@(1,5) (21.2%, 50.8%)	
08/27 08:03:39午後 searchStage_trainer.py:284 [INFO] Train: [  3/49] Final Prec@1 21.2120%
08/27 08:03:41午後 searchStage_trainer.py:312 [INFO] Valid: Epoch: [3][50/391]	Step 1564	Loss 3.0939	Prec@(1,5) (23.1%, 52.0%)
08/27 08:03:44午後 searchStage_trainer.py:312 [INFO] Valid: Epoch: [3][100/391]	Step 1564	Loss 3.0969	Prec@(1,5) (23.1%, 52.0%)
08/27 08:03:46午後 searchStage_trainer.py:312 [INFO] Valid: Epoch: [3][150/391]	Step 1564	Loss 3.0853	Prec@(1,5) (23.0%, 52.9%)
08/27 08:03:48午後 searchStage_trainer.py:312 [INFO] Valid: Epoch: [3][200/391]	Step 1564	Loss 3.0821	Prec@(1,5) (22.9%, 53.0%)
08/27 08:03:50午後 searchStage_trainer.py:312 [INFO] Valid: Epoch: [3][250/391]	Step 1564	Loss 3.0813	Prec@(1,5) (22.9%, 53.0%)
08/27 08:03:52午後 searchStage_trainer.py:312 [INFO] Valid: Epoch: [3][300/391]	Step 1564	Loss 3.0858	Prec@(1,5) (22.7%, 52.9%)
08/27 08:03:54午後 searchStage_trainer.py:312 [INFO] Valid: Epoch: [3][350/391]	Step 1564	Loss 3.0879	Prec@(1,5) (22.8%, 52.9%)
08/27 08:03:56午後 searchStage_trainer.py:312 [INFO] Valid: Epoch: [3][390/391]	Step 1564	Loss 3.0878	Prec@(1,5) (22.8%, 52.9%)
08/27 08:03:56午後 searchStage_trainer.py:323 [INFO] Valid: [  3/49] Final Prec@1 22.7960%
