08/23 06:14:28PM parser.py:28 [INFO] 
08/23 06:14:28PM parser.py:29 [INFO] Parameters:
08/23 06:14:28PM parser.py:31 [INFO] DAG_PATH=results/search_stage_KD/cifar10/noSWDL/s1-BaselineBestCell/DAG
08/23 06:14:28PM parser.py:31 [INFO] T=10.0
08/23 06:14:28PM parser.py:31 [INFO] ADVANCED=False
08/23 06:14:28PM parser.py:31 [INFO] ALPHA_LR=0.0003
08/23 06:14:28PM parser.py:31 [INFO] ALPHA_WEIGHT_DECAY=0.001
08/23 06:14:28PM parser.py:31 [INFO] BATCH_SIZE=64
08/23 06:14:28PM parser.py:31 [INFO] CASCADE=False
08/23 06:14:28PM parser.py:31 [INFO] CHECKPOINT_RESET=False
08/23 06:14:28PM parser.py:31 [INFO] CUTOUT_LENGTH=0
08/23 06:14:28PM parser.py:31 [INFO] DATA_PATH=../data/
08/23 06:14:28PM parser.py:31 [INFO] DATASET=cifar10
08/23 06:14:28PM parser.py:31 [INFO] DEPTH_COEF=0.0
08/23 06:14:28PM parser.py:31 [INFO] DESCRIPTION=search_architecture_on_noKD_without_depth_loss_with_large_slidewindoe
08/23 06:14:28PM parser.py:31 [INFO] EPOCHS=50
08/23 06:14:28PM parser.py:31 [INFO] EXP_NAME=s1-BaselineBestCell
08/23 06:14:28PM parser.py:31 [INFO] GENOTYPE=Genotype3(normal1=[[('sep_conv_5x5', 0), ('sep_conv_3x3', 1)], [('sep_conv_3x3', 1), ('sep_conv_3x3', 0)], [('sep_conv_3x3', 1), ('sep_conv_3x3', 2)], [('sep_conv_3x3', 0), ('sep_conv_5x5', 4)]], normal1_concat=range(2, 6), reduce1=[[('sep_conv_3x3', 0), ('skip_connect', 1)], [('sep_conv_3x3', 1), ('max_pool_3x3', 0)], [('sep_conv_3x3', 2), ('sep_conv_3x3', 1)], [('max_pool_3x3', 0), ('dil_conv_3x3', 1)]], reduce1_concat=range(2, 6), normal2=[[('skip_connect', 0), ('sep_conv_5x5', 1)], [('skip_connect', 0), ('skip_connect', 2)], [('avg_pool_3x3', 0), ('avg_pool_3x3', 2)], [('skip_connect', 0), ('avg_pool_3x3', 2)]], normal2_concat=range(2, 6), reduce2=[[('avg_pool_3x3', 0), ('avg_pool_3x3', 1)], [('avg_pool_3x3', 0), ('skip_connect', 2)], [('skip_connect', 2), ('avg_pool_3x3', 0)], [('skip_connect', 2), ('avg_pool_3x3', 0)]], reduce2_concat=range(2, 6), normal3=[[('skip_connect', 0), ('skip_connect', 1)], [('skip_connect', 0), ('dil_conv_3x3', 1)], [('skip_connect', 0), ('skip_connect', 1)], [('skip_connect', 0), ('skip_connect', 2)]], normal3_concat=range(2, 6))
08/23 06:14:28PM parser.py:31 [INFO] GPUS=[0]
08/23 06:14:28PM parser.py:31 [INFO] INIT_CHANNELS=16
08/23 06:14:28PM parser.py:31 [INFO] L=0.5
08/23 06:14:28PM parser.py:31 [INFO] LAYERS=20
08/23 06:14:28PM parser.py:31 [INFO] LOGGER=<Logger H-DAS (INFO)>
08/23 06:14:28PM parser.py:31 [INFO] NAME=noSWDL
08/23 06:14:28PM parser.py:31 [INFO] NONKD=True
08/23 06:14:28PM parser.py:31 [INFO] PATH=results/search_stage_KD/cifar10/noSWDL/s1-BaselineBestCell
08/23 06:14:28PM parser.py:31 [INFO] PCDARTS=False
08/23 06:14:28PM parser.py:31 [INFO] PLOT_PATH=results/search_stage_KD/cifar10/noSWDL/s1-BaselineBestCell/plots
08/23 06:14:28PM parser.py:31 [INFO] PRINT_FREQ=50
08/23 06:14:28PM parser.py:31 [INFO] RESUME_PATH=None
08/23 06:14:28PM parser.py:31 [INFO] SAVE=s1-BaselineBestCell
08/23 06:14:28PM parser.py:31 [INFO] SEED=1
08/23 06:14:28PM parser.py:31 [INFO] SHARE_STAGE=False
08/23 06:14:28PM parser.py:31 [INFO] SLIDE_WINDOW=8
08/23 06:14:28PM parser.py:31 [INFO] SPEC_CELL=True
08/23 06:14:28PM parser.py:31 [INFO] TEACHER_NAME=non
08/23 06:14:28PM parser.py:31 [INFO] TEACHER_PATH=non
08/23 06:14:28PM parser.py:31 [INFO] TRAIN_PORTION=0.5
08/23 06:14:28PM parser.py:31 [INFO] W_GRAD_CLIP=5.0
08/23 06:14:28PM parser.py:31 [INFO] W_LR=0.025
08/23 06:14:28PM parser.py:31 [INFO] W_LR_MIN=0.001
08/23 06:14:28PM parser.py:31 [INFO] W_MOMENTUM=0.9
08/23 06:14:28PM parser.py:31 [INFO] W_WEIGHT_DECAY=0.0003
08/23 06:14:28PM parser.py:31 [INFO] WORKERS=4
08/23 06:14:28PM parser.py:32 [INFO] 
08/23 06:14:45PM searchStage_trainer.py:137 [INFO] --> No loaded checkpoint!
####### ALPHA #######
# Alpha - DAG
tensor([[0.2501, 0.2500, 0.2499, 0.2501],
        [0.2500, 0.2501, 0.2497, 0.2502]], device='cuda:0',
       grad_fn=<SoftmaxBackward0>)
tensor([[0.2499, 0.2500, 0.2499, 0.2501],
        [0.2500, 0.2498, 0.2501, 0.2501],
        [0.2501, 0.2500, 0.2498, 0.2501]], device='cuda:0',
       grad_fn=<SoftmaxBackward0>)
tensor([[0.2496, 0.2499, 0.2506, 0.2500],
        [0.2500, 0.2496, 0.2501, 0.2502],
        [0.2503, 0.2498, 0.2498, 0.2500],
        [0.2498, 0.2503, 0.2500, 0.2498]], device='cuda:0',
       grad_fn=<SoftmaxBackward0>)
tensor([[0.2503, 0.2501, 0.2498, 0.2499],
        [0.2500, 0.2500, 0.2499, 0.2501],
        [0.2499, 0.2500, 0.2499, 0.2502],
        [0.2497, 0.2505, 0.2501, 0.2497],
        [0.2501, 0.2499, 0.2498, 0.2502]], device='cuda:0',
       grad_fn=<SoftmaxBackward0>)
tensor([[0.2503, 0.2497, 0.2500, 0.2500],
        [0.2501, 0.2502, 0.2501, 0.2497],
        [0.2500, 0.2500, 0.2501, 0.2499],
        [0.2499, 0.2502, 0.2502, 0.2497],
        [0.2495, 0.2504, 0.2500, 0.2501],
        [0.2497, 0.2498, 0.2507, 0.2498]], device='cuda:0',
       grad_fn=<SoftmaxBackward0>)
tensor([[0.2501, 0.2497, 0.2503, 0.2499],
        [0.2499, 0.2499, 0.2501, 0.2501],
        [0.2504, 0.2500, 0.2502, 0.2494],
        [0.2502, 0.2500, 0.2499, 0.2500],
        [0.2498, 0.2497, 0.2502, 0.2502],
        [0.2500, 0.2503, 0.2502, 0.2495],
        [0.2500, 0.2499, 0.2501, 0.2501]], device='cuda:0',
       grad_fn=<SoftmaxBackward0>)
tensor([[0.2499, 0.2498, 0.2503, 0.2500],
        [0.2498, 0.2502, 0.2502, 0.2498]], device='cuda:0',
       grad_fn=<SoftmaxBackward0>)
tensor([[0.2502, 0.2502, 0.2502, 0.2494],
        [0.2502, 0.2499, 0.2497, 0.2502],
        [0.2500, 0.2498, 0.2499, 0.2503]], device='cuda:0',
       grad_fn=<SoftmaxBackward0>)
tensor([[0.2499, 0.2500, 0.2498, 0.2503],
        [0.2499, 0.2504, 0.2497, 0.2499],
        [0.2497, 0.2503, 0.2503, 0.2497],
        [0.2499, 0.2499, 0.2501, 0.2501]], device='cuda:0',
       grad_fn=<SoftmaxBackward0>)
tensor([[0.2507, 0.2498, 0.2499, 0.2496],
        [0.2501, 0.2501, 0.2498, 0.2500],
        [0.2497, 0.2502, 0.2500, 0.2502],
        [0.2499, 0.2498, 0.2503, 0.2500],
        [0.2497, 0.2504, 0.2497, 0.2502]], device='cuda:0',
       grad_fn=<SoftmaxBackward0>)
tensor([[0.2506, 0.2498, 0.2500, 0.2496],
        [0.2498, 0.2498, 0.2503, 0.2500],
        [0.2499, 0.2500, 0.2500, 0.2501],
        [0.2498, 0.2499, 0.2502, 0.2502],
        [0.2501, 0.2502, 0.2497, 0.2500],
        [0.2500, 0.2502, 0.2500, 0.2498]], device='cuda:0',
       grad_fn=<SoftmaxBackward0>)
tensor([[0.2498, 0.2502, 0.2501, 0.2499],
        [0.2501, 0.2500, 0.2498, 0.2502],
        [0.2505, 0.2496, 0.2499, 0.2500],
        [0.2500, 0.2500, 0.2500, 0.2501],
        [0.2503, 0.2501, 0.2501, 0.2495],
        [0.2499, 0.2499, 0.2501, 0.2501],
        [0.2501, 0.2502, 0.2500, 0.2496]], device='cuda:0',
       grad_fn=<SoftmaxBackward0>)
tensor([[0.2499, 0.2500, 0.2505, 0.2497],
        [0.2500, 0.2499, 0.2500, 0.2500]], device='cuda:0',
       grad_fn=<SoftmaxBackward0>)
tensor([[0.2499, 0.2499, 0.2500, 0.2501],
        [0.2499, 0.2500, 0.2500, 0.2501],
        [0.2497, 0.2500, 0.2500, 0.2503]], device='cuda:0',
       grad_fn=<SoftmaxBackward0>)
tensor([[0.2501, 0.2502, 0.2493, 0.2504],
        [0.2495, 0.2503, 0.2500, 0.2502],
        [0.2502, 0.2498, 0.2499, 0.2501],
        [0.2500, 0.2498, 0.2503, 0.2500]], device='cuda:0',
       grad_fn=<SoftmaxBackward0>)
tensor([[0.2502, 0.2501, 0.2499, 0.2497],
        [0.2500, 0.2497, 0.2502, 0.2501],
        [0.2500, 0.2501, 0.2501, 0.2498],
        [0.2499, 0.2501, 0.2500, 0.2500],
        [0.2502, 0.2499, 0.2500, 0.2499]], device='cuda:0',
       grad_fn=<SoftmaxBackward0>)
tensor([[0.2502, 0.2495, 0.2501, 0.2501],
        [0.2499, 0.2500, 0.2500, 0.2500],
        [0.2502, 0.2499, 0.2498, 0.2501],
        [0.2500, 0.2503, 0.2497, 0.2500],
        [0.2501, 0.2499, 0.2498, 0.2502],
        [0.2496, 0.2508, 0.2499, 0.2497]], device='cuda:0',
       grad_fn=<SoftmaxBackward0>)
tensor([[0.2501, 0.2501, 0.2499, 0.2499],
        [0.2501, 0.2499, 0.2501, 0.2498],
        [0.2497, 0.2504, 0.2502, 0.2497],
        [0.2500, 0.2502, 0.2498, 0.2499],
        [0.2500, 0.2502, 0.2500, 0.2498],
        [0.2500, 0.2504, 0.2496, 0.2500],
        [0.2501, 0.2501, 0.2498, 0.2499]], device='cuda:0',
       grad_fn=<SoftmaxBackward0>)
#####################
08/23 06:15:01PM searchStage_trainer.py:268 [INFO] Train: Epoch: [0][50/390]	Step 50	lr 0.025	Loss 2.3219 (2.2329)	Hard Loss 2.3219 (2.2329)	Soft Loss 2.3219 (2.2329)	Arch Loss 2.3619 (2.2445)	Arch Hard Loss 2.3619 (2.2445)	Arch Soft Loss 2.3619 (2.2445)	Arch depth Loss 0.0000 (0.0000)	Prec@(1,5) (20.3%, 71.9%)	
08/23 06:15:16PM searchStage_trainer.py:268 [INFO] Train: Epoch: [0][100/390]	Step 100	lr 0.025	Loss 1.7489 (2.0997)	Hard Loss 1.7489 (2.0997)	Soft Loss 1.7489 (2.0997)	Arch Loss 1.7908 (2.1124)	Arch Hard Loss 1.7908 (2.1124)	Arch Soft Loss 1.7908 (2.1124)	Arch depth Loss 0.0000 (0.0000)	Prec@(1,5) (23.8%, 76.8%)	
08/23 06:15:31PM searchStage_trainer.py:268 [INFO] Train: Epoch: [0][150/390]	Step 150	lr 0.025	Loss 1.8792 (1.9828)	Hard Loss 1.8792 (1.9828)	Soft Loss 1.8792 (1.9828)	Arch Loss 1.9124 (2.0064)	Arch Hard Loss 1.9124 (2.0064)	Arch Soft Loss 1.9124 (2.0064)	Arch depth Loss 0.0000 (0.0000)	Prec@(1,5) (27.0%, 80.0%)	
08/23 06:15:46PM searchStage_trainer.py:268 [INFO] Train: Epoch: [0][200/390]	Step 200	lr 0.025	Loss 1.7025 (1.9136)	Hard Loss 1.7025 (1.9136)	Soft Loss 1.7025 (1.9136)	Arch Loss 1.7976 (1.9316)	Arch Hard Loss 1.7976 (1.9316)	Arch Soft Loss 1.7976 (1.9316)	Arch depth Loss 0.0000 (0.0000)	Prec@(1,5) (29.2%, 82.1%)	
08/23 06:16:01PM searchStage_trainer.py:268 [INFO] Train: Epoch: [0][250/390]	Step 250	lr 0.025	Loss 1.5203 (1.8568)	Hard Loss 1.5203 (1.8568)	Soft Loss 1.5203 (1.8568)	Arch Loss 1.8545 (1.8712)	Arch Hard Loss 1.8545 (1.8712)	Arch Soft Loss 1.8545 (1.8712)	Arch depth Loss 0.0000 (0.0000)	Prec@(1,5) (31.5%, 83.5%)	
08/23 06:16:16PM searchStage_trainer.py:268 [INFO] Train: Epoch: [0][300/390]	Step 300	lr 0.025	Loss 1.6636 (1.8118)	Hard Loss 1.6636 (1.8118)	Soft Loss 1.6636 (1.8118)	Arch Loss 1.5320 (1.8263)	Arch Hard Loss 1.5320 (1.8263)	Arch Soft Loss 1.5320 (1.8263)	Arch depth Loss 0.0000 (0.0000)	Prec@(1,5) (33.0%, 84.5%)	
08/23 06:16:31PM searchStage_trainer.py:268 [INFO] Train: Epoch: [0][350/390]	Step 350	lr 0.025	Loss 1.4700 (1.7671)	Hard Loss 1.4700 (1.7671)	Soft Loss 1.4700 (1.7671)	Arch Loss 1.2655 (1.7827)	Arch Hard Loss 1.2655 (1.7827)	Arch Soft Loss 1.2655 (1.7827)	Arch depth Loss 0.0000 (0.0000)	Prec@(1,5) (34.7%, 85.5%)	
08/23 06:16:43PM searchStage_trainer.py:268 [INFO] Train: Epoch: [0][390/390]	Step 390	lr 0.025	Loss 1.3784 (1.7377)	Hard Loss 1.3784 (1.7377)	Soft Loss 1.3784 (1.7377)	Arch Loss 1.5580 (1.7527)	Arch Hard Loss 1.5580 (1.7527)	Arch Soft Loss 1.5580 (1.7527)	Arch depth Loss 0.0000 (0.0000)	Prec@(1,5) (35.7%, 86.2%)	
08/23 06:16:44PM searchStage_trainer.py:284 [INFO] Train: [  0/49] Final Prec@1 35.7240%
08/23 06:16:46PM searchStage_trainer.py:312 [INFO] Valid: Epoch: [0][50/391]	Step 391	Loss 1.5368	Prec@(1,5) (42.5%, 91.4%)
08/23 06:16:49PM searchStage_trainer.py:312 [INFO] Valid: Epoch: [0][100/391]	Step 391	Loss 1.5302	Prec@(1,5) (43.4%, 91.5%)
08/23 06:16:51PM searchStage_trainer.py:312 [INFO] Valid: Epoch: [0][150/391]	Step 391	Loss 1.5353	Prec@(1,5) (43.2%, 91.2%)
08/23 06:16:53PM searchStage_trainer.py:312 [INFO] Valid: Epoch: [0][200/391]	Step 391	Loss 1.5352	Prec@(1,5) (43.1%, 91.3%)
08/23 06:16:55PM searchStage_trainer.py:312 [INFO] Valid: Epoch: [0][250/391]	Step 391	Loss 1.5324	Prec@(1,5) (43.3%, 91.5%)
08/23 06:16:57PM searchStage_trainer.py:312 [INFO] Valid: Epoch: [0][300/391]	Step 391	Loss 1.5374	Prec@(1,5) (43.4%, 91.5%)
08/23 06:16:59PM searchStage_trainer.py:312 [INFO] Valid: Epoch: [0][350/391]	Step 391	Loss 1.5409	Prec@(1,5) (43.4%, 91.5%)
08/23 06:17:01PM searchStage_trainer.py:312 [INFO] Valid: Epoch: [0][390/391]	Step 391	Loss 1.5400	Prec@(1,5) (43.3%, 91.5%)
08/23 06:17:01PM searchStage_trainer.py:323 [INFO] Valid: [  0/49] Final Prec@1 43.3360%
08/23 06:17:01PM searchStage_KD_main.py:58 [INFO] DAG = Genotype2(DAG1=[[('skip_connect', 1), ('skip_connect', 0)], [('skip_connect', 1), ('skip_connect', 0)], [('skip_connect', 0), ('skip_connect', 1)], [('max_pool_3x3', 1), ('max_pool_3x3', 0)], [('max_pool_3x3', 0), ('max_pool_3x3', 1)], [('max_pool_3x3', 0), ('max_pool_3x3', 1)]], DAG1_concat=range(6, 8), DAG2=[[('skip_connect', 0), ('max_pool_3x3', 1)], [('skip_connect', 1), ('skip_connect', 0)], [('skip_connect', 0), ('skip_connect', 1)], [('skip_connect', 1), ('skip_connect', 0)], [('max_pool_3x3', 0), ('max_pool_3x3', 1)], [('avg_pool_3x3', 1), ('avg_pool_3x3', 0)]], DAG2_concat=range(6, 8), DAG3=[[('skip_connect', 1), ('skip_connect', 0)], [('skip_connect', 1), ('skip_connect', 0)], [('skip_connect', 1), ('skip_connect', 0)], [('skip_connect', 1), ('skip_connect', 0)], [('skip_connect', 0), ('skip_connect', 1)], [('skip_connect', 1), ('skip_connect', 0)]], DAG3_concat=range(6, 8))
08/23 06:17:02PM searchStage_KD_main.py:89 [INFO] Until now, best Prec@1 = 43.3360%
####### ALPHA #######
# Alpha - DAG
tensor([[0.2497, 0.2464, 0.2532, 0.2507],
        [0.2492, 0.2474, 0.2537, 0.2497]], device='cuda:0',
       grad_fn=<SoftmaxBackward0>)
tensor([[0.2507, 0.2471, 0.2519, 0.2502],
        [0.2502, 0.2474, 0.2519, 0.2505],
        [0.2500, 0.2492, 0.2507, 0.2501]], device='cuda:0',
       grad_fn=<SoftmaxBackward0>)
tensor([[0.2526, 0.2441, 0.2546, 0.2487],
        [0.2523, 0.2456, 0.2536, 0.2485],
        [0.2503, 0.2489, 0.2492, 0.2516],
        [0.2501, 0.2493, 0.2497, 0.2509]], device='cuda:0',
       grad_fn=<SoftmaxBackward0>)
tensor([[0.2554, 0.2454, 0.2512, 0.2480],
        [0.2557, 0.2452, 0.2505, 0.2487],
        [0.2510, 0.2470, 0.2490, 0.2529],
        [0.2512, 0.2491, 0.2503, 0.2494],
        [0.2516, 0.2484, 0.2485, 0.2515]], device='cuda:0',
       grad_fn=<SoftmaxBackward0>)
tensor([[0.2606, 0.2403, 0.2557, 0.2434],
        [0.2596, 0.2414, 0.2554, 0.2435],
        [0.2531, 0.2445, 0.2490, 0.2534],
        [0.2539, 0.2454, 0.2486, 0.2520],
        [0.2528, 0.2456, 0.2494, 0.2522],
        [0.2513, 0.2450, 0.2487, 0.2551]], device='cuda:0',
       grad_fn=<SoftmaxBackward0>)
tensor([[0.2659, 0.2401, 0.2464, 0.2476],
        [0.2638, 0.2420, 0.2476, 0.2466],
        [0.2544, 0.2454, 0.2477, 0.2525],
        [0.2526, 0.2468, 0.2491, 0.2515],
        [0.2550, 0.2461, 0.2494, 0.2496],
        [0.2544, 0.2462, 0.2490, 0.2504],
        [0.2523, 0.2475, 0.2491, 0.2510]], device='cuda:0',
       grad_fn=<SoftmaxBackward0>)
tensor([[0.2491, 0.2493, 0.2541, 0.2476],
        [0.2510, 0.2465, 0.2507, 0.2518]], device='cuda:0',
       grad_fn=<SoftmaxBackward0>)
tensor([[0.2515, 0.2483, 0.2520, 0.2483],
        [0.2488, 0.2493, 0.2535, 0.2484],
        [0.2482, 0.2498, 0.2496, 0.2524]], device='cuda:0',
       grad_fn=<SoftmaxBackward0>)
tensor([[0.2498, 0.2498, 0.2523, 0.2481],
        [0.2492, 0.2506, 0.2519, 0.2482],
        [0.2479, 0.2506, 0.2510, 0.2505],
        [0.2493, 0.2488, 0.2500, 0.2519]], device='cuda:0',
       grad_fn=<SoftmaxBackward0>)
tensor([[0.2511, 0.2503, 0.2513, 0.2473],
        [0.2507, 0.2506, 0.2513, 0.2475],
        [0.2483, 0.2495, 0.2518, 0.2504],
        [0.2484, 0.2501, 0.2488, 0.2527],
        [0.2495, 0.2483, 0.2506, 0.2516]], device='cuda:0',
       grad_fn=<SoftmaxBackward0>)
tensor([[0.2529, 0.2502, 0.2520, 0.2449],
        [0.2521, 0.2500, 0.2517, 0.2462],
        [0.2483, 0.2482, 0.2514, 0.2521],
        [0.2472, 0.2502, 0.2516, 0.2511],
        [0.2490, 0.2485, 0.2473, 0.2552],
        [0.2481, 0.2509, 0.2512, 0.2498]], device='cuda:0',
       grad_fn=<SoftmaxBackward0>)
tensor([[0.2517, 0.2525, 0.2516, 0.2442],
        [0.2500, 0.2538, 0.2528, 0.2434],
        [0.2483, 0.2494, 0.2503, 0.2520],
        [0.2488, 0.2507, 0.2494, 0.2512],
        [0.2459, 0.2508, 0.2500, 0.2534],
        [0.2469, 0.2515, 0.2499, 0.2517],
        [0.2487, 0.2500, 0.2501, 0.2511]], device='cuda:0',
       grad_fn=<SoftmaxBackward0>)
tensor([[0.2445, 0.2443, 0.2626, 0.2487],
        [0.2429, 0.2437, 0.2632, 0.2502]], device='cuda:0',
       grad_fn=<SoftmaxBackward0>)
tensor([[0.2450, 0.2450, 0.2605, 0.2495],
        [0.2472, 0.2452, 0.2610, 0.2466],
        [0.2472, 0.2450, 0.2538, 0.2539]], device='cuda:0',
       grad_fn=<SoftmaxBackward0>)
tensor([[0.2488, 0.2458, 0.2571, 0.2483],
        [0.2466, 0.2455, 0.2577, 0.2502],
        [0.2489, 0.2463, 0.2527, 0.2522],
        [0.2484, 0.2471, 0.2542, 0.2503]], device='cuda:0',
       grad_fn=<SoftmaxBackward0>)
tensor([[0.2499, 0.2453, 0.2552, 0.2496],
        [0.2495, 0.2470, 0.2560, 0.2475],
        [0.2504, 0.2472, 0.2526, 0.2499],
        [0.2495, 0.2471, 0.2512, 0.2522],
        [0.2480, 0.2473, 0.2532, 0.2514]], device='cuda:0',
       grad_fn=<SoftmaxBackward0>)
tensor([[0.2509, 0.2461, 0.2589, 0.2441],
        [0.2529, 0.2474, 0.2580, 0.2417],
        [0.2452, 0.2447, 0.2568, 0.2532],
        [0.2474, 0.2437, 0.2525, 0.2564],
        [0.2452, 0.2461, 0.2546, 0.2541],
        [0.2457, 0.2452, 0.2559, 0.2532]], device='cuda:0',
       grad_fn=<SoftmaxBackward0>)
tensor([[0.2529, 0.2459, 0.2558, 0.2454],
        [0.2552, 0.2447, 0.2560, 0.2441],
        [0.2475, 0.2440, 0.2539, 0.2545],
        [0.2490, 0.2438, 0.2565, 0.2508],
        [0.2482, 0.2453, 0.2555, 0.2510],
        [0.2474, 0.2426, 0.2573, 0.2528],
        [0.2487, 0.2454, 0.2499, 0.2560]], device='cuda:0',
       grad_fn=<SoftmaxBackward0>)
#####################
08/23 06:17:18午後 searchStage_trainer.py:268 [INFO] Train: Epoch: [1][50/390]	Step 441	lr 0.02498	Loss 1.3472 (1.4687)	Hard Loss 1.3472 (1.4687)	Soft Loss 1.3472 (1.4687)	Arch Loss 1.2983 (1.4155)	Arch Hard Loss 1.2983 (1.4155)	Arch Soft Loss 1.2983 (1.4155)	Arch depth Loss 0.0000 (0.0000)	Prec@(1,5) (46.4%, 92.3%)	
08/23 06:17:33午後 searchStage_trainer.py:268 [INFO] Train: Epoch: [1][100/390]	Step 491	lr 0.02498	Loss 1.5482 (1.4410)	Hard Loss 1.5482 (1.4410)	Soft Loss 1.5482 (1.4410)	Arch Loss 1.4018 (1.3996)	Arch Hard Loss 1.4018 (1.3996)	Arch Soft Loss 1.4018 (1.3996)	Arch depth Loss 0.0000 (0.0000)	Prec@(1,5) (47.3%, 92.5%)	
08/23 06:17:48午後 searchStage_trainer.py:268 [INFO] Train: Epoch: [1][150/390]	Step 541	lr 0.02498	Loss 1.2675 (1.4217)	Hard Loss 1.2675 (1.4217)	Soft Loss 1.2675 (1.4217)	Arch Loss 1.3840 (1.4104)	Arch Hard Loss 1.3840 (1.4104)	Arch Soft Loss 1.3840 (1.4104)	Arch depth Loss 0.0000 (0.0000)	Prec@(1,5) (47.9%, 92.8%)	
08/23 06:18:03午後 searchStage_trainer.py:268 [INFO] Train: Epoch: [1][200/390]	Step 591	lr 0.02498	Loss 1.4261 (1.3935)	Hard Loss 1.4261 (1.3935)	Soft Loss 1.4261 (1.3935)	Arch Loss 1.3780 (1.3964)	Arch Hard Loss 1.3780 (1.3964)	Arch Soft Loss 1.3780 (1.3964)	Arch depth Loss 0.0000 (0.0000)	Prec@(1,5) (48.8%, 93.2%)	
08/23 06:18:17午後 searchStage_trainer.py:268 [INFO] Train: Epoch: [1][250/390]	Step 641	lr 0.02498	Loss 1.3283 (1.3844)	Hard Loss 1.3283 (1.3844)	Soft Loss 1.3283 (1.3844)	Arch Loss 1.3321 (1.3888)	Arch Hard Loss 1.3321 (1.3888)	Arch Soft Loss 1.3321 (1.3888)	Arch depth Loss 0.0000 (0.0000)	Prec@(1,5) (49.3%, 93.3%)	
08/23 06:18:33午後 searchStage_trainer.py:268 [INFO] Train: Epoch: [1][300/390]	Step 691	lr 0.02498	Loss 1.1550 (1.3689)	Hard Loss 1.1550 (1.3689)	Soft Loss 1.1550 (1.3689)	Arch Loss 1.0359 (1.3755)	Arch Hard Loss 1.0359 (1.3755)	Arch Soft Loss 1.0359 (1.3755)	Arch depth Loss 0.0000 (0.0000)	Prec@(1,5) (49.7%, 93.5%)	
08/23 06:18:47午後 searchStage_trainer.py:268 [INFO] Train: Epoch: [1][350/390]	Step 741	lr 0.02498	Loss 1.2814 (1.3505)	Hard Loss 1.2814 (1.3505)	Soft Loss 1.2814 (1.3505)	Arch Loss 1.1650 (1.3612)	Arch Hard Loss 1.1650 (1.3612)	Arch Soft Loss 1.1650 (1.3612)	Arch depth Loss 0.0000 (0.0000)	Prec@(1,5) (50.5%, 93.7%)	
08/23 06:18:59午後 searchStage_trainer.py:268 [INFO] Train: Epoch: [1][390/390]	Step 781	lr 0.02498	Loss 1.0504 (1.3412)	Hard Loss 1.0504 (1.3412)	Soft Loss 1.0504 (1.3412)	Arch Loss 1.1774 (1.3516)	Arch Hard Loss 1.1774 (1.3516)	Arch Soft Loss 1.1774 (1.3516)	Arch depth Loss 0.0000 (0.0000)	Prec@(1,5) (50.9%, 93.7%)	
08/23 06:19:00午後 searchStage_trainer.py:284 [INFO] Train: [  1/49] Final Prec@1 50.9360%
08/23 06:19:02午後 searchStage_trainer.py:312 [INFO] Valid: Epoch: [1][50/391]	Step 782	Loss 1.2457	Prec@(1,5) (53.5%, 94.9%)
08/23 06:19:04午後 searchStage_trainer.py:312 [INFO] Valid: Epoch: [1][100/391]	Step 782	Loss 1.2695	Prec@(1,5) (52.6%, 94.7%)
08/23 06:19:07午後 searchStage_trainer.py:312 [INFO] Valid: Epoch: [1][150/391]	Step 782	Loss 1.2672	Prec@(1,5) (53.1%, 94.8%)
08/23 06:19:09午後 searchStage_trainer.py:312 [INFO] Valid: Epoch: [1][200/391]	Step 782	Loss 1.2782	Prec@(1,5) (52.9%, 94.5%)
08/23 06:19:11午後 searchStage_trainer.py:312 [INFO] Valid: Epoch: [1][250/391]	Step 782	Loss 1.2700	Prec@(1,5) (53.3%, 94.7%)
08/23 06:19:13午後 searchStage_trainer.py:312 [INFO] Valid: Epoch: [1][300/391]	Step 782	Loss 1.2682	Prec@(1,5) (53.5%, 94.7%)
08/23 06:19:15午後 searchStage_trainer.py:312 [INFO] Valid: Epoch: [1][350/391]	Step 782	Loss 1.2702	Prec@(1,5) (53.3%, 94.6%)
08/23 06:19:17午後 searchStage_trainer.py:312 [INFO] Valid: Epoch: [1][390/391]	Step 782	Loss 1.2680	Prec@(1,5) (53.4%, 94.6%)
08/23 06:19:17午後 searchStage_trainer.py:323 [INFO] Valid: [  1/49] Final Prec@1 53.3640%
08/23 06:19:17午後 searchStage_KD_main.py:58 [INFO] DAG = Genotype2(DAG1=[[('skip_connect', 0), ('skip_connect', 1)], [('skip_connect', 1), ('max_pool_3x3', 0)], [('skip_connect', 1), ('skip_connect', 0)], [('max_pool_3x3', 0), ('max_pool_3x3', 1)], [('skip_connect', 1), ('skip_connect', 0)], [('max_pool_3x3', 0), ('max_pool_3x3', 1)]], DAG1_concat=range(6, 8), DAG2=[[('skip_connect', 0), ('skip_connect', 1)], [('skip_connect', 1), ('skip_connect', 0)], [('max_pool_3x3', 0), ('skip_connect', 1)], [('skip_connect', 1), ('skip_connect', 0)], [('max_pool_3x3', 0), ('max_pool_3x3', 1)], [('max_pool_3x3', 1), ('max_pool_3x3', 0)]], DAG2_concat=range(6, 8), DAG3=[[('skip_connect', 0), ('skip_connect', 1)], [('skip_connect', 0), ('skip_connect', 1)], [('skip_connect', 0), ('skip_connect', 1)], [('skip_connect', 4), ('skip_connect', 0)], [('max_pool_3x3', 1), ('max_pool_3x3', 0)], [('max_pool_3x3', 1), ('max_pool_3x3', 0)]], DAG3_concat=range(6, 8))
08/23 06:19:17午後 searchStage_KD_main.py:89 [INFO] Until now, best Prec@1 = 53.3640%
####### ALPHA #######
# Alpha - DAG
tensor([[0.2493, 0.2352, 0.2647, 0.2509],
        [0.2480, 0.2384, 0.2641, 0.2495]], device='cuda:0',
       grad_fn=<SoftmaxBackward0>)
tensor([[0.2554, 0.2408, 0.2553, 0.2485],
        [0.2519, 0.2412, 0.2562, 0.2508],
        [0.2499, 0.2472, 0.2512, 0.2517]], device='cuda:0',
       grad_fn=<SoftmaxBackward0>)
tensor([[0.2577, 0.2332, 0.2656, 0.2435],
        [0.2526, 0.2355, 0.2654, 0.2465],
        [0.2480, 0.2482, 0.2495, 0.2544],
        [0.2459, 0.2497, 0.2501, 0.2542]], device='cuda:0',
       grad_fn=<SoftmaxBackward0>)
tensor([[0.2578, 0.2418, 0.2557, 0.2448],
        [0.2565, 0.2399, 0.2564, 0.2473],
        [0.2505, 0.2445, 0.2477, 0.2573],
        [0.2509, 0.2480, 0.2513, 0.2499],
        [0.2515, 0.2471, 0.2497, 0.2517]], device='cuda:0',
       grad_fn=<SoftmaxBackward0>)
tensor([[0.2591, 0.2291, 0.2787, 0.2331],
        [0.2574, 0.2312, 0.2793, 0.2321],
        [0.2492, 0.2385, 0.2535, 0.2588],
        [0.2518, 0.2410, 0.2456, 0.2617],
        [0.2521, 0.2411, 0.2524, 0.2545],
        [0.2509, 0.2393, 0.2466, 0.2632]], device='cuda:0',
       grad_fn=<SoftmaxBackward0>)
tensor([[0.2778, 0.2288, 0.2477, 0.2457],
        [0.2775, 0.2287, 0.2471, 0.2467],
        [0.2529, 0.2435, 0.2483, 0.2554],
        [0.2527, 0.2463, 0.2483, 0.2528],
        [0.2565, 0.2452, 0.2500, 0.2483],
        [0.2558, 0.2450, 0.2486, 0.2506],
        [0.2506, 0.2467, 0.2523, 0.2504]], device='cuda:0',
       grad_fn=<SoftmaxBackward0>)
tensor([[0.2456, 0.2478, 0.2592, 0.2474],
        [0.2504, 0.2437, 0.2547, 0.2511]], device='cuda:0',
       grad_fn=<SoftmaxBackward0>)
tensor([[0.2522, 0.2491, 0.2529, 0.2458],
        [0.2483, 0.2490, 0.2563, 0.2464],
        [0.2507, 0.2463, 0.2470, 0.2559]], device='cuda:0',
       grad_fn=<SoftmaxBackward0>)
tensor([[0.2539, 0.2478, 0.2527, 0.2456],
        [0.2526, 0.2496, 0.2526, 0.2452],
        [0.2490, 0.2468, 0.2510, 0.2532],
        [0.2487, 0.2472, 0.2498, 0.2543]], device='cuda:0',
       grad_fn=<SoftmaxBackward0>)
tensor([[0.2521, 0.2499, 0.2535, 0.2445],
        [0.2500, 0.2499, 0.2544, 0.2456],
        [0.2506, 0.2470, 0.2483, 0.2542],
        [0.2526, 0.2475, 0.2482, 0.2517],
        [0.2511, 0.2456, 0.2514, 0.2520]], device='cuda:0',
       grad_fn=<SoftmaxBackward0>)
tensor([[0.2581, 0.2507, 0.2510, 0.2402],
        [0.2545, 0.2511, 0.2519, 0.2425],
        [0.2472, 0.2482, 0.2521, 0.2524],
        [0.2460, 0.2493, 0.2519, 0.2528],
        [0.2502, 0.2457, 0.2458, 0.2584],
        [0.2510, 0.2481, 0.2490, 0.2519]], device='cuda:0',
       grad_fn=<SoftmaxBackward0>)
tensor([[0.2537, 0.2500, 0.2518, 0.2446],
        [0.2541, 0.2541, 0.2518, 0.2400],
        [0.2480, 0.2477, 0.2508, 0.2534],
        [0.2471, 0.2490, 0.2493, 0.2546],
        [0.2485, 0.2468, 0.2514, 0.2532],
        [0.2502, 0.2482, 0.2484, 0.2532],
        [0.2521, 0.2487, 0.2493, 0.2499]], device='cuda:0',
       grad_fn=<SoftmaxBackward0>)
tensor([[0.2442, 0.2383, 0.2674, 0.2501],
        [0.2460, 0.2385, 0.2665, 0.2490]], device='cuda:0',
       grad_fn=<SoftmaxBackward0>)
tensor([[0.2455, 0.2434, 0.2631, 0.2480],
        [0.2491, 0.2413, 0.2622, 0.2473],
        [0.2469, 0.2438, 0.2545, 0.2547]], device='cuda:0',
       grad_fn=<SoftmaxBackward0>)
tensor([[0.2474, 0.2441, 0.2587, 0.2498],
        [0.2449, 0.2438, 0.2589, 0.2525],
        [0.2484, 0.2458, 0.2537, 0.2521],
        [0.2505, 0.2473, 0.2554, 0.2469]], device='cuda:0',
       grad_fn=<SoftmaxBackward0>)
tensor([[0.2520, 0.2437, 0.2547, 0.2496],
        [0.2491, 0.2443, 0.2547, 0.2520],
        [0.2491, 0.2461, 0.2511, 0.2537],
        [0.2495, 0.2473, 0.2546, 0.2486],
        [0.2492, 0.2473, 0.2557, 0.2478]], device='cuda:0',
       grad_fn=<SoftmaxBackward0>)
tensor([[0.2575, 0.2428, 0.2551, 0.2445],
        [0.2612, 0.2432, 0.2538, 0.2417],
        [0.2472, 0.2406, 0.2559, 0.2563],
        [0.2494, 0.2409, 0.2539, 0.2558],
        [0.2481, 0.2439, 0.2558, 0.2522],
        [0.2454, 0.2428, 0.2580, 0.2538]], device='cuda:0',
       grad_fn=<SoftmaxBackward0>)
tensor([[0.2616, 0.2427, 0.2504, 0.2453],
        [0.2657, 0.2399, 0.2508, 0.2436],
        [0.2498, 0.2389, 0.2512, 0.2602],
        [0.2517, 0.2398, 0.2568, 0.2518],
        [0.2518, 0.2422, 0.2559, 0.2501],
        [0.2482, 0.2388, 0.2594, 0.2536],
        [0.2567, 0.2477, 0.2443, 0.2513]], device='cuda:0',
       grad_fn=<SoftmaxBackward0>)
#####################
08/23 06:19:33午後 searchStage_trainer.py:268 [INFO] Train: Epoch: [2][50/390]	Step 832	lr 0.02491	Loss 1.1888 (1.1960)	Hard Loss 1.1888 (1.1960)	Soft Loss 1.1888 (1.1960)	Arch Loss 1.3340 (1.2355)	Arch Hard Loss 1.3340 (1.2355)	Arch Soft Loss 1.3340 (1.2355)	Arch depth Loss 0.0000 (0.0000)	Prec@(1,5) (56.7%, 94.8%)	
08/23 06:19:48午後 searchStage_trainer.py:268 [INFO] Train: Epoch: [2][100/390]	Step 882	lr 0.02491	Loss 1.3379 (1.1821)	Hard Loss 1.3379 (1.1821)	Soft Loss 1.3379 (1.1821)	Arch Loss 1.1561 (1.2232)	Arch Hard Loss 1.1561 (1.2232)	Arch Soft Loss 1.1561 (1.2232)	Arch depth Loss 0.0000 (0.0000)	Prec@(1,5) (57.2%, 95.1%)	
08/23 06:20:03午後 searchStage_trainer.py:268 [INFO] Train: Epoch: [2][150/390]	Step 932	lr 0.02491	Loss 1.3521 (1.1915)	Hard Loss 1.3521 (1.1915)	Soft Loss 1.3521 (1.1915)	Arch Loss 1.3412 (1.2026)	Arch Hard Loss 1.3412 (1.2026)	Arch Soft Loss 1.3412 (1.2026)	Arch depth Loss 0.0000 (0.0000)	Prec@(1,5) (56.7%, 95.1%)	
08/23 06:20:18午後 searchStage_trainer.py:268 [INFO] Train: Epoch: [2][200/390]	Step 982	lr 0.02491	Loss 1.3722 (1.1891)	Hard Loss 1.3722 (1.1891)	Soft Loss 1.3722 (1.1891)	Arch Loss 1.1151 (1.2006)	Arch Hard Loss 1.1151 (1.2006)	Arch Soft Loss 1.1151 (1.2006)	Arch depth Loss 0.0000 (0.0000)	Prec@(1,5) (56.8%, 95.1%)	
08/23 06:20:33午後 searchStage_trainer.py:268 [INFO] Train: Epoch: [2][250/390]	Step 1032	lr 0.02491	Loss 1.3029 (1.1854)	Hard Loss 1.3029 (1.1854)	Soft Loss 1.3029 (1.1854)	Arch Loss 1.0119 (1.1908)	Arch Hard Loss 1.0119 (1.1908)	Arch Soft Loss 1.0119 (1.1908)	Arch depth Loss 0.0000 (0.0000)	Prec@(1,5) (56.8%, 95.1%)	
08/23 06:20:48午後 searchStage_trainer.py:268 [INFO] Train: Epoch: [2][300/390]	Step 1082	lr 0.02491	Loss 0.8349 (1.1843)	Hard Loss 0.8349 (1.1843)	Soft Loss 0.8349 (1.1843)	Arch Loss 1.1880 (1.1861)	Arch Hard Loss 1.1880 (1.1861)	Arch Soft Loss 1.1880 (1.1861)	Arch depth Loss 0.0000 (0.0000)	Prec@(1,5) (57.1%, 95.2%)	
08/23 06:21:03午後 searchStage_trainer.py:268 [INFO] Train: Epoch: [2][350/390]	Step 1132	lr 0.02491	Loss 0.9748 (1.1786)	Hard Loss 0.9748 (1.1786)	Soft Loss 0.9748 (1.1786)	Arch Loss 1.1252 (1.1795)	Arch Hard Loss 1.1252 (1.1795)	Arch Soft Loss 1.1252 (1.1795)	Arch depth Loss 0.0000 (0.0000)	Prec@(1,5) (57.2%, 95.3%)	
08/23 06:21:15午後 searchStage_trainer.py:268 [INFO] Train: Epoch: [2][390/390]	Step 1172	lr 0.02491	Loss 0.8829 (1.1709)	Hard Loss 0.8829 (1.1709)	Soft Loss 0.8829 (1.1709)	Arch Loss 1.0358 (1.1773)	Arch Hard Loss 1.0358 (1.1773)	Arch Soft Loss 1.0358 (1.1773)	Arch depth Loss 0.0000 (0.0000)	Prec@(1,5) (57.5%, 95.3%)	
08/23 06:21:15午後 searchStage_trainer.py:284 [INFO] Train: [  2/49] Final Prec@1 57.5520%
08/23 06:21:18午後 searchStage_trainer.py:312 [INFO] Valid: Epoch: [2][50/391]	Step 1173	Loss 1.0831	Prec@(1,5) (60.2%, 95.8%)
08/23 06:21:20午後 searchStage_trainer.py:312 [INFO] Valid: Epoch: [2][100/391]	Step 1173	Loss 1.0854	Prec@(1,5) (60.9%, 95.6%)
08/23 06:21:22午後 searchStage_trainer.py:312 [INFO] Valid: Epoch: [2][150/391]	Step 1173	Loss 1.0900	Prec@(1,5) (60.6%, 95.7%)
08/23 06:21:24午後 searchStage_trainer.py:312 [INFO] Valid: Epoch: [2][200/391]	Step 1173	Loss 1.0861	Prec@(1,5) (60.7%, 95.9%)
08/23 06:21:26午後 searchStage_trainer.py:312 [INFO] Valid: Epoch: [2][250/391]	Step 1173	Loss 1.0903	Prec@(1,5) (60.4%, 95.8%)
08/23 06:21:28午後 searchStage_trainer.py:312 [INFO] Valid: Epoch: [2][300/391]	Step 1173	Loss 1.0897	Prec@(1,5) (60.4%, 95.7%)
08/23 06:21:30午後 searchStage_trainer.py:312 [INFO] Valid: Epoch: [2][350/391]	Step 1173	Loss 1.0929	Prec@(1,5) (60.3%, 95.7%)
08/23 06:21:32午後 searchStage_trainer.py:312 [INFO] Valid: Epoch: [2][390/391]	Step 1173	Loss 1.0907	Prec@(1,5) (60.4%, 95.6%)
08/23 06:21:32午後 searchStage_trainer.py:323 [INFO] Valid: [  2/49] Final Prec@1 60.4520%
08/23 06:21:32午後 searchStage_KD_main.py:58 [INFO] DAG = Genotype2(DAG1=[[('skip_connect', 0), ('skip_connect', 1)], [('skip_connect', 1), ('skip_connect', 0)], [('skip_connect', 0), ('skip_connect', 1)], [('skip_connect', 1), ('skip_connect', 0)], [('skip_connect', 1), ('skip_connect', 0)], [('max_pool_3x3', 1), ('max_pool_3x3', 0)]], DAG1_concat=range(6, 8), DAG2=[[('skip_connect', 0), ('skip_connect', 1)], [('skip_connect', 1), ('skip_connect', 0)], [('max_pool_3x3', 0), ('avg_pool_3x3', 1)], [('max_pool_3x3', 0), ('skip_connect', 1)], [('max_pool_3x3', 0), ('avg_pool_3x3', 1)], [('avg_pool_3x3', 1), ('max_pool_3x3', 0)]], DAG2_concat=range(6, 8), DAG3=[[('skip_connect', 0), ('skip_connect', 1)], [('skip_connect', 0), ('skip_connect', 1)], [('skip_connect', 0), ('skip_connect', 1)], [('skip_connect', 4), ('skip_connect', 0)], [('max_pool_3x3', 1), ('max_pool_3x3', 0)], [('max_pool_3x3', 1), ('max_pool_3x3', 0)]], DAG3_concat=range(6, 8))
08/23 06:21:33午後 searchStage_KD_main.py:89 [INFO] Until now, best Prec@1 = 60.4520%
####### ALPHA #######
# Alpha - DAG
tensor([[0.2491, 0.2242, 0.2776, 0.2491],
        [0.2454, 0.2278, 0.2760, 0.2507]], device='cuda:0',
       grad_fn=<SoftmaxBackward0>)
tensor([[0.2570, 0.2324, 0.2611, 0.2495],
        [0.2504, 0.2341, 0.2624, 0.2531],
        [0.2480, 0.2480, 0.2549, 0.2491]], device='cuda:0',
       grad_fn=<SoftmaxBackward0>)
tensor([[0.2579, 0.2240, 0.2792, 0.2389],
        [0.2495, 0.2264, 0.2784, 0.2458],
        [0.2468, 0.2458, 0.2487, 0.2586],
        [0.2435, 0.2503, 0.2513, 0.2549]], device='cuda:0',
       grad_fn=<SoftmaxBackward0>)
tensor([[0.2589, 0.2371, 0.2623, 0.2417],
        [0.2554, 0.2332, 0.2651, 0.2463],
        [0.2473, 0.2422, 0.2495, 0.2611],
        [0.2513, 0.2463, 0.2516, 0.2509],
        [0.2495, 0.2457, 0.2533, 0.2515]], device='cuda:0',
       grad_fn=<SoftmaxBackward0>)
tensor([[0.2538, 0.2140, 0.3041, 0.2281],
        [0.2520, 0.2174, 0.3051, 0.2255],
        [0.2408, 0.2364, 0.2581, 0.2647],
        [0.2478, 0.2393, 0.2478, 0.2651],
        [0.2466, 0.2375, 0.2609, 0.2550],
        [0.2438, 0.2372, 0.2489, 0.2701]], device='cuda:0',
       grad_fn=<SoftmaxBackward0>)
tensor([[0.2883, 0.2192, 0.2480, 0.2444],
        [0.2899, 0.2196, 0.2473, 0.2432],
        [0.2519, 0.2411, 0.2492, 0.2578],
        [0.2517, 0.2448, 0.2481, 0.2554],
        [0.2555, 0.2458, 0.2527, 0.2460],
        [0.2527, 0.2442, 0.2494, 0.2537],
        [0.2491, 0.2455, 0.2544, 0.2510]], device='cuda:0',
       grad_fn=<SoftmaxBackward0>)
tensor([[0.2463, 0.2421, 0.2612, 0.2504],
        [0.2512, 0.2414, 0.2596, 0.2479]], device='cuda:0',
       grad_fn=<SoftmaxBackward0>)
tensor([[0.2543, 0.2489, 0.2561, 0.2407],
        [0.2484, 0.2499, 0.2596, 0.2421],
        [0.2507, 0.2438, 0.2422, 0.2633]], device='cuda:0',
       grad_fn=<SoftmaxBackward0>)
tensor([[0.2561, 0.2484, 0.2530, 0.2425],
        [0.2534, 0.2536, 0.2534, 0.2397],
        [0.2485, 0.2453, 0.2518, 0.2544],
        [0.2457, 0.2473, 0.2467, 0.2603]], device='cuda:0',
       grad_fn=<SoftmaxBackward0>)
tensor([[0.2562, 0.2528, 0.2518, 0.2392],
        [0.2505, 0.2508, 0.2551, 0.2436],
        [0.2502, 0.2461, 0.2451, 0.2586],
        [0.2513, 0.2480, 0.2444, 0.2562],
        [0.2531, 0.2459, 0.2524, 0.2485]], device='cuda:0',
       grad_fn=<SoftmaxBackward0>)
tensor([[0.2610, 0.2534, 0.2518, 0.2337],
        [0.2566, 0.2568, 0.2527, 0.2338],
        [0.2505, 0.2454, 0.2494, 0.2547],
        [0.2446, 0.2493, 0.2495, 0.2566],
        [0.2504, 0.2465, 0.2459, 0.2572],
        [0.2504, 0.2469, 0.2452, 0.2574]], device='cuda:0',
       grad_fn=<SoftmaxBackward0>)
tensor([[0.2570, 0.2521, 0.2511, 0.2398],
        [0.2567, 0.2585, 0.2510, 0.2339],
        [0.2496, 0.2458, 0.2495, 0.2551],
        [0.2481, 0.2442, 0.2426, 0.2651],
        [0.2497, 0.2487, 0.2517, 0.2499],
        [0.2509, 0.2473, 0.2491, 0.2527],
        [0.2530, 0.2479, 0.2477, 0.2514]], device='cuda:0',
       grad_fn=<SoftmaxBackward0>)
tensor([[0.2453, 0.2367, 0.2689, 0.2491],
        [0.2471, 0.2360, 0.2667, 0.2502]], device='cuda:0',
       grad_fn=<SoftmaxBackward0>)
tensor([[0.2468, 0.2426, 0.2646, 0.2460],
        [0.2478, 0.2396, 0.2637, 0.2490],
        [0.2489, 0.2441, 0.2522, 0.2549]], device='cuda:0',
       grad_fn=<SoftmaxBackward0>)
tensor([[0.2449, 0.2455, 0.2598, 0.2499],
        [0.2433, 0.2447, 0.2577, 0.2542],
        [0.2492, 0.2474, 0.2535, 0.2499],
        [0.2510, 0.2464, 0.2560, 0.2466]], device='cuda:0',
       grad_fn=<SoftmaxBackward0>)
tensor([[0.2523, 0.2453, 0.2540, 0.2485],
        [0.2499, 0.2444, 0.2539, 0.2519],
        [0.2497, 0.2474, 0.2482, 0.2547],
        [0.2510, 0.2473, 0.2538, 0.2479],
        [0.2490, 0.2473, 0.2560, 0.2477]], device='cuda:0',
       grad_fn=<SoftmaxBackward0>)
tensor([[0.2621, 0.2425, 0.2540, 0.2414],
        [0.2649, 0.2421, 0.2532, 0.2397],
        [0.2512, 0.2396, 0.2538, 0.2554],
        [0.2517, 0.2390, 0.2529, 0.2564],
        [0.2478, 0.2430, 0.2535, 0.2557],
        [0.2462, 0.2411, 0.2575, 0.2552]], device='cuda:0',
       grad_fn=<SoftmaxBackward0>)
tensor([[0.2620, 0.2435, 0.2526, 0.2419],
        [0.2676, 0.2404, 0.2516, 0.2405],
        [0.2530, 0.2391, 0.2480, 0.2600],
        [0.2533, 0.2387, 0.2540, 0.2540],
        [0.2519, 0.2421, 0.2527, 0.2533],
        [0.2486, 0.2387, 0.2597, 0.2530],
        [0.2560, 0.2480, 0.2451, 0.2509]], device='cuda:0',
       grad_fn=<SoftmaxBackward0>)
#####################
08/23 06:21:48午後 searchStage_trainer.py:268 [INFO] Train: Epoch: [3][50/390]	Step 1223	lr 0.02479	Loss 1.1548 (1.0474)	Hard Loss 1.1548 (1.0474)	Soft Loss 1.1548 (1.0474)	Arch Loss 1.0971 (1.1119)	Arch Hard Loss 1.0971 (1.1119)	Arch Soft Loss 1.0971 (1.1119)	Arch depth Loss 0.0000 (0.0000)	Prec@(1,5) (62.5%, 96.1%)	
08/23 06:22:03午後 searchStage_trainer.py:268 [INFO] Train: Epoch: [3][100/390]	Step 1273	lr 0.02479	Loss 1.4488 (1.0686)	Hard Loss 1.4488 (1.0686)	Soft Loss 1.4488 (1.0686)	Arch Loss 1.2249 (1.1023)	Arch Hard Loss 1.2249 (1.1023)	Arch Soft Loss 1.2249 (1.1023)	Arch depth Loss 0.0000 (0.0000)	Prec@(1,5) (61.5%, 96.3%)	
08/23 06:22:18午後 searchStage_trainer.py:268 [INFO] Train: Epoch: [3][150/390]	Step 1323	lr 0.02479	Loss 1.0976 (1.0719)	Hard Loss 1.0976 (1.0719)	Soft Loss 1.0976 (1.0719)	Arch Loss 1.0106 (1.1068)	Arch Hard Loss 1.0106 (1.1068)	Arch Soft Loss 1.0106 (1.1068)	Arch depth Loss 0.0000 (0.0000)	Prec@(1,5) (61.6%, 96.3%)	
08/23 06:22:32午後 searchStage_trainer.py:268 [INFO] Train: Epoch: [3][200/390]	Step 1373	lr 0.02479	Loss 1.0950 (1.0659)	Hard Loss 1.0950 (1.0659)	Soft Loss 1.0950 (1.0659)	Arch Loss 1.1687 (1.0865)	Arch Hard Loss 1.1687 (1.0865)	Arch Soft Loss 1.1687 (1.0865)	Arch depth Loss 0.0000 (0.0000)	Prec@(1,5) (61.7%, 96.3%)	
08/23 06:22:47午後 searchStage_trainer.py:268 [INFO] Train: Epoch: [3][250/390]	Step 1423	lr 0.02479	Loss 1.0043 (1.0630)	Hard Loss 1.0043 (1.0630)	Soft Loss 1.0043 (1.0630)	Arch Loss 0.9769 (1.0832)	Arch Hard Loss 0.9769 (1.0832)	Arch Soft Loss 0.9769 (1.0832)	Arch depth Loss 0.0000 (0.0000)	Prec@(1,5) (61.8%, 96.3%)	
08/23 06:23:02午後 searchStage_trainer.py:268 [INFO] Train: Epoch: [3][300/390]	Step 1473	lr 0.02479	Loss 0.9622 (1.0550)	Hard Loss 0.9622 (1.0550)	Soft Loss 0.9622 (1.0550)	Arch Loss 0.9428 (1.0734)	Arch Hard Loss 0.9428 (1.0734)	Arch Soft Loss 0.9428 (1.0734)	Arch depth Loss 0.0000 (0.0000)	Prec@(1,5) (62.3%, 96.3%)	
08/23 06:23:16午後 searchStage_trainer.py:268 [INFO] Train: Epoch: [3][350/390]	Step 1523	lr 0.02479	Loss 0.8418 (1.0499)	Hard Loss 0.8418 (1.0499)	Soft Loss 0.8418 (1.0499)	Arch Loss 1.1926 (1.0652)	Arch Hard Loss 1.1926 (1.0652)	Arch Soft Loss 1.1926 (1.0652)	Arch depth Loss 0.0000 (0.0000)	Prec@(1,5) (62.5%, 96.3%)	
08/23 06:23:28午後 searchStage_trainer.py:268 [INFO] Train: Epoch: [3][390/390]	Step 1563	lr 0.02479	Loss 0.8113 (1.0379)	Hard Loss 0.8113 (1.0379)	Soft Loss 0.8113 (1.0379)	Arch Loss 1.0588 (1.0583)	Arch Hard Loss 1.0588 (1.0583)	Arch Soft Loss 1.0588 (1.0583)	Arch depth Loss 0.0000 (0.0000)	Prec@(1,5) (62.8%, 96.4%)	
08/23 06:23:28午後 searchStage_trainer.py:284 [INFO] Train: [  3/49] Final Prec@1 62.7920%
08/23 06:23:31午後 searchStage_trainer.py:312 [INFO] Valid: Epoch: [3][50/391]	Step 1564	Loss 1.1206	Prec@(1,5) (62.0%, 96.2%)
08/23 06:23:33午後 searchStage_trainer.py:312 [INFO] Valid: Epoch: [3][100/391]	Step 1564	Loss 1.1009	Prec@(1,5) (62.4%, 96.3%)
08/23 06:23:35午後 searchStage_trainer.py:312 [INFO] Valid: Epoch: [3][150/391]	Step 1564	Loss 1.0937	Prec@(1,5) (63.0%, 96.3%)
08/23 06:23:37午後 searchStage_trainer.py:312 [INFO] Valid: Epoch: [3][200/391]	Step 1564	Loss 1.1051	Prec@(1,5) (62.7%, 96.1%)
08/23 06:23:39午後 searchStage_trainer.py:312 [INFO] Valid: Epoch: [3][250/391]	Step 1564	Loss 1.1132	Prec@(1,5) (62.3%, 96.0%)
08/23 06:23:41午後 searchStage_trainer.py:312 [INFO] Valid: Epoch: [3][300/391]	Step 1564	Loss 1.1125	Prec@(1,5) (62.2%, 96.1%)
08/23 06:23:44午後 searchStage_trainer.py:312 [INFO] Valid: Epoch: [3][350/391]	Step 1564	Loss 1.1106	Prec@(1,5) (62.2%, 96.2%)
08/23 06:23:45午後 searchStage_trainer.py:312 [INFO] Valid: Epoch: [3][390/391]	Step 1564	Loss 1.1118	Prec@(1,5) (62.2%, 96.2%)
08/23 06:23:45午後 searchStage_trainer.py:323 [INFO] Valid: [  3/49] Final Prec@1 62.2280%
