10/13 06:49:59PM parser.py:28 [INFO] 
10/13 06:49:59PM parser.py:29 [INFO] Parameters:
10/13 06:49:59PM parser.py:31 [INFO] DAG=Genotype2(DAG1=[[('skip_connect', 0), ('skip_connect', 1)], [('skip_connect', 1), ('skip_connect', 0)], [('skip_connect', 1), ('skip_connect', 3)], [('skip_connect', 3), ('skip_connect', 4)], [('skip_connect', 3), ('skip_connect', 0)], [('skip_connect', 0), ('skip_connect', 1)]], DAG1_concat=range(6, 8), DAG2=[[('skip_connect', 1), ('skip_connect', 0)], [('skip_connect', 1), ('skip_connect', 0)], [('skip_connect', 1), ('skip_connect', 2)], [('skip_connect', 3), ('skip_connect', 2)], [('skip_connect', 1), ('skip_connect', 0)], [('skip_connect', 0), ('skip_connect', 1)]], DAG2_concat=range(6, 8), DAG3=[[('skip_connect', 0), ('skip_connect', 1)], [('skip_connect', 1), ('skip_connect', 0)], [('skip_connect', 1), ('skip_connect', 0)], [('skip_connect', 2), ('skip_connect', 3)], [('skip_connect', 0), ('skip_connect', 1)], [('skip_connect', 0), ('skip_connect', 1)]], DAG3_concat=range(6, 8))
10/13 06:49:59PM parser.py:31 [INFO] T=10.0
10/13 06:49:59PM parser.py:31 [INFO] ADVANCED=True
10/13 06:49:59PM parser.py:31 [INFO] AUX_WEIGHT=0.4
10/13 06:49:59PM parser.py:31 [INFO] BATCH_SIZE=64
10/13 06:49:59PM parser.py:31 [INFO] CHECKPOINT_RESET=False
10/13 06:49:59PM parser.py:31 [INFO] CUTOUT_LENGTH=16
10/13 06:49:59PM parser.py:31 [INFO] DATA_PATH=../data/
10/13 06:49:59PM parser.py:31 [INFO] DATASET=cifar100
10/13 06:49:59PM parser.py:31 [INFO] DEPTH_COEF=0.0
10/13 06:49:59PM parser.py:31 [INFO] DESCRIPTION=ArchHint_KD_mimic_only_teacher_archtecture
10/13 06:49:59PM parser.py:31 [INFO] DROP_PATH_PROB=0.2
10/13 06:49:59PM parser.py:31 [INFO] EPOCHS=100
10/13 06:49:59PM parser.py:31 [INFO] EXP_NAME=s3l0.001-h_das_teacher
10/13 06:49:59PM parser.py:31 [INFO] GENOTYPE=Genotype3(normal1=[[('sep_conv_5x5', 0), ('sep_conv_3x3', 1)], [('sep_conv_3x3', 1), ('sep_conv_3x3', 0)], [('sep_conv_3x3', 1), ('sep_conv_3x3', 2)], [('sep_conv_3x3', 0), ('sep_conv_5x5', 4)]], normal1_concat=range(2, 6), reduce1=[[('sep_conv_3x3', 0), ('skip_connect', 1)], [('sep_conv_3x3', 1), ('max_pool_3x3', 0)], [('sep_conv_3x3', 2), ('sep_conv_3x3', 1)], [('max_pool_3x3', 0), ('dil_conv_3x3', 1)]], reduce1_concat=range(2, 6), normal2=[[('skip_connect', 0), ('sep_conv_5x5', 1)], [('skip_connect', 0), ('skip_connect', 2)], [('avg_pool_3x3', 0), ('avg_pool_3x3', 2)], [('skip_connect', 0), ('avg_pool_3x3', 2)]], normal2_concat=range(2, 6), reduce2=[[('avg_pool_3x3', 0), ('avg_pool_3x3', 1)], [('avg_pool_3x3', 0), ('skip_connect', 2)], [('skip_connect', 2), ('avg_pool_3x3', 0)], [('skip_connect', 2), ('avg_pool_3x3', 0)]], reduce2_concat=range(2, 6), normal3=[[('skip_connect', 0), ('skip_connect', 1)], [('skip_connect', 0), ('dil_conv_3x3', 1)], [('skip_connect', 0), ('skip_connect', 1)], [('skip_connect', 0), ('skip_connect', 2)]], normal3_concat=range(2, 6))
10/13 06:49:59PM parser.py:31 [INFO] GPUS=[0]
10/13 06:49:59PM parser.py:31 [INFO] INIT_CHANNELS=32
10/13 06:49:59PM parser.py:31 [INFO] L=0.5
10/13 06:49:59PM parser.py:31 [INFO] LAYERS=20
10/13 06:49:59PM parser.py:31 [INFO] LOGGER=<Logger H-DAS (INFO)>
10/13 06:49:59PM parser.py:31 [INFO] NAME=ARCH-KD
10/13 06:49:59PM parser.py:31 [INFO] NONKD=True
10/13 06:49:59PM parser.py:31 [INFO] PATH=results/evaluate_stage_KD/cifar100/ARCH-KD/s3l0.001-h_das_teacher
10/13 06:49:59PM parser.py:31 [INFO] PLOT_PATH=results/evaluate_stage_KD/cifar100/ARCH-KD/s3l0.001-h_das_teacher/plots
10/13 06:49:59PM parser.py:31 [INFO] PRINT_FREQ=100
10/13 06:49:59PM parser.py:31 [INFO] RESUME_PATH=/home/miura/lab/KD-hdas/results/search_stage_KD/cifar100/ARCH-KD/l0.001-2-h_das_teacher/best.pth.tar
10/13 06:49:59PM parser.py:31 [INFO] SAVE=s3l0.001-h_das_teacher
10/13 06:49:59PM parser.py:31 [INFO] SEED=3
10/13 06:49:59PM parser.py:31 [INFO] SLIDE_WINDOW=8
10/13 06:49:59PM parser.py:31 [INFO] SPEC_CELL=True
10/13 06:49:59PM parser.py:31 [INFO] TEACHER_NAME=none
10/13 06:49:59PM parser.py:31 [INFO] TEACHER_PATH=none
10/13 06:49:59PM parser.py:31 [INFO] TRAIN_PORTION=0.9
10/13 06:49:59PM parser.py:31 [INFO] W_GRAD_CLIP=5.0
10/13 06:49:59PM parser.py:31 [INFO] W_LR=0.025
10/13 06:49:59PM parser.py:31 [INFO] W_LR_MIN=0.001
10/13 06:49:59PM parser.py:31 [INFO] W_MOMENTUM=0.9
10/13 06:49:59PM parser.py:31 [INFO] W_WEIGHT_DECAY=0.0003
10/13 06:49:59PM parser.py:31 [INFO] WORKERS=4
10/13 06:49:59PM parser.py:32 [INFO] 
10/13 06:50:18PM evaluateStageRelax_trainer.py:115 [INFO] --> Loaded checkpoint '/home/miura/lab/KD-hdas/results/search_stage_KD/cifar100/ARCH-KD/l0.001-2-h_das_teacher/best.pth.tar'(Reseted epoch 0)
10/13 06:50:18PM evaluateStageRelax_trainer.py:138 [INFO] --> Loaded alpha parameters are Freezed
####### ALPHA #######
# Alpha - DAG
tensor([[0.1739, 0.1972, 0.4213, 0.2075],
        [0.1783, 0.2005, 0.4149, 0.2063]], device='cuda:0')
tensor([[0.1524, 0.1706, 0.4784, 0.1985],
        [0.1523, 0.1689, 0.4795, 0.1993],
        [0.2266, 0.2623, 0.2702, 0.2410]], device='cuda:0')
tensor([[0.2221, 0.2307, 0.2767, 0.2705],
        [0.1878, 0.1959, 0.4000, 0.2163],
        [0.2261, 0.2489, 0.2687, 0.2562],
        [0.1973, 0.2157, 0.3985, 0.1884]], device='cuda:0')
tensor([[0.2522, 0.2438, 0.2493, 0.2547],
        [0.2520, 0.2425, 0.2488, 0.2567],
        [0.2428, 0.2587, 0.2647, 0.2339],
        [0.2063, 0.2048, 0.3680, 0.2209],
        [0.2095, 0.2119, 0.3631, 0.2155]], device='cuda:0')
tensor([[0.1598, 0.1742, 0.4434, 0.2226],
        [0.1613, 0.1761, 0.4328, 0.2298],
        [0.2257, 0.2351, 0.2676, 0.2716],
        [0.1748, 0.1796, 0.4601, 0.1855],
        [0.1925, 0.2000, 0.3939, 0.2136],
        [0.2316, 0.2493, 0.2575, 0.2615]], device='cuda:0')
tensor([[0.1195, 0.1253, 0.5242, 0.2311],
        [0.1203, 0.1269, 0.5188, 0.2340],
        [0.2258, 0.2357, 0.2793, 0.2592],
        [0.1813, 0.1917, 0.4362, 0.1908],
        [0.1879, 0.2070, 0.3960, 0.2092],
        [0.2465, 0.2465, 0.2521, 0.2549],
        [0.2044, 0.2387, 0.3580, 0.1990]], device='cuda:0')
tensor([[0.1879, 0.1939, 0.4012, 0.2171],
        [0.1998, 0.1920, 0.4067, 0.2015]], device='cuda:0')
tensor([[0.1905, 0.2048, 0.3927, 0.2120],
        [0.1951, 0.2030, 0.3933, 0.2086],
        [0.2536, 0.2554, 0.2347, 0.2563]], device='cuda:0')
tensor([[0.2362, 0.2416, 0.2824, 0.2399],
        [0.1874, 0.2006, 0.4126, 0.1995],
        [0.2048, 0.2043, 0.3635, 0.2274],
        [0.2399, 0.2563, 0.2481, 0.2557]], device='cuda:0')
tensor([[0.2788, 0.2508, 0.2617, 0.2086],
        [0.2758, 0.2487, 0.2660, 0.2096],
        [0.1918, 0.1942, 0.3515, 0.2625],
        [0.1962, 0.2029, 0.3568, 0.2442],
        [0.2446, 0.2515, 0.2483, 0.2556]], device='cuda:0')
tensor([[0.1731, 0.1660, 0.4371, 0.2237],
        [0.1656, 0.1664, 0.4420, 0.2260],
        [0.2635, 0.2739, 0.2933, 0.1693],
        [0.1847, 0.1870, 0.3931, 0.2353],
        [0.2012, 0.1891, 0.3551, 0.2546],
        [0.2426, 0.2149, 0.2283, 0.3142]], device='cuda:0')
tensor([[0.1735, 0.1832, 0.4671, 0.1762],
        [0.1759, 0.1798, 0.4624, 0.1819],
        [0.2455, 0.2754, 0.2863, 0.1928],
        [0.1948, 0.2453, 0.2756, 0.2843],
        [0.1792, 0.1913, 0.3712, 0.2583],
        [0.2096, 0.1965, 0.3470, 0.2469],
        [0.1906, 0.2042, 0.2187, 0.3864]], device='cuda:0')
tensor([[0.0892, 0.1147, 0.6438, 0.1523],
        [0.0899, 0.1149, 0.6225, 0.1727]], device='cuda:0')
tensor([[0.0975, 0.1279, 0.6098, 0.1649],
        [0.1036, 0.1246, 0.6294, 0.1424],
        [0.1604, 0.2333, 0.2868, 0.3195]], device='cuda:0')
tensor([[0.1345, 0.1398, 0.5691, 0.1566],
        [0.1146, 0.1023, 0.6795, 0.1037],
        [0.1169, 0.1443, 0.3969, 0.3420],
        [0.1486, 0.1556, 0.2496, 0.4461]], device='cuda:0')
tensor([[0.2032, 0.2091, 0.3769, 0.2108],
        [0.2083, 0.2195, 0.3819, 0.1903],
        [0.1829, 0.2118, 0.3700, 0.2352],
        [0.1784, 0.2004, 0.3673, 0.2539],
        [0.2106, 0.2455, 0.2446, 0.2993]], device='cuda:0')
tensor([[0.0535, 0.0476, 0.8447, 0.0542],
        [0.0562, 0.0489, 0.8388, 0.0560],
        [0.0898, 0.0944, 0.2567, 0.5591],
        [0.0714, 0.0682, 0.3685, 0.4919],
        [0.0681, 0.0667, 0.4822, 0.3830],
        [0.0499, 0.0483, 0.0863, 0.8155]], device='cuda:0')
tensor([[0.0596, 0.0517, 0.8340, 0.0546],
        [0.0621, 0.0523, 0.8346, 0.0510],
        [0.1003, 0.0991, 0.4147, 0.3859],
        [0.0989, 0.0895, 0.2465, 0.5650],
        [0.0647, 0.0680, 0.6321, 0.2353],
        [0.0466, 0.0438, 0.1214, 0.7882],
        [0.0952, 0.0762, 0.1139, 0.7147]], device='cuda:0')
#####################
10/13 06:50:37PM evaluateStageRelax_trainer.py:198 [INFO] Train: Epoch: [0][100/703]	Step 100	lr 0.025	Loss 5.6810 (6.3523)	Hard Loss 0.0000 (0.0000)	Soft Loss 0.0000 (0.0000)	Prec@(1,5) (3.0%, 12.1%)	
10/13 06:50:53PM evaluateStageRelax_trainer.py:198 [INFO] Train: Epoch: [0][200/703]	Step 200	lr 0.025	Loss 5.5943 (6.0518)	Hard Loss 0.0000 (0.0000)	Soft Loss 0.0000 (0.0000)	Prec@(1,5) (5.1%, 17.9%)	
10/13 06:51:10PM evaluateStageRelax_trainer.py:198 [INFO] Train: Epoch: [0][300/703]	Step 300	lr 0.025	Loss 5.0484 (5.8598)	Hard Loss 0.0000 (0.0000)	Soft Loss 0.0000 (0.0000)	Prec@(1,5) (6.3%, 21.8%)	
10/13 06:51:27PM evaluateStageRelax_trainer.py:198 [INFO] Train: Epoch: [0][400/703]	Step 400	lr 0.025	Loss 5.3198 (5.7227)	Hard Loss 0.0000 (0.0000)	Soft Loss 0.0000 (0.0000)	Prec@(1,5) (7.2%, 24.7%)	
10/13 06:51:44PM evaluateStageRelax_trainer.py:198 [INFO] Train: Epoch: [0][500/703]	Step 500	lr 0.025	Loss 5.3116 (5.6023)	Hard Loss 0.0000 (0.0000)	Soft Loss 0.0000 (0.0000)	Prec@(1,5) (8.4%, 27.5%)	
10/13 06:52:00PM evaluateStageRelax_trainer.py:198 [INFO] Train: Epoch: [0][600/703]	Step 600	lr 0.025	Loss 4.7602 (5.4977)	Hard Loss 0.0000 (0.0000)	Soft Loss 0.0000 (0.0000)	Prec@(1,5) (9.4%, 29.6%)	
10/13 06:52:17PM evaluateStageRelax_trainer.py:198 [INFO] Train: Epoch: [0][700/703]	Step 700	lr 0.025	Loss 5.0800 (5.4097)	Hard Loss 0.0000 (0.0000)	Soft Loss 0.0000 (0.0000)	Prec@(1,5) (10.3%, 31.4%)	
10/13 06:52:18PM evaluateStageRelax_trainer.py:198 [INFO] Train: Epoch: [0][703/703]	Step 703	lr 0.025	Loss 4.4433 (5.4067)	Hard Loss 0.0000 (0.0000)	Soft Loss 0.0000 (0.0000)	Prec@(1,5) (10.3%, 31.5%)	
10/13 06:52:19PM evaluateStageRelax_trainer.py:207 [INFO] Train: [  0/99] Final Prec@1 10.2978%
10/13 06:52:23PM evaluateStageRelax_trainer.py:242 [INFO] Valid: [  0/99] Final Prec@1 14.8000%
10/13 06:52:24午後 evaluateStageRelax_main.py:73 [INFO] Until now, best Prec@1 = 14.8000%
####### ALPHA #######
# Alpha - DAG
tensor([[0.1739, 0.1972, 0.4213, 0.2075],
        [0.1783, 0.2005, 0.4149, 0.2063]], device='cuda:0')
tensor([[0.1524, 0.1706, 0.4784, 0.1985],
        [0.1523, 0.1689, 0.4795, 0.1993],
        [0.2266, 0.2623, 0.2702, 0.2410]], device='cuda:0')
tensor([[0.2221, 0.2307, 0.2767, 0.2705],
        [0.1878, 0.1959, 0.4000, 0.2163],
        [0.2261, 0.2489, 0.2687, 0.2562],
        [0.1973, 0.2157, 0.3985, 0.1884]], device='cuda:0')
tensor([[0.2522, 0.2438, 0.2493, 0.2547],
        [0.2520, 0.2425, 0.2488, 0.2567],
        [0.2428, 0.2587, 0.2647, 0.2339],
        [0.2063, 0.2048, 0.3680, 0.2209],
        [0.2095, 0.2119, 0.3631, 0.2155]], device='cuda:0')
tensor([[0.1598, 0.1742, 0.4434, 0.2226],
        [0.1613, 0.1761, 0.4328, 0.2298],
        [0.2257, 0.2351, 0.2676, 0.2716],
        [0.1748, 0.1796, 0.4601, 0.1855],
        [0.1925, 0.2000, 0.3939, 0.2136],
        [0.2316, 0.2493, 0.2575, 0.2615]], device='cuda:0')
tensor([[0.1195, 0.1253, 0.5242, 0.2311],
        [0.1203, 0.1269, 0.5188, 0.2340],
        [0.2258, 0.2357, 0.2793, 0.2592],
        [0.1813, 0.1917, 0.4362, 0.1908],
        [0.1879, 0.2070, 0.3960, 0.2092],
        [0.2465, 0.2465, 0.2521, 0.2549],
        [0.2044, 0.2387, 0.3580, 0.1990]], device='cuda:0')
tensor([[0.1879, 0.1939, 0.4012, 0.2171],
        [0.1998, 0.1920, 0.4067, 0.2015]], device='cuda:0')
tensor([[0.1905, 0.2048, 0.3927, 0.2120],
        [0.1951, 0.2030, 0.3933, 0.2086],
        [0.2536, 0.2554, 0.2347, 0.2563]], device='cuda:0')
tensor([[0.2362, 0.2416, 0.2824, 0.2399],
        [0.1874, 0.2006, 0.4126, 0.1995],
        [0.2048, 0.2043, 0.3635, 0.2274],
        [0.2399, 0.2563, 0.2481, 0.2557]], device='cuda:0')
tensor([[0.2788, 0.2508, 0.2617, 0.2086],
        [0.2758, 0.2487, 0.2660, 0.2096],
        [0.1918, 0.1942, 0.3515, 0.2625],
        [0.1962, 0.2029, 0.3568, 0.2442],
        [0.2446, 0.2515, 0.2483, 0.2556]], device='cuda:0')
tensor([[0.1731, 0.1660, 0.4371, 0.2237],
        [0.1656, 0.1664, 0.4420, 0.2260],
        [0.2635, 0.2739, 0.2933, 0.1693],
        [0.1847, 0.1870, 0.3931, 0.2353],
        [0.2012, 0.1891, 0.3551, 0.2546],
        [0.2426, 0.2149, 0.2283, 0.3142]], device='cuda:0')
tensor([[0.1735, 0.1832, 0.4671, 0.1762],
        [0.1759, 0.1798, 0.4624, 0.1819],
        [0.2455, 0.2754, 0.2863, 0.1928],
        [0.1948, 0.2453, 0.2756, 0.2843],
        [0.1792, 0.1913, 0.3712, 0.2583],
        [0.2096, 0.1965, 0.3470, 0.2469],
        [0.1906, 0.2042, 0.2187, 0.3864]], device='cuda:0')
tensor([[0.0892, 0.1147, 0.6438, 0.1523],
        [0.0899, 0.1149, 0.6225, 0.1727]], device='cuda:0')
tensor([[0.0975, 0.1279, 0.6098, 0.1649],
        [0.1036, 0.1246, 0.6294, 0.1424],
        [0.1604, 0.2333, 0.2868, 0.3195]], device='cuda:0')
tensor([[0.1345, 0.1398, 0.5691, 0.1566],
        [0.1146, 0.1023, 0.6795, 0.1037],
        [0.1169, 0.1443, 0.3969, 0.3420],
        [0.1486, 0.1556, 0.2496, 0.4461]], device='cuda:0')
tensor([[0.2032, 0.2091, 0.3769, 0.2108],
        [0.2083, 0.2195, 0.3819, 0.1903],
        [0.1829, 0.2118, 0.3700, 0.2352],
        [0.1784, 0.2004, 0.3673, 0.2539],
        [0.2106, 0.2455, 0.2446, 0.2993]], device='cuda:0')
tensor([[0.0535, 0.0476, 0.8447, 0.0542],
        [0.0562, 0.0489, 0.8388, 0.0560],
        [0.0898, 0.0944, 0.2567, 0.5591],
        [0.0714, 0.0682, 0.3685, 0.4919],
        [0.0681, 0.0667, 0.4822, 0.3830],
        [0.0499, 0.0483, 0.0863, 0.8155]], device='cuda:0')
tensor([[0.0596, 0.0517, 0.8340, 0.0546],
        [0.0621, 0.0523, 0.8346, 0.0510],
        [0.1003, 0.0991, 0.4147, 0.3859],
        [0.0989, 0.0895, 0.2465, 0.5650],
        [0.0647, 0.0680, 0.6321, 0.2353],
        [0.0466, 0.0438, 0.1214, 0.7882],
        [0.0952, 0.0762, 0.1139, 0.7147]], device='cuda:0')
#####################
10/13 06:52:42午後 evaluateStageRelax_trainer.py:198 [INFO] Train: Epoch: [1][100/703]	Step 804	lr 0.02499	Loss 4.3809 (4.6806)	Hard Loss 0.0000 (0.0000)	Soft Loss 0.0000 (0.0000)	Prec@(1,5) (17.9%, 46.6%)	
10/13 06:53:00午後 evaluateStageRelax_trainer.py:198 [INFO] Train: Epoch: [1][200/703]	Step 904	lr 0.02499	Loss 4.7533 (4.6518)	Hard Loss 0.0000 (0.0000)	Soft Loss 0.0000 (0.0000)	Prec@(1,5) (18.5%, 47.1%)	
10/13 06:53:17午後 evaluateStageRelax_trainer.py:198 [INFO] Train: Epoch: [1][300/703]	Step 1004	lr 0.02499	Loss 4.3951 (4.5941)	Hard Loss 0.0000 (0.0000)	Soft Loss 0.0000 (0.0000)	Prec@(1,5) (19.2%, 48.1%)	
10/13 06:53:35午後 evaluateStageRelax_trainer.py:198 [INFO] Train: Epoch: [1][400/703]	Step 1104	lr 0.02499	Loss 4.5351 (4.5495)	Hard Loss 0.0000 (0.0000)	Soft Loss 0.0000 (0.0000)	Prec@(1,5) (19.9%, 48.9%)	
10/13 06:53:52午後 evaluateStageRelax_trainer.py:198 [INFO] Train: Epoch: [1][500/703]	Step 1204	lr 0.02499	Loss 3.8030 (4.5030)	Hard Loss 0.0000 (0.0000)	Soft Loss 0.0000 (0.0000)	Prec@(1,5) (20.6%, 49.8%)	
10/13 06:54:09午後 evaluateStageRelax_trainer.py:198 [INFO] Train: Epoch: [1][600/703]	Step 1304	lr 0.02499	Loss 3.8115 (4.4595)	Hard Loss 0.0000 (0.0000)	Soft Loss 0.0000 (0.0000)	Prec@(1,5) (21.1%, 50.8%)	
10/13 06:54:27午後 evaluateStageRelax_trainer.py:198 [INFO] Train: Epoch: [1][700/703]	Step 1404	lr 0.02499	Loss 3.9098 (4.4162)	Hard Loss 0.0000 (0.0000)	Soft Loss 0.0000 (0.0000)	Prec@(1,5) (21.7%, 51.5%)	
10/13 06:54:27午後 evaluateStageRelax_trainer.py:198 [INFO] Train: Epoch: [1][703/703]	Step 1407	lr 0.02499	Loss 4.2408 (4.4153)	Hard Loss 0.0000 (0.0000)	Soft Loss 0.0000 (0.0000)	Prec@(1,5) (21.7%, 51.5%)	
10/13 06:54:28午後 evaluateStageRelax_trainer.py:207 [INFO] Train: [  1/99] Final Prec@1 21.6756%
10/13 06:54:33午後 evaluateStageRelax_trainer.py:242 [INFO] Valid: [  1/99] Final Prec@1 22.5400%
10/13 06:54:33午後 evaluateStageRelax_main.py:73 [INFO] Until now, best Prec@1 = 22.5400%
####### ALPHA #######
# Alpha - DAG
tensor([[0.1739, 0.1972, 0.4213, 0.2075],
        [0.1783, 0.2005, 0.4149, 0.2063]], device='cuda:0')
tensor([[0.1524, 0.1706, 0.4784, 0.1985],
        [0.1523, 0.1689, 0.4795, 0.1993],
        [0.2266, 0.2623, 0.2702, 0.2410]], device='cuda:0')
tensor([[0.2221, 0.2307, 0.2767, 0.2705],
        [0.1878, 0.1959, 0.4000, 0.2163],
        [0.2261, 0.2489, 0.2687, 0.2562],
        [0.1973, 0.2157, 0.3985, 0.1884]], device='cuda:0')
tensor([[0.2522, 0.2438, 0.2493, 0.2547],
        [0.2520, 0.2425, 0.2488, 0.2567],
        [0.2428, 0.2587, 0.2647, 0.2339],
        [0.2063, 0.2048, 0.3680, 0.2209],
        [0.2095, 0.2119, 0.3631, 0.2155]], device='cuda:0')
tensor([[0.1598, 0.1742, 0.4434, 0.2226],
        [0.1613, 0.1761, 0.4328, 0.2298],
        [0.2257, 0.2351, 0.2676, 0.2716],
        [0.1748, 0.1796, 0.4601, 0.1855],
        [0.1925, 0.2000, 0.3939, 0.2136],
        [0.2316, 0.2493, 0.2575, 0.2615]], device='cuda:0')
tensor([[0.1195, 0.1253, 0.5242, 0.2311],
        [0.1203, 0.1269, 0.5188, 0.2340],
        [0.2258, 0.2357, 0.2793, 0.2592],
        [0.1813, 0.1917, 0.4362, 0.1908],
        [0.1879, 0.2070, 0.3960, 0.2092],
        [0.2465, 0.2465, 0.2521, 0.2549],
        [0.2044, 0.2387, 0.3580, 0.1990]], device='cuda:0')
tensor([[0.1879, 0.1939, 0.4012, 0.2171],
        [0.1998, 0.1920, 0.4067, 0.2015]], device='cuda:0')
tensor([[0.1905, 0.2048, 0.3927, 0.2120],
        [0.1951, 0.2030, 0.3933, 0.2086],
        [0.2536, 0.2554, 0.2347, 0.2563]], device='cuda:0')
tensor([[0.2362, 0.2416, 0.2824, 0.2399],
        [0.1874, 0.2006, 0.4126, 0.1995],
        [0.2048, 0.2043, 0.3635, 0.2274],
        [0.2399, 0.2563, 0.2481, 0.2557]], device='cuda:0')
tensor([[0.2788, 0.2508, 0.2617, 0.2086],
        [0.2758, 0.2487, 0.2660, 0.2096],
        [0.1918, 0.1942, 0.3515, 0.2625],
        [0.1962, 0.2029, 0.3568, 0.2442],
        [0.2446, 0.2515, 0.2483, 0.2556]], device='cuda:0')
tensor([[0.1731, 0.1660, 0.4371, 0.2237],
        [0.1656, 0.1664, 0.4420, 0.2260],
        [0.2635, 0.2739, 0.2933, 0.1693],
        [0.1847, 0.1870, 0.3931, 0.2353],
        [0.2012, 0.1891, 0.3551, 0.2546],
        [0.2426, 0.2149, 0.2283, 0.3142]], device='cuda:0')
tensor([[0.1735, 0.1832, 0.4671, 0.1762],
        [0.1759, 0.1798, 0.4624, 0.1819],
        [0.2455, 0.2754, 0.2863, 0.1928],
        [0.1948, 0.2453, 0.2756, 0.2843],
        [0.1792, 0.1913, 0.3712, 0.2583],
        [0.2096, 0.1965, 0.3470, 0.2469],
        [0.1906, 0.2042, 0.2187, 0.3864]], device='cuda:0')
tensor([[0.0892, 0.1147, 0.6438, 0.1523],
        [0.0899, 0.1149, 0.6225, 0.1727]], device='cuda:0')
tensor([[0.0975, 0.1279, 0.6098, 0.1649],
        [0.1036, 0.1246, 0.6294, 0.1424],
        [0.1604, 0.2333, 0.2868, 0.3195]], device='cuda:0')
tensor([[0.1345, 0.1398, 0.5691, 0.1566],
        [0.1146, 0.1023, 0.6795, 0.1037],
        [0.1169, 0.1443, 0.3969, 0.3420],
        [0.1486, 0.1556, 0.2496, 0.4461]], device='cuda:0')
tensor([[0.2032, 0.2091, 0.3769, 0.2108],
        [0.2083, 0.2195, 0.3819, 0.1903],
        [0.1829, 0.2118, 0.3700, 0.2352],
        [0.1784, 0.2004, 0.3673, 0.2539],
        [0.2106, 0.2455, 0.2446, 0.2993]], device='cuda:0')
tensor([[0.0535, 0.0476, 0.8447, 0.0542],
        [0.0562, 0.0489, 0.8388, 0.0560],
        [0.0898, 0.0944, 0.2567, 0.5591],
        [0.0714, 0.0682, 0.3685, 0.4919],
        [0.0681, 0.0667, 0.4822, 0.3830],
        [0.0499, 0.0483, 0.0863, 0.8155]], device='cuda:0')
tensor([[0.0596, 0.0517, 0.8340, 0.0546],
        [0.0621, 0.0523, 0.8346, 0.0510],
        [0.1003, 0.0991, 0.4147, 0.3859],
        [0.0989, 0.0895, 0.2465, 0.5650],
        [0.0647, 0.0680, 0.6321, 0.2353],
        [0.0466, 0.0438, 0.1214, 0.7882],
        [0.0952, 0.0762, 0.1139, 0.7147]], device='cuda:0')
#####################
10/13 06:54:51午後 evaluateStageRelax_trainer.py:198 [INFO] Train: Epoch: [2][100/703]	Step 1508	lr 0.02498	Loss 3.9242 (3.9978)	Hard Loss 0.0000 (0.0000)	Soft Loss 0.0000 (0.0000)	Prec@(1,5) (27.1%, 58.9%)	
10/13 06:55:08午後 evaluateStageRelax_trainer.py:198 [INFO] Train: Epoch: [2][200/703]	Step 1608	lr 0.02498	Loss 4.1217 (3.9832)	Hard Loss 0.0000 (0.0000)	Soft Loss 0.0000 (0.0000)	Prec@(1,5) (27.1%, 59.5%)	
10/13 06:55:26午後 evaluateStageRelax_trainer.py:198 [INFO] Train: Epoch: [2][300/703]	Step 1708	lr 0.02498	Loss 4.1582 (3.9326)	Hard Loss 0.0000 (0.0000)	Soft Loss 0.0000 (0.0000)	Prec@(1,5) (28.0%, 60.5%)	
10/13 06:55:43午後 evaluateStageRelax_trainer.py:198 [INFO] Train: Epoch: [2][400/703]	Step 1808	lr 0.02498	Loss 3.9580 (3.8992)	Hard Loss 0.0000 (0.0000)	Soft Loss 0.0000 (0.0000)	Prec@(1,5) (28.5%, 61.1%)	
10/13 06:56:01午後 evaluateStageRelax_trainer.py:198 [INFO] Train: Epoch: [2][500/703]	Step 1908	lr 0.02498	Loss 3.7785 (3.8696)	Hard Loss 0.0000 (0.0000)	Soft Loss 0.0000 (0.0000)	Prec@(1,5) (28.9%, 61.6%)	
10/13 06:56:18午後 evaluateStageRelax_trainer.py:198 [INFO] Train: Epoch: [2][600/703]	Step 2008	lr 0.02498	Loss 3.5104 (3.8367)	Hard Loss 0.0000 (0.0000)	Soft Loss 0.0000 (0.0000)	Prec@(1,5) (29.5%, 62.1%)	
10/13 06:56:35午後 evaluateStageRelax_trainer.py:198 [INFO] Train: Epoch: [2][700/703]	Step 2108	lr 0.02498	Loss 3.5018 (3.8056)	Hard Loss 0.0000 (0.0000)	Soft Loss 0.0000 (0.0000)	Prec@(1,5) (30.0%, 62.5%)	
10/13 06:56:36午後 evaluateStageRelax_trainer.py:198 [INFO] Train: Epoch: [2][703/703]	Step 2111	lr 0.02498	Loss 3.2997 (3.8038)	Hard Loss 0.0000 (0.0000)	Soft Loss 0.0000 (0.0000)	Prec@(1,5) (30.0%, 62.6%)	
10/13 06:56:36午後 evaluateStageRelax_trainer.py:207 [INFO] Train: [  2/99] Final Prec@1 29.9978%
10/13 06:56:41午後 evaluateStageRelax_trainer.py:242 [INFO] Valid: [  2/99] Final Prec@1 30.2400%
10/13 06:56:42午後 evaluateStageRelax_main.py:73 [INFO] Until now, best Prec@1 = 30.2400%
####### ALPHA #######
# Alpha - DAG
tensor([[0.1739, 0.1972, 0.4213, 0.2075],
        [0.1783, 0.2005, 0.4149, 0.2063]], device='cuda:0')
tensor([[0.1524, 0.1706, 0.4784, 0.1985],
        [0.1523, 0.1689, 0.4795, 0.1993],
        [0.2266, 0.2623, 0.2702, 0.2410]], device='cuda:0')
tensor([[0.2221, 0.2307, 0.2767, 0.2705],
        [0.1878, 0.1959, 0.4000, 0.2163],
        [0.2261, 0.2489, 0.2687, 0.2562],
        [0.1973, 0.2157, 0.3985, 0.1884]], device='cuda:0')
tensor([[0.2522, 0.2438, 0.2493, 0.2547],
        [0.2520, 0.2425, 0.2488, 0.2567],
        [0.2428, 0.2587, 0.2647, 0.2339],
        [0.2063, 0.2048, 0.3680, 0.2209],
        [0.2095, 0.2119, 0.3631, 0.2155]], device='cuda:0')
tensor([[0.1598, 0.1742, 0.4434, 0.2226],
        [0.1613, 0.1761, 0.4328, 0.2298],
        [0.2257, 0.2351, 0.2676, 0.2716],
        [0.1748, 0.1796, 0.4601, 0.1855],
        [0.1925, 0.2000, 0.3939, 0.2136],
        [0.2316, 0.2493, 0.2575, 0.2615]], device='cuda:0')
tensor([[0.1195, 0.1253, 0.5242, 0.2311],
        [0.1203, 0.1269, 0.5188, 0.2340],
        [0.2258, 0.2357, 0.2793, 0.2592],
        [0.1813, 0.1917, 0.4362, 0.1908],
        [0.1879, 0.2070, 0.3960, 0.2092],
        [0.2465, 0.2465, 0.2521, 0.2549],
        [0.2044, 0.2387, 0.3580, 0.1990]], device='cuda:0')
tensor([[0.1879, 0.1939, 0.4012, 0.2171],
        [0.1998, 0.1920, 0.4067, 0.2015]], device='cuda:0')
tensor([[0.1905, 0.2048, 0.3927, 0.2120],
        [0.1951, 0.2030, 0.3933, 0.2086],
        [0.2536, 0.2554, 0.2347, 0.2563]], device='cuda:0')
tensor([[0.2362, 0.2416, 0.2824, 0.2399],
        [0.1874, 0.2006, 0.4126, 0.1995],
        [0.2048, 0.2043, 0.3635, 0.2274],
        [0.2399, 0.2563, 0.2481, 0.2557]], device='cuda:0')
tensor([[0.2788, 0.2508, 0.2617, 0.2086],
        [0.2758, 0.2487, 0.2660, 0.2096],
        [0.1918, 0.1942, 0.3515, 0.2625],
        [0.1962, 0.2029, 0.3568, 0.2442],
        [0.2446, 0.2515, 0.2483, 0.2556]], device='cuda:0')
tensor([[0.1731, 0.1660, 0.4371, 0.2237],
        [0.1656, 0.1664, 0.4420, 0.2260],
        [0.2635, 0.2739, 0.2933, 0.1693],
        [0.1847, 0.1870, 0.3931, 0.2353],
        [0.2012, 0.1891, 0.3551, 0.2546],
        [0.2426, 0.2149, 0.2283, 0.3142]], device='cuda:0')
tensor([[0.1735, 0.1832, 0.4671, 0.1762],
        [0.1759, 0.1798, 0.4624, 0.1819],
        [0.2455, 0.2754, 0.2863, 0.1928],
        [0.1948, 0.2453, 0.2756, 0.2843],
        [0.1792, 0.1913, 0.3712, 0.2583],
        [0.2096, 0.1965, 0.3470, 0.2469],
        [0.1906, 0.2042, 0.2187, 0.3864]], device='cuda:0')
tensor([[0.0892, 0.1147, 0.6438, 0.1523],
        [0.0899, 0.1149, 0.6225, 0.1727]], device='cuda:0')
tensor([[0.0975, 0.1279, 0.6098, 0.1649],
        [0.1036, 0.1246, 0.6294, 0.1424],
        [0.1604, 0.2333, 0.2868, 0.3195]], device='cuda:0')
tensor([[0.1345, 0.1398, 0.5691, 0.1566],
        [0.1146, 0.1023, 0.6795, 0.1037],
        [0.1169, 0.1443, 0.3969, 0.3420],
        [0.1486, 0.1556, 0.2496, 0.4461]], device='cuda:0')
tensor([[0.2032, 0.2091, 0.3769, 0.2108],
        [0.2083, 0.2195, 0.3819, 0.1903],
        [0.1829, 0.2118, 0.3700, 0.2352],
        [0.1784, 0.2004, 0.3673, 0.2539],
        [0.2106, 0.2455, 0.2446, 0.2993]], device='cuda:0')
tensor([[0.0535, 0.0476, 0.8447, 0.0542],
        [0.0562, 0.0489, 0.8388, 0.0560],
        [0.0898, 0.0944, 0.2567, 0.5591],
        [0.0714, 0.0682, 0.3685, 0.4919],
        [0.0681, 0.0667, 0.4822, 0.3830],
        [0.0499, 0.0483, 0.0863, 0.8155]], device='cuda:0')
tensor([[0.0596, 0.0517, 0.8340, 0.0546],
        [0.0621, 0.0523, 0.8346, 0.0510],
        [0.1003, 0.0991, 0.4147, 0.3859],
        [0.0989, 0.0895, 0.2465, 0.5650],
        [0.0647, 0.0680, 0.6321, 0.2353],
        [0.0466, 0.0438, 0.1214, 0.7882],
        [0.0952, 0.0762, 0.1139, 0.7147]], device='cuda:0')
#####################
10/13 06:56:59午後 evaluateStageRelax_trainer.py:198 [INFO] Train: Epoch: [3][100/703]	Step 2212	lr 0.02495	Loss 3.6657 (3.5003)	Hard Loss 0.0000 (0.0000)	Soft Loss 0.0000 (0.0000)	Prec@(1,5) (35.4%, 67.7%)	
10/13 06:57:16午後 evaluateStageRelax_trainer.py:198 [INFO] Train: Epoch: [3][200/703]	Step 2312	lr 0.02495	Loss 3.3751 (3.4845)	Hard Loss 0.0000 (0.0000)	Soft Loss 0.0000 (0.0000)	Prec@(1,5) (34.9%, 68.1%)	
10/13 06:57:34午後 evaluateStageRelax_trainer.py:198 [INFO] Train: Epoch: [3][300/703]	Step 2412	lr 0.02495	Loss 3.0853 (3.4628)	Hard Loss 0.0000 (0.0000)	Soft Loss 0.0000 (0.0000)	Prec@(1,5) (35.3%, 68.2%)	
10/13 06:57:51午後 evaluateStageRelax_trainer.py:198 [INFO] Train: Epoch: [3][400/703]	Step 2512	lr 0.02495	Loss 3.2834 (3.4520)	Hard Loss 0.0000 (0.0000)	Soft Loss 0.0000 (0.0000)	Prec@(1,5) (35.3%, 68.5%)	
10/13 06:58:09午後 evaluateStageRelax_trainer.py:198 [INFO] Train: Epoch: [3][500/703]	Step 2612	lr 0.02495	Loss 3.3541 (3.4320)	Hard Loss 0.0000 (0.0000)	Soft Loss 0.0000 (0.0000)	Prec@(1,5) (35.8%, 68.8%)	
10/13 06:58:26午後 evaluateStageRelax_trainer.py:198 [INFO] Train: Epoch: [3][600/703]	Step 2712	lr 0.02495	Loss 2.5655 (3.4129)	Hard Loss 0.0000 (0.0000)	Soft Loss 0.0000 (0.0000)	Prec@(1,5) (36.0%, 69.2%)	
10/13 06:58:44午後 evaluateStageRelax_trainer.py:198 [INFO] Train: Epoch: [3][700/703]	Step 2812	lr 0.02495	Loss 3.1055 (3.3914)	Hard Loss 0.0000 (0.0000)	Soft Loss 0.0000 (0.0000)	Prec@(1,5) (36.4%, 69.5%)	
10/13 06:58:44午後 evaluateStageRelax_trainer.py:198 [INFO] Train: Epoch: [3][703/703]	Step 2815	lr 0.02495	Loss 3.0702 (3.3898)	Hard Loss 0.0000 (0.0000)	Soft Loss 0.0000 (0.0000)	Prec@(1,5) (36.4%, 69.5%)	
10/13 06:58:44午後 evaluateStageRelax_trainer.py:207 [INFO] Train: [  3/99] Final Prec@1 36.4044%
10/13 06:58:49午後 evaluateStageRelax_trainer.py:242 [INFO] Valid: [  3/99] Final Prec@1 36.1600%
10/13 06:58:50午後 evaluateStageRelax_main.py:73 [INFO] Until now, best Prec@1 = 36.1600%
####### ALPHA #######
# Alpha - DAG
tensor([[0.1739, 0.1972, 0.4213, 0.2075],
        [0.1783, 0.2005, 0.4149, 0.2063]], device='cuda:0')
tensor([[0.1524, 0.1706, 0.4784, 0.1985],
        [0.1523, 0.1689, 0.4795, 0.1993],
        [0.2266, 0.2623, 0.2702, 0.2410]], device='cuda:0')
tensor([[0.2221, 0.2307, 0.2767, 0.2705],
        [0.1878, 0.1959, 0.4000, 0.2163],
        [0.2261, 0.2489, 0.2687, 0.2562],
        [0.1973, 0.2157, 0.3985, 0.1884]], device='cuda:0')
tensor([[0.2522, 0.2438, 0.2493, 0.2547],
        [0.2520, 0.2425, 0.2488, 0.2567],
        [0.2428, 0.2587, 0.2647, 0.2339],
        [0.2063, 0.2048, 0.3680, 0.2209],
        [0.2095, 0.2119, 0.3631, 0.2155]], device='cuda:0')
tensor([[0.1598, 0.1742, 0.4434, 0.2226],
        [0.1613, 0.1761, 0.4328, 0.2298],
        [0.2257, 0.2351, 0.2676, 0.2716],
        [0.1748, 0.1796, 0.4601, 0.1855],
        [0.1925, 0.2000, 0.3939, 0.2136],
        [0.2316, 0.2493, 0.2575, 0.2615]], device='cuda:0')
tensor([[0.1195, 0.1253, 0.5242, 0.2311],
        [0.1203, 0.1269, 0.5188, 0.2340],
        [0.2258, 0.2357, 0.2793, 0.2592],
        [0.1813, 0.1917, 0.4362, 0.1908],
        [0.1879, 0.2070, 0.3960, 0.2092],
        [0.2465, 0.2465, 0.2521, 0.2549],
        [0.2044, 0.2387, 0.3580, 0.1990]], device='cuda:0')
tensor([[0.1879, 0.1939, 0.4012, 0.2171],
        [0.1998, 0.1920, 0.4067, 0.2015]], device='cuda:0')
tensor([[0.1905, 0.2048, 0.3927, 0.2120],
        [0.1951, 0.2030, 0.3933, 0.2086],
        [0.2536, 0.2554, 0.2347, 0.2563]], device='cuda:0')
tensor([[0.2362, 0.2416, 0.2824, 0.2399],
        [0.1874, 0.2006, 0.4126, 0.1995],
        [0.2048, 0.2043, 0.3635, 0.2274],
        [0.2399, 0.2563, 0.2481, 0.2557]], device='cuda:0')
tensor([[0.2788, 0.2508, 0.2617, 0.2086],
        [0.2758, 0.2487, 0.2660, 0.2096],
        [0.1918, 0.1942, 0.3515, 0.2625],
        [0.1962, 0.2029, 0.3568, 0.2442],
        [0.2446, 0.2515, 0.2483, 0.2556]], device='cuda:0')
tensor([[0.1731, 0.1660, 0.4371, 0.2237],
        [0.1656, 0.1664, 0.4420, 0.2260],
        [0.2635, 0.2739, 0.2933, 0.1693],
        [0.1847, 0.1870, 0.3931, 0.2353],
        [0.2012, 0.1891, 0.3551, 0.2546],
        [0.2426, 0.2149, 0.2283, 0.3142]], device='cuda:0')
tensor([[0.1735, 0.1832, 0.4671, 0.1762],
        [0.1759, 0.1798, 0.4624, 0.1819],
        [0.2455, 0.2754, 0.2863, 0.1928],
        [0.1948, 0.2453, 0.2756, 0.2843],
        [0.1792, 0.1913, 0.3712, 0.2583],
        [0.2096, 0.1965, 0.3470, 0.2469],
        [0.1906, 0.2042, 0.2187, 0.3864]], device='cuda:0')
tensor([[0.0892, 0.1147, 0.6438, 0.1523],
        [0.0899, 0.1149, 0.6225, 0.1727]], device='cuda:0')
tensor([[0.0975, 0.1279, 0.6098, 0.1649],
        [0.1036, 0.1246, 0.6294, 0.1424],
        [0.1604, 0.2333, 0.2868, 0.3195]], device='cuda:0')
tensor([[0.1345, 0.1398, 0.5691, 0.1566],
        [0.1146, 0.1023, 0.6795, 0.1037],
        [0.1169, 0.1443, 0.3969, 0.3420],
        [0.1486, 0.1556, 0.2496, 0.4461]], device='cuda:0')
tensor([[0.2032, 0.2091, 0.3769, 0.2108],
        [0.2083, 0.2195, 0.3819, 0.1903],
        [0.1829, 0.2118, 0.3700, 0.2352],
        [0.1784, 0.2004, 0.3673, 0.2539],
        [0.2106, 0.2455, 0.2446, 0.2993]], device='cuda:0')
tensor([[0.0535, 0.0476, 0.8447, 0.0542],
        [0.0562, 0.0489, 0.8388, 0.0560],
        [0.0898, 0.0944, 0.2567, 0.5591],
        [0.0714, 0.0682, 0.3685, 0.4919],
        [0.0681, 0.0667, 0.4822, 0.3830],
        [0.0499, 0.0483, 0.0863, 0.8155]], device='cuda:0')
tensor([[0.0596, 0.0517, 0.8340, 0.0546],
        [0.0621, 0.0523, 0.8346, 0.0510],
        [0.1003, 0.0991, 0.4147, 0.3859],
        [0.0989, 0.0895, 0.2465, 0.5650],
        [0.0647, 0.0680, 0.6321, 0.2353],
        [0.0466, 0.0438, 0.1214, 0.7882],
        [0.0952, 0.0762, 0.1139, 0.7147]], device='cuda:0')
#####################
10/13 06:59:08午後 evaluateStageRelax_trainer.py:198 [INFO] Train: Epoch: [4][100/703]	Step 2916	lr 0.02491	Loss 2.6317 (3.1645)	Hard Loss 0.0000 (0.0000)	Soft Loss 0.0000 (0.0000)	Prec@(1,5) (39.7%, 72.5%)	
10/13 06:59:25午後 evaluateStageRelax_trainer.py:198 [INFO] Train: Epoch: [4][200/703]	Step 3016	lr 0.02491	Loss 3.2129 (3.1296)	Hard Loss 0.0000 (0.0000)	Soft Loss 0.0000 (0.0000)	Prec@(1,5) (40.0%, 72.8%)	
10/13 06:59:43午後 evaluateStageRelax_trainer.py:198 [INFO] Train: Epoch: [4][300/703]	Step 3116	lr 0.02491	Loss 3.0140 (3.1104)	Hard Loss 0.0000 (0.0000)	Soft Loss 0.0000 (0.0000)	Prec@(1,5) (40.5%, 73.2%)	
10/13 07:00:00午後 evaluateStageRelax_trainer.py:198 [INFO] Train: Epoch: [4][400/703]	Step 3216	lr 0.02491	Loss 3.4580 (3.1100)	Hard Loss 0.0000 (0.0000)	Soft Loss 0.0000 (0.0000)	Prec@(1,5) (40.4%, 73.2%)	
10/13 07:00:17午後 evaluateStageRelax_trainer.py:198 [INFO] Train: Epoch: [4][500/703]	Step 3316	lr 0.02491	Loss 3.2613 (3.0921)	Hard Loss 0.0000 (0.0000)	Soft Loss 0.0000 (0.0000)	Prec@(1,5) (40.7%, 73.6%)	
10/13 07:00:35午後 evaluateStageRelax_trainer.py:198 [INFO] Train: Epoch: [4][600/703]	Step 3416	lr 0.02491	Loss 3.2869 (3.0931)	Hard Loss 0.0000 (0.0000)	Soft Loss 0.0000 (0.0000)	Prec@(1,5) (40.6%, 73.6%)	
10/13 07:00:52午後 evaluateStageRelax_trainer.py:198 [INFO] Train: Epoch: [4][700/703]	Step 3516	lr 0.02491	Loss 3.6458 (3.0807)	Hard Loss 0.0000 (0.0000)	Soft Loss 0.0000 (0.0000)	Prec@(1,5) (40.9%, 73.8%)	
10/13 07:00:53午後 evaluateStageRelax_trainer.py:198 [INFO] Train: Epoch: [4][703/703]	Step 3519	lr 0.02491	Loss 3.3411 (3.0811)	Hard Loss 0.0000 (0.0000)	Soft Loss 0.0000 (0.0000)	Prec@(1,5) (40.8%, 73.8%)	
10/13 07:00:53午後 evaluateStageRelax_trainer.py:207 [INFO] Train: [  4/99] Final Prec@1 40.8467%
10/13 07:00:58午後 evaluateStageRelax_trainer.py:242 [INFO] Valid: [  4/99] Final Prec@1 40.0600%
10/13 07:00:58午後 evaluateStageRelax_main.py:73 [INFO] Until now, best Prec@1 = 40.0600%
####### ALPHA #######
# Alpha - DAG
tensor([[0.1739, 0.1972, 0.4213, 0.2075],
        [0.1783, 0.2005, 0.4149, 0.2063]], device='cuda:0')
tensor([[0.1524, 0.1706, 0.4784, 0.1985],
        [0.1523, 0.1689, 0.4795, 0.1993],
        [0.2266, 0.2623, 0.2702, 0.2410]], device='cuda:0')
tensor([[0.2221, 0.2307, 0.2767, 0.2705],
        [0.1878, 0.1959, 0.4000, 0.2163],
        [0.2261, 0.2489, 0.2687, 0.2562],
        [0.1973, 0.2157, 0.3985, 0.1884]], device='cuda:0')
tensor([[0.2522, 0.2438, 0.2493, 0.2547],
        [0.2520, 0.2425, 0.2488, 0.2567],
        [0.2428, 0.2587, 0.2647, 0.2339],
        [0.2063, 0.2048, 0.3680, 0.2209],
        [0.2095, 0.2119, 0.3631, 0.2155]], device='cuda:0')
tensor([[0.1598, 0.1742, 0.4434, 0.2226],
        [0.1613, 0.1761, 0.4328, 0.2298],
        [0.2257, 0.2351, 0.2676, 0.2716],
        [0.1748, 0.1796, 0.4601, 0.1855],
        [0.1925, 0.2000, 0.3939, 0.2136],
        [0.2316, 0.2493, 0.2575, 0.2615]], device='cuda:0')
tensor([[0.1195, 0.1253, 0.5242, 0.2311],
        [0.1203, 0.1269, 0.5188, 0.2340],
        [0.2258, 0.2357, 0.2793, 0.2592],
        [0.1813, 0.1917, 0.4362, 0.1908],
        [0.1879, 0.2070, 0.3960, 0.2092],
        [0.2465, 0.2465, 0.2521, 0.2549],
        [0.2044, 0.2387, 0.3580, 0.1990]], device='cuda:0')
tensor([[0.1879, 0.1939, 0.4012, 0.2171],
        [0.1998, 0.1920, 0.4067, 0.2015]], device='cuda:0')
tensor([[0.1905, 0.2048, 0.3927, 0.2120],
        [0.1951, 0.2030, 0.3933, 0.2086],
        [0.2536, 0.2554, 0.2347, 0.2563]], device='cuda:0')
tensor([[0.2362, 0.2416, 0.2824, 0.2399],
        [0.1874, 0.2006, 0.4126, 0.1995],
        [0.2048, 0.2043, 0.3635, 0.2274],
        [0.2399, 0.2563, 0.2481, 0.2557]], device='cuda:0')
tensor([[0.2788, 0.2508, 0.2617, 0.2086],
        [0.2758, 0.2487, 0.2660, 0.2096],
        [0.1918, 0.1942, 0.3515, 0.2625],
        [0.1962, 0.2029, 0.3568, 0.2442],
        [0.2446, 0.2515, 0.2483, 0.2556]], device='cuda:0')
tensor([[0.1731, 0.1660, 0.4371, 0.2237],
        [0.1656, 0.1664, 0.4420, 0.2260],
        [0.2635, 0.2739, 0.2933, 0.1693],
        [0.1847, 0.1870, 0.3931, 0.2353],
        [0.2012, 0.1891, 0.3551, 0.2546],
        [0.2426, 0.2149, 0.2283, 0.3142]], device='cuda:0')
tensor([[0.1735, 0.1832, 0.4671, 0.1762],
        [0.1759, 0.1798, 0.4624, 0.1819],
        [0.2455, 0.2754, 0.2863, 0.1928],
        [0.1948, 0.2453, 0.2756, 0.2843],
        [0.1792, 0.1913, 0.3712, 0.2583],
        [0.2096, 0.1965, 0.3470, 0.2469],
        [0.1906, 0.2042, 0.2187, 0.3864]], device='cuda:0')
tensor([[0.0892, 0.1147, 0.6438, 0.1523],
        [0.0899, 0.1149, 0.6225, 0.1727]], device='cuda:0')
tensor([[0.0975, 0.1279, 0.6098, 0.1649],
        [0.1036, 0.1246, 0.6294, 0.1424],
        [0.1604, 0.2333, 0.2868, 0.3195]], device='cuda:0')
tensor([[0.1345, 0.1398, 0.5691, 0.1566],
        [0.1146, 0.1023, 0.6795, 0.1037],
        [0.1169, 0.1443, 0.3969, 0.3420],
        [0.1486, 0.1556, 0.2496, 0.4461]], device='cuda:0')
tensor([[0.2032, 0.2091, 0.3769, 0.2108],
        [0.2083, 0.2195, 0.3819, 0.1903],
        [0.1829, 0.2118, 0.3700, 0.2352],
        [0.1784, 0.2004, 0.3673, 0.2539],
        [0.2106, 0.2455, 0.2446, 0.2993]], device='cuda:0')
tensor([[0.0535, 0.0476, 0.8447, 0.0542],
        [0.0562, 0.0489, 0.8388, 0.0560],
        [0.0898, 0.0944, 0.2567, 0.5591],
        [0.0714, 0.0682, 0.3685, 0.4919],
        [0.0681, 0.0667, 0.4822, 0.3830],
        [0.0499, 0.0483, 0.0863, 0.8155]], device='cuda:0')
tensor([[0.0596, 0.0517, 0.8340, 0.0546],
        [0.0621, 0.0523, 0.8346, 0.0510],
        [0.1003, 0.0991, 0.4147, 0.3859],
        [0.0989, 0.0895, 0.2465, 0.5650],
        [0.0647, 0.0680, 0.6321, 0.2353],
        [0.0466, 0.0438, 0.1214, 0.7882],
        [0.0952, 0.0762, 0.1139, 0.7147]], device='cuda:0')
#####################
10/13 07:01:16午後 evaluateStageRelax_trainer.py:198 [INFO] Train: Epoch: [5][100/703]	Step 3620	lr 0.02485	Loss 2.7614 (2.9143)	Hard Loss 0.0000 (0.0000)	Soft Loss 0.0000 (0.0000)	Prec@(1,5) (43.9%, 76.4%)	
10/13 07:01:34午後 evaluateStageRelax_trainer.py:198 [INFO] Train: Epoch: [5][200/703]	Step 3720	lr 0.02485	Loss 3.1595 (2.9108)	Hard Loss 0.0000 (0.0000)	Soft Loss 0.0000 (0.0000)	Prec@(1,5) (43.6%, 76.3%)	
10/13 07:01:51午後 evaluateStageRelax_trainer.py:198 [INFO] Train: Epoch: [5][300/703]	Step 3820	lr 0.02485	Loss 2.8629 (2.9020)	Hard Loss 0.0000 (0.0000)	Soft Loss 0.0000 (0.0000)	Prec@(1,5) (43.7%, 76.5%)	
10/13 07:02:09午後 evaluateStageRelax_trainer.py:198 [INFO] Train: Epoch: [5][400/703]	Step 3920	lr 0.02485	Loss 2.7059 (2.8920)	Hard Loss 0.0000 (0.0000)	Soft Loss 0.0000 (0.0000)	Prec@(1,5) (44.0%, 76.6%)	
10/13 07:02:26午後 evaluateStageRelax_trainer.py:198 [INFO] Train: Epoch: [5][500/703]	Step 4020	lr 0.02485	Loss 2.9667 (2.8844)	Hard Loss 0.0000 (0.0000)	Soft Loss 0.0000 (0.0000)	Prec@(1,5) (43.9%, 76.7%)	
10/13 07:02:43午後 evaluateStageRelax_trainer.py:198 [INFO] Train: Epoch: [5][600/703]	Step 4120	lr 0.02485	Loss 2.7142 (2.8793)	Hard Loss 0.0000 (0.0000)	Soft Loss 0.0000 (0.0000)	Prec@(1,5) (44.0%, 76.9%)	
10/13 07:03:01午後 evaluateStageRelax_trainer.py:198 [INFO] Train: Epoch: [5][700/703]	Step 4220	lr 0.02485	Loss 3.1088 (2.8702)	Hard Loss 0.0000 (0.0000)	Soft Loss 0.0000 (0.0000)	Prec@(1,5) (44.1%, 77.0%)	
10/13 07:03:01午後 evaluateStageRelax_trainer.py:198 [INFO] Train: Epoch: [5][703/703]	Step 4223	lr 0.02485	Loss 2.9405 (2.8704)	Hard Loss 0.0000 (0.0000)	Soft Loss 0.0000 (0.0000)	Prec@(1,5) (44.1%, 76.9%)	
10/13 07:03:02午後 evaluateStageRelax_trainer.py:207 [INFO] Train: [  5/99] Final Prec@1 44.1311%
10/13 07:03:07午後 evaluateStageRelax_trainer.py:242 [INFO] Valid: [  5/99] Final Prec@1 42.4600%
10/13 07:03:07午後 evaluateStageRelax_main.py:73 [INFO] Until now, best Prec@1 = 42.4600%
####### ALPHA #######
# Alpha - DAG
tensor([[0.1739, 0.1972, 0.4213, 0.2075],
        [0.1783, 0.2005, 0.4149, 0.2063]], device='cuda:0')
tensor([[0.1524, 0.1706, 0.4784, 0.1985],
        [0.1523, 0.1689, 0.4795, 0.1993],
        [0.2266, 0.2623, 0.2702, 0.2410]], device='cuda:0')
tensor([[0.2221, 0.2307, 0.2767, 0.2705],
        [0.1878, 0.1959, 0.4000, 0.2163],
        [0.2261, 0.2489, 0.2687, 0.2562],
        [0.1973, 0.2157, 0.3985, 0.1884]], device='cuda:0')
tensor([[0.2522, 0.2438, 0.2493, 0.2547],
        [0.2520, 0.2425, 0.2488, 0.2567],
        [0.2428, 0.2587, 0.2647, 0.2339],
        [0.2063, 0.2048, 0.3680, 0.2209],
        [0.2095, 0.2119, 0.3631, 0.2155]], device='cuda:0')
tensor([[0.1598, 0.1742, 0.4434, 0.2226],
        [0.1613, 0.1761, 0.4328, 0.2298],
        [0.2257, 0.2351, 0.2676, 0.2716],
        [0.1748, 0.1796, 0.4601, 0.1855],
        [0.1925, 0.2000, 0.3939, 0.2136],
        [0.2316, 0.2493, 0.2575, 0.2615]], device='cuda:0')
tensor([[0.1195, 0.1253, 0.5242, 0.2311],
        [0.1203, 0.1269, 0.5188, 0.2340],
