08/06 02:09:56AM parser.py:28 [INFO] 
08/06 02:09:56AM parser.py:29 [INFO] Parameters:
08/06 02:09:56AM parser.py:31 [INFO] DAG_PATH=results/search_cell_KD/cifar100/WEIGHT_ONLY/s1-20240806-020956/DAG
08/06 02:09:56AM parser.py:31 [INFO] T=10.0
08/06 02:09:56AM parser.py:31 [INFO] ADVANCED=True
08/06 02:09:56AM parser.py:31 [INFO] ALPHA_LR=0.0003
08/06 02:09:56AM parser.py:31 [INFO] ALPHA_WEIGHT_DECAY=0.001
08/06 02:09:56AM parser.py:31 [INFO] BATCH_SIZE=64
08/06 02:09:56AM parser.py:31 [INFO] CUTOUT_LENGTH=0
08/06 02:09:56AM parser.py:31 [INFO] DATA_PATH=../data/
08/06 02:09:56AM parser.py:31 [INFO] DATASET=cifar100
08/06 02:09:56AM parser.py:31 [INFO] DESCRIPTION=search_cell_with_simple_kd_on_seed-1
08/06 02:09:56AM parser.py:31 [INFO] EPOCHS=50
08/06 02:09:56AM parser.py:31 [INFO] EXP_NAME=s1-20240806-020956
08/06 02:09:56AM parser.py:31 [INFO] GPUS=[0]
08/06 02:09:56AM parser.py:31 [INFO] INIT_CHANNELS=16
08/06 02:09:56AM parser.py:31 [INFO] L=0.5
08/06 02:09:56AM parser.py:31 [INFO] LAYERS=8
08/06 02:09:56AM parser.py:31 [INFO] LOCAL_RANK=0
08/06 02:09:56AM parser.py:31 [INFO] LOGGER=<Logger H-DAS (INFO)>
08/06 02:09:56AM parser.py:31 [INFO] NAME=WEIGHT_ONLY
08/06 02:09:56AM parser.py:31 [INFO] NONKD=False
08/06 02:09:56AM parser.py:31 [INFO] PATH=results/search_cell_KD/cifar100/WEIGHT_ONLY/s1-20240806-020956
08/06 02:09:56AM parser.py:31 [INFO] PCDARTS=False
08/06 02:09:56AM parser.py:31 [INFO] PLOT_PATH=results/search_cell_KD/cifar100/WEIGHT_ONLY/s1-20240806-020956/plots
08/06 02:09:56AM parser.py:31 [INFO] PRINT_FREQ=50
08/06 02:09:56AM parser.py:31 [INFO] RESUME_PATH=None
08/06 02:09:56AM parser.py:31 [INFO] SAVE=s1
08/06 02:09:56AM parser.py:31 [INFO] SEED=1
08/06 02:09:56AM parser.py:31 [INFO] TEACHER_NAME=efficientnet_v2_s
08/06 02:09:56AM parser.py:31 [INFO] TEACHER_PATH=/home/miura/lab/KD-hdas/results/teacher/cifar100/efficientnet_v2_s/FINETUNE2/pretrained-20240716-002108/best.pth.tar
08/06 02:09:56AM parser.py:31 [INFO] TRAIN_PORTION=0.5
08/06 02:09:56AM parser.py:31 [INFO] W_GRAD_CLIP=5.0
08/06 02:09:56AM parser.py:31 [INFO] W_LR=0.025
08/06 02:09:56AM parser.py:31 [INFO] W_LR_MIN=0.001
08/06 02:09:56AM parser.py:31 [INFO] W_MOMENTUM=0.9
08/06 02:09:56AM parser.py:31 [INFO] W_WEIGHT_DECAY=0.0003
08/06 02:09:56AM parser.py:31 [INFO] WORKERS=4
08/06 02:09:56AM parser.py:32 [INFO] 
08/06 02:09:57AM searchCell_trainer.py:120 [INFO] --> Loaded teacher model 'efficientnet_v2_s' from '/home/miura/lab/KD-hdas/results/teacher/cifar100/efficientnet_v2_s/FINETUNE2/pretrained-20240716-002108/best.pth.tar' and Freezed parameters)
08/06 02:09:58AM eval_util.py:125 [INFO] Test: Step 000/390 Prec@(1,5) (96.9%, 100.0%)
08/06 02:10:07AM eval_util.py:125 [INFO] Test: Step 390/390 Prec@(1,5) (97.2%, 99.6%)
08/06 02:10:07AM eval_util.py:130 [INFO] Teacher=(efficientnet_v2_s <- (/home/miura/lab/KD-hdas/results/teacher/cifar100/efficientnet_v2_s/FINETUNE2/pretrained-20240716-002108/best.pth.tar)) achives Test Prec(@1, @5) = (97.1560%, 99.6360%)
08/06 02:10:22AM searchCell_trainer.py:127 [INFO] --> No loaded checkpoint!
####### ALPHA #######
# Alpha - normal
tensor([[0.1249, 0.1250, 0.1250, 0.1249, 0.1251, 0.1250, 0.1250, 0.1249],
        [0.1249, 0.1250, 0.1249, 0.1250, 0.1250, 0.1252, 0.1250, 0.1250]],
       device='cuda:0', grad_fn=<SoftmaxBackward0>)
tensor([[0.1249, 0.1249, 0.1251, 0.1250, 0.1251, 0.1250, 0.1249, 0.1251],
        [0.1248, 0.1249, 0.1253, 0.1250, 0.1250, 0.1248, 0.1251, 0.1251],
        [0.1252, 0.1250, 0.1250, 0.1251, 0.1249, 0.1251, 0.1249, 0.1248]],
       device='cuda:0', grad_fn=<SoftmaxBackward0>)
tensor([[0.1251, 0.1250, 0.1248, 0.1249, 0.1251, 0.1252, 0.1251, 0.1248],
        [0.1251, 0.1250, 0.1250, 0.1249, 0.1250, 0.1251, 0.1247, 0.1252],
        [0.1251, 0.1251, 0.1248, 0.1248, 0.1250, 0.1250, 0.1250, 0.1251],
        [0.1251, 0.1251, 0.1249, 0.1251, 0.1248, 0.1252, 0.1250, 0.1248]],
       device='cuda:0', grad_fn=<SoftmaxBackward0>)
tensor([[0.1250, 0.1249, 0.1250, 0.1250, 0.1252, 0.1249, 0.1251, 0.1250],
        [0.1249, 0.1249, 0.1252, 0.1251, 0.1250, 0.1251, 0.1249, 0.1249],
        [0.1250, 0.1250, 0.1246, 0.1251, 0.1251, 0.1250, 0.1251, 0.1251],
        [0.1251, 0.1248, 0.1251, 0.1252, 0.1250, 0.1248, 0.1251, 0.1249],
        [0.1248, 0.1248, 0.1251, 0.1251, 0.1253, 0.1251, 0.1252, 0.1248]],
       device='cuda:0', grad_fn=<SoftmaxBackward0>)
tensor([[0.1248, 0.1249, 0.1252, 0.1251, 0.1251, 0.1250, 0.1251, 0.1248],
        [0.1249, 0.1249, 0.1249, 0.1250, 0.1251, 0.1251, 0.1248, 0.1252]],
       device='cuda:0', grad_fn=<SoftmaxBackward0>)
tensor([[0.1251, 0.1250, 0.1249, 0.1250, 0.1249, 0.1249, 0.1251, 0.1251],
        [0.1250, 0.1247, 0.1250, 0.1250, 0.1250, 0.1250, 0.1252, 0.1251],
        [0.1251, 0.1250, 0.1250, 0.1251, 0.1249, 0.1249, 0.1250, 0.1251]],
       device='cuda:0', grad_fn=<SoftmaxBackward0>)
tensor([[0.1248, 0.1250, 0.1247, 0.1249, 0.1252, 0.1251, 0.1251, 0.1251],
        [0.1250, 0.1250, 0.1249, 0.1250, 0.1251, 0.1250, 0.1250, 0.1250],
        [0.1249, 0.1250, 0.1249, 0.1251, 0.1250, 0.1252, 0.1249, 0.1250],
        [0.1248, 0.1251, 0.1251, 0.1248, 0.1250, 0.1250, 0.1251, 0.1251]],
       device='cuda:0', grad_fn=<SoftmaxBackward0>)
tensor([[0.1253, 0.1249, 0.1250, 0.1248, 0.1250, 0.1248, 0.1252, 0.1250],
        [0.1252, 0.1250, 0.1249, 0.1250, 0.1250, 0.1249, 0.1250, 0.1250],
        [0.1250, 0.1251, 0.1247, 0.1249, 0.1251, 0.1252, 0.1250, 0.1251],
        [0.1249, 0.1249, 0.1251, 0.1249, 0.1250, 0.1250, 0.1251, 0.1251],
        [0.1251, 0.1248, 0.1250, 0.1249, 0.1251, 0.1252, 0.1251, 0.1249]],
       device='cuda:0', grad_fn=<SoftmaxBackward0>)
tensor([[0.1251, 0.1249, 0.1251, 0.1251, 0.1249, 0.1249, 0.1250, 0.1250],
        [0.1251, 0.1249, 0.1251, 0.1250, 0.1250, 0.1251, 0.1248, 0.1250]],
       device='cuda:0', grad_fn=<SoftmaxBackward0>)
tensor([[0.1251, 0.1249, 0.1250, 0.1252, 0.1249, 0.1251, 0.1250, 0.1249],
        [0.1250, 0.1250, 0.1249, 0.1248, 0.1250, 0.1250, 0.1251, 0.1251],
        [0.1250, 0.1251, 0.1248, 0.1249, 0.1252, 0.1250, 0.1250, 0.1249]],
       device='cuda:0', grad_fn=<SoftmaxBackward0>)
tensor([[0.1250, 0.1250, 0.1251, 0.1251, 0.1251, 0.1250, 0.1250, 0.1249],
        [0.1251, 0.1251, 0.1249, 0.1250, 0.1250, 0.1250, 0.1248, 0.1251],
        [0.1250, 0.1250, 0.1253, 0.1250, 0.1248, 0.1250, 0.1250, 0.1250],
        [0.1250, 0.1250, 0.1250, 0.1249, 0.1250, 0.1251, 0.1250, 0.1250]],
       device='cuda:0', grad_fn=<SoftmaxBackward0>)
tensor([[0.1251, 0.1252, 0.1249, 0.1249, 0.1249, 0.1250, 0.1248, 0.1251],
        [0.1252, 0.1248, 0.1249, 0.1250, 0.1251, 0.1251, 0.1249, 0.1250],
        [0.1250, 0.1251, 0.1246, 0.1251, 0.1248, 0.1252, 0.1250, 0.1252],
        [0.1250, 0.1251, 0.1250, 0.1251, 0.1250, 0.1248, 0.1249, 0.1251],
        [0.1250, 0.1247, 0.1250, 0.1250, 0.1249, 0.1251, 0.1250, 0.1253]],
       device='cuda:0', grad_fn=<SoftmaxBackward0>)

# Alpha - reduce
tensor([[0.1251, 0.1251, 0.1251, 0.1250, 0.1248, 0.1249, 0.1250, 0.1250],
        [0.1251, 0.1250, 0.1250, 0.1250, 0.1250, 0.1249, 0.1253, 0.1248]],
       device='cuda:0', grad_fn=<SoftmaxBackward0>)
tensor([[0.1250, 0.1250, 0.1250, 0.1250, 0.1249, 0.1251, 0.1252, 0.1248],
        [0.1249, 0.1251, 0.1248, 0.1249, 0.1250, 0.1250, 0.1252, 0.1251],
        [0.1247, 0.1253, 0.1249, 0.1248, 0.1250, 0.1252, 0.1251, 0.1250]],
       device='cuda:0', grad_fn=<SoftmaxBackward0>)
tensor([[0.1250, 0.1249, 0.1250, 0.1249, 0.1251, 0.1250, 0.1251, 0.1249],
        [0.1248, 0.1251, 0.1251, 0.1248, 0.1251, 0.1250, 0.1250, 0.1251],
        [0.1251, 0.1250, 0.1250, 0.1250, 0.1251, 0.1250, 0.1250, 0.1248],
        [0.1251, 0.1249, 0.1249, 0.1250, 0.1251, 0.1251, 0.1251, 0.1249]],
       device='cuda:0', grad_fn=<SoftmaxBackward0>)
tensor([[0.1250, 0.1251, 0.1249, 0.1250, 0.1250, 0.1250, 0.1249, 0.1252],
        [0.1250, 0.1251, 0.1249, 0.1249, 0.1249, 0.1250, 0.1251, 0.1251],
        [0.1250, 0.1250, 0.1250, 0.1253, 0.1249, 0.1250, 0.1249, 0.1250],
        [0.1249, 0.1249, 0.1251, 0.1249, 0.1252, 0.1251, 0.1250, 0.1249],
        [0.1249, 0.1250, 0.1249, 0.1250, 0.1251, 0.1251, 0.1250, 0.1250]],
       device='cuda:0', grad_fn=<SoftmaxBackward0>)
tensor([[0.1249, 0.1250, 0.1250, 0.1250, 0.1249, 0.1251, 0.1249, 0.1252],
        [0.1249, 0.1252, 0.1252, 0.1250, 0.1248, 0.1250, 0.1251, 0.1248]],
       device='cuda:0', grad_fn=<SoftmaxBackward0>)
tensor([[0.1250, 0.1248, 0.1251, 0.1249, 0.1250, 0.1250, 0.1250, 0.1253],
        [0.1250, 0.1252, 0.1247, 0.1251, 0.1248, 0.1251, 0.1252, 0.1249],
        [0.1248, 0.1250, 0.1252, 0.1249, 0.1251, 0.1250, 0.1249, 0.1252]],
       device='cuda:0', grad_fn=<SoftmaxBackward0>)
tensor([[0.1248, 0.1249, 0.1251, 0.1251, 0.1250, 0.1250, 0.1250, 0.1251],
        [0.1251, 0.1251, 0.1250, 0.1250, 0.1249, 0.1249, 0.1251, 0.1250],
        [0.1250, 0.1251, 0.1249, 0.1249, 0.1250, 0.1251, 0.1249, 0.1251],
        [0.1251, 0.1250, 0.1250, 0.1249, 0.1250, 0.1250, 0.1251, 0.1250]],
       device='cuda:0', grad_fn=<SoftmaxBackward0>)
tensor([[0.1252, 0.1249, 0.1247, 0.1250, 0.1250, 0.1250, 0.1251, 0.1250],
        [0.1251, 0.1249, 0.1251, 0.1249, 0.1250, 0.1250, 0.1248, 0.1251],
        [0.1249, 0.1252, 0.1249, 0.1250, 0.1251, 0.1249, 0.1250, 0.1250],
        [0.1252, 0.1251, 0.1251, 0.1247, 0.1249, 0.1250, 0.1249, 0.1251],
        [0.1249, 0.1251, 0.1252, 0.1249, 0.1251, 0.1249, 0.1249, 0.1251]],
       device='cuda:0', grad_fn=<SoftmaxBackward0>)
#####################
08/06 02:10:37AM searchCell_trainer.py:218 [INFO] Train: Epoch: [0][50/390]	Step 50	lr 0.025	Loss 2.2147 (2.2450)	Hard Loss 4.3772 (4.4397)	Soft Loss 0.0005 (0.0005)	Arch Loss 2.2723 (2.2447)	Arch Hard Loss 4.4936 (4.4402)	Arch Soft Loss 0.0005 (0.0005)	Prec@(1,5) (3.9%, 14.2%)	
08/06 02:10:52AM searchCell_trainer.py:218 [INFO] Train: Epoch: [0][100/390]	Step 100	lr 0.025	Loss 1.9303 (2.1753)	Hard Loss 3.8151 (4.3012)	Soft Loss 0.0005 (0.0005)	Arch Loss 1.9513 (2.1781)	Arch Hard Loss 3.8546 (4.3076)	Arch Soft Loss 0.0005 (0.0005)	Prec@(1,5) (5.2%, 18.2%)	
08/06 02:11:06AM searchCell_trainer.py:218 [INFO] Train: Epoch: [0][150/390]	Step 150	lr 0.025	Loss 2.0479 (2.1315)	Hard Loss 4.0551 (4.2143)	Soft Loss 0.0004 (0.0005)	Arch Loss 2.0156 (2.1183)	Arch Hard Loss 3.9856 (4.1884)	Arch Soft Loss 0.0005 (0.0005)	Prec@(1,5) (6.1%, 20.8%)	
08/06 02:11:21AM searchCell_trainer.py:218 [INFO] Train: Epoch: [0][200/390]	Step 200	lr 0.025	Loss 1.8664 (2.0887)	Hard Loss 3.6807 (4.1292)	Soft Loss 0.0005 (0.0005)	Arch Loss 1.9507 (2.0790)	Arch Hard Loss 3.8543 (4.1104)	Arch Soft Loss 0.0005 (0.0005)	Prec@(1,5) (6.9%, 23.4%)	
08/06 02:11:35AM searchCell_trainer.py:218 [INFO] Train: Epoch: [0][250/390]	Step 250	lr 0.025	Loss 1.9127 (2.0532)	Hard Loss 3.7817 (4.0584)	Soft Loss 0.0004 (0.0005)	Arch Loss 1.7633 (2.0464)	Arch Hard Loss 3.4820 (4.0455)	Arch Soft Loss 0.0004 (0.0005)	Prec@(1,5) (7.7%, 25.4%)	
08/06 02:11:50AM searchCell_trainer.py:218 [INFO] Train: Epoch: [0][300/390]	Step 300	lr 0.025	Loss 1.7493 (2.0277)	Hard Loss 3.4460 (4.0075)	Soft Loss 0.0005 (0.0005)	Arch Loss 1.8321 (2.0195)	Arch Hard Loss 3.6182 (3.9921)	Arch Soft Loss 0.0005 (0.0005)	Prec@(1,5) (8.5%, 26.9%)	
08/06 02:12:04AM searchCell_trainer.py:218 [INFO] Train: Epoch: [0][350/390]	Step 350	lr 0.025	Loss 2.0016 (2.0050)	Hard Loss 3.9587 (3.9623)	Soft Loss 0.0004 (0.0005)	Arch Loss 1.9241 (1.9937)	Arch Hard Loss 3.8009 (3.9407)	Arch Soft Loss 0.0005 (0.0005)	Prec@(1,5) (9.2%, 28.5%)	
08/06 02:12:16AM searchCell_trainer.py:218 [INFO] Train: Epoch: [0][390/390]	Step 390	lr 0.025	Loss 1.7510 (1.9880)	Hard Loss 3.4597 (3.9286)	Soft Loss 0.0004 (0.0005)	Arch Loss 1.9300 (1.9745)	Arch Hard Loss 3.8166 (3.9025)	Arch Soft Loss 0.0004 (0.0005)	Prec@(1,5) (9.6%, 29.6%)	
08/06 02:12:17AM searchCell_trainer.py:233 [INFO] Train: [  0/49] Final Prec@1 9.5840%
08/06 02:12:19AM searchCell_trainer.py:261 [INFO] Valid: Epoch: [0][50/391]	Step 391	Loss 3.5984	Prec@(1,5) (14.3%, 40.1%)
08/06 02:12:21AM searchCell_trainer.py:261 [INFO] Valid: Epoch: [0][100/391]	Step 391	Loss 3.6219	Prec@(1,5) (13.8%, 39.2%)
08/06 02:12:22AM searchCell_trainer.py:261 [INFO] Valid: Epoch: [0][150/391]	Step 391	Loss 3.6314	Prec@(1,5) (13.5%, 39.1%)
08/06 02:12:24AM searchCell_trainer.py:261 [INFO] Valid: Epoch: [0][200/391]	Step 391	Loss 3.6385	Prec@(1,5) (13.5%, 39.1%)
08/06 02:12:26AM searchCell_trainer.py:261 [INFO] Valid: Epoch: [0][250/391]	Step 391	Loss 3.6373	Prec@(1,5) (13.6%, 39.1%)
08/06 02:12:27AM searchCell_trainer.py:261 [INFO] Valid: Epoch: [0][300/391]	Step 391	Loss 3.6405	Prec@(1,5) (13.6%, 39.1%)
08/06 02:12:29AM searchCell_trainer.py:261 [INFO] Valid: Epoch: [0][350/391]	Step 391	Loss 3.6445	Prec@(1,5) (13.5%, 39.0%)
08/06 02:12:31AM searchCell_trainer.py:261 [INFO] Valid: Epoch: [0][390/391]	Step 391	Loss 3.6381	Prec@(1,5) (13.6%, 39.1%)
08/06 02:12:31AM searchCell_trainer.py:268 [INFO] Valid: [  0/49] Final Prec@1 13.6160%
08/06 02:12:31AM searchCell_KD_main.py:58 [INFO] genotype = Genotype3(normal1=[[('max_pool_3x3', 0), ('max_pool_3x3', 1)], [('max_pool_3x3', 0), ('max_pool_3x3', 2)], [('max_pool_3x3', 0), ('dil_conv_5x5', 1)], [('max_pool_3x3', 0), ('max_pool_3x3', 2)]], normal1_concat=range(2, 6), reduce1=[[('max_pool_3x3', 0), ('skip_connect', 1)], [('dil_conv_5x5', 2), ('max_pool_3x3', 0)], [('sep_conv_5x5', 3), ('max_pool_3x3', 0)], [('sep_conv_5x5', 3), ('dil_conv_3x3', 4)]], reduce1_concat=range(2, 6), normal2=[[('dil_conv_3x3', 1), ('max_pool_3x3', 0)], [('max_pool_3x3', 0), ('dil_conv_5x5', 1)], [('dil_conv_5x5', 3), ('dil_conv_5x5', 0)], [('sep_conv_5x5', 3), ('sep_conv_3x3', 2)]], normal2_concat=range(2, 6), reduce2=[[('sep_conv_5x5', 1), ('sep_conv_5x5', 0)], [('dil_conv_5x5', 2), ('max_pool_3x3', 0)], [('dil_conv_5x5', 3), ('sep_conv_5x5', 1)], [('sep_conv_5x5', 3), ('dil_conv_5x5', 4)]], reduce2_concat=range(2, 6), normal3=[[('dil_conv_5x5', 1), ('sep_conv_5x5', 0)], [('sep_conv_5x5', 1), ('sep_conv_5x5', 2)], [('dil_conv_5x5', 0), ('dil_conv_3x3', 3)], [('dil_conv_5x5', 0), ('sep_conv_3x3', 1)]], normal3_concat=range(2, 6))
08/06 02:12:31AM searchCell_KD_main.py:92 [INFO] Until now, best Prec@1 = 13.6160%
####### ALPHA #######
# Alpha - normal
tensor([[0.1282, 0.1219, 0.1238, 0.1258, 0.1252, 0.1254, 0.1259, 0.1238],
        [0.1273, 0.1227, 0.1240, 0.1238, 0.1254, 0.1238, 0.1272, 0.1259]],
       device='cuda:0', grad_fn=<SoftmaxBackward0>)
tensor([[0.1295, 0.1229, 0.1255, 0.1254, 0.1243, 0.1241, 0.1240, 0.1243],
        [0.1282, 0.1237, 0.1254, 0.1254, 0.1240, 0.1254, 0.1242, 0.1237],
        [0.1286, 0.1248, 0.1268, 0.1237, 0.1240, 0.1242, 0.1241, 0.1238]],
       device='cuda:0', grad_fn=<SoftmaxBackward0>)
tensor([[0.1277, 0.1225, 0.1243, 0.1241, 0.1266, 0.1269, 0.1234, 0.1245],
        [0.1264, 0.1226, 0.1241, 0.1257, 0.1231, 0.1262, 0.1269, 0.1249],
        [0.1253, 0.1232, 0.1242, 0.1246, 0.1264, 0.1256, 0.1255, 0.1252],
        [0.1255, 0.1229, 0.1247, 0.1245, 0.1259, 0.1259, 0.1244, 0.1263]],
       device='cuda:0', grad_fn=<SoftmaxBackward0>)
tensor([[0.1285, 0.1230, 0.1254, 0.1244, 0.1246, 0.1238, 0.1254, 0.1250],
        [0.1264, 0.1222, 0.1236, 0.1253, 0.1244, 0.1265, 0.1259, 0.1256],
        [0.1272, 0.1239, 0.1260, 0.1259, 0.1247, 0.1222, 0.1246, 0.1256],
        [0.1261, 0.1225, 0.1249, 0.1257, 0.1262, 0.1233, 0.1244, 0.1269],
        [0.1255, 0.1228, 0.1252, 0.1250, 0.1248, 0.1257, 0.1262, 0.1249]],
       device='cuda:0', grad_fn=<SoftmaxBackward0>)
tensor([[0.1267, 0.1230, 0.1246, 0.1253, 0.1249, 0.1259, 0.1253, 0.1244],
        [0.1245, 0.1228, 0.1239, 0.1254, 0.1264, 0.1276, 0.1232, 0.1262]],
       device='cuda:0', grad_fn=<SoftmaxBackward0>)
tensor([[0.1271, 0.1245, 0.1256, 0.1251, 0.1250, 0.1246, 0.1248, 0.1233],
        [0.1240, 0.1228, 0.1243, 0.1263, 0.1264, 0.1242, 0.1270, 0.1250],
        [0.1246, 0.1243, 0.1256, 0.1244, 0.1254, 0.1250, 0.1249, 0.1258]],
       device='cuda:0', grad_fn=<SoftmaxBackward0>)
tensor([[0.1262, 0.1228, 0.1240, 0.1243, 0.1264, 0.1255, 0.1265, 0.1243],
        [0.1248, 0.1230, 0.1240, 0.1250, 0.1260, 0.1262, 0.1245, 0.1265],
        [0.1246, 0.1235, 0.1243, 0.1258, 0.1258, 0.1252, 0.1255, 0.1252],
        [0.1239, 0.1233, 0.1242, 0.1248, 0.1253, 0.1262, 0.1268, 0.1255]],
       device='cuda:0', grad_fn=<SoftmaxBackward0>)
tensor([[0.1262, 0.1229, 0.1238, 0.1261, 0.1240, 0.1258, 0.1266, 0.1247],
        [0.1243, 0.1230, 0.1238, 0.1251, 0.1252, 0.1253, 0.1267, 0.1267],
        [0.1236, 0.1230, 0.1229, 0.1272, 0.1267, 0.1249, 0.1261, 0.1256],
        [0.1239, 0.1233, 0.1240, 0.1254, 0.1273, 0.1256, 0.1251, 0.1254],
        [0.1235, 0.1220, 0.1227, 0.1259, 0.1263, 0.1272, 0.1267, 0.1256]],
       device='cuda:0', grad_fn=<SoftmaxBackward0>)
tensor([[0.1249, 0.1217, 0.1223, 0.1262, 0.1273, 0.1258, 0.1263, 0.1255],
        [0.1233, 0.1211, 0.1215, 0.1262, 0.1255, 0.1268, 0.1274, 0.1280]],
       device='cuda:0', grad_fn=<SoftmaxBackward0>)
tensor([[0.1254, 0.1221, 0.1225, 0.1262, 0.1256, 0.1246, 0.1263, 0.1272],
        [0.1226, 0.1209, 0.1209, 0.1260, 0.1278, 0.1266, 0.1268, 0.1284],
        [0.1235, 0.1222, 0.1212, 0.1270, 0.1281, 0.1259, 0.1258, 0.1265]],
       device='cuda:0', grad_fn=<SoftmaxBackward0>)
tensor([[0.1230, 0.1213, 0.1214, 0.1275, 0.1265, 0.1256, 0.1278, 0.1269],
        [0.1225, 0.1212, 0.1211, 0.1275, 0.1271, 0.1264, 0.1261, 0.1281],
        [0.1226, 0.1217, 0.1216, 0.1272, 0.1268, 0.1279, 0.1249, 0.1272],
        [0.1224, 0.1217, 0.1214, 0.1265, 0.1269, 0.1277, 0.1261, 0.1274]],
       device='cuda:0', grad_fn=<SoftmaxBackward0>)
tensor([[0.1234, 0.1214, 0.1211, 0.1270, 0.1275, 0.1247, 0.1285, 0.1264],
        [0.1226, 0.1205, 0.1206, 0.1279, 0.1274, 0.1265, 0.1260, 0.1284],
        [0.1236, 0.1224, 0.1217, 0.1267, 0.1258, 0.1254, 0.1273, 0.1272],
        [0.1236, 0.1224, 0.1220, 0.1262, 0.1271, 0.1265, 0.1248, 0.1274],
        [0.1231, 0.1216, 0.1218, 0.1273, 0.1268, 0.1253, 0.1268, 0.1273]],
       device='cuda:0', grad_fn=<SoftmaxBackward0>)

# Alpha - reduce
tensor([[0.1272, 0.1247, 0.1249, 0.1260, 0.1244, 0.1263, 0.1230, 0.1234],
        [0.1263, 0.1237, 0.1266, 0.1247, 0.1239, 0.1250, 0.1236, 0.1262]],
       device='cuda:0', grad_fn=<SoftmaxBackward0>)
tensor([[0.1271, 0.1246, 0.1245, 0.1248, 0.1253, 0.1241, 0.1260, 0.1236],
        [0.1266, 0.1239, 0.1251, 0.1245, 0.1249, 0.1249, 0.1243, 0.1258],
        [0.1255, 0.1225, 0.1241, 0.1262, 0.1246, 0.1246, 0.1271, 0.1254]],
       device='cuda:0', grad_fn=<SoftmaxBackward0>)
tensor([[0.1266, 0.1246, 0.1251, 0.1247, 0.1247, 0.1259, 0.1247, 0.1238],
        [0.1250, 0.1235, 0.1259, 0.1232, 0.1261, 0.1263, 0.1250, 0.1250],
        [0.1246, 0.1225, 0.1242, 0.1265, 0.1249, 0.1261, 0.1257, 0.1255],
        [0.1247, 0.1230, 0.1240, 0.1252, 0.1284, 0.1238, 0.1255, 0.1255]],
       device='cuda:0', grad_fn=<SoftmaxBackward0>)
tensor([[0.1253, 0.1238, 0.1250, 0.1242, 0.1258, 0.1260, 0.1256, 0.1243],
        [0.1261, 0.1241, 0.1253, 0.1242, 0.1254, 0.1235, 0.1254, 0.1262],
        [0.1241, 0.1218, 0.1244, 0.1262, 0.1262, 0.1246, 0.1264, 0.1263],
        [0.1236, 0.1215, 0.1228, 0.1258, 0.1270, 0.1269, 0.1265, 0.1258],
        [0.1238, 0.1223, 0.1237, 0.1255, 0.1261, 0.1267, 0.1258, 0.1260]],
       device='cuda:0', grad_fn=<SoftmaxBackward0>)
tensor([[0.1248, 0.1230, 0.1235, 0.1263, 0.1275, 0.1262, 0.1254, 0.1234],
        [0.1234, 0.1214, 0.1250, 0.1248, 0.1274, 0.1246, 0.1267, 0.1267]],
       device='cuda:0', grad_fn=<SoftmaxBackward0>)
tensor([[0.1264, 0.1244, 0.1250, 0.1251, 0.1253, 0.1242, 0.1252, 0.1244],
        [0.1231, 0.1214, 0.1251, 0.1260, 0.1260, 0.1259, 0.1262, 0.1263],
        [0.1259, 0.1229, 0.1240, 0.1245, 0.1257, 0.1255, 0.1268, 0.1246]],
       device='cuda:0', grad_fn=<SoftmaxBackward0>)
tensor([[0.1244, 0.1228, 0.1246, 0.1254, 0.1257, 0.1260, 0.1254, 0.1258],
        [0.1231, 0.1213, 0.1262, 0.1248, 0.1265, 0.1263, 0.1250, 0.1269],
        [0.1258, 0.1230, 0.1240, 0.1250, 0.1259, 0.1255, 0.1249, 0.1257],
        [0.1251, 0.1223, 0.1231, 0.1254, 0.1264, 0.1257, 0.1268, 0.1252]],
       device='cuda:0', grad_fn=<SoftmaxBackward0>)
tensor([[0.1258, 0.1237, 0.1243, 0.1240, 0.1271, 0.1248, 0.1274, 0.1229],
        [0.1228, 0.1209, 0.1254, 0.1249, 0.1267, 0.1259, 0.1268, 0.1266],
        [0.1252, 0.1225, 0.1229, 0.1267, 0.1265, 0.1256, 0.1262, 0.1243],
        [0.1254, 0.1222, 0.1229, 0.1245, 0.1279, 0.1258, 0.1265, 0.1247],
        [0.1249, 0.1220, 0.1229, 0.1264, 0.1261, 0.1249, 0.1275, 0.1253]],
       device='cuda:0', grad_fn=<SoftmaxBackward0>)
#####################
08/06 02:12:46午前 searchCell_trainer.py:218 [INFO] Train: Epoch: [1][50/390]	Step 441	lr 0.02498	Loss 1.8911 (1.7970)	Hard Loss 3.7354 (3.5476)	Soft Loss 0.0005 (0.0005)	Arch Loss 1.7900 (1.8029)	Arch Hard Loss 3.5358 (3.5614)	Arch Soft Loss 0.0004 (0.0004)	Prec@(1,5) (16.0%, 40.7%)	
08/06 02:13:00午前 searchCell_trainer.py:218 [INFO] Train: Epoch: [1][100/390]	Step 491	lr 0.02498	Loss 1.6981 (1.7744)	Hard Loss 3.3478 (3.5027)	Soft Loss 0.0005 (0.0005)	Arch Loss 1.8210 (1.7945)	Arch Hard Loss 3.5917 (3.5442)	Arch Soft Loss 0.0005 (0.0004)	Prec@(1,5) (16.3%, 42.2%)	
08/06 02:13:15午前 searchCell_trainer.py:218 [INFO] Train: Epoch: [1][150/390]	Step 541	lr 0.02498	Loss 1.7525 (1.7669)	Hard Loss 3.4640 (3.4881)	Soft Loss 0.0004 (0.0005)	Arch Loss 1.7235 (1.7819)	Arch Hard Loss 3.4035 (3.5189)	Arch Soft Loss 0.0004 (0.0004)	Prec@(1,5) (16.5%, 42.5%)	
08/06 02:13:29午前 searchCell_trainer.py:218 [INFO] Train: Epoch: [1][200/390]	Step 591	lr 0.02498	Loss 1.8616 (1.7630)	Hard Loss 3.6779 (3.4803)	Soft Loss 0.0005 (0.0005)	Arch Loss 1.6063 (1.7697)	Arch Hard Loss 3.1711 (3.4948)	Arch Soft Loss 0.0004 (0.0004)	Prec@(1,5) (16.7%, 42.6%)	
08/06 02:13:43午前 searchCell_trainer.py:218 [INFO] Train: Epoch: [1][250/390]	Step 641	lr 0.02498	Loss 1.6359 (1.7491)	Hard Loss 3.2286 (3.4525)	Soft Loss 0.0004 (0.0005)	Arch Loss 1.7799 (1.7621)	Arch Hard Loss 3.5175 (3.4796)	Arch Soft Loss 0.0004 (0.0004)	Prec@(1,5) (17.2%, 43.6%)	
08/06 02:13:58午前 searchCell_trainer.py:218 [INFO] Train: Epoch: [1][300/390]	Step 691	lr 0.02498	Loss 1.6794 (1.7387)	Hard Loss 3.3156 (3.4321)	Soft Loss 0.0004 (0.0005)	Arch Loss 1.6686 (1.7492)	Arch Hard Loss 3.2913 (3.4538)	Arch Soft Loss 0.0005 (0.0004)	Prec@(1,5) (17.3%, 44.3%)	
08/06 02:14:12午前 searchCell_trainer.py:218 [INFO] Train: Epoch: [1][350/390]	Step 741	lr 0.02498	Loss 1.4493 (1.7277)	Hard Loss 2.8552 (3.4101)	Soft Loss 0.0004 (0.0005)	Arch Loss 1.6493 (1.7344)	Arch Hard Loss 3.2562 (3.4244)	Arch Soft Loss 0.0004 (0.0004)	Prec@(1,5) (17.5%, 45.0%)	
08/06 02:14:24午前 searchCell_trainer.py:218 [INFO] Train: Epoch: [1][390/390]	Step 781	lr 0.02498	Loss 1.6056 (1.7220)	Hard Loss 3.1688 (3.3987)	Soft Loss 0.0004 (0.0005)	Arch Loss 1.6581 (1.7247)	Arch Hard Loss 3.2687 (3.4050)	Arch Soft Loss 0.0005 (0.0004)	Prec@(1,5) (17.7%, 45.4%)	
08/06 02:14:24午前 searchCell_trainer.py:233 [INFO] Train: [  1/49] Final Prec@1 17.7320%
08/06 02:14:26午前 searchCell_trainer.py:261 [INFO] Valid: Epoch: [1][50/391]	Step 782	Loss 3.3058	Prec@(1,5) (18.3%, 48.6%)
08/06 02:14:28午前 searchCell_trainer.py:261 [INFO] Valid: Epoch: [1][100/391]	Step 782	Loss 3.3125	Prec@(1,5) (19.1%, 48.0%)
08/06 02:14:29午前 searchCell_trainer.py:261 [INFO] Valid: Epoch: [1][150/391]	Step 782	Loss 3.3078	Prec@(1,5) (19.3%, 48.0%)
08/06 02:14:31午前 searchCell_trainer.py:261 [INFO] Valid: Epoch: [1][200/391]	Step 782	Loss 3.2967	Prec@(1,5) (19.4%, 48.6%)
08/06 02:14:33午前 searchCell_trainer.py:261 [INFO] Valid: Epoch: [1][250/391]	Step 782	Loss 3.2908	Prec@(1,5) (19.5%, 48.7%)
08/06 02:14:34午前 searchCell_trainer.py:261 [INFO] Valid: Epoch: [1][300/391]	Step 782	Loss 3.2880	Prec@(1,5) (19.5%, 48.9%)
08/06 02:14:36午前 searchCell_trainer.py:261 [INFO] Valid: Epoch: [1][350/391]	Step 782	Loss 3.2876	Prec@(1,5) (19.6%, 48.9%)
08/06 02:14:37午前 searchCell_trainer.py:261 [INFO] Valid: Epoch: [1][390/391]	Step 782	Loss 3.2877	Prec@(1,5) (19.5%, 48.8%)
08/06 02:14:37午前 searchCell_trainer.py:268 [INFO] Valid: [  1/49] Final Prec@1 19.5320%
08/06 02:14:37午前 searchCell_KD_main.py:58 [INFO] genotype = Genotype3(normal1=[[('dil_conv_5x5', 1), ('max_pool_3x3', 0)], [('max_pool_3x3', 0), ('max_pool_3x3', 1)], [('max_pool_3x3', 0), ('sep_conv_3x3', 1)], [('max_pool_3x3', 0), ('max_pool_3x3', 2)]], normal1_concat=range(2, 6), reduce1=[[('max_pool_3x3', 0), ('skip_connect', 1)], [('dil_conv_5x5', 2), ('max_pool_3x3', 0)], [('sep_conv_5x5', 3), ('dil_conv_3x3', 2)], [('dil_conv_5x5', 2), ('sep_conv_5x5', 3)]], reduce1_concat=range(2, 6), normal2=[[('dil_conv_3x3', 1), ('dil_conv_5x5', 0)], [('dil_conv_5x5', 1), ('max_pool_3x3', 0)], [('dil_conv_5x5', 0), ('sep_conv_5x5', 3)], [('dil_conv_5x5', 4), ('sep_conv_5x5', 3)]], normal2_concat=range(2, 6), reduce2=[[('sep_conv_5x5', 1), ('sep_conv_5x5', 0)], [('dil_conv_5x5', 2), ('sep_conv_3x3', 1)], [('sep_conv_5x5', 2), ('sep_conv_5x5', 1)], [('sep_conv_5x5', 0), ('sep_conv_5x5', 3)]], reduce2_concat=range(2, 6), normal3=[[('sep_conv_5x5', 0), ('dil_conv_5x5', 1)], [('sep_conv_5x5', 1), ('sep_conv_5x5', 2)], [('dil_conv_3x3', 2), ('dil_conv_5x5', 0)], [('dil_conv_5x5', 0), ('sep_conv_5x5', 1)]], normal3_concat=range(2, 6))
08/06 02:14:38午前 searchCell_KD_main.py:92 [INFO] Until now, best Prec@1 = 19.5320%
####### ALPHA #######
# Alpha - normal
tensor([[0.1290, 0.1191, 0.1235, 0.1277, 0.1258, 0.1251, 0.1262, 0.1237],
        [0.1273, 0.1204, 0.1231, 0.1222, 0.1264, 0.1253, 0.1298, 0.1255]],
       device='cuda:0', grad_fn=<SoftmaxBackward0>)
tensor([[0.1315, 0.1200, 0.1254, 0.1252, 0.1232, 0.1279, 0.1236, 0.1232],
        [0.1297, 0.1216, 0.1249, 0.1254, 0.1241, 0.1253, 0.1244, 0.1246],
        [0.1277, 0.1220, 0.1264, 0.1234, 0.1254, 0.1255, 0.1255, 0.1241]],
       device='cuda:0', grad_fn=<SoftmaxBackward0>)
tensor([[0.1297, 0.1199, 0.1243, 0.1222, 0.1281, 0.1293, 0.1226, 0.1238],
        [0.1260, 0.1191, 0.1219, 0.1288, 0.1243, 0.1275, 0.1270, 0.1254],
        [0.1248, 0.1210, 0.1237, 0.1253, 0.1267, 0.1259, 0.1278, 0.1249],
        [0.1252, 0.1212, 0.1247, 0.1266, 0.1277, 0.1255, 0.1241, 0.1251]],
       device='cuda:0', grad_fn=<SoftmaxBackward0>)
tensor([[0.1308, 0.1203, 0.1254, 0.1238, 0.1236, 0.1240, 0.1264, 0.1258],
        [0.1265, 0.1197, 0.1224, 0.1273, 0.1248, 0.1277, 0.1255, 0.1260],
        [0.1275, 0.1223, 0.1262, 0.1252, 0.1255, 0.1206, 0.1265, 0.1262],
        [0.1261, 0.1205, 0.1249, 0.1266, 0.1255, 0.1241, 0.1247, 0.1275],
        [0.1251, 0.1209, 0.1250, 0.1257, 0.1254, 0.1256, 0.1259, 0.1264]],
       device='cuda:0', grad_fn=<SoftmaxBackward0>)
tensor([[0.1261, 0.1197, 0.1229, 0.1263, 0.1272, 0.1271, 0.1275, 0.1232],
        [0.1230, 0.1201, 0.1223, 0.1260, 0.1282, 0.1288, 0.1251, 0.1265]],
       device='cuda:0', grad_fn=<SoftmaxBackward0>)
tensor([[0.1276, 0.1223, 0.1247, 0.1244, 0.1268, 0.1251, 0.1268, 0.1222],
        [0.1224, 0.1205, 0.1232, 0.1259, 0.1280, 0.1236, 0.1301, 0.1262],
        [0.1243, 0.1232, 0.1257, 0.1247, 0.1248, 0.1263, 0.1260, 0.1249]],
       device='cuda:0', grad_fn=<SoftmaxBackward0>)
tensor([[0.1265, 0.1199, 0.1224, 0.1241, 0.1282, 0.1260, 0.1285, 0.1245],
        [0.1235, 0.1207, 0.1230, 0.1245, 0.1270, 0.1277, 0.1279, 0.1258],
        [0.1246, 0.1224, 0.1245, 0.1252, 0.1266, 0.1257, 0.1261, 0.1249],
        [0.1228, 0.1211, 0.1231, 0.1241, 0.1284, 0.1271, 0.1284, 0.1251]],
       device='cuda:0', grad_fn=<SoftmaxBackward0>)
tensor([[0.1256, 0.1196, 0.1215, 0.1273, 0.1249, 0.1271, 0.1275, 0.1265],
        [0.1236, 0.1208, 0.1230, 0.1255, 0.1255, 0.1255, 0.1269, 0.1293],
        [0.1216, 0.1197, 0.1208, 0.1296, 0.1291, 0.1256, 0.1279, 0.1256],
        [0.1218, 0.1195, 0.1211, 0.1268, 0.1294, 0.1279, 0.1263, 0.1272],
        [0.1207, 0.1179, 0.1195, 0.1273, 0.1284, 0.1281, 0.1302, 0.1278]],
       device='cuda:0', grad_fn=<SoftmaxBackward0>)
tensor([[0.1264, 0.1200, 0.1208, 0.1269, 0.1294, 0.1252, 0.1267, 0.1246],
        [0.1242, 0.1187, 0.1195, 0.1260, 0.1260, 0.1281, 0.1283, 0.1292]],
       device='cuda:0', grad_fn=<SoftmaxBackward0>)
tensor([[0.1269, 0.1203, 0.1208, 0.1259, 0.1270, 0.1244, 0.1279, 0.1269],
        [0.1221, 0.1179, 0.1180, 0.1269, 0.1306, 0.1280, 0.1276, 0.1289],
        [0.1241, 0.1207, 0.1189, 0.1279, 0.1293, 0.1257, 0.1279, 0.1255]],
       device='cuda:0', grad_fn=<SoftmaxBackward0>)
tensor([[0.1234, 0.1194, 0.1196, 0.1285, 0.1266, 0.1261, 0.1294, 0.1270],
        [0.1219, 0.1185, 0.1186, 0.1286, 0.1287, 0.1268, 0.1280, 0.1290],
        [0.1225, 0.1203, 0.1199, 0.1271, 0.1288, 0.1297, 0.1241, 0.1276],
        [0.1224, 0.1203, 0.1198, 0.1278, 0.1270, 0.1283, 0.1274, 0.1270]],
       device='cuda:0', grad_fn=<SoftmaxBackward0>)
tensor([[0.1249, 0.1200, 0.1196, 0.1262, 0.1287, 0.1239, 0.1310, 0.1257],
        [0.1231, 0.1187, 0.1189, 0.1287, 0.1292, 0.1257, 0.1266, 0.1291],
        [0.1251, 0.1223, 0.1209, 0.1260, 0.1254, 0.1259, 0.1281, 0.1262],
        [0.1258, 0.1228, 0.1222, 0.1247, 0.1272, 0.1267, 0.1240, 0.1265],
        [0.1255, 0.1218, 0.1218, 0.1261, 0.1264, 0.1254, 0.1262, 0.1266]],
       device='cuda:0', grad_fn=<SoftmaxBackward0>)

# Alpha - reduce
tensor([[0.1294, 0.1244, 0.1244, 0.1264, 0.1238, 0.1243, 0.1233, 0.1240],
        [0.1267, 0.1223, 0.1267, 0.1254, 0.1231, 0.1257, 0.1245, 0.1256]],
       device='cuda:0', grad_fn=<SoftmaxBackward0>)
tensor([[0.1285, 0.1236, 0.1233, 0.1251, 0.1252, 0.1243, 0.1274, 0.1225],
        [0.1266, 0.1226, 0.1259, 0.1247, 0.1261, 0.1236, 0.1231, 0.1273],
        [0.1249, 0.1193, 0.1232, 0.1284, 0.1247, 0.1233, 0.1297, 0.1264]],
       device='cuda:0', grad_fn=<SoftmaxBackward0>)
tensor([[0.1269, 0.1221, 0.1242, 0.1255, 0.1246, 0.1271, 0.1258, 0.1238],
        [0.1232, 0.1204, 0.1262, 0.1252, 0.1275, 0.1268, 0.1252, 0.1255],
        [0.1228, 0.1177, 0.1213, 0.1273, 0.1275, 0.1285, 0.1280, 0.1269],
        [0.1231, 0.1189, 0.1202, 0.1265, 0.1338, 0.1257, 0.1271, 0.1247]],
       device='cuda:0', grad_fn=<SoftmaxBackward0>)
tensor([[0.1263, 0.1228, 0.1249, 0.1242, 0.1259, 0.1248, 0.1270, 0.1242],
        [0.1263, 0.1222, 0.1253, 0.1232, 0.1266, 0.1231, 0.1269, 0.1264],
        [0.1225, 0.1176, 0.1216, 0.1275, 0.1272, 0.1265, 0.1310, 0.1261],
        [0.1223, 0.1181, 0.1207, 0.1266, 0.1288, 0.1287, 0.1284, 0.1265],
        [0.1229, 0.1194, 0.1219, 0.1263, 0.1271, 0.1281, 0.1278, 0.1265]],
       device='cuda:0', grad_fn=<SoftmaxBackward0>)
tensor([[0.1262, 0.1226, 0.1239, 0.1264, 0.1298, 0.1242, 0.1257, 0.1212],
        [0.1204, 0.1170, 0.1237, 0.1261, 0.1321, 0.1231, 0.1286, 0.1290]],
       device='cuda:0', grad_fn=<SoftmaxBackward0>)
tensor([[0.1291, 0.1250, 0.1229, 0.1239, 0.1271, 0.1230, 0.1260, 0.1229],
        [0.1189, 0.1156, 0.1253, 0.1297, 0.1272, 0.1270, 0.1271, 0.1291],
        [0.1281, 0.1198, 0.1226, 0.1222, 0.1273, 0.1249, 0.1309, 0.1243]],
       device='cuda:0', grad_fn=<SoftmaxBackward0>)
tensor([[0.1250, 0.1220, 0.1247, 0.1267, 0.1271, 0.1252, 0.1256, 0.1236],
        [0.1187, 0.1156, 0.1277, 0.1262, 0.1290, 0.1286, 0.1257, 0.1286],
        [0.1262, 0.1191, 0.1206, 0.1256, 0.1304, 0.1267, 0.1270, 0.1245],
        [0.1241, 0.1178, 0.1198, 0.1270, 0.1298, 0.1290, 0.1265, 0.1261]],
       device='cuda:0', grad_fn=<SoftmaxBackward0>)
tensor([[0.1255, 0.1214, 0.1231, 0.1237, 0.1313, 0.1240, 0.1294, 0.1216],
        [0.1191, 0.1156, 0.1260, 0.1262, 0.1294, 0.1266, 0.1287, 0.1283],
        [0.1257, 0.1172, 0.1194, 0.1268, 0.1306, 0.1257, 0.1303, 0.1243],
        [0.1236, 0.1166, 0.1191, 0.1252, 0.1310, 0.1291, 0.1294, 0.1261],
        [0.1243, 0.1166, 0.1194, 0.1283, 0.1302, 0.1247, 0.1293, 0.1271]],
       device='cuda:0', grad_fn=<SoftmaxBackward0>)
#####################
08/06 02:14:53午前 searchCell_trainer.py:218 [INFO] Train: Epoch: [2][50/390]	Step 832	lr 0.02491	Loss 1.4878 (1.6078)	Hard Loss 2.9313 (3.1708)	Soft Loss 0.0004 (0.0004)	Arch Loss 1.6433 (1.6363)	Arch Hard Loss 3.2433 (3.2289)	Arch Soft Loss 0.0004 (0.0004)	Prec@(1,5) (21.5%, 50.9%)	
08/06 02:15:07午前 searchCell_trainer.py:218 [INFO] Train: Epoch: [2][100/390]	Step 882	lr 0.02491	Loss 1.4593 (1.5804)	Hard Loss 2.8750 (3.1158)	Soft Loss 0.0004 (0.0004)	Arch Loss 1.6114 (1.6149)	Arch Hard Loss 3.1739 (3.1861)	Arch Soft Loss 0.0005 (0.0004)	Prec@(1,5) (22.9%, 52.9%)	
08/06 02:15:21午前 searchCell_trainer.py:218 [INFO] Train: Epoch: [2][150/390]	Step 932	lr 0.02491	Loss 1.4789 (1.5787)	Hard Loss 2.9124 (3.1127)	Soft Loss 0.0005 (0.0004)	Arch Loss 1.4708 (1.6134)	Arch Hard Loss 2.8974 (3.1829)	Arch Soft Loss 0.0004 (0.0004)	Prec@(1,5) (22.9%, 52.7%)	
08/06 02:15:36午前 searchCell_trainer.py:218 [INFO] Train: Epoch: [2][200/390]	Step 982	lr 0.02491	Loss 1.6347 (1.5731)	Hard Loss 3.2225 (3.1014)	Soft Loss 0.0005 (0.0004)	Arch Loss 1.4836 (1.6011)	Arch Hard Loss 2.9231 (3.1583)	Arch Soft Loss 0.0004 (0.0004)	Prec@(1,5) (23.2%, 53.0%)	
08/06 02:15:50午前 searchCell_trainer.py:218 [INFO] Train: Epoch: [2][250/390]	Step 1032	lr 0.02491	Loss 1.5325 (1.5732)	Hard Loss 3.0242 (3.1018)	Soft Loss 0.0004 (0.0004)	Arch Loss 1.4387 (1.5929)	Arch Hard Loss 2.8345 (3.1420)	Arch Soft Loss 0.0004 (0.0004)	Prec@(1,5) (23.2%, 53.2%)	
08/06 02:16:05午前 searchCell_trainer.py:218 [INFO] Train: Epoch: [2][300/390]	Step 1082	lr 0.02491	Loss 1.5590 (1.5721)	Hard Loss 3.0738 (3.0995)	Soft Loss 0.0004 (0.0004)	Arch Loss 1.6355 (1.5899)	Arch Hard Loss 3.2277 (3.1361)	Arch Soft Loss 0.0004 (0.0004)	Prec@(1,5) (23.2%, 53.2%)	
08/06 02:16:19午前 searchCell_trainer.py:218 [INFO] Train: Epoch: [2][350/390]	Step 1132	lr 0.02491	Loss 1.5504 (1.5698)	Hard Loss 3.0533 (3.0949)	Soft Loss 0.0005 (0.0004)	Arch Loss 1.3669 (1.5837)	Arch Hard Loss 2.6889 (3.1238)	Arch Soft Loss 0.0004 (0.0004)	Prec@(1,5) (23.2%, 53.4%)	
08/06 02:16:31午前 searchCell_trainer.py:218 [INFO] Train: Epoch: [2][390/390]	Step 1172	lr 0.02491	Loss 1.6253 (1.5648)	Hard Loss 3.2056 (3.0850)	Soft Loss 0.0004 (0.0004)	Arch Loss 1.5650 (1.5793)	Arch Hard Loss 3.0858 (3.1148)	Arch Soft Loss 0.0004 (0.0004)	Prec@(1,5) (23.4%, 53.7%)	
08/06 02:16:31午前 searchCell_trainer.py:233 [INFO] Train: [  2/49] Final Prec@1 23.3560%
08/06 02:16:33午前 searchCell_trainer.py:261 [INFO] Valid: Epoch: [2][50/391]	Step 1173	Loss 2.9834	Prec@(1,5) (25.2%, 56.8%)
08/06 02:16:34午前 searchCell_trainer.py:261 [INFO] Valid: Epoch: [2][100/391]	Step 1173	Loss 3.0024	Prec@(1,5) (25.1%, 56.4%)
08/06 02:16:36午前 searchCell_trainer.py:261 [INFO] Valid: Epoch: [2][150/391]	Step 1173	Loss 2.9959	Prec@(1,5) (25.3%, 56.3%)
08/06 02:16:38午前 searchCell_trainer.py:261 [INFO] Valid: Epoch: [2][200/391]	Step 1173	Loss 2.9982	Prec@(1,5) (25.4%, 56.0%)
08/06 02:16:39午前 searchCell_trainer.py:261 [INFO] Valid: Epoch: [2][250/391]	Step 1173	Loss 2.9929	Prec@(1,5) (25.6%, 56.2%)
08/06 02:16:41午前 searchCell_trainer.py:261 [INFO] Valid: Epoch: [2][300/391]	Step 1173	Loss 2.9974	Prec@(1,5) (25.5%, 56.1%)
08/06 02:16:43午前 searchCell_trainer.py:261 [INFO] Valid: Epoch: [2][350/391]	Step 1173	Loss 2.9977	Prec@(1,5) (25.4%, 56.2%)
08/06 02:16:44午前 searchCell_trainer.py:261 [INFO] Valid: Epoch: [2][390/391]	Step 1173	Loss 2.9896	Prec@(1,5) (25.5%, 56.4%)
08/06 02:16:44午前 searchCell_trainer.py:268 [INFO] Valid: [  2/49] Final Prec@1 25.4880%
08/06 02:16:44午前 searchCell_KD_main.py:58 [INFO] genotype = Genotype3(normal1=[[('dil_conv_5x5', 1), ('max_pool_3x3', 0)], [('max_pool_3x3', 0), ('max_pool_3x3', 1)], [('dil_conv_3x3', 0), ('sep_conv_3x3', 1)], [('max_pool_3x3', 0), ('sep_conv_3x3', 1)]], normal1_concat=range(2, 6), reduce1=[[('max_pool_3x3', 0), ('skip_connect', 1)], [('dil_conv_5x5', 2), ('max_pool_3x3', 0)], [('sep_conv_5x5', 3), ('dil_conv_3x3', 1)], [('dil_conv_5x5', 2), ('sep_conv_5x5', 3)]], reduce1_concat=range(2, 6), normal2=[[('dil_conv_3x3', 1), ('sep_conv_5x5', 0)], [('dil_conv_5x5', 1), ('dil_conv_5x5', 0)], [('sep_conv_5x5', 3), ('dil_conv_5x5', 1)], [('dil_conv_5x5', 4), ('sep_conv_3x3', 2)]], normal2_concat=range(2, 6), reduce2=[[('sep_conv_5x5', 1), ('sep_conv_5x5', 0)], [('dil_conv_5x5', 2), ('sep_conv_3x3', 1)], [('sep_conv_5x5', 2), ('sep_conv_5x5', 3)], [('sep_conv_5x5', 0), ('sep_conv_5x5', 3)]], reduce2_concat=range(2, 6), normal3=[[('sep_conv_5x5', 0), ('dil_conv_5x5', 1)], [('sep_conv_5x5', 1), ('sep_conv_5x5', 2)], [('dil_conv_3x3', 2), ('dil_conv_5x5', 0)], [('dil_conv_5x5', 0), ('sep_conv_5x5', 1)]], normal3_concat=range(2, 6))
08/06 02:16:44午前 searchCell_KD_main.py:92 [INFO] Until now, best Prec@1 = 25.4880%
####### ALPHA #######
# Alpha - normal
tensor([[0.1304, 0.1178, 0.1248, 0.1286, 0.1248, 0.1249, 0.1257, 0.1230],
        [0.1273, 0.1190, 0.1231, 0.1215, 0.1269, 0.1258, 0.1309, 0.1255]],
       device='cuda:0', grad_fn=<SoftmaxBackward0>)
tensor([[0.1332, 0.1187, 0.1268, 0.1250, 0.1228, 0.1285, 0.1232, 0.1218],
        [0.1312, 0.1205, 0.1253, 0.1249, 0.1232, 0.1263, 0.1239, 0.1247],
        [0.1262, 0.1197, 0.1276, 0.1241, 0.1259, 0.1256, 0.1265, 0.1244]],
       device='cuda:0', grad_fn=<SoftmaxBackward0>)
tensor([[0.1318, 0.1183, 0.1254, 0.1199, 0.1300, 0.1330, 0.1206, 0.1210],
        [0.1262, 0.1167, 0.1208, 0.1317, 0.1250, 0.1276, 0.1255, 0.1265],
        [0.1249, 0.1193, 0.1249, 0.1268, 0.1267, 0.1246, 0.1276, 0.1252],
        [0.1261, 0.1207, 0.1265, 0.1263, 0.1281, 0.1253, 0.1208, 0.1262]],
       device='cuda:0', grad_fn=<SoftmaxBackward0>)
tensor([[0.1331, 0.1191, 0.1266, 0.1235, 0.1219, 0.1242, 0.1273, 0.1244],
        [0.1262, 0.1169, 0.1210, 0.1298, 0.1262, 0.1284, 0.1240, 0.1275],
        [0.1279, 0.1212, 0.1276, 0.1250, 0.1260, 0.1184, 0.1274, 0.1266],
        [0.1260, 0.1196, 0.1260, 0.1279, 0.1239, 0.1240, 0.1243, 0.1283],
        [0.1239, 0.1194, 0.1252, 0.1267, 0.1283, 0.1246, 0.1239, 0.1281]],
       device='cuda:0', grad_fn=<SoftmaxBackward0>)
tensor([[0.1255, 0.1173, 0.1218, 0.1263, 0.1296, 0.1281, 0.1294, 0.1220],
        [0.1212, 0.1179, 0.1215, 0.1250, 0.1306, 0.1306, 0.1269, 0.1263]],
       device='cuda:0', grad_fn=<SoftmaxBackward0>)
tensor([[0.1266, 0.1197, 0.1237, 0.1261, 0.1283, 0.1244, 0.1290, 0.1222],
        [0.1194, 0.1176, 0.1217, 0.1277, 0.1295, 0.1243, 0.1324, 0.1274],
        [0.1220, 0.1208, 0.1240, 0.1268, 0.1275, 0.1267, 0.1286, 0.1236]],
       device='cuda:0', grad_fn=<SoftmaxBackward0>)
tensor([[0.1256, 0.1173, 0.1213, 0.1242, 0.1281, 0.1281, 0.1303, 0.1252],
        [0.1218, 0.1186, 0.1221, 0.1249, 0.1283, 0.1270, 0.1306, 0.1267],
        [0.1233, 0.1209, 0.1244, 0.1256, 0.1266, 0.1276, 0.1265, 0.1251],
        [0.1209, 0.1187, 0.1220, 0.1256, 0.1325, 0.1258, 0.1299, 0.1246]],
       device='cuda:0', grad_fn=<SoftmaxBackward0>)
tensor([[0.1248, 0.1168, 0.1201, 0.1272, 0.1263, 0.1286, 0.1284, 0.1278],
        [0.1218, 0.1181, 0.1216, 0.1279, 0.1273, 0.1255, 0.1272, 0.1306],
        [0.1197, 0.1174, 0.1205, 0.1324, 0.1296, 0.1257, 0.1286, 0.1261],
        [0.1200, 0.1168, 0.1199, 0.1287, 0.1292, 0.1295, 0.1282, 0.1277],
        [0.1184, 0.1144, 0.1172, 0.1288, 0.1301, 0.1278, 0.1341, 0.1292]],
       device='cuda:0', grad_fn=<SoftmaxBackward0>)
tensor([[0.1260, 0.1168, 0.1180, 0.1280, 0.1330, 0.1253, 0.1281, 0.1247],
        [0.1247, 0.1160, 0.1174, 0.1276, 0.1257, 0.1285, 0.1303, 0.1298]],
       device='cuda:0', grad_fn=<SoftmaxBackward0>)
tensor([[0.1274, 0.1179, 0.1187, 0.1261, 0.1286, 0.1246, 0.1288, 0.1278],
        [0.1219, 0.1149, 0.1154, 0.1271, 0.1344, 0.1279, 0.1294, 0.1290],
        [0.1246, 0.1189, 0.1170, 0.1279, 0.1322, 0.1262, 0.1286, 0.1247]],
       device='cuda:0', grad_fn=<SoftmaxBackward0>)
tensor([[0.1225, 0.1165, 0.1170, 0.1308, 0.1270, 0.1272, 0.1311, 0.1278],
        [0.1216, 0.1159, 0.1163, 0.1297, 0.1297, 0.1272, 0.1295, 0.1301],
        [0.1223, 0.1185, 0.1178, 0.1276, 0.1301, 0.1315, 0.1244, 0.1278],
        [0.1217, 0.1185, 0.1177, 0.1290, 0.1277, 0.1293, 0.1293, 0.1268]],
       device='cuda:0', grad_fn=<SoftmaxBackward0>)
tensor([[0.1250, 0.1176, 0.1173, 0.1270, 0.1300, 0.1236, 0.1338, 0.1257],
        [0.1240, 0.1172, 0.1178, 0.1291, 0.1295, 0.1248, 0.1271, 0.1304],
        [0.1262, 0.1216, 0.1200, 0.1252, 0.1252, 0.1273, 0.1286, 0.1259],
        [0.1267, 0.1224, 0.1218, 0.1241, 0.1276, 0.1271, 0.1237, 0.1266],
        [0.1261, 0.1208, 0.1208, 0.1261, 0.1253, 0.1277, 0.1268, 0.1263]],
       device='cuda:0', grad_fn=<SoftmaxBackward0>)

# Alpha - reduce
tensor([[0.1325, 0.1248, 0.1239, 0.1254, 0.1232, 0.1253, 0.1222, 0.1227],
        [0.1247, 0.1186, 0.1279, 0.1268, 0.1246, 0.1262, 0.1245, 0.1266]],
