08/23 09:59:24PM parser.py:28 [INFO] 
08/23 09:59:24PM parser.py:29 [INFO] Parameters:
08/23 09:59:24PM parser.py:31 [INFO] DAG_PATH=results/search_stage_KD/cifar10/noSWDL/s3-BaselineBestCell/DAG
08/23 09:59:24PM parser.py:31 [INFO] T=10.0
08/23 09:59:24PM parser.py:31 [INFO] ADVANCED=False
08/23 09:59:24PM parser.py:31 [INFO] ALPHA_LR=0.0003
08/23 09:59:24PM parser.py:31 [INFO] ALPHA_WEIGHT_DECAY=0.001
08/23 09:59:24PM parser.py:31 [INFO] BATCH_SIZE=64
08/23 09:59:24PM parser.py:31 [INFO] CASCADE=False
08/23 09:59:24PM parser.py:31 [INFO] CHECKPOINT_RESET=False
08/23 09:59:24PM parser.py:31 [INFO] CUTOUT_LENGTH=0
08/23 09:59:24PM parser.py:31 [INFO] DATA_PATH=../data/
08/23 09:59:24PM parser.py:31 [INFO] DATASET=cifar10
08/23 09:59:24PM parser.py:31 [INFO] DEPTH_COEF=0.0
08/23 09:59:24PM parser.py:31 [INFO] DESCRIPTION=search_architecture_on_noKD_without_depth_loss_with_large_slidewindoe
08/23 09:59:24PM parser.py:31 [INFO] EPOCHS=50
08/23 09:59:24PM parser.py:31 [INFO] EXP_NAME=s3-BaselineBestCell
08/23 09:59:24PM parser.py:31 [INFO] GENOTYPE=Genotype3(normal1=[[('sep_conv_5x5', 0), ('sep_conv_3x3', 1)], [('sep_conv_3x3', 1), ('sep_conv_3x3', 0)], [('sep_conv_3x3', 1), ('sep_conv_3x3', 2)], [('sep_conv_3x3', 0), ('sep_conv_5x5', 4)]], normal1_concat=range(2, 6), reduce1=[[('sep_conv_3x3', 0), ('skip_connect', 1)], [('sep_conv_3x3', 1), ('max_pool_3x3', 0)], [('sep_conv_3x3', 2), ('sep_conv_3x3', 1)], [('max_pool_3x3', 0), ('dil_conv_3x3', 1)]], reduce1_concat=range(2, 6), normal2=[[('skip_connect', 0), ('sep_conv_5x5', 1)], [('skip_connect', 0), ('skip_connect', 2)], [('avg_pool_3x3', 0), ('avg_pool_3x3', 2)], [('skip_connect', 0), ('avg_pool_3x3', 2)]], normal2_concat=range(2, 6), reduce2=[[('avg_pool_3x3', 0), ('avg_pool_3x3', 1)], [('avg_pool_3x3', 0), ('skip_connect', 2)], [('skip_connect', 2), ('avg_pool_3x3', 0)], [('skip_connect', 2), ('avg_pool_3x3', 0)]], reduce2_concat=range(2, 6), normal3=[[('skip_connect', 0), ('skip_connect', 1)], [('skip_connect', 0), ('dil_conv_3x3', 1)], [('skip_connect', 0), ('skip_connect', 1)], [('skip_connect', 0), ('skip_connect', 2)]], normal3_concat=range(2, 6))
08/23 09:59:24PM parser.py:31 [INFO] GPUS=[0]
08/23 09:59:24PM parser.py:31 [INFO] INIT_CHANNELS=16
08/23 09:59:24PM parser.py:31 [INFO] L=0.5
08/23 09:59:24PM parser.py:31 [INFO] LAYERS=20
08/23 09:59:24PM parser.py:31 [INFO] LOGGER=<Logger H-DAS (INFO)>
08/23 09:59:24PM parser.py:31 [INFO] NAME=noSWDL
08/23 09:59:24PM parser.py:31 [INFO] NONKD=True
08/23 09:59:24PM parser.py:31 [INFO] PATH=results/search_stage_KD/cifar10/noSWDL/s3-BaselineBestCell
08/23 09:59:24PM parser.py:31 [INFO] PCDARTS=False
08/23 09:59:24PM parser.py:31 [INFO] PLOT_PATH=results/search_stage_KD/cifar10/noSWDL/s3-BaselineBestCell/plots
08/23 09:59:24PM parser.py:31 [INFO] PRINT_FREQ=50
08/23 09:59:24PM parser.py:31 [INFO] RESUME_PATH=None
08/23 09:59:24PM parser.py:31 [INFO] SAVE=s3-BaselineBestCell
08/23 09:59:24PM parser.py:31 [INFO] SEED=3
08/23 09:59:24PM parser.py:31 [INFO] SHARE_STAGE=False
08/23 09:59:24PM parser.py:31 [INFO] SLIDE_WINDOW=8
08/23 09:59:24PM parser.py:31 [INFO] SPEC_CELL=True
08/23 09:59:24PM parser.py:31 [INFO] TEACHER_NAME=non
08/23 09:59:24PM parser.py:31 [INFO] TEACHER_PATH=non
08/23 09:59:24PM parser.py:31 [INFO] TRAIN_PORTION=0.5
08/23 09:59:24PM parser.py:31 [INFO] W_GRAD_CLIP=5.0
08/23 09:59:24PM parser.py:31 [INFO] W_LR=0.025
08/23 09:59:24PM parser.py:31 [INFO] W_LR_MIN=0.001
08/23 09:59:24PM parser.py:31 [INFO] W_MOMENTUM=0.9
08/23 09:59:24PM parser.py:31 [INFO] W_WEIGHT_DECAY=0.0003
08/23 09:59:24PM parser.py:31 [INFO] WORKERS=4
08/23 09:59:24PM parser.py:32 [INFO] 
08/23 09:59:41PM searchStage_trainer.py:137 [INFO] --> No loaded checkpoint!
####### ALPHA #######
# Alpha - DAG
tensor([[0.2502, 0.2500, 0.2500, 0.2498],
        [0.2500, 0.2497, 0.2501, 0.2503]], device='cuda:0',
       grad_fn=<SoftmaxBackward0>)
tensor([[0.2496, 0.2502, 0.2500, 0.2502],
        [0.2498, 0.2501, 0.2501, 0.2500],
        [0.2501, 0.2501, 0.2500, 0.2498]], device='cuda:0',
       grad_fn=<SoftmaxBackward0>)
tensor([[0.2497, 0.2503, 0.2500, 0.2500],
        [0.2497, 0.2503, 0.2501, 0.2499],
        [0.2502, 0.2499, 0.2497, 0.2502],
        [0.2502, 0.2500, 0.2499, 0.2499]], device='cuda:0',
       grad_fn=<SoftmaxBackward0>)
tensor([[0.2501, 0.2504, 0.2495, 0.2500],
        [0.2500, 0.2502, 0.2496, 0.2502],
        [0.2501, 0.2500, 0.2500, 0.2499],
        [0.2499, 0.2502, 0.2497, 0.2502],
        [0.2501, 0.2501, 0.2501, 0.2498]], device='cuda:0',
       grad_fn=<SoftmaxBackward0>)
tensor([[0.2501, 0.2500, 0.2499, 0.2500],
        [0.2500, 0.2500, 0.2500, 0.2500],
        [0.2506, 0.2500, 0.2499, 0.2494],
        [0.2498, 0.2501, 0.2502, 0.2499],
        [0.2499, 0.2505, 0.2497, 0.2499],
        [0.2502, 0.2500, 0.2499, 0.2500]], device='cuda:0',
       grad_fn=<SoftmaxBackward0>)
tensor([[0.2504, 0.2498, 0.2499, 0.2499],
        [0.2499, 0.2497, 0.2500, 0.2504],
        [0.2501, 0.2501, 0.2500, 0.2498],
        [0.2501, 0.2500, 0.2499, 0.2499],
        [0.2502, 0.2501, 0.2497, 0.2501],
        [0.2500, 0.2502, 0.2500, 0.2498],
        [0.2501, 0.2501, 0.2500, 0.2499]], device='cuda:0',
       grad_fn=<SoftmaxBackward0>)
tensor([[0.2504, 0.2499, 0.2497, 0.2500],
        [0.2499, 0.2499, 0.2498, 0.2504]], device='cuda:0',
       grad_fn=<SoftmaxBackward0>)
tensor([[0.2500, 0.2498, 0.2500, 0.2502],
        [0.2501, 0.2503, 0.2497, 0.2500],
        [0.2501, 0.2498, 0.2502, 0.2499]], device='cuda:0',
       grad_fn=<SoftmaxBackward0>)
tensor([[0.2503, 0.2499, 0.2499, 0.2499],
        [0.2500, 0.2500, 0.2496, 0.2503],
        [0.2498, 0.2501, 0.2504, 0.2497],
        [0.2500, 0.2501, 0.2502, 0.2498]], device='cuda:0',
       grad_fn=<SoftmaxBackward0>)
tensor([[0.2497, 0.2504, 0.2505, 0.2494],
        [0.2501, 0.2500, 0.2499, 0.2500],
        [0.2496, 0.2507, 0.2498, 0.2500],
        [0.2504, 0.2500, 0.2497, 0.2499],
        [0.2501, 0.2500, 0.2501, 0.2498]], device='cuda:0',
       grad_fn=<SoftmaxBackward0>)
tensor([[0.2501, 0.2504, 0.2497, 0.2498],
        [0.2501, 0.2498, 0.2499, 0.2501],
        [0.2501, 0.2501, 0.2497, 0.2501],
        [0.2500, 0.2497, 0.2499, 0.2504],
        [0.2499, 0.2501, 0.2501, 0.2500],
        [0.2497, 0.2501, 0.2500, 0.2501]], device='cuda:0',
       grad_fn=<SoftmaxBackward0>)
tensor([[0.2498, 0.2502, 0.2498, 0.2502],
        [0.2503, 0.2496, 0.2500, 0.2501],
        [0.2502, 0.2501, 0.2500, 0.2497],
        [0.2500, 0.2502, 0.2501, 0.2498],
        [0.2502, 0.2500, 0.2498, 0.2500],
        [0.2497, 0.2504, 0.2503, 0.2496],
        [0.2500, 0.2498, 0.2500, 0.2501]], device='cuda:0',
       grad_fn=<SoftmaxBackward0>)
tensor([[0.2500, 0.2498, 0.2501, 0.2501],
        [0.2502, 0.2500, 0.2499, 0.2498]], device='cuda:0',
       grad_fn=<SoftmaxBackward0>)
tensor([[0.2497, 0.2497, 0.2502, 0.2505],
        [0.2503, 0.2503, 0.2497, 0.2497],
        [0.2503, 0.2498, 0.2502, 0.2497]], device='cuda:0',
       grad_fn=<SoftmaxBackward0>)
tensor([[0.2500, 0.2501, 0.2498, 0.2501],
        [0.2502, 0.2498, 0.2499, 0.2501],
        [0.2501, 0.2499, 0.2499, 0.2502],
        [0.2499, 0.2499, 0.2501, 0.2502]], device='cuda:0',
       grad_fn=<SoftmaxBackward0>)
tensor([[0.2502, 0.2502, 0.2497, 0.2499],
        [0.2500, 0.2497, 0.2499, 0.2503],
        [0.2502, 0.2502, 0.2497, 0.2499],
        [0.2499, 0.2503, 0.2496, 0.2502],
        [0.2502, 0.2498, 0.2498, 0.2502]], device='cuda:0',
       grad_fn=<SoftmaxBackward0>)
tensor([[0.2504, 0.2497, 0.2501, 0.2498],
        [0.2501, 0.2500, 0.2502, 0.2496],
        [0.2500, 0.2498, 0.2499, 0.2502],
        [0.2502, 0.2499, 0.2498, 0.2501],
        [0.2504, 0.2498, 0.2500, 0.2498],
        [0.2503, 0.2500, 0.2498, 0.2499]], device='cuda:0',
       grad_fn=<SoftmaxBackward0>)
tensor([[0.2499, 0.2501, 0.2499, 0.2501],
        [0.2499, 0.2500, 0.2501, 0.2499],
        [0.2498, 0.2503, 0.2497, 0.2502],
        [0.2501, 0.2500, 0.2500, 0.2499],
        [0.2504, 0.2498, 0.2503, 0.2495],
        [0.2500, 0.2500, 0.2500, 0.2500],
        [0.2500, 0.2502, 0.2497, 0.2501]], device='cuda:0',
       grad_fn=<SoftmaxBackward0>)
#####################
08/23 09:59:57PM searchStage_trainer.py:268 [INFO] Train: Epoch: [0][50/390]	Step 50	lr 0.025	Loss 2.0950 (2.2144)	Hard Loss 2.0950 (2.2144)	Soft Loss 2.0950 (2.2144)	Arch Loss 2.0917 (2.1933)	Arch Hard Loss 2.0917 (2.1933)	Arch Soft Loss 2.0917 (2.1933)	Arch depth Loss 0.0000 (0.0000)	Prec@(1,5) (20.0%, 71.6%)	
08/23 10:00:12PM searchStage_trainer.py:268 [INFO] Train: Epoch: [0][100/390]	Step 100	lr 0.025	Loss 1.8095 (2.0655)	Hard Loss 1.8095 (2.0655)	Soft Loss 1.8095 (2.0655)	Arch Loss 1.6584 (2.0650)	Arch Hard Loss 1.6584 (2.0650)	Arch Soft Loss 1.6584 (2.0650)	Arch depth Loss 0.0000 (0.0000)	Prec@(1,5) (22.9%, 77.6%)	
08/23 10:00:27PM searchStage_trainer.py:268 [INFO] Train: Epoch: [0][150/390]	Step 150	lr 0.025	Loss 1.8390 (1.9725)	Hard Loss 1.8390 (1.9725)	Soft Loss 1.8390 (1.9725)	Arch Loss 1.5336 (1.9772)	Arch Hard Loss 1.5336 (1.9772)	Arch Soft Loss 1.5336 (1.9772)	Arch depth Loss 0.0000 (0.0000)	Prec@(1,5) (26.1%, 80.6%)	
08/23 10:00:42PM searchStage_trainer.py:268 [INFO] Train: Epoch: [0][200/390]	Step 200	lr 0.025	Loss 1.9408 (1.9187)	Hard Loss 1.9408 (1.9187)	Soft Loss 1.9408 (1.9187)	Arch Loss 1.7092 (1.9167)	Arch Hard Loss 1.7092 (1.9167)	Arch Soft Loss 1.7092 (1.9167)	Arch depth Loss 0.0000 (0.0000)	Prec@(1,5) (28.0%, 82.1%)	
08/23 10:00:57PM searchStage_trainer.py:268 [INFO] Train: Epoch: [0][250/390]	Step 250	lr 0.025	Loss 1.6871 (1.8714)	Hard Loss 1.6871 (1.8714)	Soft Loss 1.6871 (1.8714)	Arch Loss 1.5047 (1.8684)	Arch Hard Loss 1.5047 (1.8684)	Arch Soft Loss 1.5047 (1.8684)	Arch depth Loss 0.0000 (0.0000)	Prec@(1,5) (29.7%, 83.4%)	
08/23 10:01:12PM searchStage_trainer.py:268 [INFO] Train: Epoch: [0][300/390]	Step 300	lr 0.025	Loss 1.4455 (1.8182)	Hard Loss 1.4455 (1.8182)	Soft Loss 1.4455 (1.8182)	Arch Loss 1.5415 (1.8217)	Arch Hard Loss 1.5415 (1.8217)	Arch Soft Loss 1.5415 (1.8217)	Arch depth Loss 0.0000 (0.0000)	Prec@(1,5) (31.8%, 84.6%)	
08/23 10:01:27PM searchStage_trainer.py:268 [INFO] Train: Epoch: [0][350/390]	Step 350	lr 0.025	Loss 1.5815 (1.7795)	Hard Loss 1.5815 (1.7795)	Soft Loss 1.5815 (1.7795)	Arch Loss 1.5812 (1.7877)	Arch Hard Loss 1.5812 (1.7877)	Arch Soft Loss 1.5812 (1.7877)	Arch depth Loss 0.0000 (0.0000)	Prec@(1,5) (33.3%, 85.5%)	
08/23 10:01:39PM searchStage_trainer.py:268 [INFO] Train: Epoch: [0][390/390]	Step 390	lr 0.025	Loss 1.3909 (1.7564)	Hard Loss 1.3909 (1.7564)	Soft Loss 1.3909 (1.7564)	Arch Loss 1.5387 (1.7605)	Arch Hard Loss 1.5387 (1.7605)	Arch Soft Loss 1.5387 (1.7605)	Arch depth Loss 0.0000 (0.0000)	Prec@(1,5) (34.2%, 86.0%)	
08/23 10:01:40PM searchStage_trainer.py:284 [INFO] Train: [  0/49] Final Prec@1 34.2560%
08/23 10:01:43PM searchStage_trainer.py:312 [INFO] Valid: Epoch: [0][50/391]	Step 391	Loss 1.5880	Prec@(1,5) (42.3%, 91.1%)
08/23 10:01:45PM searchStage_trainer.py:312 [INFO] Valid: Epoch: [0][100/391]	Step 391	Loss 1.5852	Prec@(1,5) (42.4%, 90.6%)
08/23 10:01:47PM searchStage_trainer.py:312 [INFO] Valid: Epoch: [0][150/391]	Step 391	Loss 1.5929	Prec@(1,5) (41.9%, 90.6%)
08/23 10:01:49PM searchStage_trainer.py:312 [INFO] Valid: Epoch: [0][200/391]	Step 391	Loss 1.5911	Prec@(1,5) (42.0%, 90.4%)
08/23 10:01:52PM searchStage_trainer.py:312 [INFO] Valid: Epoch: [0][250/391]	Step 391	Loss 1.5880	Prec@(1,5) (42.1%, 90.3%)
08/23 10:01:54PM searchStage_trainer.py:312 [INFO] Valid: Epoch: [0][300/391]	Step 391	Loss 1.5932	Prec@(1,5) (42.0%, 90.2%)
08/23 10:01:56PM searchStage_trainer.py:312 [INFO] Valid: Epoch: [0][350/391]	Step 391	Loss 1.5955	Prec@(1,5) (41.9%, 90.1%)
08/23 10:01:58PM searchStage_trainer.py:312 [INFO] Valid: Epoch: [0][390/391]	Step 391	Loss 1.5932	Prec@(1,5) (42.0%, 90.1%)
08/23 10:01:58PM searchStage_trainer.py:323 [INFO] Valid: [  0/49] Final Prec@1 42.0440%
08/23 10:01:58PM searchStage_KD_main.py:58 [INFO] DAG = Genotype2(DAG1=[[('skip_connect', 0), ('skip_connect', 1)], [('skip_connect', 0), ('max_pool_3x3', 1)], [('skip_connect', 1), ('skip_connect', 0)], [('max_pool_3x3', 1), ('max_pool_3x3', 0)], [('max_pool_3x3', 0), ('max_pool_3x3', 1)], [('skip_connect', 1), ('max_pool_3x3', 0)]], DAG1_concat=range(6, 8), DAG2=[[('max_pool_3x3', 0), ('skip_connect', 1)], [('skip_connect', 2), ('max_pool_3x3', 1)], [('skip_connect', 2), ('max_pool_3x3', 0)], [('max_pool_3x3', 1), ('max_pool_3x3', 0)], [('max_pool_3x3', 1), ('max_pool_3x3', 0)], [('max_pool_3x3', 1), ('max_pool_3x3', 0)]], DAG2_concat=range(6, 8), DAG3=[[('skip_connect', 0), ('skip_connect', 1)], [('skip_connect', 0), ('skip_connect', 1)], [('skip_connect', 1), ('skip_connect', 0)], [('skip_connect', 1), ('skip_connect', 2)], [('skip_connect', 1), ('skip_connect', 0)], [('max_pool_3x3', 1), ('max_pool_3x3', 0)]], DAG3_concat=range(6, 8))
08/23 10:01:58PM searchStage_KD_main.py:89 [INFO] Until now, best Prec@1 = 42.0440%
####### ALPHA #######
# Alpha - DAG
tensor([[0.2498, 0.2473, 0.2528, 0.2501],
        [0.2497, 0.2473, 0.2527, 0.2502]], device='cuda:0',
       grad_fn=<SoftmaxBackward0>)
tensor([[0.2511, 0.2476, 0.2516, 0.2496],
        [0.2519, 0.2464, 0.2518, 0.2500],
        [0.2498, 0.2486, 0.2508, 0.2508]], device='cuda:0',
       grad_fn=<SoftmaxBackward0>)
tensor([[0.2509, 0.2475, 0.2524, 0.2492],
        [0.2495, 0.2485, 0.2531, 0.2489],
        [0.2505, 0.2482, 0.2502, 0.2512],
        [0.2512, 0.2493, 0.2488, 0.2507]], device='cuda:0',
       grad_fn=<SoftmaxBackward0>)
tensor([[0.2527, 0.2471, 0.2505, 0.2497],
        [0.2527, 0.2468, 0.2517, 0.2489],
        [0.2503, 0.2489, 0.2505, 0.2503],
        [0.2497, 0.2482, 0.2499, 0.2522],
        [0.2485, 0.2506, 0.2517, 0.2493]], device='cuda:0',
       grad_fn=<SoftmaxBackward0>)
tensor([[0.2603, 0.2428, 0.2510, 0.2459],
        [0.2582, 0.2439, 0.2516, 0.2462],
        [0.2530, 0.2458, 0.2508, 0.2503],
        [0.2523, 0.2457, 0.2493, 0.2528],
        [0.2520, 0.2472, 0.2505, 0.2503],
        [0.2520, 0.2453, 0.2479, 0.2548]], device='cuda:0',
       grad_fn=<SoftmaxBackward0>)
tensor([[0.2547, 0.2449, 0.2533, 0.2471],
        [0.2529, 0.2475, 0.2549, 0.2447],
        [0.2519, 0.2478, 0.2500, 0.2504],
        [0.2514, 0.2477, 0.2496, 0.2512],
        [0.2514, 0.2469, 0.2481, 0.2535],
        [0.2511, 0.2481, 0.2506, 0.2502],
        [0.2499, 0.2484, 0.2499, 0.2518]], device='cuda:0',
       grad_fn=<SoftmaxBackward0>)
tensor([[0.2527, 0.2473, 0.2518, 0.2482],
        [0.2509, 0.2460, 0.2510, 0.2521]], device='cuda:0',
       grad_fn=<SoftmaxBackward0>)
tensor([[0.2504, 0.2481, 0.2507, 0.2507],
        [0.2516, 0.2482, 0.2502, 0.2500],
        [0.2489, 0.2485, 0.2527, 0.2499]], device='cuda:0',
       grad_fn=<SoftmaxBackward0>)
tensor([[0.2518, 0.2488, 0.2497, 0.2498],
        [0.2512, 0.2481, 0.2511, 0.2496],
        [0.2470, 0.2514, 0.2534, 0.2482],
        [0.2492, 0.2494, 0.2498, 0.2517]], device='cuda:0',
       grad_fn=<SoftmaxBackward0>)
tensor([[0.2528, 0.2482, 0.2491, 0.2499],
        [0.2534, 0.2488, 0.2493, 0.2485],
        [0.2512, 0.2487, 0.2523, 0.2478],
        [0.2514, 0.2485, 0.2482, 0.2519],
        [0.2500, 0.2484, 0.2504, 0.2512]], device='cuda:0',
       grad_fn=<SoftmaxBackward0>)
tensor([[0.2540, 0.2490, 0.2482, 0.2488],
        [0.2563, 0.2495, 0.2480, 0.2461],
        [0.2536, 0.2459, 0.2485, 0.2520],
        [0.2511, 0.2486, 0.2491, 0.2511],
        [0.2505, 0.2488, 0.2483, 0.2524],
        [0.2516, 0.2483, 0.2505, 0.2496]], device='cuda:0',
       grad_fn=<SoftmaxBackward0>)
tensor([[0.2537, 0.2507, 0.2493, 0.2463],
        [0.2549, 0.2514, 0.2497, 0.2439],
        [0.2513, 0.2472, 0.2500, 0.2515],
        [0.2487, 0.2496, 0.2483, 0.2533],
        [0.2487, 0.2486, 0.2501, 0.2526],
        [0.2500, 0.2488, 0.2490, 0.2523],
        [0.2519, 0.2481, 0.2509, 0.2492]], device='cuda:0',
       grad_fn=<SoftmaxBackward0>)
tensor([[0.2494, 0.2423, 0.2584, 0.2499],
        [0.2474, 0.2448, 0.2579, 0.2499]], device='cuda:0',
       grad_fn=<SoftmaxBackward0>)
tensor([[0.2494, 0.2425, 0.2578, 0.2502],
        [0.2493, 0.2446, 0.2574, 0.2487],
        [0.2504, 0.2471, 0.2518, 0.2507]], device='cuda:0',
       grad_fn=<SoftmaxBackward0>)
tensor([[0.2481, 0.2452, 0.2551, 0.2516],
        [0.2480, 0.2478, 0.2564, 0.2478],
        [0.2492, 0.2486, 0.2529, 0.2493],
        [0.2482, 0.2476, 0.2522, 0.2520]], device='cuda:0',
       grad_fn=<SoftmaxBackward0>)
tensor([[0.2504, 0.2480, 0.2527, 0.2490],
        [0.2496, 0.2476, 0.2545, 0.2483],
        [0.2497, 0.2490, 0.2533, 0.2480],
        [0.2489, 0.2479, 0.2506, 0.2526],
        [0.2488, 0.2486, 0.2501, 0.2525]], device='cuda:0',
       grad_fn=<SoftmaxBackward0>)
tensor([[0.2513, 0.2443, 0.2562, 0.2482],
        [0.2536, 0.2462, 0.2561, 0.2441],
        [0.2483, 0.2462, 0.2539, 0.2515],
        [0.2466, 0.2450, 0.2547, 0.2537],
        [0.2472, 0.2451, 0.2540, 0.2537],
        [0.2491, 0.2458, 0.2544, 0.2507]], device='cuda:0',
       grad_fn=<SoftmaxBackward0>)
tensor([[0.2532, 0.2455, 0.2531, 0.2483],
        [0.2543, 0.2483, 0.2536, 0.2438],
        [0.2485, 0.2484, 0.2515, 0.2516],
        [0.2486, 0.2437, 0.2542, 0.2535],
        [0.2476, 0.2460, 0.2533, 0.2532],
        [0.2490, 0.2468, 0.2523, 0.2520],
        [0.2496, 0.2487, 0.2523, 0.2494]], device='cuda:0',
       grad_fn=<SoftmaxBackward0>)
#####################
08/23 10:02:14午後 searchStage_trainer.py:268 [INFO] Train: Epoch: [1][50/390]	Step 441	lr 0.02498	Loss 1.3263 (1.4767)	Hard Loss 1.3263 (1.4767)	Soft Loss 1.3263 (1.4767)	Arch Loss 1.5541 (1.4979)	Arch Hard Loss 1.5541 (1.4979)	Arch Soft Loss 1.5541 (1.4979)	Arch depth Loss 0.0000 (0.0000)	Prec@(1,5) (44.9%, 91.7%)	
08/23 10:02:29午後 searchStage_trainer.py:268 [INFO] Train: Epoch: [1][100/390]	Step 491	lr 0.02498	Loss 1.3490 (1.4869)	Hard Loss 1.3490 (1.4869)	Soft Loss 1.3490 (1.4869)	Arch Loss 1.6831 (1.5037)	Arch Hard Loss 1.6831 (1.5037)	Arch Soft Loss 1.6831 (1.5037)	Arch depth Loss 0.0000 (0.0000)	Prec@(1,5) (44.7%, 91.9%)	
08/23 10:02:44午後 searchStage_trainer.py:268 [INFO] Train: Epoch: [1][150/390]	Step 541	lr 0.02498	Loss 1.4513 (1.4534)	Hard Loss 1.4513 (1.4534)	Soft Loss 1.4513 (1.4534)	Arch Loss 1.5677 (1.4769)	Arch Hard Loss 1.5677 (1.4769)	Arch Soft Loss 1.5677 (1.4769)	Arch depth Loss 0.0000 (0.0000)	Prec@(1,5) (46.0%, 92.2%)	
08/23 10:03:00午後 searchStage_trainer.py:268 [INFO] Train: Epoch: [1][200/390]	Step 591	lr 0.02498	Loss 1.3878 (1.4290)	Hard Loss 1.3878 (1.4290)	Soft Loss 1.3878 (1.4290)	Arch Loss 1.3925 (1.4573)	Arch Hard Loss 1.3925 (1.4573)	Arch Soft Loss 1.3925 (1.4573)	Arch depth Loss 0.0000 (0.0000)	Prec@(1,5) (47.2%, 92.4%)	
08/23 10:03:15午後 searchStage_trainer.py:268 [INFO] Train: Epoch: [1][250/390]	Step 641	lr 0.02498	Loss 1.3381 (1.4177)	Hard Loss 1.3381 (1.4177)	Soft Loss 1.3381 (1.4177)	Arch Loss 1.3735 (1.4385)	Arch Hard Loss 1.3735 (1.4385)	Arch Soft Loss 1.3735 (1.4385)	Arch depth Loss 0.0000 (0.0000)	Prec@(1,5) (47.6%, 92.6%)	
08/23 10:03:30午後 searchStage_trainer.py:268 [INFO] Train: Epoch: [1][300/390]	Step 691	lr 0.02498	Loss 1.1629 (1.4056)	Hard Loss 1.1629 (1.4056)	Soft Loss 1.1629 (1.4056)	Arch Loss 1.1112 (1.4184)	Arch Hard Loss 1.1112 (1.4184)	Arch Soft Loss 1.1112 (1.4184)	Arch depth Loss 0.0000 (0.0000)	Prec@(1,5) (48.2%, 92.9%)	
08/23 10:03:45午後 searchStage_trainer.py:268 [INFO] Train: Epoch: [1][350/390]	Step 741	lr 0.02498	Loss 1.3304 (1.3959)	Hard Loss 1.3304 (1.3959)	Soft Loss 1.3304 (1.3959)	Arch Loss 1.1697 (1.4023)	Arch Hard Loss 1.1697 (1.4023)	Arch Soft Loss 1.1697 (1.4023)	Arch depth Loss 0.0000 (0.0000)	Prec@(1,5) (48.4%, 93.0%)	
08/23 10:03:57午後 searchStage_trainer.py:268 [INFO] Train: Epoch: [1][390/390]	Step 781	lr 0.02498	Loss 1.2596 (1.3840)	Hard Loss 1.2596 (1.3840)	Soft Loss 1.2596 (1.3840)	Arch Loss 1.1605 (1.3896)	Arch Hard Loss 1.1605 (1.3896)	Arch Soft Loss 1.1605 (1.3896)	Arch depth Loss 0.0000 (0.0000)	Prec@(1,5) (49.1%, 93.1%)	
08/23 10:03:57午後 searchStage_trainer.py:284 [INFO] Train: [  1/49] Final Prec@1 49.0560%
08/23 10:04:00午後 searchStage_trainer.py:312 [INFO] Valid: Epoch: [1][50/391]	Step 782	Loss 1.3379	Prec@(1,5) (52.1%, 93.5%)
08/23 10:04:02午後 searchStage_trainer.py:312 [INFO] Valid: Epoch: [1][100/391]	Step 782	Loss 1.3209	Prec@(1,5) (52.4%, 94.2%)
08/23 10:04:04午後 searchStage_trainer.py:312 [INFO] Valid: Epoch: [1][150/391]	Step 782	Loss 1.3214	Prec@(1,5) (52.3%, 94.0%)
08/23 10:04:06午後 searchStage_trainer.py:312 [INFO] Valid: Epoch: [1][200/391]	Step 782	Loss 1.3132	Prec@(1,5) (52.7%, 94.0%)
08/23 10:04:08午後 searchStage_trainer.py:312 [INFO] Valid: Epoch: [1][250/391]	Step 782	Loss 1.3099	Prec@(1,5) (52.9%, 94.0%)
08/23 10:04:10午後 searchStage_trainer.py:312 [INFO] Valid: Epoch: [1][300/391]	Step 782	Loss 1.3062	Prec@(1,5) (52.9%, 94.0%)
08/23 10:04:13午後 searchStage_trainer.py:312 [INFO] Valid: Epoch: [1][350/391]	Step 782	Loss 1.3060	Prec@(1,5) (53.0%, 94.0%)
08/23 10:04:14午後 searchStage_trainer.py:312 [INFO] Valid: Epoch: [1][390/391]	Step 782	Loss 1.3061	Prec@(1,5) (52.9%, 94.1%)
08/23 10:04:15午後 searchStage_trainer.py:323 [INFO] Valid: [  1/49] Final Prec@1 52.8560%
08/23 10:04:15午後 searchStage_KD_main.py:58 [INFO] DAG = Genotype2(DAG1=[[('skip_connect', 0), ('skip_connect', 1)], [('skip_connect', 0), ('skip_connect', 1)], [('skip_connect', 1), ('skip_connect', 0)], [('skip_connect', 1), ('skip_connect', 0)], [('max_pool_3x3', 0), ('max_pool_3x3', 1)], [('skip_connect', 1), ('skip_connect', 0)]], DAG1_concat=range(6, 8), DAG2=[[('max_pool_3x3', 0), ('max_pool_3x3', 1)], [('max_pool_3x3', 1), ('max_pool_3x3', 0)], [('max_pool_3x3', 1), ('max_pool_3x3', 0)], [('max_pool_3x3', 1), ('max_pool_3x3', 0)], [('max_pool_3x3', 1), ('max_pool_3x3', 0)], [('max_pool_3x3', 1), ('max_pool_3x3', 0)]], DAG2_concat=range(6, 8), DAG3=[[('skip_connect', 0), ('skip_connect', 1)], [('skip_connect', 0), ('skip_connect', 1)], [('skip_connect', 1), ('skip_connect', 0)], [('skip_connect', 1), ('skip_connect', 2)], [('max_pool_3x3', 1), ('skip_connect', 0)], [('max_pool_3x3', 1), ('max_pool_3x3', 0)]], DAG3_concat=range(6, 8))
08/23 10:04:15午後 searchStage_KD_main.py:89 [INFO] Until now, best Prec@1 = 52.8560%
####### ALPHA #######
# Alpha - DAG
tensor([[0.2463, 0.2405, 0.2640, 0.2493],
        [0.2457, 0.2410, 0.2621, 0.2513]], device='cuda:0',
       grad_fn=<SoftmaxBackward0>)
tensor([[0.2509, 0.2406, 0.2593, 0.2493],
        [0.2520, 0.2404, 0.2573, 0.2503],
        [0.2509, 0.2452, 0.2525, 0.2514]], device='cuda:0',
       grad_fn=<SoftmaxBackward0>)
tensor([[0.2473, 0.2434, 0.2626, 0.2468],
        [0.2456, 0.2431, 0.2639, 0.2474],
        [0.2461, 0.2484, 0.2532, 0.2523],
        [0.2484, 0.2482, 0.2491, 0.2543]], device='cuda:0',
       grad_fn=<SoftmaxBackward0>)
tensor([[0.2550, 0.2410, 0.2562, 0.2479],
        [0.2529, 0.2410, 0.2593, 0.2468],
        [0.2505, 0.2470, 0.2510, 0.2515],
        [0.2499, 0.2465, 0.2507, 0.2529],
        [0.2463, 0.2489, 0.2529, 0.2519]], device='cuda:0',
       grad_fn=<SoftmaxBackward0>)
tensor([[0.2680, 0.2280, 0.2612, 0.2428],
        [0.2640, 0.2315, 0.2620, 0.2425],
        [0.2525, 0.2389, 0.2577, 0.2510],
        [0.2515, 0.2399, 0.2511, 0.2575],
        [0.2506, 0.2443, 0.2532, 0.2519],
        [0.2523, 0.2419, 0.2492, 0.2566]], device='cuda:0',
       grad_fn=<SoftmaxBackward0>)
tensor([[0.2522, 0.2358, 0.2702, 0.2418],
        [0.2513, 0.2396, 0.2730, 0.2361],
        [0.2499, 0.2438, 0.2520, 0.2544],
        [0.2519, 0.2425, 0.2485, 0.2571],
        [0.2514, 0.2418, 0.2485, 0.2582],
        [0.2505, 0.2464, 0.2536, 0.2496],
        [0.2475, 0.2473, 0.2515, 0.2537]], device='cuda:0',
       grad_fn=<SoftmaxBackward0>)
tensor([[0.2574, 0.2421, 0.2547, 0.2458],
        [0.2567, 0.2382, 0.2504, 0.2548]], device='cuda:0',
       grad_fn=<SoftmaxBackward0>)
tensor([[0.2536, 0.2459, 0.2503, 0.2502],
        [0.2538, 0.2484, 0.2516, 0.2463],
        [0.2471, 0.2478, 0.2522, 0.2530]], device='cuda:0',
       grad_fn=<SoftmaxBackward0>)
tensor([[0.2571, 0.2491, 0.2511, 0.2428],
        [0.2584, 0.2480, 0.2514, 0.2422],
        [0.2488, 0.2487, 0.2521, 0.2504],
        [0.2480, 0.2473, 0.2447, 0.2600]], device='cuda:0',
       grad_fn=<SoftmaxBackward0>)
tensor([[0.2546, 0.2466, 0.2509, 0.2478],
        [0.2562, 0.2472, 0.2497, 0.2469],
        [0.2514, 0.2493, 0.2518, 0.2475],
        [0.2535, 0.2462, 0.2466, 0.2538],
        [0.2507, 0.2477, 0.2495, 0.2521]], device='cuda:0',
       grad_fn=<SoftmaxBackward0>)
tensor([[0.2588, 0.2504, 0.2501, 0.2407],
        [0.2639, 0.2479, 0.2474, 0.2408],
        [0.2552, 0.2446, 0.2514, 0.2488],
        [0.2548, 0.2443, 0.2470, 0.2539],
        [0.2545, 0.2447, 0.2455, 0.2553],
        [0.2531, 0.2443, 0.2451, 0.2575]], device='cuda:0',
       grad_fn=<SoftmaxBackward0>)
tensor([[0.2590, 0.2487, 0.2480, 0.2443],
        [0.2619, 0.2468, 0.2470, 0.2443],
        [0.2541, 0.2456, 0.2531, 0.2472],
        [0.2519, 0.2491, 0.2493, 0.2498],
        [0.2557, 0.2444, 0.2466, 0.2533],
        [0.2527, 0.2469, 0.2467, 0.2538],
        [0.2521, 0.2450, 0.2471, 0.2558]], device='cuda:0',
       grad_fn=<SoftmaxBackward0>)
tensor([[0.2494, 0.2389, 0.2592, 0.2525],
        [0.2510, 0.2424, 0.2591, 0.2475]], device='cuda:0',
       grad_fn=<SoftmaxBackward0>)
tensor([[0.2483, 0.2397, 0.2592, 0.2528],
        [0.2500, 0.2413, 0.2573, 0.2514],
        [0.2544, 0.2468, 0.2523, 0.2465]], device='cuda:0',
       grad_fn=<SoftmaxBackward0>)
tensor([[0.2495, 0.2453, 0.2550, 0.2502],
        [0.2487, 0.2458, 0.2560, 0.2495],
        [0.2522, 0.2475, 0.2524, 0.2479],
        [0.2505, 0.2473, 0.2498, 0.2524]], device='cuda:0',
       grad_fn=<SoftmaxBackward0>)
tensor([[0.2519, 0.2470, 0.2512, 0.2499],
        [0.2484, 0.2477, 0.2534, 0.2505],
        [0.2510, 0.2500, 0.2517, 0.2472],
        [0.2497, 0.2486, 0.2501, 0.2516],
        [0.2502, 0.2490, 0.2499, 0.2508]], device='cuda:0',
       grad_fn=<SoftmaxBackward0>)
tensor([[0.2549, 0.2418, 0.2557, 0.2476],
        [0.2613, 0.2452, 0.2548, 0.2386],
        [0.2511, 0.2461, 0.2522, 0.2507],
        [0.2472, 0.2433, 0.2521, 0.2574],
        [0.2493, 0.2433, 0.2515, 0.2559],
        [0.2501, 0.2451, 0.2537, 0.2510]], device='cuda:0',
       grad_fn=<SoftmaxBackward0>)
tensor([[0.2575, 0.2421, 0.2542, 0.2462],
        [0.2591, 0.2456, 0.2543, 0.2410],
        [0.2521, 0.2467, 0.2498, 0.2514],
        [0.2499, 0.2420, 0.2514, 0.2567],
        [0.2504, 0.2440, 0.2523, 0.2532],
        [0.2504, 0.2458, 0.2488, 0.2550],
        [0.2521, 0.2477, 0.2515, 0.2488]], device='cuda:0',
       grad_fn=<SoftmaxBackward0>)
#####################
08/23 10:04:31午後 searchStage_trainer.py:268 [INFO] Train: Epoch: [2][50/390]	Step 832	lr 0.02491	Loss 1.1086 (1.2708)	Hard Loss 1.1086 (1.2708)	Soft Loss 1.1086 (1.2708)	Arch Loss 1.1173 (1.2915)	Arch Hard Loss 1.1173 (1.2915)	Arch Soft Loss 1.1173 (1.2915)	Arch depth Loss 0.0000 (0.0000)	Prec@(1,5) (53.3%, 95.1%)	
08/23 10:04:46午後 searchStage_trainer.py:268 [INFO] Train: Epoch: [2][100/390]	Step 882	lr 0.02491	Loss 1.2217 (1.2524)	Hard Loss 1.2217 (1.2524)	Soft Loss 1.2217 (1.2524)	Arch Loss 0.8286 (1.2511)	Arch Hard Loss 0.8286 (1.2511)	Arch Soft Loss 0.8286 (1.2511)	Arch depth Loss 0.0000 (0.0000)	Prec@(1,5) (54.5%, 94.9%)	
08/23 10:05:01午後 searchStage_trainer.py:268 [INFO] Train: Epoch: [2][150/390]	Step 932	lr 0.02491	Loss 0.9436 (1.2327)	Hard Loss 0.9436 (1.2327)	Soft Loss 0.9436 (1.2327)	Arch Loss 1.2686 (1.2556)	Arch Hard Loss 1.2686 (1.2556)	Arch Soft Loss 1.2686 (1.2556)	Arch depth Loss 0.0000 (0.0000)	Prec@(1,5) (54.9%, 95.1%)	
08/23 10:05:16午後 searchStage_trainer.py:268 [INFO] Train: Epoch: [2][200/390]	Step 982	lr 0.02491	Loss 1.2073 (1.2147)	Hard Loss 1.2073 (1.2147)	Soft Loss 1.2073 (1.2147)	Arch Loss 0.9595 (1.2315)	Arch Hard Loss 0.9595 (1.2315)	Arch Soft Loss 0.9595 (1.2315)	Arch depth Loss 0.0000 (0.0000)	Prec@(1,5) (55.6%, 95.3%)	
08/23 10:05:31午後 searchStage_trainer.py:268 [INFO] Train: Epoch: [2][250/390]	Step 1032	lr 0.02491	Loss 1.1792 (1.2095)	Hard Loss 1.1792 (1.2095)	Soft Loss 1.1792 (1.2095)	Arch Loss 1.1096 (1.2162)	Arch Hard Loss 1.1096 (1.2162)	Arch Soft Loss 1.1096 (1.2162)	Arch depth Loss 0.0000 (0.0000)	Prec@(1,5) (56.0%, 95.3%)	
08/23 10:05:46午後 searchStage_trainer.py:268 [INFO] Train: Epoch: [2][300/390]	Step 1082	lr 0.02491	Loss 1.0093 (1.2045)	Hard Loss 1.0093 (1.2045)	Soft Loss 1.0093 (1.2045)	Arch Loss 1.0844 (1.2038)	Arch Hard Loss 1.0844 (1.2038)	Arch Soft Loss 1.0844 (1.2038)	Arch depth Loss 0.0000 (0.0000)	Prec@(1,5) (56.4%, 95.3%)	
08/23 10:06:00午後 searchStage_trainer.py:268 [INFO] Train: Epoch: [2][350/390]	Step 1132	lr 0.02491	Loss 0.9801 (1.1936)	Hard Loss 0.9801 (1.1936)	Soft Loss 0.9801 (1.1936)	Arch Loss 1.0128 (1.1919)	Arch Hard Loss 1.0128 (1.1919)	Arch Soft Loss 1.0128 (1.1919)	Arch depth Loss 0.0000 (0.0000)	Prec@(1,5) (56.8%, 95.4%)	
08/23 10:06:12午後 searchStage_trainer.py:268 [INFO] Train: Epoch: [2][390/390]	Step 1172	lr 0.02491	Loss 1.0041 (1.1857)	Hard Loss 1.0041 (1.1857)	Soft Loss 1.0041 (1.1857)	Arch Loss 1.0420 (1.1872)	Arch Hard Loss 1.0420 (1.1872)	Arch Soft Loss 1.0420 (1.1872)	Arch depth Loss 0.0000 (0.0000)	Prec@(1,5) (57.2%, 95.4%)	
08/23 10:06:13午後 searchStage_trainer.py:284 [INFO] Train: [  2/49] Final Prec@1 57.2280%
08/23 10:06:15午後 searchStage_trainer.py:312 [INFO] Valid: Epoch: [2][50/391]	Step 1173	Loss 1.0792	Prec@(1,5) (61.7%, 96.5%)
08/23 10:06:17午後 searchStage_trainer.py:312 [INFO] Valid: Epoch: [2][100/391]	Step 1173	Loss 1.0760	Prec@(1,5) (60.7%, 96.6%)
08/23 10:06:19午後 searchStage_trainer.py:312 [INFO] Valid: Epoch: [2][150/391]	Step 1173	Loss 1.0829	Prec@(1,5) (60.8%, 96.4%)
08/23 10:06:21午後 searchStage_trainer.py:312 [INFO] Valid: Epoch: [2][200/391]	Step 1173	Loss 1.0855	Prec@(1,5) (60.6%, 96.3%)
08/23 10:06:24午後 searchStage_trainer.py:312 [INFO] Valid: Epoch: [2][250/391]	Step 1173	Loss 1.0797	Prec@(1,5) (60.7%, 96.4%)
08/23 10:06:26午後 searchStage_trainer.py:312 [INFO] Valid: Epoch: [2][300/391]	Step 1173	Loss 1.0879	Prec@(1,5) (60.4%, 96.3%)
08/23 10:06:28午後 searchStage_trainer.py:312 [INFO] Valid: Epoch: [2][350/391]	Step 1173	Loss 1.0875	Prec@(1,5) (60.4%, 96.2%)
08/23 10:06:30午後 searchStage_trainer.py:312 [INFO] Valid: Epoch: [2][390/391]	Step 1173	Loss 1.0865	Prec@(1,5) (60.3%, 96.2%)
08/23 10:06:30午後 searchStage_trainer.py:323 [INFO] Valid: [  2/49] Final Prec@1 60.3320%
08/23 10:06:30午後 searchStage_KD_main.py:58 [INFO] DAG = Genotype2(DAG1=[[('skip_connect', 0), ('skip_connect', 1)], [('skip_connect', 0), ('skip_connect', 1)], [('skip_connect', 1), ('skip_connect', 0)], [('skip_connect', 1), ('skip_connect', 0)], [('skip_connect', 1), ('skip_connect', 0)], [('skip_connect', 1), ('skip_connect', 0)]], DAG1_concat=range(6, 8), DAG2=[[('skip_connect', 0), ('max_pool_3x3', 1)], [('max_pool_3x3', 1), ('max_pool_3x3', 0)], [('max_pool_3x3', 1), ('max_pool_3x3', 0)], [('max_pool_3x3', 1), ('max_pool_3x3', 3)], [('max_pool_3x3', 1), ('max_pool_3x3', 0)], [('max_pool_3x3', 1), ('max_pool_3x3', 0)]], DAG2_concat=range(6, 8), DAG3=[[('skip_connect', 0), ('skip_connect', 1)], [('skip_connect', 1), ('skip_connect', 0)], [('skip_connect', 1), ('skip_connect', 0)], [('max_pool_3x3', 0), ('max_pool_3x3', 4)], [('max_pool_3x3', 1), ('max_pool_3x3', 0)], [('max_pool_3x3', 1), ('max_pool_3x3', 0)]], DAG3_concat=range(6, 8))
08/23 10:06:30午後 searchStage_KD_main.py:89 [INFO] Until now, best Prec@1 = 60.3320%
####### ALPHA #######
# Alpha - DAG
tensor([[0.2426, 0.2297, 0.2768, 0.2510],
        [0.2431, 0.2328, 0.2744, 0.2497]], device='cuda:0',
       grad_fn=<SoftmaxBackward0>)
tensor([[0.2496, 0.2321, 0.2696, 0.2487],
        [0.2522, 0.2318, 0.2655, 0.2505],
        [0.2494, 0.2452, 0.2540, 0.2514]], device='cuda:0',
       grad_fn=<SoftmaxBackward0>)
tensor([[0.2420, 0.2364, 0.2759, 0.2457],
        [0.2412, 0.2401, 0.2781, 0.2406],
        [0.2431, 0.2454, 0.2532, 0.2583],
        [0.2468, 0.2482, 0.2492, 0.2558]], device='cuda:0',
       grad_fn=<SoftmaxBackward0>)
tensor([[0.2494, 0.2352, 0.2682, 0.2472],
        [0.2503, 0.2344, 0.2709, 0.2443],
        [0.2468, 0.2476, 0.2513, 0.2543],
        [0.2473, 0.2465, 0.2500, 0.2562],
        [0.2472, 0.2487, 0.2553, 0.2487]], device='cuda:0',
       grad_fn=<SoftmaxBackward0>)
tensor([[0.2690, 0.2143, 0.2779, 0.2387],
        [0.2640, 0.2186, 0.2802, 0.2372],
        [0.2500, 0.2349, 0.2636, 0.2515],
        [0.2500, 0.2350, 0.2508, 0.2641],
        [0.2471, 0.2404, 0.2592, 0.2533],
        [0.2502, 0.2378, 0.2528, 0.2591]], device='cuda:0',
       grad_fn=<SoftmaxBackward0>)
tensor([[0.2524, 0.2263, 0.2856, 0.2357],
        [0.2530, 0.2304, 0.2884, 0.2282],
        [0.2469, 0.2442, 0.2564, 0.2525],
        [0.2519, 0.2342, 0.2461, 0.2679],
        [0.2513, 0.2361, 0.2505, 0.2621],
        [0.2506, 0.2416, 0.2529, 0.2548],
        [0.2451, 0.2492, 0.2516, 0.2540]], device='cuda:0',
       grad_fn=<SoftmaxBackward0>)
tensor([[0.2550, 0.2391, 0.2584, 0.2475],
        [0.2556, 0.2368, 0.2555, 0.2522]], device='cuda:0',
       grad_fn=<SoftmaxBackward0>)
tensor([[0.2534, 0.2431, 0.2533, 0.2502],
        [0.2556, 0.2443, 0.2535, 0.2465],
        [0.2468, 0.2464, 0.2536, 0.2532]], device='cuda:0',
       grad_fn=<SoftmaxBackward0>)
tensor([[0.2549, 0.2499, 0.2547, 0.2405],
        [0.2576, 0.2461, 0.2534, 0.2430],
        [0.2516, 0.2447, 0.2498, 0.2539],
        [0.2481, 0.2481, 0.2451, 0.2587]], device='cuda:0',
       grad_fn=<SoftmaxBackward0>)
tensor([[0.2554, 0.2469, 0.2539, 0.2439],
        [0.2570, 0.2463, 0.2531, 0.2436],
        [0.2555, 0.2462, 0.2522, 0.2461],
        [0.2571, 0.2432, 0.2435, 0.2562],
        [0.2514, 0.2446, 0.2474, 0.2566]], device='cuda:0',
       grad_fn=<SoftmaxBackward0>)
tensor([[0.2613, 0.2513, 0.2506, 0.2368],
        [0.2654, 0.2494, 0.2492, 0.2360],
        [0.2591, 0.2429, 0.2501, 0.2479],
        [0.2610, 0.2396, 0.2441, 0.2552],
        [0.2585, 0.2412, 0.2441, 0.2562],
        [0.2554, 0.2413, 0.2411, 0.2622]], device='cuda:0',
       grad_fn=<SoftmaxBackward0>)
tensor([[0.2560, 0.2536, 0.2517, 0.2388],
        [0.2603, 0.2528, 0.2509, 0.2360],
        [0.2535, 0.2433, 0.2486, 0.2545],
        [0.2505, 0.2516, 0.2522, 0.2456],
        [0.2540, 0.2447, 0.2463, 0.2550],
        [0.2531, 0.2460, 0.2418, 0.2590],
        [0.2499, 0.2453, 0.2487, 0.2561]], device='cuda:0',
       grad_fn=<SoftmaxBackward0>)
tensor([[0.2508, 0.2396, 0.2587, 0.2509],
        [0.2527, 0.2407, 0.2575, 0.2491]], device='cuda:0',
       grad_fn=<SoftmaxBackward0>)
tensor([[0.2516, 0.2402, 0.2565, 0.2516],
        [0.2506, 0.2415, 0.2568, 0.2512],
        [0.2552, 0.2475, 0.2501, 0.2472]], device='cuda:0',
       grad_fn=<SoftmaxBackward0>)
tensor([[0.2509, 0.2472, 0.2537, 0.2483],
        [0.2493, 0.2468, 0.2558, 0.2481],
        [0.2505, 0.2481, 0.2518, 0.2496],
        [0.2501, 0.2469, 0.2493, 0.2536]], device='cuda:0',
       grad_fn=<SoftmaxBackward0>)
tensor([[0.2533, 0.2461, 0.2505, 0.2502],
        [0.2487, 0.2468, 0.2521, 0.2525],
        [0.2496, 0.2511, 0.2506, 0.2486],
        [0.2517, 0.2488, 0.2491, 0.2503],
        [0.2529, 0.2485, 0.2505, 0.2481]], device='cuda:0',
       grad_fn=<SoftmaxBackward0>)
tensor([[0.2621, 0.2406, 0.2525, 0.2448],
        [0.2725, 0.2430, 0.2498, 0.2346],
        [0.2538, 0.2456, 0.2502, 0.2504],
        [0.2497, 0.2421, 0.2485, 0.2597],
        [0.2512, 0.2431, 0.2481, 0.2575],
        [0.2518, 0.2438, 0.2506, 0.2538]], device='cuda:0',
       grad_fn=<SoftmaxBackward0>)
tensor([[0.2626, 0.2419, 0.2539, 0.2415],
        [0.2647, 0.2451, 0.2533, 0.2369],
        [0.2539, 0.2459, 0.2487, 0.2515],
        [0.2523, 0.2418, 0.2482, 0.2577],
        [0.2529, 0.2438, 0.2494, 0.2539],
        [0.2494, 0.2458, 0.2458, 0.2590],
        [0.2503, 0.2442, 0.2534, 0.2522]], device='cuda:0',
       grad_fn=<SoftmaxBackward0>)
#####################
08/23 10:06:46午後 searchStage_trainer.py:268 [INFO] Train: Epoch: [3][50/390]	Step 1223	lr 0.02479	Loss 1.0915 (1.0399)	Hard Loss 1.0915 (1.0399)	Soft Loss 1.0915 (1.0399)	Arch Loss 1.1152 (1.1141)	Arch Hard Loss 1.1152 (1.1141)	Arch Soft Loss 1.1152 (1.1141)	Arch depth Loss 0.0000 (0.0000)	Prec@(1,5) (62.1%, 96.7%)	
08/23 10:07:00午後 searchStage_trainer.py:268 [INFO] Train: Epoch: [3][100/390]	Step 1273	lr 0.02479	Loss 1.2259 (1.0574)	Hard Loss 1.2259 (1.0574)	Soft Loss 1.2259 (1.0574)	Arch Loss 1.2181 (1.0900)	Arch Hard Loss 1.2181 (1.0900)	Arch Soft Loss 1.2181 (1.0900)	Arch depth Loss 0.0000 (0.0000)	Prec@(1,5) (62.0%, 96.4%)	
08/23 10:07:15午後 searchStage_trainer.py:268 [INFO] Train: Epoch: [3][150/390]	Step 1323	lr 0.02479	Loss 1.1454 (1.0561)	Hard Loss 1.1454 (1.0561)	Soft Loss 1.1454 (1.0561)	Arch Loss 1.1370 (1.0679)	Arch Hard Loss 1.1370 (1.0679)	Arch Soft Loss 1.1370 (1.0679)	Arch depth Loss 0.0000 (0.0000)	Prec@(1,5) (62.4%, 96.3%)	
08/23 10:07:30午後 searchStage_trainer.py:268 [INFO] Train: Epoch: [3][200/390]	Step 1373	lr 0.02479	Loss 0.8374 (1.0583)	Hard Loss 0.8374 (1.0583)	Soft Loss 0.8374 (1.0583)	Arch Loss 1.0200 (1.0697)	Arch Hard Loss 1.0200 (1.0697)	Arch Soft Loss 1.0200 (1.0697)	Arch depth Loss 0.0000 (0.0000)	Prec@(1,5) (62.4%, 96.1%)	
08/23 10:07:44午後 searchStage_trainer.py:268 [INFO] Train: Epoch: [3][250/390]	Step 1423	lr 0.02479	Loss 1.0556 (1.0554)	Hard Loss 1.0556 (1.0554)	Soft Loss 1.0556 (1.0554)	Arch Loss 1.2279 (1.0597)	Arch Hard Loss 1.2279 (1.0597)	Arch Soft Loss 1.2279 (1.0597)	Arch depth Loss 0.0000 (0.0000)	Prec@(1,5) (62.4%, 96.1%)	
08/23 10:07:59午後 searchStage_trainer.py:268 [INFO] Train: Epoch: [3][300/390]	Step 1473	lr 0.02479	Loss 1.1254 (1.0535)	Hard Loss 1.1254 (1.0535)	Soft Loss 1.1254 (1.0535)	Arch Loss 1.1450 (1.0611)	Arch Hard Loss 1.1450 (1.0611)	Arch Soft Loss 1.1450 (1.0611)	Arch depth Loss 0.0000 (0.0000)	Prec@(1,5) (62.4%, 96.2%)	
08/23 10:08:14午後 searchStage_trainer.py:268 [INFO] Train: Epoch: [3][350/390]	Step 1523	lr 0.02479	Loss 0.7020 (1.0464)	Hard Loss 0.7020 (1.0464)	Soft Loss 0.7020 (1.0464)	Arch Loss 0.8971 (1.0563)	Arch Hard Loss 0.8971 (1.0563)	Arch Soft Loss 0.8971 (1.0563)	Arch depth Loss 0.0000 (0.0000)	Prec@(1,5) (62.7%, 96.4%)	
08/23 10:08:26午後 searchStage_trainer.py:268 [INFO] Train: Epoch: [3][390/390]	Step 1563	lr 0.02479	Loss 1.1761 (1.0443)	Hard Loss 1.1761 (1.0443)	Soft Loss 1.1761 (1.0443)	Arch Loss 1.0049 (1.0558)	Arch Hard Loss 1.0049 (1.0558)	Arch Soft Loss 1.0049 (1.0558)	Arch depth Loss 0.0000 (0.0000)	Prec@(1,5) (62.8%, 96.4%)	
08/23 10:08:26午後 searchStage_trainer.py:284 [INFO] Train: [  3/49] Final Prec@1 62.8120%
08/23 10:08:29午後 searchStage_trainer.py:312 [INFO] Valid: Epoch: [3][50/391]	Step 1564	Loss 1.0031	Prec@(1,5) (64.6%, 97.2%)
08/23 10:08:31午後 searchStage_trainer.py:312 [INFO] Valid: Epoch: [3][100/391]	Step 1564	Loss 0.9931	Prec@(1,5) (65.1%, 97.0%)
08/23 10:08:33午後 searchStage_trainer.py:312 [INFO] Valid: Epoch: [3][150/391]	Step 1564	Loss 0.9951	Prec@(1,5) (64.9%, 97.0%)
08/23 10:08:35午後 searchStage_trainer.py:312 [INFO] Valid: Epoch: [3][200/391]	Step 1564	Loss 0.9850	Prec@(1,5) (65.1%, 97.1%)
08/23 10:08:37午後 searchStage_trainer.py:312 [INFO] Valid: Epoch: [3][250/391]	Step 1564	Loss 0.9849	Prec@(1,5) (65.1%, 97.1%)
08/23 10:08:39午後 searchStage_trainer.py:312 [INFO] Valid: Epoch: [3][300/391]	Step 1564	Loss 0.9848	Prec@(1,5) (65.1%, 97.1%)
08/23 10:08:41午後 searchStage_trainer.py:312 [INFO] Valid: Epoch: [3][350/391]	Step 1564	Loss 0.9867	Prec@(1,5) (65.0%, 97.1%)
08/23 10:08:43午後 searchStage_trainer.py:312 [INFO] Valid: Epoch: [3][390/391]	Step 1564	Loss 0.9915	Prec@(1,5) (64.7%, 97.1%)
08/23 10:08:43午後 searchStage_trainer.py:323 [INFO] Valid: [  3/49] Final Prec@1 64.7200%
