08/22 04:03:42AM parser.py:28 [INFO] 
08/22 04:03:42AM parser.py:29 [INFO] Parameters:
08/22 04:03:42AM parser.py:31 [INFO] DAG_PATH=results/search_stage_KD/cifar10/noSlideWindow/1-20240822-040342/DAG
08/22 04:03:42AM parser.py:31 [INFO] T=10.0
08/22 04:03:42AM parser.py:31 [INFO] ADVANCED=False
08/22 04:03:42AM parser.py:31 [INFO] ALPHA_LR=0.0003
08/22 04:03:42AM parser.py:31 [INFO] ALPHA_WEIGHT_DECAY=0.001
08/22 04:03:42AM parser.py:31 [INFO] BATCH_SIZE=64
08/22 04:03:42AM parser.py:31 [INFO] CASCADE=True
08/22 04:03:42AM parser.py:31 [INFO] CHECKPOINT_RESET=False
08/22 04:03:42AM parser.py:31 [INFO] CUTOUT_LENGTH=0
08/22 04:03:42AM parser.py:31 [INFO] DATA_PATH=../data/
08/22 04:03:42AM parser.py:31 [INFO] DATASET=cifar10
08/22 04:03:42AM parser.py:31 [INFO] DESCRIPTION=noSlideWindow_version_searching_stage
08/22 04:03:42AM parser.py:31 [INFO] EPOCHS=50
08/22 04:03:42AM parser.py:31 [INFO] EXP_NAME=1-20240822-040342
08/22 04:03:42AM parser.py:31 [INFO] GENOTYPE=Genotype3(normal1=[[('sep_conv_5x5', 0), ('sep_conv_3x3', 1)], [('sep_conv_3x3', 1), ('sep_conv_3x3', 0)], [('sep_conv_3x3', 1), ('sep_conv_3x3', 2)], [('sep_conv_3x3', 0), ('sep_conv_5x5', 4)]], normal1_concat=range(2, 6), reduce1=[[('sep_conv_3x3', 0), ('skip_connect', 1)], [('sep_conv_3x3', 1), ('max_pool_3x3', 0)], [('sep_conv_3x3', 2), ('sep_conv_3x3', 1)], [('max_pool_3x3', 0), ('dil_conv_3x3', 1)]], reduce1_concat=range(2, 6), normal2=[[('skip_connect', 0), ('sep_conv_5x5', 1)], [('skip_connect', 0), ('skip_connect', 2)], [('avg_pool_3x3', 0), ('avg_pool_3x3', 2)], [('skip_connect', 0), ('avg_pool_3x3', 2)]], normal2_concat=range(2, 6), reduce2=[[('avg_pool_3x3', 0), ('avg_pool_3x3', 1)], [('avg_pool_3x3', 0), ('skip_connect', 2)], [('skip_connect', 2), ('avg_pool_3x3', 0)], [('skip_connect', 2), ('avg_pool_3x3', 0)]], reduce2_concat=range(2, 6), normal3=[[('skip_connect', 0), ('skip_connect', 1)], [('skip_connect', 0), ('dil_conv_3x3', 1)], [('skip_connect', 0), ('skip_connect', 1)], [('skip_connect', 0), ('skip_connect', 2)]], normal3_concat=range(2, 6))
08/22 04:03:42AM parser.py:31 [INFO] GPUS=[0]
08/22 04:03:42AM parser.py:31 [INFO] INIT_CHANNELS=16
08/22 04:03:42AM parser.py:31 [INFO] L=0.5
08/22 04:03:42AM parser.py:31 [INFO] LAYERS=20
08/22 04:03:42AM parser.py:31 [INFO] LOGGER=<Logger H-DAS (INFO)>
08/22 04:03:42AM parser.py:31 [INFO] NAME=noSlideWindow
08/22 04:03:42AM parser.py:31 [INFO] NONKD=True
08/22 04:03:42AM parser.py:31 [INFO] PATH=results/search_stage_KD/cifar10/noSlideWindow/1-20240822-040342
08/22 04:03:42AM parser.py:31 [INFO] PCDARTS=False
08/22 04:03:42AM parser.py:31 [INFO] PLOT_PATH=results/search_stage_KD/cifar10/noSlideWindow/1-20240822-040342/plots
08/22 04:03:42AM parser.py:31 [INFO] PRINT_FREQ=50
08/22 04:03:42AM parser.py:31 [INFO] RESUME_PATH=None
08/22 04:03:42AM parser.py:31 [INFO] SAVE=1
08/22 04:03:42AM parser.py:31 [INFO] SEED=1
08/22 04:03:42AM parser.py:31 [INFO] SHARE_STAGE=False
08/22 04:03:42AM parser.py:31 [INFO] SPEC_CELL=True
08/22 04:03:42AM parser.py:31 [INFO] TEACHER_NAME=non
08/22 04:03:42AM parser.py:31 [INFO] TEACHER_PATH=non
08/22 04:03:42AM parser.py:31 [INFO] TRAIN_PORTION=0.5
08/22 04:03:42AM parser.py:31 [INFO] W_GRAD_CLIP=5.0
08/22 04:03:42AM parser.py:31 [INFO] W_LR=0.025
08/22 04:03:42AM parser.py:31 [INFO] W_LR_MIN=0.001
08/22 04:03:42AM parser.py:31 [INFO] W_MOMENTUM=0.9
08/22 04:03:42AM parser.py:31 [INFO] W_WEIGHT_DECAY=0.0003
08/22 04:03:42AM parser.py:31 [INFO] WORKERS=4
08/22 04:03:42AM parser.py:32 [INFO] 
08/22 04:03:58AM searchStage_trainer.py:136 [INFO] --> No loaded checkpoint!
####### ALPHA #######
# Alpha - DAG
tensor([[0.2501, 0.2502, 0.2500, 0.2497],
        [0.2504, 0.2499, 0.2498, 0.2499]], device='cuda:0',
       grad_fn=<SoftmaxBackward0>)
tensor([[0.2502, 0.2499, 0.2501, 0.2498],
        [0.2497, 0.2501, 0.2499, 0.2503],
        [0.2503, 0.2499, 0.2496, 0.2501]], device='cuda:0',
       grad_fn=<SoftmaxBackward0>)
tensor([[0.2502, 0.2497, 0.2503, 0.2498],
        [0.2503, 0.2501, 0.2498, 0.2498],
        [0.2502, 0.2497, 0.2497, 0.2503],
        [0.2496, 0.2502, 0.2501, 0.2501]], device='cuda:0',
       grad_fn=<SoftmaxBackward0>)
tensor([[0.2501, 0.2498, 0.2500, 0.2501],
        [0.2501, 0.2502, 0.2499, 0.2498],
        [0.2501, 0.2499, 0.2500, 0.2499],
        [0.2502, 0.2498, 0.2501, 0.2500],
        [0.2501, 0.2502, 0.2500, 0.2497]], device='cuda:0',
       grad_fn=<SoftmaxBackward0>)
tensor([[0.2497, 0.2500, 0.2501, 0.2502],
        [0.2506, 0.2499, 0.2499, 0.2497],
        [0.2498, 0.2498, 0.2502, 0.2501],
        [0.2498, 0.2500, 0.2503, 0.2499],
        [0.2500, 0.2502, 0.2499, 0.2499],
        [0.2498, 0.2499, 0.2504, 0.2499]], device='cuda:0',
       grad_fn=<SoftmaxBackward0>)
tensor([[0.2502, 0.2498, 0.2498, 0.2502],
        [0.2498, 0.2503, 0.2500, 0.2499],
        [0.2498, 0.2500, 0.2502, 0.2501],
        [0.2502, 0.2501, 0.2500, 0.2497],
        [0.2495, 0.2498, 0.2503, 0.2504],
        [0.2497, 0.2503, 0.2499, 0.2500],
        [0.2500, 0.2502, 0.2499, 0.2499]], device='cuda:0',
       grad_fn=<SoftmaxBackward0>)
tensor([[0.2503, 0.2501, 0.2492, 0.2504],
        [0.2498, 0.2501, 0.2502, 0.2499]], device='cuda:0',
       grad_fn=<SoftmaxBackward0>)
tensor([[0.2502, 0.2500, 0.2500, 0.2498],
        [0.2498, 0.2502, 0.2498, 0.2501],
        [0.2502, 0.2500, 0.2501, 0.2497]], device='cuda:0',
       grad_fn=<SoftmaxBackward0>)
tensor([[0.2502, 0.2497, 0.2503, 0.2498],
        [0.2501, 0.2501, 0.2501, 0.2498],
        [0.2503, 0.2496, 0.2500, 0.2501],
        [0.2497, 0.2500, 0.2499, 0.2504]], device='cuda:0',
       grad_fn=<SoftmaxBackward0>)
tensor([[0.2500, 0.2497, 0.2500, 0.2503],
        [0.2500, 0.2499, 0.2502, 0.2499],
        [0.2499, 0.2501, 0.2501, 0.2499],
        [0.2501, 0.2499, 0.2503, 0.2497],
        [0.2500, 0.2501, 0.2502, 0.2497]], device='cuda:0',
       grad_fn=<SoftmaxBackward0>)
tensor([[0.2499, 0.2496, 0.2502, 0.2503],
        [0.2497, 0.2500, 0.2501, 0.2502],
        [0.2500, 0.2500, 0.2501, 0.2498],
        [0.2497, 0.2499, 0.2502, 0.2502],
        [0.2500, 0.2503, 0.2501, 0.2497],
        [0.2504, 0.2502, 0.2496, 0.2499]], device='cuda:0',
       grad_fn=<SoftmaxBackward0>)
tensor([[0.2500, 0.2501, 0.2501, 0.2498],
        [0.2499, 0.2503, 0.2499, 0.2500],
        [0.2499, 0.2498, 0.2499, 0.2504],
        [0.2500, 0.2501, 0.2497, 0.2502],
        [0.2503, 0.2501, 0.2498, 0.2498],
        [0.2498, 0.2505, 0.2495, 0.2502],
        [0.2498, 0.2500, 0.2503, 0.2499]], device='cuda:0',
       grad_fn=<SoftmaxBackward0>)
tensor([[0.2502, 0.2500, 0.2499, 0.2500],
        [0.2500, 0.2503, 0.2502, 0.2495]], device='cuda:0',
       grad_fn=<SoftmaxBackward0>)
tensor([[0.2502, 0.2501, 0.2497, 0.2499],
        [0.2504, 0.2496, 0.2503, 0.2497],
        [0.2497, 0.2500, 0.2501, 0.2501]], device='cuda:0',
       grad_fn=<SoftmaxBackward0>)
tensor([[0.2501, 0.2501, 0.2499, 0.2500],
        [0.2500, 0.2496, 0.2501, 0.2502],
        [0.2499, 0.2500, 0.2500, 0.2501],
        [0.2501, 0.2496, 0.2501, 0.2502]], device='cuda:0',
       grad_fn=<SoftmaxBackward0>)
tensor([[0.2501, 0.2495, 0.2505, 0.2500],
        [0.2502, 0.2501, 0.2497, 0.2501],
        [0.2502, 0.2500, 0.2499, 0.2499],
        [0.2498, 0.2501, 0.2500, 0.2501],
        [0.2501, 0.2499, 0.2497, 0.2502]], device='cuda:0',
       grad_fn=<SoftmaxBackward0>)
tensor([[0.2500, 0.2501, 0.2501, 0.2499],
        [0.2498, 0.2497, 0.2501, 0.2504],
        [0.2497, 0.2503, 0.2501, 0.2499],
        [0.2503, 0.2496, 0.2504, 0.2497],
        [0.2504, 0.2497, 0.2502, 0.2498],
        [0.2498, 0.2499, 0.2501, 0.2501]], device='cuda:0',
       grad_fn=<SoftmaxBackward0>)
tensor([[0.2501, 0.2503, 0.2497, 0.2498],
        [0.2503, 0.2497, 0.2499, 0.2500],
        [0.2505, 0.2498, 0.2499, 0.2498],
        [0.2499, 0.2501, 0.2497, 0.2504],
        [0.2500, 0.2497, 0.2503, 0.2501],
        [0.2496, 0.2501, 0.2504, 0.2499],
        [0.2504, 0.2500, 0.2497, 0.2500]], device='cuda:0',
       grad_fn=<SoftmaxBackward0>)
#####################
08/22 04:04:21AM searchStage_trainer.py:267 [INFO] Train: Epoch: [0][50/390]	Step 50	lr 0.025	Loss 2.0765 (2.2621)	Hard Loss 2.0765 (2.2621)	Soft Loss 2.0765 (2.2621)	Arch Loss 1.9716 (2.2313)	Arch Hard Loss 1.9716 (2.2313)	Arch Soft Loss 1.9716 (2.2313)	Arch depth Loss -0.2084 (-0.1038)	Prec@(1,5) (19.4%, 71.8%)	
08/22 04:04:43AM searchStage_trainer.py:267 [INFO] Train: Epoch: [0][100/390]	Step 100	lr 0.025	Loss 1.8773 (2.1133)	Hard Loss 1.8773 (2.1133)	Soft Loss 1.8773 (2.1133)	Arch Loss 1.6410 (2.1173)	Arch Hard Loss 1.6410 (2.1173)	Arch Soft Loss 1.6410 (2.1173)	Arch depth Loss -0.4284 (-0.2119)	Prec@(1,5) (23.7%, 76.4%)	
08/22 04:05:04AM searchStage_trainer.py:267 [INFO] Train: Epoch: [0][150/390]	Step 150	lr 0.025	Loss 1.6602 (1.9966)	Hard Loss 1.6602 (1.9966)	Soft Loss 1.6602 (1.9966)	Arch Loss 1.5713 (2.0020)	Arch Hard Loss 1.5713 (2.0020)	Arch Soft Loss 1.5713 (2.0020)	Arch depth Loss -0.6554 (-0.3224)	Prec@(1,5) (26.6%, 80.0%)	
08/22 04:05:26AM searchStage_trainer.py:267 [INFO] Train: Epoch: [0][200/390]	Step 200	lr 0.025	Loss 1.5065 (1.9216)	Hard Loss 1.5065 (1.9216)	Soft Loss 1.5065 (1.9216)	Arch Loss 1.5254 (1.9249)	Arch Hard Loss 1.5254 (1.9249)	Arch Soft Loss 1.5254 (1.9249)	Arch depth Loss -0.8894 (-0.4354)	Prec@(1,5) (28.9%, 82.1%)	
08/22 04:05:48AM searchStage_trainer.py:267 [INFO] Train: Epoch: [0][250/390]	Step 250	lr 0.025	Loss 1.4786 (1.8705)	Hard Loss 1.4786 (1.8705)	Soft Loss 1.4786 (1.8705)	Arch Loss 1.7345 (1.8734)	Arch Hard Loss 1.7345 (1.8734)	Arch Soft Loss 1.7345 (1.8734)	Arch depth Loss -1.1304 (-0.5506)	Prec@(1,5) (30.6%, 83.5%)	
08/22 04:06:09AM searchStage_trainer.py:267 [INFO] Train: Epoch: [0][300/390]	Step 300	lr 0.025	Loss 1.6055 (1.8264)	Hard Loss 1.6055 (1.8264)	Soft Loss 1.6055 (1.8264)	Arch Loss 1.3852 (1.8313)	Arch Hard Loss 1.3852 (1.8313)	Arch Soft Loss 1.3852 (1.8313)	Arch depth Loss -1.3786 (-0.6683)	Prec@(1,5) (32.3%, 84.4%)	
08/22 04:06:31AM searchStage_trainer.py:267 [INFO] Train: Epoch: [0][350/390]	Step 350	lr 0.025	Loss 1.4205 (1.7810)	Hard Loss 1.4205 (1.7810)	Soft Loss 1.4205 (1.7810)	Arch Loss 1.5026 (1.7973)	Arch Hard Loss 1.5026 (1.7973)	Arch Soft Loss 1.5026 (1.7973)	Arch depth Loss -1.6342 (-0.7883)	Prec@(1,5) (34.1%, 85.4%)	
08/22 04:06:48AM searchStage_trainer.py:267 [INFO] Train: Epoch: [0][390/390]	Step 390	lr 0.025	Loss 1.6176 (1.7535)	Hard Loss 1.6176 (1.7535)	Soft Loss 1.6176 (1.7535)	Arch Loss 1.3039 (1.7658)	Arch Hard Loss 1.3039 (1.7658)	Arch Soft Loss 1.3039 (1.7658)	Arch depth Loss -1.8440 (-0.8860)	Prec@(1,5) (35.0%, 86.0%)	
08/22 04:06:49AM searchStage_trainer.py:283 [INFO] Train: [  0/49] Final Prec@1 34.9880%
08/22 04:06:53AM searchStage_trainer.py:311 [INFO] Valid: Epoch: [0][50/391]	Step 391	Loss 1.4774	Prec@(1,5) (45.4%, 92.5%)
08/22 04:06:57AM searchStage_trainer.py:311 [INFO] Valid: Epoch: [0][100/391]	Step 391	Loss 1.4832	Prec@(1,5) (45.3%, 92.2%)
08/22 04:07:00AM searchStage_trainer.py:311 [INFO] Valid: Epoch: [0][150/391]	Step 391	Loss 1.4813	Prec@(1,5) (45.0%, 92.1%)
08/22 04:07:04AM searchStage_trainer.py:311 [INFO] Valid: Epoch: [0][200/391]	Step 391	Loss 1.4821	Prec@(1,5) (45.2%, 92.0%)
08/22 04:07:08AM searchStage_trainer.py:311 [INFO] Valid: Epoch: [0][250/391]	Step 391	Loss 1.4869	Prec@(1,5) (45.0%, 92.0%)
08/22 04:07:11AM searchStage_trainer.py:311 [INFO] Valid: Epoch: [0][300/391]	Step 391	Loss 1.4888	Prec@(1,5) (44.7%, 92.0%)
08/22 04:07:15AM searchStage_trainer.py:311 [INFO] Valid: Epoch: [0][350/391]	Step 391	Loss 1.4878	Prec@(1,5) (44.7%, 92.0%)
08/22 04:07:18AM searchStage_trainer.py:311 [INFO] Valid: Epoch: [0][390/391]	Step 391	Loss 1.4833	Prec@(1,5) (44.8%, 92.1%)
08/22 04:07:18AM searchStage_trainer.py:322 [INFO] Valid: [  0/49] Final Prec@1 44.8120%
08/22 04:07:18AM searchStage_KD_main.py:58 [INFO] DAG = Genotype2(DAG1=[[('max_pool_3x3', 1), ('max_pool_3x3', 0)], [('max_pool_3x3', 2), ('skip_connect', 0)], [('avg_pool_3x3', 3), ('max_pool_3x3', 2)], [('avg_pool_3x3', 4), ('max_pool_3x3', 2)], [('max_pool_3x3', 1), ('skip_connect', 0)], [('max_pool_3x3', 1), ('max_pool_3x3', 0)]], DAG1_concat=range(6, 8), DAG2=[[('skip_connect', 1), ('max_pool_3x3', 0)], [('max_pool_3x3', 2), ('avg_pool_3x3', 1)], [('max_pool_3x3', 2), ('avg_pool_3x3', 3)], [('skip_connect', 3), ('skip_connect', 2)], [('skip_connect', 0), ('skip_connect', 1)], [('avg_pool_3x3', 1), ('max_pool_3x3', 0)]], DAG2_concat=range(6, 8), DAG3=[[('skip_connect', 1), ('skip_connect', 0)], [('skip_connect', 2), ('skip_connect', 1)], [('skip_connect', 2), ('skip_connect', 3)], [('skip_connect', 3), ('max_pool_3x3', 2)], [('skip_connect', 1), ('skip_connect', 0)], [('skip_connect', 1), ('avg_pool_3x3', 0)]], DAG3_concat=range(6, 8))
08/22 04:07:19AM searchStage_KD_main.py:89 [INFO] Until now, best Prec@1 = 44.8120%
####### ALPHA #######
# Alpha - DAG
tensor([[0.2505, 0.2502, 0.2504, 0.2490],
        [0.2510, 0.2493, 0.2497, 0.2499]], device='cuda:0',
       grad_fn=<SoftmaxBackward0>)
tensor([[0.2505, 0.2498, 0.2505, 0.2492],
        [0.2503, 0.2500, 0.2503, 0.2494],
        [0.2507, 0.2504, 0.2495, 0.2494]], device='cuda:0',
       grad_fn=<SoftmaxBackward0>)
tensor([[0.2510, 0.2493, 0.2502, 0.2495],
        [0.2510, 0.2497, 0.2499, 0.2494],
        [0.2503, 0.2498, 0.2493, 0.2505],
        [0.2497, 0.2515, 0.2496, 0.2492]], device='cuda:0',
       grad_fn=<SoftmaxBackward0>)
tensor([[0.2508, 0.2497, 0.2499, 0.2497],
        [0.2504, 0.2499, 0.2498, 0.2499],
        [0.2507, 0.2504, 0.2497, 0.2492],
        [0.2503, 0.2500, 0.2501, 0.2497],
        [0.2504, 0.2506, 0.2498, 0.2493]], device='cuda:0',
       grad_fn=<SoftmaxBackward0>)
tensor([[0.2503, 0.2498, 0.2507, 0.2492],
        [0.2513, 0.2503, 0.2508, 0.2477],
        [0.2505, 0.2498, 0.2502, 0.2494],
        [0.2503, 0.2465, 0.2517, 0.2516],
        [0.2503, 0.2476, 0.2501, 0.2520],
        [0.2488, 0.2487, 0.2487, 0.2538]], device='cuda:0',
       grad_fn=<SoftmaxBackward0>)
tensor([[0.2514, 0.2492, 0.2498, 0.2496],
        [0.2512, 0.2495, 0.2499, 0.2494],
        [0.2506, 0.2505, 0.2497, 0.2492],
        [0.2522, 0.2471, 0.2492, 0.2516],
        [0.2541, 0.2466, 0.2509, 0.2483],
        [0.2527, 0.2466, 0.2493, 0.2515],
        [0.2519, 0.2477, 0.2485, 0.2518]], device='cuda:0',
       grad_fn=<SoftmaxBackward0>)
tensor([[0.2502, 0.2500, 0.2494, 0.2505],
        [0.2496, 0.2501, 0.2505, 0.2499]], device='cuda:0',
       grad_fn=<SoftmaxBackward0>)
tensor([[0.2502, 0.2499, 0.2501, 0.2498],
        [0.2499, 0.2503, 0.2499, 0.2500],
        [0.2502, 0.2500, 0.2500, 0.2498]], device='cuda:0',
       grad_fn=<SoftmaxBackward0>)
tensor([[0.2503, 0.2496, 0.2504, 0.2497],
        [0.2502, 0.2501, 0.2501, 0.2496],
        [0.2504, 0.2497, 0.2498, 0.2502],
        [0.2498, 0.2499, 0.2498, 0.2505]], device='cuda:0',
       grad_fn=<SoftmaxBackward0>)
tensor([[0.2502, 0.2499, 0.2500, 0.2499],
        [0.2501, 0.2500, 0.2503, 0.2496],
        [0.2499, 0.2502, 0.2502, 0.2497],
        [0.2500, 0.2500, 0.2502, 0.2498],
        [0.2500, 0.2500, 0.2500, 0.2500]], device='cuda:0',
       grad_fn=<SoftmaxBackward0>)
tensor([[0.2500, 0.2498, 0.2504, 0.2497],
        [0.2498, 0.2501, 0.2502, 0.2498],
        [0.2498, 0.2502, 0.2501, 0.2499],
        [0.2461, 0.2491, 0.2531, 0.2517],
        [0.2472, 0.2493, 0.2487, 0.2548],
        [0.2481, 0.2493, 0.2496, 0.2530]], device='cuda:0',
       grad_fn=<SoftmaxBackward0>)
tensor([[0.2502, 0.2502, 0.2502, 0.2494],
        [0.2500, 0.2504, 0.2499, 0.2497],
        [0.2499, 0.2498, 0.2498, 0.2504],
        [0.2458, 0.2503, 0.2504, 0.2535],
        [0.2462, 0.2505, 0.2499, 0.2535],
        [0.2468, 0.2514, 0.2516, 0.2502],
        [0.2451, 0.2524, 0.2511, 0.2514]], device='cuda:0',
       grad_fn=<SoftmaxBackward0>)
tensor([[0.2498, 0.2499, 0.2504, 0.2499],
        [0.2495, 0.2502, 0.2507, 0.2496]], device='cuda:0',
       grad_fn=<SoftmaxBackward0>)
tensor([[0.2501, 0.2500, 0.2501, 0.2498],
        [0.2502, 0.2495, 0.2507, 0.2496],
        [0.2494, 0.2500, 0.2503, 0.2502]], device='cuda:0',
       grad_fn=<SoftmaxBackward0>)
tensor([[0.2499, 0.2501, 0.2502, 0.2498],
        [0.2498, 0.2497, 0.2504, 0.2501],
        [0.2496, 0.2499, 0.2503, 0.2502],
        [0.2498, 0.2496, 0.2504, 0.2502]], device='cuda:0',
       grad_fn=<SoftmaxBackward0>)
tensor([[0.2501, 0.2495, 0.2506, 0.2498],
        [0.2502, 0.2501, 0.2499, 0.2498],
        [0.2500, 0.2499, 0.2500, 0.2501],
        [0.2496, 0.2500, 0.2502, 0.2502],
        [0.2499, 0.2499, 0.2499, 0.2504]], device='cuda:0',
       grad_fn=<SoftmaxBackward0>)
tensor([[0.2498, 0.2500, 0.2507, 0.2496],
        [0.2495, 0.2496, 0.2507, 0.2501],
        [0.2492, 0.2503, 0.2508, 0.2498],
        [0.2456, 0.2425, 0.2556, 0.2563],
        [0.2467, 0.2423, 0.2584, 0.2526],
        [0.2455, 0.2462, 0.2584, 0.2499]], device='cuda:0',
       grad_fn=<SoftmaxBackward0>)
tensor([[0.2500, 0.2502, 0.2502, 0.2495],
        [0.2504, 0.2498, 0.2504, 0.2494],
        [0.2503, 0.2496, 0.2502, 0.2499],
        [0.2459, 0.2444, 0.2568, 0.2529],
        [0.2457, 0.2440, 0.2574, 0.2528],
        [0.2438, 0.2463, 0.2574, 0.2525],
        [0.2492, 0.2460, 0.2520, 0.2528]], device='cuda:0',
       grad_fn=<SoftmaxBackward0>)
#####################
08/22 04:07:41午前 searchStage_trainer.py:267 [INFO] Train: Epoch: [1][50/390]	Step 441	lr 0.02498	Loss 1.4867 (1.4696)	Hard Loss 1.4867 (1.4696)	Soft Loss 1.4867 (1.4696)	Arch Loss 1.4433 (1.4856)	Arch Hard Loss 1.4433 (1.4856)	Arch Soft Loss 1.4433 (1.4856)	Arch depth Loss -2.1188 (-1.9861)	Prec@(1,5) (45.0%, 92.0%)	
08/22 04:08:03午前 searchStage_trainer.py:267 [INFO] Train: Epoch: [1][100/390]	Step 491	lr 0.02498	Loss 1.3869 (1.4604)	Hard Loss 1.3869 (1.4604)	Soft Loss 1.3869 (1.4604)	Arch Loss 1.6349 (1.4715)	Arch Hard Loss 1.6349 (1.4715)	Arch Soft Loss 1.6349 (1.4715)	Arch depth Loss -2.3960 (-2.1228)	Prec@(1,5) (46.1%, 92.0%)	
08/22 04:08:24午前 searchStage_trainer.py:267 [INFO] Train: Epoch: [1][150/390]	Step 541	lr 0.02498	Loss 1.3081 (1.4365)	Hard Loss 1.3081 (1.4365)	Soft Loss 1.3081 (1.4365)	Arch Loss 1.3197 (1.4532)	Arch Hard Loss 1.3197 (1.4532)	Arch Soft Loss 1.3197 (1.4532)	Arch depth Loss -2.6814 (-2.2622)	Prec@(1,5) (46.9%, 92.4%)	
08/22 04:08:46午前 searchStage_trainer.py:267 [INFO] Train: Epoch: [1][200/390]	Step 591	lr 0.02498	Loss 1.3283 (1.4164)	Hard Loss 1.3283 (1.4164)	Soft Loss 1.3283 (1.4164)	Arch Loss 1.3418 (1.4338)	Arch Hard Loss 1.3418 (1.4338)	Arch Soft Loss 1.3418 (1.4338)	Arch depth Loss -2.9750 (-2.4042)	Prec@(1,5) (47.8%, 92.6%)	
08/22 04:09:08午前 searchStage_trainer.py:267 [INFO] Train: Epoch: [1][250/390]	Step 641	lr 0.02498	Loss 1.4736 (1.3976)	Hard Loss 1.4736 (1.3976)	Soft Loss 1.4736 (1.3976)	Arch Loss 1.4425 (1.4184)	Arch Hard Loss 1.4425 (1.4184)	Arch Soft Loss 1.4425 (1.4184)	Arch depth Loss -3.2770 (-2.5490)	Prec@(1,5) (48.5%, 92.8%)	
08/22 04:09:29午前 searchStage_trainer.py:267 [INFO] Train: Epoch: [1][300/390]	Step 691	lr 0.02498	Loss 1.5066 (1.3866)	Hard Loss 1.5066 (1.3866)	Soft Loss 1.5066 (1.3866)	Arch Loss 1.4489 (1.4043)	Arch Hard Loss 1.4489 (1.4043)	Arch Soft Loss 1.4489 (1.4043)	Arch depth Loss -3.5876 (-2.6966)	Prec@(1,5) (48.9%, 93.0%)	
08/22 04:09:51午前 searchStage_trainer.py:267 [INFO] Train: Epoch: [1][350/390]	Step 741	lr 0.02498	Loss 1.2727 (1.3732)	Hard Loss 1.2727 (1.3732)	Soft Loss 1.2727 (1.3732)	Arch Loss 1.3426 (1.3878)	Arch Hard Loss 1.3426 (1.3878)	Arch Soft Loss 1.3426 (1.3878)	Arch depth Loss -3.9070 (-2.8471)	Prec@(1,5) (49.5%, 93.1%)	
08/22 04:10:08午前 searchStage_trainer.py:267 [INFO] Train: Epoch: [1][390/390]	Step 781	lr 0.02498	Loss 1.4327 (1.3671)	Hard Loss 1.4327 (1.3671)	Soft Loss 1.4327 (1.3671)	Arch Loss 1.0470 (1.3766)	Arch Hard Loss 1.0470 (1.3766)	Arch Soft Loss 1.0470 (1.3766)	Arch depth Loss -4.1691 (-2.9695)	Prec@(1,5) (49.6%, 93.2%)	
08/22 04:10:09午前 searchStage_trainer.py:283 [INFO] Train: [  1/49] Final Prec@1 49.6240%
08/22 04:10:13午前 searchStage_trainer.py:311 [INFO] Valid: Epoch: [1][50/391]	Step 782	Loss 1.3061	Prec@(1,5) (52.7%, 94.0%)
08/22 04:10:16午前 searchStage_trainer.py:311 [INFO] Valid: Epoch: [1][100/391]	Step 782	Loss 1.3183	Prec@(1,5) (52.3%, 93.9%)
08/22 04:10:20午前 searchStage_trainer.py:311 [INFO] Valid: Epoch: [1][150/391]	Step 782	Loss 1.3304	Prec@(1,5) (51.9%, 93.6%)
08/22 04:10:24午前 searchStage_trainer.py:311 [INFO] Valid: Epoch: [1][200/391]	Step 782	Loss 1.3218	Prec@(1,5) (52.2%, 93.8%)
08/22 04:10:27午前 searchStage_trainer.py:311 [INFO] Valid: Epoch: [1][250/391]	Step 782	Loss 1.3223	Prec@(1,5) (52.1%, 93.8%)
08/22 04:10:31午前 searchStage_trainer.py:311 [INFO] Valid: Epoch: [1][300/391]	Step 782	Loss 1.3209	Prec@(1,5) (52.2%, 93.8%)
08/22 04:10:34午前 searchStage_trainer.py:311 [INFO] Valid: Epoch: [1][350/391]	Step 782	Loss 1.3267	Prec@(1,5) (52.0%, 93.8%)
08/22 04:10:37午前 searchStage_trainer.py:311 [INFO] Valid: Epoch: [1][390/391]	Step 782	Loss 1.3294	Prec@(1,5) (51.9%, 93.7%)
08/22 04:10:37午前 searchStage_trainer.py:322 [INFO] Valid: [  1/49] Final Prec@1 51.9200%
08/22 04:10:37午前 searchStage_KD_main.py:58 [INFO] DAG = Genotype2(DAG1=[[('skip_connect', 0), ('max_pool_3x3', 1)], [('max_pool_3x3', 2), ('skip_connect', 0)], [('avg_pool_3x3', 3), ('max_pool_3x3', 2)], [('max_pool_3x3', 4), ('skip_connect', 3)], [('skip_connect', 1), ('skip_connect', 0)], [('max_pool_3x3', 1), ('max_pool_3x3', 0)]], DAG1_concat=range(6, 8), DAG2=[[('skip_connect', 1), ('max_pool_3x3', 0)], [('max_pool_3x3', 2), ('avg_pool_3x3', 1)], [('avg_pool_3x3', 3), ('max_pool_3x3', 2)], [('skip_connect', 3), ('max_pool_3x3', 4)], [('skip_connect', 0), ('skip_connect', 1)], [('avg_pool_3x3', 1), ('max_pool_3x3', 0)]], DAG2_concat=range(6, 8), DAG3=[[('skip_connect', 1), ('skip_connect', 0)], [('skip_connect', 2), ('skip_connect', 1)], [('skip_connect', 3), ('skip_connect', 2)], [('skip_connect', 3), ('skip_connect', 4)], [('skip_connect', 1), ('skip_connect', 2)], [('skip_connect', 1), ('skip_connect', 0)]], DAG3_concat=range(6, 8))
08/22 04:10:38午前 searchStage_KD_main.py:89 [INFO] Until now, best Prec@1 = 51.9200%
####### ALPHA #######
# Alpha - DAG
tensor([[0.2503, 0.2497, 0.2511, 0.2488],
        [0.2508, 0.2489, 0.2504, 0.2500]], device='cuda:0',
       grad_fn=<SoftmaxBackward0>)
tensor([[0.2506, 0.2489, 0.2516, 0.2489],
        [0.2506, 0.2491, 0.2512, 0.2491],
        [0.2505, 0.2503, 0.2495, 0.2497]], device='cuda:0',
       grad_fn=<SoftmaxBackward0>)
tensor([[0.2516, 0.2485, 0.2506, 0.2493],
        [0.2516, 0.2491, 0.2503, 0.2490],
        [0.2503, 0.2496, 0.2493, 0.2507],
        [0.2498, 0.2513, 0.2497, 0.2492]], device='cuda:0',
       grad_fn=<SoftmaxBackward0>)
tensor([[0.2512, 0.2493, 0.2501, 0.2494],
        [0.2510, 0.2495, 0.2500, 0.2495],
        [0.2507, 0.2503, 0.2499, 0.2491],
        [0.2502, 0.2497, 0.2502, 0.2499],
        [0.2505, 0.2504, 0.2498, 0.2493]], device='cuda:0',
       grad_fn=<SoftmaxBackward0>)
tensor([[0.2508, 0.2484, 0.2522, 0.2487],
        [0.2519, 0.2492, 0.2525, 0.2464],
        [0.2506, 0.2495, 0.2504, 0.2496],
        [0.2541, 0.2400, 0.2537, 0.2523],
        [0.2493, 0.2409, 0.2534, 0.2564],
        [0.2482, 0.2439, 0.2512, 0.2567]], device='cuda:0',
       grad_fn=<SoftmaxBackward0>)
tensor([[0.2527, 0.2483, 0.2496, 0.2494],
        [0.2528, 0.2485, 0.2498, 0.2489],
        [0.2508, 0.2504, 0.2496, 0.2493],
        [0.2608, 0.2422, 0.2457, 0.2512],
        [0.2575, 0.2445, 0.2538, 0.2442],
        [0.2538, 0.2444, 0.2491, 0.2527],
        [0.2531, 0.2432, 0.2457, 0.2580]], device='cuda:0',
       grad_fn=<SoftmaxBackward0>)
tensor([[0.2500, 0.2500, 0.2495, 0.2505],
        [0.2496, 0.2500, 0.2506, 0.2499]], device='cuda:0',
       grad_fn=<SoftmaxBackward0>)
tensor([[0.2502, 0.2499, 0.2502, 0.2497],
        [0.2498, 0.2503, 0.2500, 0.2499],
        [0.2502, 0.2499, 0.2499, 0.2499]], device='cuda:0',
       grad_fn=<SoftmaxBackward0>)
tensor([[0.2503, 0.2497, 0.2505, 0.2496],
        [0.2502, 0.2501, 0.2503, 0.2494],
        [0.2503, 0.2497, 0.2498, 0.2502],
        [0.2497, 0.2499, 0.2497, 0.2507]], device='cuda:0',
       grad_fn=<SoftmaxBackward0>)
tensor([[0.2503, 0.2500, 0.2501, 0.2497],
        [0.2502, 0.2501, 0.2503, 0.2494],
        [0.2498, 0.2501, 0.2503, 0.2498],
        [0.2500, 0.2500, 0.2501, 0.2499],
        [0.2500, 0.2500, 0.2499, 0.2501]], device='cuda:0',
       grad_fn=<SoftmaxBackward0>)
tensor([[0.2503, 0.2499, 0.2505, 0.2493],
        [0.2500, 0.2502, 0.2503, 0.2495],
        [0.2498, 0.2501, 0.2501, 0.2500],
        [0.2502, 0.2447, 0.2507, 0.2544],
        [0.2497, 0.2450, 0.2457, 0.2595],
        [0.2511, 0.2474, 0.2484, 0.2530]], device='cuda:0',
       grad_fn=<SoftmaxBackward0>)
tensor([[0.2504, 0.2502, 0.2503, 0.2491],
        [0.2501, 0.2505, 0.2499, 0.2495],
        [0.2500, 0.2498, 0.2498, 0.2503],
        [0.2494, 0.2479, 0.2502, 0.2525],
        [0.2473, 0.2496, 0.2510, 0.2521],
        [0.2512, 0.2479, 0.2498, 0.2511],
        [0.2446, 0.2498, 0.2466, 0.2590]], device='cuda:0',
       grad_fn=<SoftmaxBackward0>)
tensor([[0.2497, 0.2498, 0.2506, 0.2499],
        [0.2495, 0.2501, 0.2509, 0.2496]], device='cuda:0',
       grad_fn=<SoftmaxBackward0>)
tensor([[0.2500, 0.2499, 0.2502, 0.2498],
        [0.2501, 0.2494, 0.2508, 0.2496],
        [0.2494, 0.2500, 0.2504, 0.2502]], device='cuda:0',
       grad_fn=<SoftmaxBackward0>)
tensor([[0.2499, 0.2501, 0.2503, 0.2497],
        [0.2497, 0.2496, 0.2505, 0.2501],
        [0.2495, 0.2499, 0.2504, 0.2502],
        [0.2497, 0.2496, 0.2504, 0.2502]], device='cuda:0',
       grad_fn=<SoftmaxBackward0>)
tensor([[0.2501, 0.2495, 0.2507, 0.2498],
        [0.2502, 0.2500, 0.2500, 0.2498],
        [0.2500, 0.2499, 0.2500, 0.2501],
        [0.2496, 0.2500, 0.2503, 0.2502],
        [0.2499, 0.2498, 0.2499, 0.2504]], device='cuda:0',
       grad_fn=<SoftmaxBackward0>)
tensor([[0.2500, 0.2498, 0.2508, 0.2493],
        [0.2496, 0.2495, 0.2509, 0.2501],
        [0.2491, 0.2502, 0.2509, 0.2497],
        [0.2443, 0.2414, 0.2547, 0.2595],
        [0.2436, 0.2441, 0.2597, 0.2526],
        [0.2461, 0.2455, 0.2603, 0.2480]], device='cuda:0',
       grad_fn=<SoftmaxBackward0>)
tensor([[0.2501, 0.2501, 0.2504, 0.2494],
        [0.2505, 0.2497, 0.2506, 0.2493],
        [0.2503, 0.2494, 0.2503, 0.2499],
        [0.2449, 0.2421, 0.2558, 0.2571],
        [0.2451, 0.2449, 0.2587, 0.2513],
        [0.2443, 0.2450, 0.2600, 0.2506],
        [0.2493, 0.2437, 0.2529, 0.2541]], device='cuda:0',
       grad_fn=<SoftmaxBackward0>)
#####################
08/22 04:11:00午前 searchStage_trainer.py:267 [INFO] Train: Epoch: [2][50/390]	Step 832	lr 0.02491	Loss 1.5304 (1.2270)	Hard Loss 1.5304 (1.2270)	Soft Loss 1.5304 (1.2270)	Arch Loss 1.4208 (1.2715)	Arch Hard Loss 1.4208 (1.2715)	Arch Soft Loss 1.4208 (1.2715)	Arch depth Loss -4.5117 (-4.3463)	Prec@(1,5) (54.8%, 94.8%)	
08/22 04:11:22午前 searchStage_trainer.py:267 [INFO] Train: Epoch: [2][100/390]	Step 882	lr 0.02491	Loss 1.2446 (1.2262)	Hard Loss 1.2446 (1.2262)	Soft Loss 1.2446 (1.2262)	Arch Loss 1.3334 (1.2477)	Arch Hard Loss 1.3334 (1.2477)	Arch Soft Loss 1.3334 (1.2477)	Arch depth Loss -4.8570 (-4.5166)	Prec@(1,5) (55.2%, 94.4%)	
08/22 04:11:44午前 searchStage_trainer.py:267 [INFO] Train: Epoch: [2][150/390]	Step 932	lr 0.02491	Loss 1.0153 (1.2134)	Hard Loss 1.0153 (1.2134)	Soft Loss 1.0153 (1.2134)	Arch Loss 1.3911 (1.2262)	Arch Hard Loss 1.3911 (1.2262)	Arch Soft Loss 1.3911 (1.2262)	Arch depth Loss -5.2118 (-4.6901)	Prec@(1,5) (55.9%, 94.7%)	
08/22 04:12:05午前 searchStage_trainer.py:267 [INFO] Train: Epoch: [2][200/390]	Step 982	lr 0.02491	Loss 1.1242 (1.2080)	Hard Loss 1.1242 (1.2080)	Soft Loss 1.1242 (1.2080)	Arch Loss 0.9573 (1.2205)	Arch Hard Loss 0.9573 (1.2205)	Arch Soft Loss 0.9573 (1.2205)	Arch depth Loss -5.5764 (-4.8668)	Prec@(1,5) (56.2%, 94.7%)	
08/22 04:12:27午前 searchStage_trainer.py:267 [INFO] Train: Epoch: [2][250/390]	Step 1032	lr 0.02491	Loss 0.9827 (1.1993)	Hard Loss 0.9827 (1.1993)	Soft Loss 0.9827 (1.1993)	Arch Loss 1.2527 (1.2068)	Arch Hard Loss 1.2527 (1.2068)	Arch Soft Loss 1.2527 (1.2068)	Arch depth Loss -5.9509 (-5.0468)	Prec@(1,5) (56.6%, 94.8%)	
08/22 04:12:49午前 searchStage_trainer.py:267 [INFO] Train: Epoch: [2][300/390]	Step 1082	lr 0.02491	Loss 1.0411 (1.1885)	Hard Loss 1.0411 (1.1885)	Soft Loss 1.0411 (1.1885)	Arch Loss 1.0061 (1.1906)	Arch Hard Loss 1.0061 (1.1906)	Arch Soft Loss 1.0061 (1.1906)	Arch depth Loss -6.3355 (-5.2300)	Prec@(1,5) (57.0%, 95.0%)	
08/22 04:13:10午前 searchStage_trainer.py:267 [INFO] Train: Epoch: [2][350/390]	Step 1132	lr 0.02491	Loss 0.9126 (1.1775)	Hard Loss 0.9126 (1.1775)	Soft Loss 0.9126 (1.1775)	Arch Loss 1.1430 (1.1827)	Arch Hard Loss 1.1430 (1.1827)	Arch Soft Loss 1.1430 (1.1827)	Arch depth Loss -6.7304 (-5.4166)	Prec@(1,5) (57.6%, 95.1%)	
08/22 04:13:28午前 searchStage_trainer.py:267 [INFO] Train: Epoch: [2][390/390]	Step 1172	lr 0.02491	Loss 0.9738 (1.1665)	Hard Loss 0.9738 (1.1665)	Soft Loss 0.9738 (1.1665)	Arch Loss 1.2543 (1.1790)	Arch Hard Loss 1.2543 (1.1790)	Arch Soft Loss 1.2543 (1.1790)	Arch depth Loss -7.0539 (-5.5683)	Prec@(1,5) (58.0%, 95.2%)	
08/22 04:13:28午前 searchStage_trainer.py:283 [INFO] Train: [  2/49] Final Prec@1 57.9640%
08/22 04:13:32午前 searchStage_trainer.py:311 [INFO] Valid: Epoch: [2][50/391]	Step 1173	Loss 1.0884	Prec@(1,5) (61.3%, 95.7%)
08/22 04:13:36午前 searchStage_trainer.py:311 [INFO] Valid: Epoch: [2][100/391]	Step 1173	Loss 1.0893	Prec@(1,5) (60.8%, 95.7%)
08/22 04:13:39午前 searchStage_trainer.py:311 [INFO] Valid: Epoch: [2][150/391]	Step 1173	Loss 1.0869	Prec@(1,5) (61.0%, 95.9%)
08/22 04:13:43午前 searchStage_trainer.py:311 [INFO] Valid: Epoch: [2][200/391]	Step 1173	Loss 1.0896	Prec@(1,5) (60.6%, 95.9%)
08/22 04:13:47午前 searchStage_trainer.py:311 [INFO] Valid: Epoch: [2][250/391]	Step 1173	Loss 1.0950	Prec@(1,5) (60.3%, 95.9%)
08/22 04:13:50午前 searchStage_trainer.py:311 [INFO] Valid: Epoch: [2][300/391]	Step 1173	Loss 1.0915	Prec@(1,5) (60.5%, 96.0%)
08/22 04:13:54午前 searchStage_trainer.py:311 [INFO] Valid: Epoch: [2][350/391]	Step 1173	Loss 1.0875	Prec@(1,5) (60.6%, 96.1%)
08/22 04:13:57午前 searchStage_trainer.py:311 [INFO] Valid: Epoch: [2][390/391]	Step 1173	Loss 1.0864	Prec@(1,5) (60.6%, 96.1%)
08/22 04:13:57午前 searchStage_trainer.py:322 [INFO] Valid: [  2/49] Final Prec@1 60.6400%
08/22 04:13:57午前 searchStage_KD_main.py:58 [INFO] DAG = Genotype2(DAG1=[[('skip_connect', 0), ('skip_connect', 1)], [('max_pool_3x3', 2), ('skip_connect', 0)], [('avg_pool_3x3', 3), ('max_pool_3x3', 2)], [('max_pool_3x3', 4), ('skip_connect', 3)], [('skip_connect', 1), ('skip_connect', 0)], [('max_pool_3x3', 1), ('max_pool_3x3', 0)]], DAG1_concat=range(6, 8), DAG2=[[('skip_connect', 1), ('avg_pool_3x3', 0)], [('max_pool_3x3', 2), ('avg_pool_3x3', 1)], [('avg_pool_3x3', 3), ('max_pool_3x3', 2)], [('max_pool_3x3', 4), ('skip_connect', 3)], [('avg_pool_3x3', 2), ('skip_connect', 1)], [('avg_pool_3x3', 1), ('max_pool_3x3', 0)]], DAG2_concat=range(6, 8), DAG3=[[('skip_connect', 1), ('skip_connect', 0)], [('skip_connect', 2), ('skip_connect', 1)], [('skip_connect', 3), ('skip_connect', 2)], [('skip_connect', 3), ('skip_connect', 4)], [('skip_connect', 2), ('skip_connect', 1)], [('skip_connect', 1), ('skip_connect', 0)]], DAG3_concat=range(6, 8))
08/22 04:13:57午前 searchStage_KD_main.py:89 [INFO] Until now, best Prec@1 = 60.6400%
####### ALPHA #######
# Alpha - DAG
tensor([[0.2502, 0.2491, 0.2518, 0.2489],
        [0.2507, 0.2484, 0.2510, 0.2499]], device='cuda:0',
       grad_fn=<SoftmaxBackward0>)
tensor([[0.2505, 0.2481, 0.2527, 0.2487],
        [0.2505, 0.2482, 0.2523, 0.2490],
        [0.2504, 0.2501, 0.2497, 0.2498]], device='cuda:0',
       grad_fn=<SoftmaxBackward0>)
tensor([[0.2518, 0.2478, 0.2510, 0.2493],
        [0.2519, 0.2486, 0.2508, 0.2488],
        [0.2503, 0.2495, 0.2495, 0.2508],
        [0.2497, 0.2512, 0.2500, 0.2490]], device='cuda:0',
       grad_fn=<SoftmaxBackward0>)
tensor([[0.2513, 0.2488, 0.2506, 0.2492],
        [0.2512, 0.2491, 0.2503, 0.2494],
        [0.2506, 0.2503, 0.2499, 0.2492],
        [0.2502, 0.2496, 0.2504, 0.2498],
        [0.2504, 0.2503, 0.2500, 0.2492]], device='cuda:0',
       grad_fn=<SoftmaxBackward0>)
tensor([[0.2508, 0.2470, 0.2543, 0.2479],
        [0.2517, 0.2476, 0.2548, 0.2460],
        [0.2505, 0.2491, 0.2511, 0.2493],
        [0.2535, 0.2327, 0.2594, 0.2543],
        [0.2500, 0.2364, 0.2538, 0.2599],
        [0.2504, 0.2378, 0.2526, 0.2592]], device='cuda:0',
       grad_fn=<SoftmaxBackward0>)
tensor([[0.2541, 0.2476, 0.2496, 0.2487],
        [0.2543, 0.2474, 0.2497, 0.2486],
        [0.2513, 0.2500, 0.2496, 0.2491],
        [0.2677, 0.2379, 0.2453, 0.2491],
        [0.2605, 0.2399, 0.2501, 0.2495],
        [0.2515, 0.2401, 0.2475, 0.2609],
        [0.2595, 0.2392, 0.2463, 0.2549]], device='cuda:0',
       grad_fn=<SoftmaxBackward0>)
tensor([[0.2499, 0.2499, 0.2496, 0.2505],
        [0.2496, 0.2499, 0.2506, 0.2498]], device='cuda:0',
       grad_fn=<SoftmaxBackward0>)
tensor([[0.2501, 0.2500, 0.2503, 0.2496],
        [0.2498, 0.2503, 0.2501, 0.2498],
        [0.2501, 0.2500, 0.2499, 0.2500]], device='cuda:0',
       grad_fn=<SoftmaxBackward0>)
tensor([[0.2504, 0.2497, 0.2505, 0.2494],
        [0.2504, 0.2502, 0.2503, 0.2491],
        [0.2503, 0.2496, 0.2498, 0.2503],
        [0.2497, 0.2499, 0.2495, 0.2509]], device='cuda:0',
       grad_fn=<SoftmaxBackward0>)
tensor([[0.2504, 0.2500, 0.2501, 0.2496],
        [0.2503, 0.2500, 0.2503, 0.2494],
        [0.2499, 0.2501, 0.2502, 0.2499],
        [0.2500, 0.2500, 0.2501, 0.2500],
        [0.2500, 0.2500, 0.2500, 0.2500]], device='cuda:0',
       grad_fn=<SoftmaxBackward0>)
tensor([[0.2506, 0.2499, 0.2505, 0.2489],
        [0.2503, 0.2502, 0.2503, 0.2492],
        [0.2499, 0.2501, 0.2498, 0.2502],
        [0.2487, 0.2459, 0.2490, 0.2564],
        [0.2508, 0.2436, 0.2423, 0.2634],
        [0.2489, 0.2514, 0.2491, 0.2507]], device='cuda:0',
       grad_fn=<SoftmaxBackward0>)
tensor([[0.2505, 0.2503, 0.2503, 0.2489],
        [0.2501, 0.2505, 0.2499, 0.2495],
        [0.2500, 0.2499, 0.2496, 0.2505],
        [0.2481, 0.2505, 0.2529, 0.2484],
        [0.2455, 0.2501, 0.2478, 0.2566],
        [0.2499, 0.2508, 0.2507, 0.2485],
        [0.2431, 0.2532, 0.2446, 0.2591]], device='cuda:0',
       grad_fn=<SoftmaxBackward0>)
tensor([[0.2497, 0.2497, 0.2507, 0.2498],
        [0.2495, 0.2499, 0.2510, 0.2496]], device='cuda:0',
       grad_fn=<SoftmaxBackward0>)
tensor([[0.2500, 0.2498, 0.2503, 0.2498],
        [0.2501, 0.2493, 0.2510, 0.2497],
        [0.2494, 0.2500, 0.2504, 0.2502]], device='cuda:0',
       grad_fn=<SoftmaxBackward0>)
tensor([[0.2500, 0.2500, 0.2503, 0.2497],
        [0.2497, 0.2496, 0.2506, 0.2501],
        [0.2495, 0.2499, 0.2504, 0.2502],
        [0.2497, 0.2496, 0.2505, 0.2502]], device='cuda:0',
       grad_fn=<SoftmaxBackward0>)
tensor([[0.2501, 0.2494, 0.2508, 0.2498],
        [0.2502, 0.2500, 0.2500, 0.2498],
        [0.2500, 0.2498, 0.2501, 0.2501],
        [0.2496, 0.2499, 0.2503, 0.2502],
        [0.2499, 0.2498, 0.2499, 0.2504]], device='cuda:0',
       grad_fn=<SoftmaxBackward0>)
tensor([[0.2502, 0.2499, 0.2510, 0.2489],
        [0.2497, 0.2495, 0.2510, 0.2497],
        [0.2494, 0.2502, 0.2509, 0.2495],
        [0.2456, 0.2398, 0.2505, 0.2642],
        [0.2444, 0.2419, 0.2564, 0.2573],
        [0.2492, 0.2428, 0.2580, 0.2501]], device='cuda:0',
       grad_fn=<SoftmaxBackward0>)
tensor([[0.2503, 0.2501, 0.2505, 0.2491],
        [0.2506, 0.2497, 0.2507, 0.2490],
        [0.2505, 0.2494, 0.2503, 0.2498],
        [0.2460, 0.2404, 0.2530, 0.2606],
        [0.2454, 0.2433, 0.2575, 0.2539],
        [0.2460, 0.2430, 0.2585, 0.2525],
        [0.2523, 0.2421, 0.2526, 0.2530]], device='cuda:0',
       grad_fn=<SoftmaxBackward0>)
#####################
08/22 04:14:20午前 searchStage_trainer.py:267 [INFO] Train: Epoch: [3][50/390]	Step 1223	lr 0.02479	Loss 1.1062 (1.0511)	Hard Loss 1.1062 (1.0511)	Soft Loss 1.1062 (1.0511)	Arch Loss 1.0630 (1.0643)	Arch Hard Loss 1.0630 (1.0643)	Arch Soft Loss 1.0630 (1.0643)	Arch depth Loss -7.4763 (-7.2724)	Prec@(1,5) (62.5%, 96.2%)	
08/22 04:14:41午前 searchStage_trainer.py:267 [INFO] Train: Epoch: [3][100/390]	Step 1273	lr 0.02479	Loss 1.0094 (1.0732)	Hard Loss 1.0094 (1.0732)	Soft Loss 1.0094 (1.0732)	Arch Loss 1.1148 (1.0717)	Arch Hard Loss 1.1148 (1.0717)	Arch Soft Loss 1.1148 (1.0717)	Arch depth Loss -7.9014 (-7.4823)	Prec@(1,5) (61.9%, 96.1%)	
08/22 04:15:03午前 searchStage_trainer.py:267 [INFO] Train: Epoch: [3][150/390]	Step 1323	lr 0.02479	Loss 0.9232 (1.0543)	Hard Loss 0.9232 (1.0543)	Soft Loss 0.9232 (1.0543)	Arch Loss 1.0715 (1.0691)	Arch Hard Loss 1.0715 (1.0691)	Arch Soft Loss 1.0715 (1.0691)	Arch depth Loss -8.3375 (-7.6958)	Prec@(1,5) (62.5%, 96.3%)	
08/22 04:15:25午前 searchStage_trainer.py:267 [INFO] Train: Epoch: [3][200/390]	Step 1373	lr 0.02479	Loss 0.8941 (1.0448)	Hard Loss 0.8941 (1.0448)	Soft Loss 0.8941 (1.0448)	Arch Loss 1.1681 (1.0604)	Arch Hard Loss 1.1681 (1.0604)	Arch Soft Loss 1.1681 (1.0604)	Arch depth Loss -8.7849 (-7.9131)	Prec@(1,5) (62.8%, 96.4%)	
08/22 04:15:46午前 searchStage_trainer.py:267 [INFO] Train: Epoch: [3][250/390]	Step 1423	lr 0.02479	Loss 1.0996 (1.0374)	Hard Loss 1.0996 (1.0374)	Soft Loss 1.0996 (1.0374)	Arch Loss 1.1357 (1.0606)	Arch Hard Loss 1.1357 (1.0606)	Arch Soft Loss 1.1357 (1.0606)	Arch depth Loss -9.2438 (-8.1340)	Prec@(1,5) (63.1%, 96.5%)	
08/22 04:16:08午前 searchStage_trainer.py:267 [INFO] Train: Epoch: [3][300/390]	Step 1473	lr 0.02479	Loss 0.9224 (1.0330)	Hard Loss 0.9224 (1.0330)	Soft Loss 0.9224 (1.0330)	Arch Loss 0.9305 (1.0570)	Arch Hard Loss 0.9305 (1.0570)	Arch Soft Loss 0.9305 (1.0570)	Arch depth Loss -9.7144 (-8.3589)	Prec@(1,5) (63.2%, 96.5%)	
08/22 04:16:30午前 searchStage_trainer.py:267 [INFO] Train: Epoch: [3][350/390]	Step 1523	lr 0.02479	Loss 0.8821 (1.0221)	Hard Loss 0.8821 (1.0221)	Soft Loss 0.8821 (1.0221)	Arch Loss 1.0216 (1.0492)	Arch Hard Loss 1.0216 (1.0492)	Arch Soft Loss 1.0216 (1.0492)	Arch depth Loss -10.1969 (-8.5875)	Prec@(1,5) (63.8%, 96.6%)	
08/22 04:16:47午前 searchStage_trainer.py:267 [INFO] Train: Epoch: [3][390/390]	Step 1563	lr 0.02479	Loss 1.1100 (1.0221)	Hard Loss 1.1100 (1.0221)	Soft Loss 1.1100 (1.0221)	Arch Loss 0.9330 (1.0438)	Arch Hard Loss 0.9330 (1.0438)	Arch Soft Loss 0.9330 (1.0438)	Arch depth Loss -10.5917 (-8.7733)	Prec@(1,5) (63.8%, 96.5%)	
08/22 04:16:47午前 searchStage_trainer.py:283 [INFO] Train: [  3/49] Final Prec@1 63.7640%
08/22 04:16:51午前 searchStage_trainer.py:311 [INFO] Valid: Epoch: [3][50/391]	Step 1564	Loss 1.1151	Prec@(1,5) (59.9%, 96.0%)
08/22 04:16:55午前 searchStage_trainer.py:311 [INFO] Valid: Epoch: [3][100/391]	Step 1564	Loss 1.1099	Prec@(1,5) (60.7%, 95.9%)
08/22 04:16:59午前 searchStage_trainer.py:311 [INFO] Valid: Epoch: [3][150/391]	Step 1564	Loss 1.1043	Prec@(1,5) (61.1%, 95.9%)
08/22 04:17:02午前 searchStage_trainer.py:311 [INFO] Valid: Epoch: [3][200/391]	Step 1564	Loss 1.1084	Prec@(1,5) (61.1%, 95.8%)
08/22 04:17:06午前 searchStage_trainer.py:311 [INFO] Valid: Epoch: [3][250/391]	Step 1564	Loss 1.1026	Prec@(1,5) (61.3%, 95.8%)
08/22 04:17:10午前 searchStage_trainer.py:311 [INFO] Valid: Epoch: [3][300/391]	Step 1564	Loss 1.1040	Prec@(1,5) (61.3%, 95.8%)
08/22 04:17:13午前 searchStage_trainer.py:311 [INFO] Valid: Epoch: [3][350/391]	Step 1564	Loss 1.0998	Prec@(1,5) (61.6%, 95.8%)
08/22 04:17:16午前 searchStage_trainer.py:311 [INFO] Valid: Epoch: [3][390/391]	Step 1564	Loss 1.0972	Prec@(1,5) (61.5%, 95.9%)
08/22 04:17:16午前 searchStage_trainer.py:322 [INFO] Valid: [  3/49] Final Prec@1 61.5440%
