10/14 10:19:34AM parser.py:28 [INFO] 
10/14 10:19:34AM parser.py:29 [INFO] Parameters:
10/14 10:19:34AM parser.py:31 [INFO] DAG=Genotype2(DAG1=[[('skip_connect', 1), ('skip_connect', 0)], [('skip_connect', 1), ('skip_connect', 0)], [('skip_connect', 1), ('skip_connect', 0)], [('max_pool_3x3', 3), ('avg_pool_3x3', 2)], [('skip_connect', 0), ('skip_connect', 1)], [('skip_connect', 0), ('skip_connect', 1)]], DAG1_concat=range(6, 8), DAG2=[[('skip_connect', 0), ('skip_connect', 1)], [('skip_connect', 1), ('skip_connect', 0)], [('skip_connect', 1), ('skip_connect', 0)], [('skip_connect', 1), ('skip_connect', 0)], [('skip_connect', 0), ('skip_connect', 1)], [('skip_connect', 0), ('skip_connect', 1)]], DAG2_concat=range(6, 8), DAG3=[[('skip_connect', 1), ('skip_connect', 0)], [('skip_connect', 1), ('skip_connect', 0)], [('skip_connect', 1), ('skip_connect', 0)], [('skip_connect', 1), ('skip_connect', 0)], [('skip_connect', 1), ('skip_connect', 0)], [('skip_connect', 1), ('skip_connect', 0)]], DAG3_concat=range(6, 8))
10/14 10:19:34AM parser.py:31 [INFO] T=10.0
10/14 10:19:34AM parser.py:31 [INFO] ADVANCED=True
10/14 10:19:34AM parser.py:31 [INFO] AUX_WEIGHT=0.4
10/14 10:19:34AM parser.py:31 [INFO] BATCH_SIZE=64
10/14 10:19:34AM parser.py:31 [INFO] CHECKPOINT_RESET=False
10/14 10:19:34AM parser.py:31 [INFO] CUTOUT_LENGTH=16
10/14 10:19:34AM parser.py:31 [INFO] DATA_PATH=../data/
10/14 10:19:34AM parser.py:31 [INFO] DATASET=cifar100
10/14 10:19:34AM parser.py:31 [INFO] DEPTH_COEF=0.0
10/14 10:19:34AM parser.py:31 [INFO] DESCRIPTION=ArchHint_KD_mimic_only_teacher_archtecture
10/14 10:19:34AM parser.py:31 [INFO] DROP_PATH_PROB=0.2
10/14 10:19:34AM parser.py:31 [INFO] EPOCHS=100
10/14 10:19:34AM parser.py:31 [INFO] EXP_NAME=s4l0.0001-h_das_teacher
10/14 10:19:34AM parser.py:31 [INFO] GENOTYPE=Genotype3(normal1=[[('sep_conv_5x5', 0), ('sep_conv_3x3', 1)], [('sep_conv_3x3', 1), ('sep_conv_3x3', 0)], [('sep_conv_3x3', 1), ('sep_conv_3x3', 2)], [('sep_conv_3x3', 0), ('sep_conv_5x5', 4)]], normal1_concat=range(2, 6), reduce1=[[('sep_conv_3x3', 0), ('skip_connect', 1)], [('sep_conv_3x3', 1), ('max_pool_3x3', 0)], [('sep_conv_3x3', 2), ('sep_conv_3x3', 1)], [('max_pool_3x3', 0), ('dil_conv_3x3', 1)]], reduce1_concat=range(2, 6), normal2=[[('skip_connect', 0), ('sep_conv_5x5', 1)], [('skip_connect', 0), ('skip_connect', 2)], [('avg_pool_3x3', 0), ('avg_pool_3x3', 2)], [('skip_connect', 0), ('avg_pool_3x3', 2)]], normal2_concat=range(2, 6), reduce2=[[('avg_pool_3x3', 0), ('avg_pool_3x3', 1)], [('avg_pool_3x3', 0), ('skip_connect', 2)], [('skip_connect', 2), ('avg_pool_3x3', 0)], [('skip_connect', 2), ('avg_pool_3x3', 0)]], reduce2_concat=range(2, 6), normal3=[[('skip_connect', 0), ('skip_connect', 1)], [('skip_connect', 0), ('dil_conv_3x3', 1)], [('skip_connect', 0), ('skip_connect', 1)], [('skip_connect', 0), ('skip_connect', 2)]], normal3_concat=range(2, 6))
10/14 10:19:34AM parser.py:31 [INFO] GPUS=[0]
10/14 10:19:34AM parser.py:31 [INFO] INIT_CHANNELS=32
10/14 10:19:34AM parser.py:31 [INFO] L=0.5
10/14 10:19:34AM parser.py:31 [INFO] LAYERS=20
10/14 10:19:34AM parser.py:31 [INFO] LOGGER=<Logger H-DAS (INFO)>
10/14 10:19:34AM parser.py:31 [INFO] NAME=ARCH-KD
10/14 10:19:34AM parser.py:31 [INFO] NONKD=True
10/14 10:19:34AM parser.py:31 [INFO] PATH=results/evaluate_stage_KD/cifar100/ARCH-KD/s4l0.0001-h_das_teacher
10/14 10:19:34AM parser.py:31 [INFO] PLOT_PATH=results/evaluate_stage_KD/cifar100/ARCH-KD/s4l0.0001-h_das_teacher/plots
10/14 10:19:34AM parser.py:31 [INFO] PRINT_FREQ=100
10/14 10:19:34AM parser.py:31 [INFO] RESUME_PATH=/home/miura/lab/KD-hdas/results/search_stage_KD/cifar100/ARCH-KD/l0.0001-2-h_das_teacher/best.pth.tar
10/14 10:19:34AM parser.py:31 [INFO] SAVE=s4l0.0001-h_das_teacher
10/14 10:19:34AM parser.py:31 [INFO] SEED=4
10/14 10:19:34AM parser.py:31 [INFO] SLIDE_WINDOW=8
10/14 10:19:34AM parser.py:31 [INFO] SPEC_CELL=True
10/14 10:19:34AM parser.py:31 [INFO] TEACHER_NAME=none
10/14 10:19:34AM parser.py:31 [INFO] TEACHER_PATH=none
10/14 10:19:34AM parser.py:31 [INFO] TRAIN_PORTION=0.9
10/14 10:19:34AM parser.py:31 [INFO] W_GRAD_CLIP=5.0
10/14 10:19:34AM parser.py:31 [INFO] W_LR=0.025
10/14 10:19:34AM parser.py:31 [INFO] W_LR_MIN=0.001
10/14 10:19:34AM parser.py:31 [INFO] W_MOMENTUM=0.9
10/14 10:19:34AM parser.py:31 [INFO] W_WEIGHT_DECAY=0.0003
10/14 10:19:34AM parser.py:31 [INFO] WORKERS=4
10/14 10:19:34AM parser.py:32 [INFO] 
10/14 10:19:54AM evaluateStageRelax_trainer.py:115 [INFO] --> Loaded checkpoint '/home/miura/lab/KD-hdas/results/search_stage_KD/cifar100/ARCH-KD/l0.0001-2-h_das_teacher/best.pth.tar'(Reseted epoch 0)
10/14 10:19:54AM evaluateStageRelax_trainer.py:138 [INFO] --> Loaded alpha parameters are Freezed
####### ALPHA #######
# Alpha - DAG
tensor([[0.2038, 0.2254, 0.3281, 0.2427],
        [0.2037, 0.2243, 0.3344, 0.2376]], device='cuda:0')
tensor([[0.1595, 0.1833, 0.4087, 0.2484],
        [0.1599, 0.1829, 0.4101, 0.2472],
        [0.2492, 0.2626, 0.2668, 0.2214]], device='cuda:0')
tensor([[0.2277, 0.2369, 0.3060, 0.2293],
        [0.2132, 0.2275, 0.3309, 0.2283],
        [0.2396, 0.2509, 0.2578, 0.2517],
        [0.2403, 0.2203, 0.2665, 0.2730]], device='cuda:0')
tensor([[0.2692, 0.2014, 0.2382, 0.2912],
        [0.2655, 0.2067, 0.2437, 0.2841],
        [0.2584, 0.2736, 0.2579, 0.2101],
        [0.2877, 0.2177, 0.2623, 0.2323],
        [0.2643, 0.2330, 0.2645, 0.2382]], device='cuda:0')
tensor([[0.0643, 0.0717, 0.7333, 0.1307],
        [0.0654, 0.0725, 0.7280, 0.1341],
        [0.1937, 0.1957, 0.2233, 0.3873],
        [0.1772, 0.2610, 0.3384, 0.2234],
        [0.2154, 0.2341, 0.2534, 0.2972],
        [0.2240, 0.2548, 0.2578, 0.2634]], device='cuda:0')
tensor([[0.1846, 0.1494, 0.4513, 0.2146],
        [0.1841, 0.1531, 0.4380, 0.2248],
        [0.2322, 0.2079, 0.2609, 0.2991],
        [0.2253, 0.2174, 0.3397, 0.2176],
        [0.2349, 0.2079, 0.2644, 0.2927],
        [0.2512, 0.2298, 0.2673, 0.2517],
        [0.2651, 0.1818, 0.3399, 0.2132]], device='cuda:0')
tensor([[0.1745, 0.1734, 0.4081, 0.2440],
        [0.1849, 0.1930, 0.4058, 0.2162]], device='cuda:0')
tensor([[0.1931, 0.2120, 0.3385, 0.2564],
        [0.1838, 0.2098, 0.3470, 0.2594],
        [0.2280, 0.2842, 0.2702, 0.2176]], device='cuda:0')
tensor([[0.2152, 0.2192, 0.3107, 0.2549],
        [0.2164, 0.2203, 0.3420, 0.2213],
        [0.2427, 0.2232, 0.2616, 0.2725],
        [0.2941, 0.2376, 0.2322, 0.2361]], device='cuda:0')
tensor([[0.2282, 0.2536, 0.2845, 0.2336],
        [0.2357, 0.2464, 0.2964, 0.2214],
        [0.2552, 0.2747, 0.2617, 0.2085],
        [0.2322, 0.2306, 0.2679, 0.2692],
        [0.2345, 0.2086, 0.2355, 0.3214]], device='cuda:0')
tensor([[0.1682, 0.1544, 0.5192, 0.1581],
        [0.1546, 0.1613, 0.5040, 0.1801],
        [0.2000, 0.2406, 0.3727, 0.1866],
        [0.1996, 0.2180, 0.3139, 0.2684],
        [0.2268, 0.1920, 0.2515, 0.3297],
        [0.1964, 0.1780, 0.2084, 0.4172]], device='cuda:0')
tensor([[0.1426, 0.1315, 0.5779, 0.1479],
        [0.1455, 0.1272, 0.5551, 0.1721],
        [0.2066, 0.2633, 0.3079, 0.2222],
        [0.1980, 0.2182, 0.2831, 0.3008],
        [0.2139, 0.2388, 0.2805, 0.2668],
        [0.1900, 0.2486, 0.2971, 0.2643],
        [0.1797, 0.2192, 0.2288, 0.3722]], device='cuda:0')
tensor([[0.0665, 0.0984, 0.6425, 0.1926],
        [0.0588, 0.0844, 0.7173, 0.1395]], device='cuda:0')
tensor([[0.0825, 0.1456, 0.5768, 0.1950],
        [0.0728, 0.1310, 0.6702, 0.1260],
        [0.1111, 0.2299, 0.3096, 0.3493]], device='cuda:0')
tensor([[0.1135, 0.1191, 0.5724, 0.1949],
        [0.0992, 0.1225, 0.6901, 0.0882],
        [0.1378, 0.1771, 0.3534, 0.3317],
        [0.1039, 0.1060, 0.1474, 0.6427]], device='cuda:0')
tensor([[0.1880, 0.1747, 0.3787, 0.2586],
        [0.1682, 0.2096, 0.4734, 0.1488],
        [0.1987, 0.2325, 0.2903, 0.2785],
        [0.1853, 0.2032, 0.2667, 0.3449],
        [0.2086, 0.2276, 0.2414, 0.3224]], device='cuda:0')
tensor([[0.0314, 0.0302, 0.8984, 0.0399],
        [0.0290, 0.0290, 0.9045, 0.0375],
        [0.0637, 0.0621, 0.2418, 0.6324],
        [0.0374, 0.0344, 0.0747, 0.8535],
        [0.0483, 0.0449, 0.2122, 0.6946],
        [0.0244, 0.0211, 0.0369, 0.9177]], device='cuda:0')
tensor([[0.0504, 0.0291, 0.8877, 0.0328],
        [0.0413, 0.0270, 0.8944, 0.0373],
        [0.0753, 0.0485, 0.6276, 0.2485],
        [0.0790, 0.0551, 0.3657, 0.5002],
        [0.0543, 0.0416, 0.1569, 0.7472],
        [0.0323, 0.0244, 0.0590, 0.8843],
        [0.0645, 0.0394, 0.0601, 0.8359]], device='cuda:0')
#####################
10/14 10:20:12AM evaluateStageRelax_trainer.py:198 [INFO] Train: Epoch: [0][100/703]	Step 100	lr 0.025	Loss 6.1193 (6.3097)	Hard Loss 0.0000 (0.0000)	Soft Loss 0.0000 (0.0000)	Prec@(1,5) (3.4%, 14.3%)	
10/14 10:20:29AM evaluateStageRelax_trainer.py:198 [INFO] Train: Epoch: [0][200/703]	Step 200	lr 0.025	Loss 5.7646 (6.0252)	Hard Loss 0.0000 (0.0000)	Soft Loss 0.0000 (0.0000)	Prec@(1,5) (4.9%, 19.0%)	
10/14 10:20:46AM evaluateStageRelax_trainer.py:198 [INFO] Train: Epoch: [0][300/703]	Step 300	lr 0.025	Loss 5.4192 (5.8437)	Hard Loss 0.0000 (0.0000)	Soft Loss 0.0000 (0.0000)	Prec@(1,5) (6.3%, 22.4%)	
10/14 10:21:03AM evaluateStageRelax_trainer.py:198 [INFO] Train: Epoch: [0][400/703]	Step 400	lr 0.025	Loss 5.5125 (5.7214)	Hard Loss 0.0000 (0.0000)	Soft Loss 0.0000 (0.0000)	Prec@(1,5) (7.1%, 24.7%)	
10/14 10:21:20AM evaluateStageRelax_trainer.py:198 [INFO] Train: Epoch: [0][500/703]	Step 500	lr 0.025	Loss 4.7529 (5.6145)	Hard Loss 0.0000 (0.0000)	Soft Loss 0.0000 (0.0000)	Prec@(1,5) (8.0%, 26.7%)	
10/14 10:21:37AM evaluateStageRelax_trainer.py:198 [INFO] Train: Epoch: [0][600/703]	Step 600	lr 0.025	Loss 4.6093 (5.5216)	Hard Loss 0.0000 (0.0000)	Soft Loss 0.0000 (0.0000)	Prec@(1,5) (9.0%, 28.7%)	
10/14 10:21:54AM evaluateStageRelax_trainer.py:198 [INFO] Train: Epoch: [0][700/703]	Step 700	lr 0.025	Loss 4.7176 (5.4354)	Hard Loss 0.0000 (0.0000)	Soft Loss 0.0000 (0.0000)	Prec@(1,5) (9.8%, 30.5%)	
10/14 10:21:54AM evaluateStageRelax_trainer.py:198 [INFO] Train: Epoch: [0][703/703]	Step 703	lr 0.025	Loss 5.0256 (5.4335)	Hard Loss 0.0000 (0.0000)	Soft Loss 0.0000 (0.0000)	Prec@(1,5) (9.8%, 30.5%)	
10/14 10:21:55AM evaluateStageRelax_trainer.py:207 [INFO] Train: [  0/99] Final Prec@1 9.8289%
10/14 10:22:00AM evaluateStageRelax_trainer.py:242 [INFO] Valid: [  0/99] Final Prec@1 16.3200%
10/14 10:22:00午前 evaluateStageRelax_main.py:73 [INFO] Until now, best Prec@1 = 16.3200%
####### ALPHA #######
# Alpha - DAG
tensor([[0.2038, 0.2254, 0.3281, 0.2427],
        [0.2037, 0.2243, 0.3344, 0.2376]], device='cuda:0')
tensor([[0.1595, 0.1833, 0.4087, 0.2484],
        [0.1599, 0.1829, 0.4101, 0.2472],
        [0.2492, 0.2626, 0.2668, 0.2214]], device='cuda:0')
tensor([[0.2277, 0.2369, 0.3060, 0.2293],
        [0.2132, 0.2275, 0.3309, 0.2283],
        [0.2396, 0.2509, 0.2578, 0.2517],
        [0.2403, 0.2203, 0.2665, 0.2730]], device='cuda:0')
tensor([[0.2692, 0.2014, 0.2382, 0.2912],
        [0.2655, 0.2067, 0.2437, 0.2841],
        [0.2584, 0.2736, 0.2579, 0.2101],
        [0.2877, 0.2177, 0.2623, 0.2323],
        [0.2643, 0.2330, 0.2645, 0.2382]], device='cuda:0')
tensor([[0.0643, 0.0717, 0.7333, 0.1307],
        [0.0654, 0.0725, 0.7280, 0.1341],
        [0.1937, 0.1957, 0.2233, 0.3873],
        [0.1772, 0.2610, 0.3384, 0.2234],
        [0.2154, 0.2341, 0.2534, 0.2972],
        [0.2240, 0.2548, 0.2578, 0.2634]], device='cuda:0')
tensor([[0.1846, 0.1494, 0.4513, 0.2146],
        [0.1841, 0.1531, 0.4380, 0.2248],
        [0.2322, 0.2079, 0.2609, 0.2991],
        [0.2253, 0.2174, 0.3397, 0.2176],
        [0.2349, 0.2079, 0.2644, 0.2927],
        [0.2512, 0.2298, 0.2673, 0.2517],
        [0.2651, 0.1818, 0.3399, 0.2132]], device='cuda:0')
tensor([[0.1745, 0.1734, 0.4081, 0.2440],
        [0.1849, 0.1930, 0.4058, 0.2162]], device='cuda:0')
tensor([[0.1931, 0.2120, 0.3385, 0.2564],
        [0.1838, 0.2098, 0.3470, 0.2594],
        [0.2280, 0.2842, 0.2702, 0.2176]], device='cuda:0')
tensor([[0.2152, 0.2192, 0.3107, 0.2549],
        [0.2164, 0.2203, 0.3420, 0.2213],
        [0.2427, 0.2232, 0.2616, 0.2725],
        [0.2941, 0.2376, 0.2322, 0.2361]], device='cuda:0')
tensor([[0.2282, 0.2536, 0.2845, 0.2336],
        [0.2357, 0.2464, 0.2964, 0.2214],
        [0.2552, 0.2747, 0.2617, 0.2085],
        [0.2322, 0.2306, 0.2679, 0.2692],
        [0.2345, 0.2086, 0.2355, 0.3214]], device='cuda:0')
tensor([[0.1682, 0.1544, 0.5192, 0.1581],
        [0.1546, 0.1613, 0.5040, 0.1801],
        [0.2000, 0.2406, 0.3727, 0.1866],
        [0.1996, 0.2180, 0.3139, 0.2684],
        [0.2268, 0.1920, 0.2515, 0.3297],
        [0.1964, 0.1780, 0.2084, 0.4172]], device='cuda:0')
tensor([[0.1426, 0.1315, 0.5779, 0.1479],
        [0.1455, 0.1272, 0.5551, 0.1721],
        [0.2066, 0.2633, 0.3079, 0.2222],
        [0.1980, 0.2182, 0.2831, 0.3008],
        [0.2139, 0.2388, 0.2805, 0.2668],
        [0.1900, 0.2486, 0.2971, 0.2643],
        [0.1797, 0.2192, 0.2288, 0.3722]], device='cuda:0')
tensor([[0.0665, 0.0984, 0.6425, 0.1926],
        [0.0588, 0.0844, 0.7173, 0.1395]], device='cuda:0')
tensor([[0.0825, 0.1456, 0.5768, 0.1950],
        [0.0728, 0.1310, 0.6702, 0.1260],
        [0.1111, 0.2299, 0.3096, 0.3493]], device='cuda:0')
tensor([[0.1135, 0.1191, 0.5724, 0.1949],
        [0.0992, 0.1225, 0.6901, 0.0882],
        [0.1378, 0.1771, 0.3534, 0.3317],
        [0.1039, 0.1060, 0.1474, 0.6427]], device='cuda:0')
tensor([[0.1880, 0.1747, 0.3787, 0.2586],
        [0.1682, 0.2096, 0.4734, 0.1488],
        [0.1987, 0.2325, 0.2903, 0.2785],
        [0.1853, 0.2032, 0.2667, 0.3449],
        [0.2086, 0.2276, 0.2414, 0.3224]], device='cuda:0')
tensor([[0.0314, 0.0302, 0.8984, 0.0399],
        [0.0290, 0.0290, 0.9045, 0.0375],
        [0.0637, 0.0621, 0.2418, 0.6324],
        [0.0374, 0.0344, 0.0747, 0.8535],
        [0.0483, 0.0449, 0.2122, 0.6946],
        [0.0244, 0.0211, 0.0369, 0.9177]], device='cuda:0')
tensor([[0.0504, 0.0291, 0.8877, 0.0328],
        [0.0413, 0.0270, 0.8944, 0.0373],
        [0.0753, 0.0485, 0.6276, 0.2485],
        [0.0790, 0.0551, 0.3657, 0.5002],
        [0.0543, 0.0416, 0.1569, 0.7472],
        [0.0323, 0.0244, 0.0590, 0.8843],
        [0.0645, 0.0394, 0.0601, 0.8359]], device='cuda:0')
#####################
10/14 10:22:19午前 evaluateStageRelax_trainer.py:198 [INFO] Train: Epoch: [1][100/703]	Step 804	lr 0.02499	Loss 4.8834 (4.8189)	Hard Loss 0.0000 (0.0000)	Soft Loss 0.0000 (0.0000)	Prec@(1,5) (16.8%, 42.9%)	
10/14 10:22:36午前 evaluateStageRelax_trainer.py:198 [INFO] Train: Epoch: [1][200/703]	Step 904	lr 0.02499	Loss 4.7531 (4.7329)	Hard Loss 0.0000 (0.0000)	Soft Loss 0.0000 (0.0000)	Prec@(1,5) (17.9%, 44.9%)	
10/14 10:22:54午前 evaluateStageRelax_trainer.py:198 [INFO] Train: Epoch: [1][300/703]	Step 1004	lr 0.02499	Loss 4.2684 (4.6899)	Hard Loss 0.0000 (0.0000)	Soft Loss 0.0000 (0.0000)	Prec@(1,5) (18.4%, 46.2%)	
10/14 10:23:11午前 evaluateStageRelax_trainer.py:198 [INFO] Train: Epoch: [1][400/703]	Step 1104	lr 0.02499	Loss 3.4816 (4.6402)	Hard Loss 0.0000 (0.0000)	Soft Loss 0.0000 (0.0000)	Prec@(1,5) (19.0%, 47.2%)	
10/14 10:23:28午前 evaluateStageRelax_trainer.py:198 [INFO] Train: Epoch: [1][500/703]	Step 1204	lr 0.02499	Loss 4.6809 (4.5916)	Hard Loss 0.0000 (0.0000)	Soft Loss 0.0000 (0.0000)	Prec@(1,5) (19.5%, 48.1%)	
10/14 10:23:46午前 evaluateStageRelax_trainer.py:198 [INFO] Train: Epoch: [1][600/703]	Step 1304	lr 0.02499	Loss 4.3664 (4.5486)	Hard Loss 0.0000 (0.0000)	Soft Loss 0.0000 (0.0000)	Prec@(1,5) (20.0%, 49.0%)	
10/14 10:24:03午前 evaluateStageRelax_trainer.py:198 [INFO] Train: Epoch: [1][700/703]	Step 1404	lr 0.02499	Loss 3.9624 (4.4936)	Hard Loss 0.0000 (0.0000)	Soft Loss 0.0000 (0.0000)	Prec@(1,5) (20.9%, 49.9%)	
10/14 10:24:03午前 evaluateStageRelax_trainer.py:198 [INFO] Train: Epoch: [1][703/703]	Step 1407	lr 0.02499	Loss 4.0047 (4.4927)	Hard Loss 0.0000 (0.0000)	Soft Loss 0.0000 (0.0000)	Prec@(1,5) (20.9%, 50.0%)	
10/14 10:24:04午前 evaluateStageRelax_trainer.py:207 [INFO] Train: [  1/99] Final Prec@1 20.8978%
10/14 10:24:09午前 evaluateStageRelax_trainer.py:242 [INFO] Valid: [  1/99] Final Prec@1 24.3200%
10/14 10:24:09午前 evaluateStageRelax_main.py:73 [INFO] Until now, best Prec@1 = 24.3200%
####### ALPHA #######
# Alpha - DAG
tensor([[0.2038, 0.2254, 0.3281, 0.2427],
        [0.2037, 0.2243, 0.3344, 0.2376]], device='cuda:0')
tensor([[0.1595, 0.1833, 0.4087, 0.2484],
        [0.1599, 0.1829, 0.4101, 0.2472],
        [0.2492, 0.2626, 0.2668, 0.2214]], device='cuda:0')
tensor([[0.2277, 0.2369, 0.3060, 0.2293],
        [0.2132, 0.2275, 0.3309, 0.2283],
        [0.2396, 0.2509, 0.2578, 0.2517],
        [0.2403, 0.2203, 0.2665, 0.2730]], device='cuda:0')
tensor([[0.2692, 0.2014, 0.2382, 0.2912],
        [0.2655, 0.2067, 0.2437, 0.2841],
        [0.2584, 0.2736, 0.2579, 0.2101],
        [0.2877, 0.2177, 0.2623, 0.2323],
        [0.2643, 0.2330, 0.2645, 0.2382]], device='cuda:0')
tensor([[0.0643, 0.0717, 0.7333, 0.1307],
        [0.0654, 0.0725, 0.7280, 0.1341],
        [0.1937, 0.1957, 0.2233, 0.3873],
        [0.1772, 0.2610, 0.3384, 0.2234],
        [0.2154, 0.2341, 0.2534, 0.2972],
        [0.2240, 0.2548, 0.2578, 0.2634]], device='cuda:0')
tensor([[0.1846, 0.1494, 0.4513, 0.2146],
        [0.1841, 0.1531, 0.4380, 0.2248],
        [0.2322, 0.2079, 0.2609, 0.2991],
        [0.2253, 0.2174, 0.3397, 0.2176],
        [0.2349, 0.2079, 0.2644, 0.2927],
        [0.2512, 0.2298, 0.2673, 0.2517],
        [0.2651, 0.1818, 0.3399, 0.2132]], device='cuda:0')
tensor([[0.1745, 0.1734, 0.4081, 0.2440],
        [0.1849, 0.1930, 0.4058, 0.2162]], device='cuda:0')
tensor([[0.1931, 0.2120, 0.3385, 0.2564],
        [0.1838, 0.2098, 0.3470, 0.2594],
        [0.2280, 0.2842, 0.2702, 0.2176]], device='cuda:0')
tensor([[0.2152, 0.2192, 0.3107, 0.2549],
        [0.2164, 0.2203, 0.3420, 0.2213],
        [0.2427, 0.2232, 0.2616, 0.2725],
        [0.2941, 0.2376, 0.2322, 0.2361]], device='cuda:0')
tensor([[0.2282, 0.2536, 0.2845, 0.2336],
        [0.2357, 0.2464, 0.2964, 0.2214],
        [0.2552, 0.2747, 0.2617, 0.2085],
        [0.2322, 0.2306, 0.2679, 0.2692],
        [0.2345, 0.2086, 0.2355, 0.3214]], device='cuda:0')
tensor([[0.1682, 0.1544, 0.5192, 0.1581],
        [0.1546, 0.1613, 0.5040, 0.1801],
        [0.2000, 0.2406, 0.3727, 0.1866],
        [0.1996, 0.2180, 0.3139, 0.2684],
        [0.2268, 0.1920, 0.2515, 0.3297],
        [0.1964, 0.1780, 0.2084, 0.4172]], device='cuda:0')
tensor([[0.1426, 0.1315, 0.5779, 0.1479],
        [0.1455, 0.1272, 0.5551, 0.1721],
        [0.2066, 0.2633, 0.3079, 0.2222],
        [0.1980, 0.2182, 0.2831, 0.3008],
        [0.2139, 0.2388, 0.2805, 0.2668],
        [0.1900, 0.2486, 0.2971, 0.2643],
        [0.1797, 0.2192, 0.2288, 0.3722]], device='cuda:0')
tensor([[0.0665, 0.0984, 0.6425, 0.1926],
        [0.0588, 0.0844, 0.7173, 0.1395]], device='cuda:0')
tensor([[0.0825, 0.1456, 0.5768, 0.1950],
        [0.0728, 0.1310, 0.6702, 0.1260],
        [0.1111, 0.2299, 0.3096, 0.3493]], device='cuda:0')
tensor([[0.1135, 0.1191, 0.5724, 0.1949],
        [0.0992, 0.1225, 0.6901, 0.0882],
        [0.1378, 0.1771, 0.3534, 0.3317],
        [0.1039, 0.1060, 0.1474, 0.6427]], device='cuda:0')
tensor([[0.1880, 0.1747, 0.3787, 0.2586],
        [0.1682, 0.2096, 0.4734, 0.1488],
        [0.1987, 0.2325, 0.2903, 0.2785],
        [0.1853, 0.2032, 0.2667, 0.3449],
        [0.2086, 0.2276, 0.2414, 0.3224]], device='cuda:0')
tensor([[0.0314, 0.0302, 0.8984, 0.0399],
        [0.0290, 0.0290, 0.9045, 0.0375],
        [0.0637, 0.0621, 0.2418, 0.6324],
        [0.0374, 0.0344, 0.0747, 0.8535],
        [0.0483, 0.0449, 0.2122, 0.6946],
        [0.0244, 0.0211, 0.0369, 0.9177]], device='cuda:0')
tensor([[0.0504, 0.0291, 0.8877, 0.0328],
        [0.0413, 0.0270, 0.8944, 0.0373],
        [0.0753, 0.0485, 0.6276, 0.2485],
        [0.0790, 0.0551, 0.3657, 0.5002],
        [0.0543, 0.0416, 0.1569, 0.7472],
        [0.0323, 0.0244, 0.0590, 0.8843],
        [0.0645, 0.0394, 0.0601, 0.8359]], device='cuda:0')
#####################
10/14 10:24:27午前 evaluateStageRelax_trainer.py:198 [INFO] Train: Epoch: [2][100/703]	Step 1508	lr 0.02498	Loss 4.0825 (4.0786)	Hard Loss 0.0000 (0.0000)	Soft Loss 0.0000 (0.0000)	Prec@(1,5) (27.0%, 57.7%)	
10/14 10:24:44午前 evaluateStageRelax_trainer.py:198 [INFO] Train: Epoch: [2][200/703]	Step 1608	lr 0.02498	Loss 4.1745 (4.0607)	Hard Loss 0.0000 (0.0000)	Soft Loss 0.0000 (0.0000)	Prec@(1,5) (26.8%, 58.2%)	
10/14 10:25:02午前 evaluateStageRelax_trainer.py:198 [INFO] Train: Epoch: [2][300/703]	Step 1708	lr 0.02498	Loss 3.7736 (4.0211)	Hard Loss 0.0000 (0.0000)	Soft Loss 0.0000 (0.0000)	Prec@(1,5) (27.2%, 59.0%)	
10/14 10:25:20午前 evaluateStageRelax_trainer.py:198 [INFO] Train: Epoch: [2][400/703]	Step 1808	lr 0.02498	Loss 3.8154 (3.9666)	Hard Loss 0.0000 (0.0000)	Soft Loss 0.0000 (0.0000)	Prec@(1,5) (28.0%, 59.9%)	
10/14 10:25:37午前 evaluateStageRelax_trainer.py:198 [INFO] Train: Epoch: [2][500/703]	Step 1908	lr 0.02498	Loss 4.2574 (3.9321)	Hard Loss 0.0000 (0.0000)	Soft Loss 0.0000 (0.0000)	Prec@(1,5) (28.6%, 60.6%)	
10/14 10:25:55午前 evaluateStageRelax_trainer.py:198 [INFO] Train: Epoch: [2][600/703]	Step 2008	lr 0.02498	Loss 3.4733 (3.8963)	Hard Loss 0.0000 (0.0000)	Soft Loss 0.0000 (0.0000)	Prec@(1,5) (29.1%, 61.1%)	
10/14 10:26:12午前 evaluateStageRelax_trainer.py:198 [INFO] Train: Epoch: [2][700/703]	Step 2108	lr 0.02498	Loss 3.2195 (3.8646)	Hard Loss 0.0000 (0.0000)	Soft Loss 0.0000 (0.0000)	Prec@(1,5) (29.6%, 61.7%)	
10/14 10:26:13午前 evaluateStageRelax_trainer.py:198 [INFO] Train: Epoch: [2][703/703]	Step 2111	lr 0.02498	Loss 3.9714 (3.8643)	Hard Loss 0.0000 (0.0000)	Soft Loss 0.0000 (0.0000)	Prec@(1,5) (29.6%, 61.7%)	
10/14 10:26:13午前 evaluateStageRelax_trainer.py:207 [INFO] Train: [  2/99] Final Prec@1 29.5556%
10/14 10:26:18午前 evaluateStageRelax_trainer.py:242 [INFO] Valid: [  2/99] Final Prec@1 29.8400%
10/14 10:26:19午前 evaluateStageRelax_main.py:73 [INFO] Until now, best Prec@1 = 29.8400%
####### ALPHA #######
# Alpha - DAG
tensor([[0.2038, 0.2254, 0.3281, 0.2427],
        [0.2037, 0.2243, 0.3344, 0.2376]], device='cuda:0')
tensor([[0.1595, 0.1833, 0.4087, 0.2484],
        [0.1599, 0.1829, 0.4101, 0.2472],
        [0.2492, 0.2626, 0.2668, 0.2214]], device='cuda:0')
tensor([[0.2277, 0.2369, 0.3060, 0.2293],
        [0.2132, 0.2275, 0.3309, 0.2283],
        [0.2396, 0.2509, 0.2578, 0.2517],
        [0.2403, 0.2203, 0.2665, 0.2730]], device='cuda:0')
tensor([[0.2692, 0.2014, 0.2382, 0.2912],
        [0.2655, 0.2067, 0.2437, 0.2841],
        [0.2584, 0.2736, 0.2579, 0.2101],
        [0.2877, 0.2177, 0.2623, 0.2323],
        [0.2643, 0.2330, 0.2645, 0.2382]], device='cuda:0')
tensor([[0.0643, 0.0717, 0.7333, 0.1307],
        [0.0654, 0.0725, 0.7280, 0.1341],
        [0.1937, 0.1957, 0.2233, 0.3873],
        [0.1772, 0.2610, 0.3384, 0.2234],
        [0.2154, 0.2341, 0.2534, 0.2972],
        [0.2240, 0.2548, 0.2578, 0.2634]], device='cuda:0')
tensor([[0.1846, 0.1494, 0.4513, 0.2146],
        [0.1841, 0.1531, 0.4380, 0.2248],
        [0.2322, 0.2079, 0.2609, 0.2991],
        [0.2253, 0.2174, 0.3397, 0.2176],
        [0.2349, 0.2079, 0.2644, 0.2927],
        [0.2512, 0.2298, 0.2673, 0.2517],
        [0.2651, 0.1818, 0.3399, 0.2132]], device='cuda:0')
tensor([[0.1745, 0.1734, 0.4081, 0.2440],
        [0.1849, 0.1930, 0.4058, 0.2162]], device='cuda:0')
tensor([[0.1931, 0.2120, 0.3385, 0.2564],
        [0.1838, 0.2098, 0.3470, 0.2594],
        [0.2280, 0.2842, 0.2702, 0.2176]], device='cuda:0')
tensor([[0.2152, 0.2192, 0.3107, 0.2549],
        [0.2164, 0.2203, 0.3420, 0.2213],
        [0.2427, 0.2232, 0.2616, 0.2725],
        [0.2941, 0.2376, 0.2322, 0.2361]], device='cuda:0')
tensor([[0.2282, 0.2536, 0.2845, 0.2336],
        [0.2357, 0.2464, 0.2964, 0.2214],
        [0.2552, 0.2747, 0.2617, 0.2085],
        [0.2322, 0.2306, 0.2679, 0.2692],
        [0.2345, 0.2086, 0.2355, 0.3214]], device='cuda:0')
tensor([[0.1682, 0.1544, 0.5192, 0.1581],
        [0.1546, 0.1613, 0.5040, 0.1801],
        [0.2000, 0.2406, 0.3727, 0.1866],
        [0.1996, 0.2180, 0.3139, 0.2684],
        [0.2268, 0.1920, 0.2515, 0.3297],
        [0.1964, 0.1780, 0.2084, 0.4172]], device='cuda:0')
tensor([[0.1426, 0.1315, 0.5779, 0.1479],
        [0.1455, 0.1272, 0.5551, 0.1721],
        [0.2066, 0.2633, 0.3079, 0.2222],
        [0.1980, 0.2182, 0.2831, 0.3008],
        [0.2139, 0.2388, 0.2805, 0.2668],
        [0.1900, 0.2486, 0.2971, 0.2643],
        [0.1797, 0.2192, 0.2288, 0.3722]], device='cuda:0')
tensor([[0.0665, 0.0984, 0.6425, 0.1926],
        [0.0588, 0.0844, 0.7173, 0.1395]], device='cuda:0')
tensor([[0.0825, 0.1456, 0.5768, 0.1950],
        [0.0728, 0.1310, 0.6702, 0.1260],
        [0.1111, 0.2299, 0.3096, 0.3493]], device='cuda:0')
tensor([[0.1135, 0.1191, 0.5724, 0.1949],
        [0.0992, 0.1225, 0.6901, 0.0882],
        [0.1378, 0.1771, 0.3534, 0.3317],
        [0.1039, 0.1060, 0.1474, 0.6427]], device='cuda:0')
tensor([[0.1880, 0.1747, 0.3787, 0.2586],
        [0.1682, 0.2096, 0.4734, 0.1488],
        [0.1987, 0.2325, 0.2903, 0.2785],
        [0.1853, 0.2032, 0.2667, 0.3449],
        [0.2086, 0.2276, 0.2414, 0.3224]], device='cuda:0')
tensor([[0.0314, 0.0302, 0.8984, 0.0399],
        [0.0290, 0.0290, 0.9045, 0.0375],
        [0.0637, 0.0621, 0.2418, 0.6324],
        [0.0374, 0.0344, 0.0747, 0.8535],
        [0.0483, 0.0449, 0.2122, 0.6946],
        [0.0244, 0.0211, 0.0369, 0.9177]], device='cuda:0')
tensor([[0.0504, 0.0291, 0.8877, 0.0328],
        [0.0413, 0.0270, 0.8944, 0.0373],
        [0.0753, 0.0485, 0.6276, 0.2485],
        [0.0790, 0.0551, 0.3657, 0.5002],
        [0.0543, 0.0416, 0.1569, 0.7472],
        [0.0323, 0.0244, 0.0590, 0.8843],
        [0.0645, 0.0394, 0.0601, 0.8359]], device='cuda:0')
#####################
10/14 10:26:37午前 evaluateStageRelax_trainer.py:198 [INFO] Train: Epoch: [3][100/703]	Step 2212	lr 0.02495	Loss 3.7952 (3.5450)	Hard Loss 0.0000 (0.0000)	Soft Loss 0.0000 (0.0000)	Prec@(1,5) (33.0%, 67.0%)	
10/14 10:26:54午前 evaluateStageRelax_trainer.py:198 [INFO] Train: Epoch: [3][200/703]	Step 2312	lr 0.02495	Loss 3.4218 (3.5177)	Hard Loss 0.0000 (0.0000)	Soft Loss 0.0000 (0.0000)	Prec@(1,5) (33.6%, 67.6%)	
10/14 10:27:12午前 evaluateStageRelax_trainer.py:198 [INFO] Train: Epoch: [3][300/703]	Step 2412	lr 0.02495	Loss 3.8549 (3.5008)	Hard Loss 0.0000 (0.0000)	Soft Loss 0.0000 (0.0000)	Prec@(1,5) (34.0%, 67.7%)	
10/14 10:27:29午前 evaluateStageRelax_trainer.py:198 [INFO] Train: Epoch: [3][400/703]	Step 2512	lr 0.02495	Loss 3.4266 (3.4922)	Hard Loss 0.0000 (0.0000)	Soft Loss 0.0000 (0.0000)	Prec@(1,5) (34.3%, 67.8%)	
10/14 10:27:47午前 evaluateStageRelax_trainer.py:198 [INFO] Train: Epoch: [3][500/703]	Step 2612	lr 0.02495	Loss 3.3676 (3.4693)	Hard Loss 0.0000 (0.0000)	Soft Loss 0.0000 (0.0000)	Prec@(1,5) (34.9%, 68.1%)	
10/14 10:28:04午前 evaluateStageRelax_trainer.py:198 [INFO] Train: Epoch: [3][600/703]	Step 2712	lr 0.02495	Loss 3.4615 (3.4442)	Hard Loss 0.0000 (0.0000)	Soft Loss 0.0000 (0.0000)	Prec@(1,5) (35.2%, 68.4%)	
10/14 10:28:22午前 evaluateStageRelax_trainer.py:198 [INFO] Train: Epoch: [3][700/703]	Step 2812	lr 0.02495	Loss 3.3215 (3.4213)	Hard Loss 0.0000 (0.0000)	Soft Loss 0.0000 (0.0000)	Prec@(1,5) (35.6%, 68.8%)	
10/14 10:28:23午前 evaluateStageRelax_trainer.py:198 [INFO] Train: Epoch: [3][703/703]	Step 2815	lr 0.02495	Loss 3.0892 (3.4206)	Hard Loss 0.0000 (0.0000)	Soft Loss 0.0000 (0.0000)	Prec@(1,5) (35.6%, 68.8%)	
10/14 10:28:23午前 evaluateStageRelax_trainer.py:207 [INFO] Train: [  3/99] Final Prec@1 35.5600%
10/14 10:28:28午前 evaluateStageRelax_trainer.py:242 [INFO] Valid: [  3/99] Final Prec@1 34.3800%
10/14 10:28:28午前 evaluateStageRelax_main.py:73 [INFO] Until now, best Prec@1 = 34.3800%
####### ALPHA #######
# Alpha - DAG
tensor([[0.2038, 0.2254, 0.3281, 0.2427],
        [0.2037, 0.2243, 0.3344, 0.2376]], device='cuda:0')
tensor([[0.1595, 0.1833, 0.4087, 0.2484],
        [0.1599, 0.1829, 0.4101, 0.2472],
        [0.2492, 0.2626, 0.2668, 0.2214]], device='cuda:0')
tensor([[0.2277, 0.2369, 0.3060, 0.2293],
        [0.2132, 0.2275, 0.3309, 0.2283],
        [0.2396, 0.2509, 0.2578, 0.2517],
        [0.2403, 0.2203, 0.2665, 0.2730]], device='cuda:0')
tensor([[0.2692, 0.2014, 0.2382, 0.2912],
        [0.2655, 0.2067, 0.2437, 0.2841],
        [0.2584, 0.2736, 0.2579, 0.2101],
        [0.2877, 0.2177, 0.2623, 0.2323],
        [0.2643, 0.2330, 0.2645, 0.2382]], device='cuda:0')
tensor([[0.0643, 0.0717, 0.7333, 0.1307],
        [0.0654, 0.0725, 0.7280, 0.1341],
        [0.1937, 0.1957, 0.2233, 0.3873],
        [0.1772, 0.2610, 0.3384, 0.2234],
        [0.2154, 0.2341, 0.2534, 0.2972],
        [0.2240, 0.2548, 0.2578, 0.2634]], device='cuda:0')
tensor([[0.1846, 0.1494, 0.4513, 0.2146],
        [0.1841, 0.1531, 0.4380, 0.2248],
        [0.2322, 0.2079, 0.2609, 0.2991],
        [0.2253, 0.2174, 0.3397, 0.2176],
        [0.2349, 0.2079, 0.2644, 0.2927],
        [0.2512, 0.2298, 0.2673, 0.2517],
        [0.2651, 0.1818, 0.3399, 0.2132]], device='cuda:0')
tensor([[0.1745, 0.1734, 0.4081, 0.2440],
        [0.1849, 0.1930, 0.4058, 0.2162]], device='cuda:0')
tensor([[0.1931, 0.2120, 0.3385, 0.2564],
        [0.1838, 0.2098, 0.3470, 0.2594],
        [0.2280, 0.2842, 0.2702, 0.2176]], device='cuda:0')
tensor([[0.2152, 0.2192, 0.3107, 0.2549],
        [0.2164, 0.2203, 0.3420, 0.2213],
        [0.2427, 0.2232, 0.2616, 0.2725],
        [0.2941, 0.2376, 0.2322, 0.2361]], device='cuda:0')
tensor([[0.2282, 0.2536, 0.2845, 0.2336],
        [0.2357, 0.2464, 0.2964, 0.2214],
        [0.2552, 0.2747, 0.2617, 0.2085],
        [0.2322, 0.2306, 0.2679, 0.2692],
        [0.2345, 0.2086, 0.2355, 0.3214]], device='cuda:0')
tensor([[0.1682, 0.1544, 0.5192, 0.1581],
        [0.1546, 0.1613, 0.5040, 0.1801],
        [0.2000, 0.2406, 0.3727, 0.1866],
        [0.1996, 0.2180, 0.3139, 0.2684],
        [0.2268, 0.1920, 0.2515, 0.3297],
        [0.1964, 0.1780, 0.2084, 0.4172]], device='cuda:0')
tensor([[0.1426, 0.1315, 0.5779, 0.1479],
        [0.1455, 0.1272, 0.5551, 0.1721],
        [0.2066, 0.2633, 0.3079, 0.2222],
        [0.1980, 0.2182, 0.2831, 0.3008],
        [0.2139, 0.2388, 0.2805, 0.2668],
        [0.1900, 0.2486, 0.2971, 0.2643],
        [0.1797, 0.2192, 0.2288, 0.3722]], device='cuda:0')
tensor([[0.0665, 0.0984, 0.6425, 0.1926],
        [0.0588, 0.0844, 0.7173, 0.1395]], device='cuda:0')
tensor([[0.0825, 0.1456, 0.5768, 0.1950],
        [0.0728, 0.1310, 0.6702, 0.1260],
        [0.1111, 0.2299, 0.3096, 0.3493]], device='cuda:0')
tensor([[0.1135, 0.1191, 0.5724, 0.1949],
        [0.0992, 0.1225, 0.6901, 0.0882],
        [0.1378, 0.1771, 0.3534, 0.3317],
        [0.1039, 0.1060, 0.1474, 0.6427]], device='cuda:0')
tensor([[0.1880, 0.1747, 0.3787, 0.2586],
        [0.1682, 0.2096, 0.4734, 0.1488],
        [0.1987, 0.2325, 0.2903, 0.2785],
        [0.1853, 0.2032, 0.2667, 0.3449],
        [0.2086, 0.2276, 0.2414, 0.3224]], device='cuda:0')
tensor([[0.0314, 0.0302, 0.8984, 0.0399],
        [0.0290, 0.0290, 0.9045, 0.0375],
        [0.0637, 0.0621, 0.2418, 0.6324],
        [0.0374, 0.0344, 0.0747, 0.8535],
        [0.0483, 0.0449, 0.2122, 0.6946],
        [0.0244, 0.0211, 0.0369, 0.9177]], device='cuda:0')
tensor([[0.0504, 0.0291, 0.8877, 0.0328],
        [0.0413, 0.0270, 0.8944, 0.0373],
        [0.0753, 0.0485, 0.6276, 0.2485],
        [0.0790, 0.0551, 0.3657, 0.5002],
        [0.0543, 0.0416, 0.1569, 0.7472],
        [0.0323, 0.0244, 0.0590, 0.8843],
        [0.0645, 0.0394, 0.0601, 0.8359]], device='cuda:0')
#####################
10/14 10:28:46午前 evaluateStageRelax_trainer.py:198 [INFO] Train: Epoch: [4][100/703]	Step 2916	lr 0.02491	Loss 3.2755 (3.1851)	Hard Loss 0.0000 (0.0000)	Soft Loss 0.0000 (0.0000)	Prec@(1,5) (40.2%, 72.2%)	
10/14 10:29:04午前 evaluateStageRelax_trainer.py:198 [INFO] Train: Epoch: [4][200/703]	Step 3016	lr 0.02491	Loss 3.4361 (3.1877)	Hard Loss 0.0000 (0.0000)	Soft Loss 0.0000 (0.0000)	Prec@(1,5) (39.8%, 72.2%)	
10/14 10:29:21午前 evaluateStageRelax_trainer.py:198 [INFO] Train: Epoch: [4][300/703]	Step 3116	lr 0.02491	Loss 2.7633 (3.1597)	Hard Loss 0.0000 (0.0000)	Soft Loss 0.0000 (0.0000)	Prec@(1,5) (40.0%, 72.8%)	
10/14 10:29:39午前 evaluateStageRelax_trainer.py:198 [INFO] Train: Epoch: [4][400/703]	Step 3216	lr 0.02491	Loss 3.1987 (3.1363)	Hard Loss 0.0000 (0.0000)	Soft Loss 0.0000 (0.0000)	Prec@(1,5) (40.3%, 73.2%)	
10/14 10:29:56午前 evaluateStageRelax_trainer.py:198 [INFO] Train: Epoch: [4][500/703]	Step 3316	lr 0.02491	Loss 2.6641 (3.1241)	Hard Loss 0.0000 (0.0000)	Soft Loss 0.0000 (0.0000)	Prec@(1,5) (40.4%, 73.2%)	
10/14 10:30:14午前 evaluateStageRelax_trainer.py:198 [INFO] Train: Epoch: [4][600/703]	Step 3416	lr 0.02491	Loss 3.5167 (3.1084)	Hard Loss 0.0000 (0.0000)	Soft Loss 0.0000 (0.0000)	Prec@(1,5) (40.7%, 73.4%)	
10/14 10:30:32午前 evaluateStageRelax_trainer.py:198 [INFO] Train: Epoch: [4][700/703]	Step 3516	lr 0.02491	Loss 2.8401 (3.0974)	Hard Loss 0.0000 (0.0000)	Soft Loss 0.0000 (0.0000)	Prec@(1,5) (40.9%, 73.6%)	
10/14 10:30:32午前 evaluateStageRelax_trainer.py:198 [INFO] Train: Epoch: [4][703/703]	Step 3519	lr 0.02491	Loss 2.8207 (3.0969)	Hard Loss 0.0000 (0.0000)	Soft Loss 0.0000 (0.0000)	Prec@(1,5) (40.9%, 73.7%)	
10/14 10:30:33午前 evaluateStageRelax_trainer.py:207 [INFO] Train: [  4/99] Final Prec@1 40.8911%
10/14 10:30:38午前 evaluateStageRelax_trainer.py:242 [INFO] Valid: [  4/99] Final Prec@1 40.1200%
10/14 10:30:38午前 evaluateStageRelax_main.py:73 [INFO] Until now, best Prec@1 = 40.1200%
####### ALPHA #######
# Alpha - DAG
tensor([[0.2038, 0.2254, 0.3281, 0.2427],
        [0.2037, 0.2243, 0.3344, 0.2376]], device='cuda:0')
tensor([[0.1595, 0.1833, 0.4087, 0.2484],
        [0.1599, 0.1829, 0.4101, 0.2472],
        [0.2492, 0.2626, 0.2668, 0.2214]], device='cuda:0')
tensor([[0.2277, 0.2369, 0.3060, 0.2293],
        [0.2132, 0.2275, 0.3309, 0.2283],
        [0.2396, 0.2509, 0.2578, 0.2517],
        [0.2403, 0.2203, 0.2665, 0.2730]], device='cuda:0')
tensor([[0.2692, 0.2014, 0.2382, 0.2912],
        [0.2655, 0.2067, 0.2437, 0.2841],
        [0.2584, 0.2736, 0.2579, 0.2101],
        [0.2877, 0.2177, 0.2623, 0.2323],
        [0.2643, 0.2330, 0.2645, 0.2382]], device='cuda:0')
tensor([[0.0643, 0.0717, 0.7333, 0.1307],
        [0.0654, 0.0725, 0.7280, 0.1341],
        [0.1937, 0.1957, 0.2233, 0.3873],
        [0.1772, 0.2610, 0.3384, 0.2234],
        [0.2154, 0.2341, 0.2534, 0.2972],
        [0.2240, 0.2548, 0.2578, 0.2634]], device='cuda:0')
tensor([[0.1846, 0.1494, 0.4513, 0.2146],
        [0.1841, 0.1531, 0.4380, 0.2248],
        [0.2322, 0.2079, 0.2609, 0.2991],
        [0.2253, 0.2174, 0.3397, 0.2176],
        [0.2349, 0.2079, 0.2644, 0.2927],
        [0.2512, 0.2298, 0.2673, 0.2517],
        [0.2651, 0.1818, 0.3399, 0.2132]], device='cuda:0')
tensor([[0.1745, 0.1734, 0.4081, 0.2440],
        [0.1849, 0.1930, 0.4058, 0.2162]], device='cuda:0')
tensor([[0.1931, 0.2120, 0.3385, 0.2564],
        [0.1838, 0.2098, 0.3470, 0.2594],
        [0.2280, 0.2842, 0.2702, 0.2176]], device='cuda:0')
tensor([[0.2152, 0.2192, 0.3107, 0.2549],
        [0.2164, 0.2203, 0.3420, 0.2213],
        [0.2427, 0.2232, 0.2616, 0.2725],
        [0.2941, 0.2376, 0.2322, 0.2361]], device='cuda:0')
tensor([[0.2282, 0.2536, 0.2845, 0.2336],
        [0.2357, 0.2464, 0.2964, 0.2214],
        [0.2552, 0.2747, 0.2617, 0.2085],
        [0.2322, 0.2306, 0.2679, 0.2692],
        [0.2345, 0.2086, 0.2355, 0.3214]], device='cuda:0')
tensor([[0.1682, 0.1544, 0.5192, 0.1581],
        [0.1546, 0.1613, 0.5040, 0.1801],
        [0.2000, 0.2406, 0.3727, 0.1866],
        [0.1996, 0.2180, 0.3139, 0.2684],
        [0.2268, 0.1920, 0.2515, 0.3297],
        [0.1964, 0.1780, 0.2084, 0.4172]], device='cuda:0')
tensor([[0.1426, 0.1315, 0.5779, 0.1479],
        [0.1455, 0.1272, 0.5551, 0.1721],
        [0.2066, 0.2633, 0.3079, 0.2222],
        [0.1980, 0.2182, 0.2831, 0.3008],
        [0.2139, 0.2388, 0.2805, 0.2668],
        [0.1900, 0.2486, 0.2971, 0.2643],
        [0.1797, 0.2192, 0.2288, 0.3722]], device='cuda:0')
tensor([[0.0665, 0.0984, 0.6425, 0.1926],
        [0.0588, 0.0844, 0.7173, 0.1395]], device='cuda:0')
tensor([[0.0825, 0.1456, 0.5768, 0.1950],
        [0.0728, 0.1310, 0.6702, 0.1260],
        [0.1111, 0.2299, 0.3096, 0.3493]], device='cuda:0')
tensor([[0.1135, 0.1191, 0.5724, 0.1949],
        [0.0992, 0.1225, 0.6901, 0.0882],
        [0.1378, 0.1771, 0.3534, 0.3317],
        [0.1039, 0.1060, 0.1474, 0.6427]], device='cuda:0')
tensor([[0.1880, 0.1747, 0.3787, 0.2586],
        [0.1682, 0.2096, 0.4734, 0.1488],
        [0.1987, 0.2325, 0.2903, 0.2785],
        [0.1853, 0.2032, 0.2667, 0.3449],
        [0.2086, 0.2276, 0.2414, 0.3224]], device='cuda:0')
tensor([[0.0314, 0.0302, 0.8984, 0.0399],
        [0.0290, 0.0290, 0.9045, 0.0375],
        [0.0637, 0.0621, 0.2418, 0.6324],
        [0.0374, 0.0344, 0.0747, 0.8535],
        [0.0483, 0.0449, 0.2122, 0.6946],
        [0.0244, 0.0211, 0.0369, 0.9177]], device='cuda:0')
tensor([[0.0504, 0.0291, 0.8877, 0.0328],
        [0.0413, 0.0270, 0.8944, 0.0373],
        [0.0753, 0.0485, 0.6276, 0.2485],
        [0.0790, 0.0551, 0.3657, 0.5002],
        [0.0543, 0.0416, 0.1569, 0.7472],
        [0.0323, 0.0244, 0.0590, 0.8843],
        [0.0645, 0.0394, 0.0601, 0.8359]], device='cuda:0')
#####################
10/14 10:30:56午前 evaluateStageRelax_trainer.py:198 [INFO] Train: Epoch: [5][100/703]	Step 3620	lr 0.02485	Loss 3.0225 (2.8747)	Hard Loss 0.0000 (0.0000)	Soft Loss 0.0000 (0.0000)	Prec@(1,5) (43.9%, 76.9%)	
10/14 10:31:14午前 evaluateStageRelax_trainer.py:198 [INFO] Train: Epoch: [5][200/703]	Step 3720	lr 0.02485	Loss 3.4102 (2.9051)	Hard Loss 0.0000 (0.0000)	Soft Loss 0.0000 (0.0000)	Prec@(1,5) (44.0%, 76.4%)	
10/14 10:31:31午前 evaluateStageRelax_trainer.py:198 [INFO] Train: Epoch: [5][300/703]	Step 3820	lr 0.02485	Loss 2.6553 (2.8884)	Hard Loss 0.0000 (0.0000)	Soft Loss 0.0000 (0.0000)	Prec@(1,5) (44.2%, 76.4%)	
10/14 10:31:49午前 evaluateStageRelax_trainer.py:198 [INFO] Train: Epoch: [5][400/703]	Step 3920	lr 0.02485	Loss 3.0006 (2.8914)	Hard Loss 0.0000 (0.0000)	Soft Loss 0.0000 (0.0000)	Prec@(1,5) (44.2%, 76.3%)	
10/14 10:32:06午前 evaluateStageRelax_trainer.py:198 [INFO] Train: Epoch: [5][500/703]	Step 4020	lr 0.02485	Loss 2.8463 (2.8790)	Hard Loss 0.0000 (0.0000)	Soft Loss 0.0000 (0.0000)	Prec@(1,5) (44.2%, 76.6%)	
10/14 10:32:24午前 evaluateStageRelax_trainer.py:198 [INFO] Train: Epoch: [5][600/703]	Step 4120	lr 0.02485	Loss 2.7827 (2.8689)	Hard Loss 0.0000 (0.0000)	Soft Loss 0.0000 (0.0000)	Prec@(1,5) (44.3%, 76.7%)	
10/14 10:32:41午前 evaluateStageRelax_trainer.py:198 [INFO] Train: Epoch: [5][700/703]	Step 4220	lr 0.02485	Loss 3.1435 (2.8610)	Hard Loss 0.0000 (0.0000)	Soft Loss 0.0000 (0.0000)	Prec@(1,5) (44.6%, 76.8%)	
10/14 10:32:42午前 evaluateStageRelax_trainer.py:198 [INFO] Train: Epoch: [5][703/703]	Step 4223	lr 0.02485	Loss 2.7547 (2.8602)	Hard Loss 0.0000 (0.0000)	Soft Loss 0.0000 (0.0000)	Prec@(1,5) (44.6%, 76.8%)	
10/14 10:32:42午前 evaluateStageRelax_trainer.py:207 [INFO] Train: [  5/99] Final Prec@1 44.5644%
10/14 10:32:47午前 evaluateStageRelax_trainer.py:242 [INFO] Valid: [  5/99] Final Prec@1 42.2800%
10/14 10:32:48午前 evaluateStageRelax_main.py:73 [INFO] Until now, best Prec@1 = 42.2800%
####### ALPHA #######
# Alpha - DAG
tensor([[0.2038, 0.2254, 0.3281, 0.2427],
        [0.2037, 0.2243, 0.3344, 0.2376]], device='cuda:0')
tensor([[0.1595, 0.1833, 0.4087, 0.2484],
        [0.1599, 0.1829, 0.4101, 0.2472],
        [0.2492, 0.2626, 0.2668, 0.2214]], device='cuda:0')
tensor([[0.2277, 0.2369, 0.3060, 0.2293],
        [0.2132, 0.2275, 0.3309, 0.2283],
        [0.2396, 0.2509, 0.2578, 0.2517],
        [0.2403, 0.2203, 0.2665, 0.2730]], device='cuda:0')
tensor([[0.2692, 0.2014, 0.2382, 0.2912],
        [0.2655, 0.2067, 0.2437, 0.2841],
        [0.2584, 0.2736, 0.2579, 0.2101],
        [0.2877, 0.2177, 0.2623, 0.2323],
        [0.2643, 0.2330, 0.2645, 0.2382]], device='cuda:0')
tensor([[0.0643, 0.0717, 0.7333, 0.1307],
        [0.0654, 0.0725, 0.7280, 0.1341],
        [0.1937, 0.1957, 0.2233, 0.3873],
        [0.1772, 0.2610, 0.3384, 0.2234],
        [0.2154, 0.2341, 0.2534, 0.2972],
        [0.2240, 0.2548, 0.2578, 0.2634]], device='cuda:0')
tensor([[0.1846, 0.1494, 0.4513, 0.2146],
        [0.1841, 0.1531, 0.4380, 0.2248],
