08/23 05:04:29AM parser.py:28 [INFO] 
08/23 05:04:29AM parser.py:29 [INFO] Parameters:
08/23 05:04:29AM parser.py:31 [INFO] DAG_PATH=results/search_stage_KD/cifar100/noDepthLoss/s4-BaselineBestCell/DAG
08/23 05:04:29AM parser.py:31 [INFO] T=10.0
08/23 05:04:29AM parser.py:31 [INFO] ADVANCED=True
08/23 05:04:29AM parser.py:31 [INFO] ALPHA_LR=0.0003
08/23 05:04:29AM parser.py:31 [INFO] ALPHA_WEIGHT_DECAY=0.001
08/23 05:04:29AM parser.py:31 [INFO] BATCH_SIZE=64
08/23 05:04:29AM parser.py:31 [INFO] CASCADE=False
08/23 05:04:29AM parser.py:31 [INFO] CHECKPOINT_RESET=False
08/23 05:04:29AM parser.py:31 [INFO] CUTOUT_LENGTH=0
08/23 05:04:29AM parser.py:31 [INFO] DATA_PATH=../data/
08/23 05:04:29AM parser.py:31 [INFO] DATASET=cifar100
08/23 05:04:29AM parser.py:31 [INFO] DEPTH_COEF=0.0
08/23 05:04:29AM parser.py:31 [INFO] DESCRIPTION=BASELINE_on_noKD_without_depth_loss
08/23 05:04:29AM parser.py:31 [INFO] EPOCHS=50
08/23 05:04:29AM parser.py:31 [INFO] EXP_NAME=s4-BaselineBestCell
08/23 05:04:29AM parser.py:31 [INFO] GENOTYPE=Genotype3(normal1=[[('sep_conv_5x5', 0), ('sep_conv_3x3', 1)], [('sep_conv_3x3', 1), ('sep_conv_3x3', 0)], [('sep_conv_3x3', 1), ('sep_conv_3x3', 2)], [('sep_conv_3x3', 0), ('sep_conv_5x5', 4)]], normal1_concat=range(2, 6), reduce1=[[('sep_conv_3x3', 0), ('skip_connect', 1)], [('sep_conv_3x3', 1), ('max_pool_3x3', 0)], [('sep_conv_3x3', 2), ('sep_conv_3x3', 1)], [('max_pool_3x3', 0), ('dil_conv_3x3', 1)]], reduce1_concat=range(2, 6), normal2=[[('skip_connect', 0), ('sep_conv_5x5', 1)], [('skip_connect', 0), ('skip_connect', 2)], [('avg_pool_3x3', 0), ('avg_pool_3x3', 2)], [('skip_connect', 0), ('avg_pool_3x3', 2)]], normal2_concat=range(2, 6), reduce2=[[('avg_pool_3x3', 0), ('avg_pool_3x3', 1)], [('avg_pool_3x3', 0), ('skip_connect', 2)], [('skip_connect', 2), ('avg_pool_3x3', 0)], [('skip_connect', 2), ('avg_pool_3x3', 0)]], reduce2_concat=range(2, 6), normal3=[[('skip_connect', 0), ('skip_connect', 1)], [('skip_connect', 0), ('dil_conv_3x3', 1)], [('skip_connect', 0), ('skip_connect', 1)], [('skip_connect', 0), ('skip_connect', 2)]], normal3_concat=range(2, 6))
08/23 05:04:29AM parser.py:31 [INFO] GPUS=[0]
08/23 05:04:29AM parser.py:31 [INFO] INIT_CHANNELS=16
08/23 05:04:29AM parser.py:31 [INFO] L=0.5
08/23 05:04:29AM parser.py:31 [INFO] LAYERS=20
08/23 05:04:29AM parser.py:31 [INFO] LOGGER=<Logger H-DAS (INFO)>
08/23 05:04:29AM parser.py:31 [INFO] NAME=noDepthLoss
08/23 05:04:29AM parser.py:31 [INFO] NONKD=True
08/23 05:04:29AM parser.py:31 [INFO] PATH=results/search_stage_KD/cifar100/noDepthLoss/s4-BaselineBestCell
08/23 05:04:29AM parser.py:31 [INFO] PCDARTS=False
08/23 05:04:29AM parser.py:31 [INFO] PLOT_PATH=results/search_stage_KD/cifar100/noDepthLoss/s4-BaselineBestCell/plots
08/23 05:04:29AM parser.py:31 [INFO] PRINT_FREQ=50
08/23 05:04:29AM parser.py:31 [INFO] RESUME_PATH=None
08/23 05:04:29AM parser.py:31 [INFO] SAVE=s4-BaselineBestCell
08/23 05:04:29AM parser.py:31 [INFO] SEED=4
08/23 05:04:29AM parser.py:31 [INFO] SHARE_STAGE=False
08/23 05:04:29AM parser.py:31 [INFO] SPEC_CELL=True
08/23 05:04:29AM parser.py:31 [INFO] TEACHER_NAME=non
08/23 05:04:29AM parser.py:31 [INFO] TEACHER_PATH=non
08/23 05:04:29AM parser.py:31 [INFO] TRAIN_PORTION=0.5
08/23 05:04:29AM parser.py:31 [INFO] W_GRAD_CLIP=5.0
08/23 05:04:29AM parser.py:31 [INFO] W_LR=0.025
08/23 05:04:29AM parser.py:31 [INFO] W_LR_MIN=0.001
08/23 05:04:29AM parser.py:31 [INFO] W_MOMENTUM=0.9
08/23 05:04:29AM parser.py:31 [INFO] W_WEIGHT_DECAY=0.0003
08/23 05:04:29AM parser.py:31 [INFO] WORKERS=4
08/23 05:04:29AM parser.py:32 [INFO] 
08/23 05:04:45AM searchStage_trainer.py:137 [INFO] --> No loaded checkpoint!
####### ALPHA #######
# Alpha - DAG
tensor([[0.2495, 0.2500, 0.2505, 0.2501],
        [0.2503, 0.2499, 0.2496, 0.2502]], device='cuda:0',
       grad_fn=<SoftmaxBackward0>)
tensor([[0.2500, 0.2499, 0.2500, 0.2502],
        [0.2501, 0.2501, 0.2499, 0.2500],
        [0.2497, 0.2503, 0.2499, 0.2501]], device='cuda:0',
       grad_fn=<SoftmaxBackward0>)
tensor([[0.2500, 0.2502, 0.2498, 0.2500],
        [0.2499, 0.2499, 0.2501, 0.2501],
        [0.2502, 0.2498, 0.2500, 0.2500]], device='cuda:0',
       grad_fn=<SoftmaxBackward0>)
tensor([[0.2496, 0.2501, 0.2503, 0.2500],
        [0.2503, 0.2497, 0.2498, 0.2502],
        [0.2504, 0.2498, 0.2499, 0.2499]], device='cuda:0',
       grad_fn=<SoftmaxBackward0>)
tensor([[0.2500, 0.2500, 0.2498, 0.2502],
        [0.2502, 0.2501, 0.2499, 0.2498],
        [0.2501, 0.2500, 0.2498, 0.2502]], device='cuda:0',
       grad_fn=<SoftmaxBackward0>)
tensor([[0.2501, 0.2497, 0.2500, 0.2502],
        [0.2499, 0.2498, 0.2499, 0.2503],
        [0.2498, 0.2500, 0.2502, 0.2499]], device='cuda:0',
       grad_fn=<SoftmaxBackward0>)
tensor([[0.2500, 0.2502, 0.2498, 0.2500],
        [0.2500, 0.2500, 0.2499, 0.2500]], device='cuda:0',
       grad_fn=<SoftmaxBackward0>)
tensor([[0.2499, 0.2500, 0.2502, 0.2499],
        [0.2496, 0.2504, 0.2501, 0.2500],
        [0.2501, 0.2496, 0.2503, 0.2501]], device='cuda:0',
       grad_fn=<SoftmaxBackward0>)
tensor([[0.2504, 0.2498, 0.2501, 0.2496],
        [0.2500, 0.2500, 0.2499, 0.2501],
        [0.2503, 0.2500, 0.2498, 0.2499]], device='cuda:0',
       grad_fn=<SoftmaxBackward0>)
tensor([[0.2497, 0.2502, 0.2500, 0.2501],
        [0.2500, 0.2501, 0.2499, 0.2501],
        [0.2504, 0.2499, 0.2498, 0.2499]], device='cuda:0',
       grad_fn=<SoftmaxBackward0>)
tensor([[0.2507, 0.2501, 0.2493, 0.2499],
        [0.2504, 0.2496, 0.2502, 0.2498],
        [0.2499, 0.2503, 0.2501, 0.2497]], device='cuda:0',
       grad_fn=<SoftmaxBackward0>)
tensor([[0.2501, 0.2502, 0.2500, 0.2497],
        [0.2498, 0.2502, 0.2499, 0.2500],
        [0.2500, 0.2499, 0.2502, 0.2498]], device='cuda:0',
       grad_fn=<SoftmaxBackward0>)
tensor([[0.2504, 0.2500, 0.2500, 0.2496],
        [0.2502, 0.2497, 0.2500, 0.2501]], device='cuda:0',
       grad_fn=<SoftmaxBackward0>)
tensor([[0.2500, 0.2502, 0.2499, 0.2499],
        [0.2499, 0.2502, 0.2504, 0.2495],
        [0.2499, 0.2500, 0.2503, 0.2498]], device='cuda:0',
       grad_fn=<SoftmaxBackward0>)
tensor([[0.2499, 0.2501, 0.2500, 0.2501],
        [0.2500, 0.2502, 0.2497, 0.2502],
        [0.2499, 0.2501, 0.2503, 0.2497]], device='cuda:0',
       grad_fn=<SoftmaxBackward0>)
tensor([[0.2501, 0.2499, 0.2502, 0.2498],
        [0.2501, 0.2499, 0.2499, 0.2500],
        [0.2502, 0.2495, 0.2503, 0.2500]], device='cuda:0',
       grad_fn=<SoftmaxBackward0>)
tensor([[0.2497, 0.2499, 0.2503, 0.2500],
        [0.2500, 0.2498, 0.2496, 0.2505],
        [0.2497, 0.2499, 0.2500, 0.2504]], device='cuda:0',
       grad_fn=<SoftmaxBackward0>)
tensor([[0.2499, 0.2501, 0.2499, 0.2501],
        [0.2504, 0.2498, 0.2499, 0.2499],
        [0.2500, 0.2501, 0.2500, 0.2499]], device='cuda:0',
       grad_fn=<SoftmaxBackward0>)
#####################
08/23 05:05:00AM searchStage_trainer.py:268 [INFO] Train: Epoch: [0][50/390]	Step 50	lr 0.025	Loss 4.7536 (4.7250)	Hard Loss 4.7536 (4.7250)	Soft Loss 4.7536 (4.7250)	Arch Loss 4.7464 (4.6755)	Arch Hard Loss 4.7464 (4.6755)	Arch Soft Loss 4.7464 (4.6755)	Arch depth Loss 0.0000 (0.0000)	Prec@(1,5) (1.7%, 7.6%)	
08/23 05:05:13AM searchStage_trainer.py:268 [INFO] Train: Epoch: [0][100/390]	Step 100	lr 0.025	Loss 4.4680 (4.6201)	Hard Loss 4.4680 (4.6201)	Soft Loss 4.4680 (4.6201)	Arch Loss 4.3923 (4.5758)	Arch Hard Loss 4.3923 (4.5758)	Arch Soft Loss 4.3923 (4.5758)	Arch depth Loss 0.0000 (0.0000)	Prec@(1,5) (2.3%, 10.1%)	
08/23 05:05:25AM searchStage_trainer.py:268 [INFO] Train: Epoch: [0][150/390]	Step 150	lr 0.025	Loss 4.0628 (4.5136)	Hard Loss 4.0628 (4.5136)	Soft Loss 4.0628 (4.5136)	Arch Loss 4.3750 (4.4736)	Arch Hard Loss 4.3750 (4.4736)	Arch Soft Loss 4.3750 (4.4736)	Arch depth Loss 0.0000 (0.0000)	Prec@(1,5) (2.9%, 12.2%)	
08/23 05:05:37AM searchStage_trainer.py:268 [INFO] Train: Epoch: [0][200/390]	Step 200	lr 0.025	Loss 4.1575 (4.4352)	Hard Loss 4.1575 (4.4352)	Soft Loss 4.1575 (4.4352)	Arch Loss 4.1763 (4.3970)	Arch Hard Loss 4.1763 (4.3970)	Arch Soft Loss 4.1763 (4.3970)	Arch depth Loss 0.0000 (0.0000)	Prec@(1,5) (3.4%, 13.8%)	
08/23 05:05:50AM searchStage_trainer.py:268 [INFO] Train: Epoch: [0][250/390]	Step 250	lr 0.025	Loss 3.9835 (4.3799)	Hard Loss 3.9835 (4.3799)	Soft Loss 3.9835 (4.3799)	Arch Loss 4.1529 (4.3425)	Arch Hard Loss 4.1529 (4.3425)	Arch Soft Loss 4.1529 (4.3425)	Arch depth Loss 0.0000 (0.0000)	Prec@(1,5) (3.7%, 15.0%)	
08/23 05:06:02AM searchStage_trainer.py:268 [INFO] Train: Epoch: [0][300/390]	Step 300	lr 0.025	Loss 4.0603 (4.3222)	Hard Loss 4.0603 (4.3222)	Soft Loss 4.0603 (4.3222)	Arch Loss 3.8083 (4.2961)	Arch Hard Loss 3.8083 (4.2961)	Arch Soft Loss 3.8083 (4.2961)	Arch depth Loss 0.0000 (0.0000)	Prec@(1,5) (4.2%, 16.6%)	
08/23 05:06:15AM searchStage_trainer.py:268 [INFO] Train: Epoch: [0][350/390]	Step 350	lr 0.025	Loss 4.0377 (4.2851)	Hard Loss 4.0377 (4.2851)	Soft Loss 4.0377 (4.2851)	Arch Loss 4.2410 (4.2570)	Arch Hard Loss 4.2410 (4.2570)	Arch Soft Loss 4.2410 (4.2570)	Arch depth Loss 0.0000 (0.0000)	Prec@(1,5) (4.4%, 17.5%)	
08/23 05:06:24AM searchStage_trainer.py:268 [INFO] Train: Epoch: [0][390/390]	Step 390	lr 0.025	Loss 3.9716 (4.2578)	Hard Loss 3.9716 (4.2578)	Soft Loss 3.9716 (4.2578)	Arch Loss 3.8938 (4.2296)	Arch Hard Loss 3.8938 (4.2296)	Arch Soft Loss 3.8938 (4.2296)	Arch depth Loss 0.0000 (0.0000)	Prec@(1,5) (4.7%, 18.3%)	
08/23 05:06:25AM searchStage_trainer.py:284 [INFO] Train: [  0/49] Final Prec@1 4.7400%
08/23 05:06:27AM searchStage_trainer.py:312 [INFO] Valid: Epoch: [0][50/391]	Step 391	Loss 3.9448	Prec@(1,5) (7.7%, 27.7%)
08/23 05:06:29AM searchStage_trainer.py:312 [INFO] Valid: Epoch: [0][100/391]	Step 391	Loss 3.9618	Prec@(1,5) (7.4%, 27.2%)
08/23 05:06:31AM searchStage_trainer.py:312 [INFO] Valid: Epoch: [0][150/391]	Step 391	Loss 3.9555	Prec@(1,5) (7.6%, 27.5%)
08/23 05:06:33AM searchStage_trainer.py:312 [INFO] Valid: Epoch: [0][200/391]	Step 391	Loss 3.9488	Prec@(1,5) (7.8%, 27.6%)
08/23 05:06:35AM searchStage_trainer.py:312 [INFO] Valid: Epoch: [0][250/391]	Step 391	Loss 3.9516	Prec@(1,5) (7.7%, 27.6%)
08/23 05:06:36AM searchStage_trainer.py:312 [INFO] Valid: Epoch: [0][300/391]	Step 391	Loss 3.9528	Prec@(1,5) (7.7%, 27.6%)
08/23 05:06:38AM searchStage_trainer.py:312 [INFO] Valid: Epoch: [0][350/391]	Step 391	Loss 3.9526	Prec@(1,5) (7.7%, 27.5%)
08/23 05:06:40AM searchStage_trainer.py:312 [INFO] Valid: Epoch: [0][390/391]	Step 391	Loss 3.9532	Prec@(1,5) (7.5%, 27.4%)
08/23 05:06:40AM searchStage_trainer.py:323 [INFO] Valid: [  0/49] Final Prec@1 7.5400%
08/23 05:06:40AM searchStage_KD_main.py:58 [INFO] DAG = Genotype2(DAG1=[[('skip_connect', 0), ('max_pool_3x3', 1)], [('max_pool_3x3', 1), ('max_pool_3x3', 0)], [('skip_connect', 1), ('max_pool_3x3', 2)], [('max_pool_3x3', 3), ('max_pool_3x3', 4)], [('max_pool_3x3', 3), ('skip_connect', 4)], [('max_pool_3x3', 4), ('max_pool_3x3', 5)]], DAG1_concat=range(6, 8), DAG2=[[('skip_connect', 1), ('skip_connect', 0)], [('skip_connect', 1), ('skip_connect', 0)], [('skip_connect', 1), ('skip_connect', 2)], [('skip_connect', 3), ('skip_connect', 2)], [('skip_connect', 3), ('avg_pool_3x3', 5)], [('skip_connect', 4), ('avg_pool_3x3', 5)]], DAG2_concat=range(6, 8), DAG3=[[('skip_connect', 0), ('skip_connect', 1)], [('skip_connect', 1), ('skip_connect', 0)], [('skip_connect', 1), ('skip_connect', 2)], [('skip_connect', 2), ('skip_connect', 4)], [('skip_connect', 3), ('skip_connect', 4)], [('skip_connect', 4), ('skip_connect', 6)]], DAG3_concat=range(6, 8))
08/23 05:06:40AM searchStage_KD_main.py:89 [INFO] Until now, best Prec@1 = 7.5400%
####### ALPHA #######
# Alpha - DAG
tensor([[0.2496, 0.2493, 0.2512, 0.2499],
        [0.2503, 0.2494, 0.2498, 0.2505]], device='cuda:0',
       grad_fn=<SoftmaxBackward0>)
tensor([[0.2506, 0.2491, 0.2503, 0.2499],
        [0.2512, 0.2494, 0.2504, 0.2489],
        [0.2506, 0.2486, 0.2493, 0.2514]], device='cuda:0',
       grad_fn=<SoftmaxBackward0>)
tensor([[0.2509, 0.2496, 0.2514, 0.2481],
        [0.2511, 0.2490, 0.2500, 0.2500],
        [0.2508, 0.2487, 0.2495, 0.2511]], device='cuda:0',
       grad_fn=<SoftmaxBackward0>)
tensor([[0.2509, 0.2487, 0.2505, 0.2499],
        [0.2513, 0.2490, 0.2494, 0.2503],
        [0.2513, 0.2492, 0.2494, 0.2502]], device='cuda:0',
       grad_fn=<SoftmaxBackward0>)
tensor([[0.2517, 0.2472, 0.2504, 0.2507],
        [0.2510, 0.2489, 0.2511, 0.2490],
        [0.2505, 0.2492, 0.2492, 0.2511]], device='cuda:0',
       grad_fn=<SoftmaxBackward0>)
tensor([[0.2538, 0.2471, 0.2493, 0.2498],
        [0.2523, 0.2481, 0.2500, 0.2497],
        [0.2506, 0.2489, 0.2494, 0.2510]], device='cuda:0',
       grad_fn=<SoftmaxBackward0>)
tensor([[0.2496, 0.2478, 0.2508, 0.2518],
        [0.2512, 0.2485, 0.2520, 0.2483]], device='cuda:0',
       grad_fn=<SoftmaxBackward0>)
tensor([[0.2513, 0.2487, 0.2518, 0.2482],
        [0.2504, 0.2478, 0.2525, 0.2493],
        [0.2489, 0.2477, 0.2514, 0.2520]], device='cuda:0',
       grad_fn=<SoftmaxBackward0>)
tensor([[0.2504, 0.2498, 0.2524, 0.2475],
        [0.2476, 0.2498, 0.2521, 0.2505],
        [0.2486, 0.2496, 0.2502, 0.2516]], device='cuda:0',
       grad_fn=<SoftmaxBackward0>)
tensor([[0.2471, 0.2507, 0.2520, 0.2502],
        [0.2447, 0.2515, 0.2537, 0.2501],
        [0.2486, 0.2509, 0.2495, 0.2510]], device='cuda:0',
       grad_fn=<SoftmaxBackward0>)
tensor([[0.2500, 0.2495, 0.2579, 0.2426],
        [0.2476, 0.2492, 0.2495, 0.2537],
        [0.2475, 0.2501, 0.2465, 0.2560]], device='cuda:0',
       grad_fn=<SoftmaxBackward0>)
tensor([[0.2484, 0.2513, 0.2539, 0.2464],
        [0.2444, 0.2527, 0.2513, 0.2515],
        [0.2479, 0.2498, 0.2498, 0.2526]], device='cuda:0',
       grad_fn=<SoftmaxBackward0>)
tensor([[0.2444, 0.2470, 0.2592, 0.2494],
        [0.2444, 0.2482, 0.2584, 0.2490]], device='cuda:0',
       grad_fn=<SoftmaxBackward0>)
tensor([[0.2479, 0.2487, 0.2575, 0.2460],
        [0.2444, 0.2502, 0.2584, 0.2470],
        [0.2430, 0.2513, 0.2510, 0.2548]], device='cuda:0',
       grad_fn=<SoftmaxBackward0>)
tensor([[0.2510, 0.2501, 0.2560, 0.2428],
        [0.2472, 0.2482, 0.2531, 0.2515],
        [0.2467, 0.2487, 0.2488, 0.2558]], device='cuda:0',
       grad_fn=<SoftmaxBackward0>)
tensor([[0.2489, 0.2495, 0.2542, 0.2474],
        [0.2491, 0.2469, 0.2521, 0.2518],
        [0.2477, 0.2461, 0.2532, 0.2530]], device='cuda:0',
       grad_fn=<SoftmaxBackward0>)
tensor([[0.2492, 0.2511, 0.2548, 0.2449],
        [0.2477, 0.2500, 0.2513, 0.2510],
        [0.2452, 0.2486, 0.2501, 0.2560]], device='cuda:0',
       grad_fn=<SoftmaxBackward0>)
tensor([[0.2485, 0.2520, 0.2535, 0.2459],
        [0.2476, 0.2493, 0.2508, 0.2524],
        [0.2458, 0.2497, 0.2521, 0.2524]], device='cuda:0',
       grad_fn=<SoftmaxBackward0>)
#####################
08/23 05:06:54午前 searchStage_trainer.py:268 [INFO] Train: Epoch: [1][50/390]	Step 441	lr 0.02498	Loss 3.5614 (3.9283)	Hard Loss 3.5614 (3.9283)	Soft Loss 3.5614 (3.9283)	Arch Loss 4.2113 (3.9280)	Arch Hard Loss 4.2113 (3.9280)	Arch Soft Loss 4.2113 (3.9280)	Arch depth Loss 0.0000 (0.0000)	Prec@(1,5) (8.2%, 27.8%)	
08/23 05:07:07午前 searchStage_trainer.py:268 [INFO] Train: Epoch: [1][100/390]	Step 491	lr 0.02498	Loss 4.2008 (3.9308)	Hard Loss 4.2008 (3.9308)	Soft Loss 4.2008 (3.9308)	Arch Loss 3.8951 (3.9368)	Arch Hard Loss 3.8951 (3.9368)	Arch Soft Loss 3.8951 (3.9368)	Arch depth Loss 0.0000 (0.0000)	Prec@(1,5) (8.6%, 27.9%)	
08/23 05:07:19午前 searchStage_trainer.py:268 [INFO] Train: Epoch: [1][150/390]	Step 541	lr 0.02498	Loss 3.7899 (3.9157)	Hard Loss 3.7899 (3.9157)	Soft Loss 3.7899 (3.9157)	Arch Loss 3.8896 (3.9223)	Arch Hard Loss 3.8896 (3.9223)	Arch Soft Loss 3.8896 (3.9223)	Arch depth Loss 0.0000 (0.0000)	Prec@(1,5) (8.7%, 28.5%)	
08/23 05:07:31午前 searchStage_trainer.py:268 [INFO] Train: Epoch: [1][200/390]	Step 591	lr 0.02498	Loss 3.5245 (3.9022)	Hard Loss 3.5245 (3.9022)	Soft Loss 3.5245 (3.9022)	Arch Loss 4.0255 (3.9016)	Arch Hard Loss 4.0255 (3.9016)	Arch Soft Loss 4.0255 (3.9016)	Arch depth Loss 0.0000 (0.0000)	Prec@(1,5) (9.1%, 28.9%)	
08/23 05:07:44午前 searchStage_trainer.py:268 [INFO] Train: Epoch: [1][250/390]	Step 641	lr 0.02498	Loss 3.6062 (3.8874)	Hard Loss 3.6062 (3.8874)	Soft Loss 3.6062 (3.8874)	Arch Loss 3.6970 (3.8842)	Arch Hard Loss 3.6970 (3.8842)	Arch Soft Loss 3.6970 (3.8842)	Arch depth Loss 0.0000 (0.0000)	Prec@(1,5) (9.3%, 29.4%)	
08/23 05:07:56午前 searchStage_trainer.py:268 [INFO] Train: Epoch: [1][300/390]	Step 691	lr 0.02498	Loss 3.9641 (3.8760)	Hard Loss 3.9641 (3.8760)	Soft Loss 3.9641 (3.8760)	Arch Loss 4.0291 (3.8766)	Arch Hard Loss 4.0291 (3.8766)	Arch Soft Loss 4.0291 (3.8766)	Arch depth Loss 0.0000 (0.0000)	Prec@(1,5) (9.4%, 29.8%)	
08/23 05:08:09午前 searchStage_trainer.py:268 [INFO] Train: Epoch: [1][350/390]	Step 741	lr 0.02498	Loss 3.7393 (3.8591)	Hard Loss 3.7393 (3.8591)	Soft Loss 3.7393 (3.8591)	Arch Loss 3.9924 (3.8598)	Arch Hard Loss 3.9924 (3.8598)	Arch Soft Loss 3.9924 (3.8598)	Arch depth Loss 0.0000 (0.0000)	Prec@(1,5) (9.6%, 30.1%)	
08/23 05:08:19午前 searchStage_trainer.py:268 [INFO] Train: Epoch: [1][390/390]	Step 781	lr 0.02498	Loss 3.8313 (3.8496)	Hard Loss 3.8313 (3.8496)	Soft Loss 3.8313 (3.8496)	Arch Loss 3.6658 (3.8487)	Arch Hard Loss 3.6658 (3.8487)	Arch Soft Loss 3.6658 (3.8487)	Arch depth Loss 0.0000 (0.0000)	Prec@(1,5) (9.7%, 30.6%)	
08/23 05:08:19午前 searchStage_trainer.py:284 [INFO] Train: [  1/49] Final Prec@1 9.6880%
08/23 05:08:21午前 searchStage_trainer.py:312 [INFO] Valid: Epoch: [1][50/391]	Step 782	Loss 3.7291	Prec@(1,5) (10.6%, 34.7%)
08/23 05:08:23午前 searchStage_trainer.py:312 [INFO] Valid: Epoch: [1][100/391]	Step 782	Loss 3.7542	Prec@(1,5) (10.7%, 34.0%)
08/23 05:08:25午前 searchStage_trainer.py:312 [INFO] Valid: Epoch: [1][150/391]	Step 782	Loss 3.7494	Prec@(1,5) (10.7%, 34.0%)
08/23 05:08:27午前 searchStage_trainer.py:312 [INFO] Valid: Epoch: [1][200/391]	Step 782	Loss 3.7499	Prec@(1,5) (10.6%, 34.0%)
08/23 05:08:28午前 searchStage_trainer.py:312 [INFO] Valid: Epoch: [1][250/391]	Step 782	Loss 3.7502	Prec@(1,5) (10.5%, 34.1%)
08/23 05:08:30午前 searchStage_trainer.py:312 [INFO] Valid: Epoch: [1][300/391]	Step 782	Loss 3.7495	Prec@(1,5) (10.7%, 34.3%)
08/23 05:08:32午前 searchStage_trainer.py:312 [INFO] Valid: Epoch: [1][350/391]	Step 782	Loss 3.7516	Prec@(1,5) (10.7%, 34.2%)
08/23 05:08:33午前 searchStage_trainer.py:312 [INFO] Valid: Epoch: [1][390/391]	Step 782	Loss 3.7544	Prec@(1,5) (10.7%, 34.0%)
08/23 05:08:34午前 searchStage_trainer.py:323 [INFO] Valid: [  1/49] Final Prec@1 10.6880%
08/23 05:08:34午前 searchStage_KD_main.py:58 [INFO] DAG = Genotype2(DAG1=[[('skip_connect', 0), ('skip_connect', 1)], [('skip_connect', 0), ('skip_connect', 1)], [('skip_connect', 1), ('max_pool_3x3', 3)], [('skip_connect', 2), ('max_pool_3x3', 3)], [('skip_connect', 4), ('max_pool_3x3', 3)], [('max_pool_3x3', 4), ('max_pool_3x3', 5)]], DAG1_concat=range(6, 8), DAG2=[[('skip_connect', 1), ('skip_connect', 0)], [('skip_connect', 1), ('max_pool_3x3', 0)], [('skip_connect', 1), ('skip_connect', 2)], [('skip_connect', 2), ('skip_connect', 3)], [('skip_connect', 3), ('skip_connect', 4)], [('skip_connect', 4), ('skip_connect', 5)]], DAG2_concat=range(6, 8), DAG3=[[('skip_connect', 0), ('skip_connect', 1)], [('skip_connect', 0), ('skip_connect', 1)], [('skip_connect', 1), ('max_pool_3x3', 3)], [('max_pool_3x3', 3), ('skip_connect', 2)], [('max_pool_3x3', 3), ('max_pool_3x3', 4)], [('max_pool_3x3', 4), ('max_pool_3x3', 5)]], DAG3_concat=range(6, 8))
08/23 05:08:34午前 searchStage_KD_main.py:89 [INFO] Until now, best Prec@1 = 10.6880%
####### ALPHA #######
# Alpha - DAG
tensor([[0.2495, 0.2486, 0.2520, 0.2499],
        [0.2502, 0.2489, 0.2505, 0.2504]], device='cuda:0',
       grad_fn=<SoftmaxBackward0>)
tensor([[0.2510, 0.2463, 0.2533, 0.2494],
        [0.2512, 0.2463, 0.2533, 0.2493],
        [0.2503, 0.2493, 0.2489, 0.2516]], device='cuda:0',
       grad_fn=<SoftmaxBackward0>)
tensor([[0.2521, 0.2471, 0.2554, 0.2455],
        [0.2502, 0.2478, 0.2508, 0.2512],
        [0.2507, 0.2485, 0.2488, 0.2520]], device='cuda:0',
       grad_fn=<SoftmaxBackward0>)
tensor([[0.2508, 0.2488, 0.2521, 0.2484],
        [0.2507, 0.2482, 0.2504, 0.2508],
        [0.2492, 0.2492, 0.2499, 0.2517]], device='cuda:0',
       grad_fn=<SoftmaxBackward0>)
tensor([[0.2528, 0.2457, 0.2526, 0.2490],
        [0.2477, 0.2493, 0.2548, 0.2482],
        [0.2483, 0.2478, 0.2489, 0.2550]], device='cuda:0',
       grad_fn=<SoftmaxBackward0>)
tensor([[0.2578, 0.2451, 0.2504, 0.2467],
        [0.2536, 0.2447, 0.2504, 0.2514],
        [0.2520, 0.2455, 0.2496, 0.2529]], device='cuda:0',
       grad_fn=<SoftmaxBackward0>)
tensor([[0.2513, 0.2427, 0.2534, 0.2526],
        [0.2528, 0.2437, 0.2561, 0.2474]], device='cuda:0',
       grad_fn=<SoftmaxBackward0>)
tensor([[0.2546, 0.2451, 0.2539, 0.2464],
        [0.2526, 0.2433, 0.2559, 0.2482],
        [0.2460, 0.2479, 0.2517, 0.2544]], device='cuda:0',
       grad_fn=<SoftmaxBackward0>)
tensor([[0.2524, 0.2476, 0.2578, 0.2422],
        [0.2457, 0.2456, 0.2561, 0.2526],
        [0.2473, 0.2465, 0.2506, 0.2556]], device='cuda:0',
       grad_fn=<SoftmaxBackward0>)
tensor([[0.2455, 0.2494, 0.2578, 0.2473],
        [0.2398, 0.2504, 0.2579, 0.2518],
        [0.2425, 0.2522, 0.2507, 0.2547]], device='cuda:0',
       grad_fn=<SoftmaxBackward0>)
tensor([[0.2467, 0.2483, 0.2656, 0.2395],
        [0.2426, 0.2476, 0.2513, 0.2585],
        [0.2445, 0.2481, 0.2491, 0.2583]], device='cuda:0',
       grad_fn=<SoftmaxBackward0>)
tensor([[0.2478, 0.2493, 0.2592, 0.2438],
        [0.2432, 0.2505, 0.2542, 0.2522],
        [0.2460, 0.2478, 0.2499, 0.2564]], device='cuda:0',
       grad_fn=<SoftmaxBackward0>)
tensor([[0.2451, 0.2388, 0.2672, 0.2489],
        [0.2454, 0.2396, 0.2660, 0.2491]], device='cuda:0',
       grad_fn=<SoftmaxBackward0>)
tensor([[0.2520, 0.2420, 0.2654, 0.2405],
        [0.2500, 0.2430, 0.2640, 0.2430],
        [0.2438, 0.2459, 0.2470, 0.2633]], device='cuda:0',
       grad_fn=<SoftmaxBackward0>)
tensor([[0.2584, 0.2454, 0.2610, 0.2352],
        [0.2493, 0.2434, 0.2519, 0.2554],
        [0.2536, 0.2405, 0.2451, 0.2608]], device='cuda:0',
       grad_fn=<SoftmaxBackward0>)
tensor([[0.2541, 0.2444, 0.2550, 0.2465],
        [0.2553, 0.2416, 0.2505, 0.2526],
        [0.2517, 0.2416, 0.2532, 0.2534]], device='cuda:0',
       grad_fn=<SoftmaxBackward0>)
tensor([[0.2592, 0.2446, 0.2578, 0.2384],
        [0.2542, 0.2445, 0.2510, 0.2503],
        [0.2479, 0.2413, 0.2468, 0.2640]], device='cuda:0',
       grad_fn=<SoftmaxBackward0>)
tensor([[0.2593, 0.2478, 0.2534, 0.2395],
        [0.2536, 0.2445, 0.2503, 0.2515],
        [0.2467, 0.2411, 0.2520, 0.2602]], device='cuda:0',
       grad_fn=<SoftmaxBackward0>)
#####################
08/23 05:08:48午前 searchStage_trainer.py:268 [INFO] Train: Epoch: [2][50/390]	Step 832	lr 0.02491	Loss 3.7242 (3.7509)	Hard Loss 3.7242 (3.7509)	Soft Loss 3.7242 (3.7509)	Arch Loss 3.8453 (3.7617)	Arch Hard Loss 3.8453 (3.7617)	Arch Soft Loss 3.8453 (3.7617)	Arch depth Loss 0.0000 (0.0000)	Prec@(1,5) (11.4%, 34.5%)	
08/23 05:09:00午前 searchStage_trainer.py:268 [INFO] Train: Epoch: [2][100/390]	Step 882	lr 0.02491	Loss 3.5803 (3.7260)	Hard Loss 3.5803 (3.7260)	Soft Loss 3.5803 (3.7260)	Arch Loss 3.6584 (3.7217)	Arch Hard Loss 3.6584 (3.7217)	Arch Soft Loss 3.6584 (3.7217)	Arch depth Loss 0.0000 (0.0000)	Prec@(1,5) (12.0%, 35.2%)	
08/23 05:09:13午前 searchStage_trainer.py:268 [INFO] Train: Epoch: [2][150/390]	Step 932	lr 0.02491	Loss 3.2783 (3.6852)	Hard Loss 3.2783 (3.6852)	Soft Loss 3.2783 (3.6852)	Arch Loss 3.8107 (3.7060)	Arch Hard Loss 3.8107 (3.7060)	Arch Soft Loss 3.8107 (3.7060)	Arch depth Loss 0.0000 (0.0000)	Prec@(1,5) (12.7%, 36.2%)	
08/23 05:09:26午前 searchStage_trainer.py:268 [INFO] Train: Epoch: [2][200/390]	Step 982	lr 0.02491	Loss 3.5881 (3.6843)	Hard Loss 3.5881 (3.6843)	Soft Loss 3.5881 (3.6843)	Arch Loss 3.3604 (3.7020)	Arch Hard Loss 3.3604 (3.7020)	Arch Soft Loss 3.3604 (3.7020)	Arch depth Loss 0.0000 (0.0000)	Prec@(1,5) (12.7%, 36.1%)	
08/23 05:09:38午前 searchStage_trainer.py:268 [INFO] Train: Epoch: [2][250/390]	Step 1032	lr 0.02491	Loss 3.2444 (3.6729)	Hard Loss 3.2444 (3.6729)	Soft Loss 3.2444 (3.6729)	Arch Loss 3.7420 (3.6838)	Arch Hard Loss 3.7420 (3.6838)	Arch Soft Loss 3.7420 (3.6838)	Arch depth Loss 0.0000 (0.0000)	Prec@(1,5) (12.9%, 36.4%)	
08/23 05:09:51午前 searchStage_trainer.py:268 [INFO] Train: Epoch: [2][300/390]	Step 1082	lr 0.02491	Loss 3.6194 (3.6626)	Hard Loss 3.6194 (3.6626)	Soft Loss 3.6194 (3.6626)	Arch Loss 3.4775 (3.6677)	Arch Hard Loss 3.4775 (3.6677)	Arch Soft Loss 3.4775 (3.6677)	Arch depth Loss 0.0000 (0.0000)	Prec@(1,5) (13.0%, 36.8%)	
08/23 05:10:04午前 searchStage_trainer.py:268 [INFO] Train: Epoch: [2][350/390]	Step 1132	lr 0.02491	Loss 3.4485 (3.6454)	Hard Loss 3.4485 (3.6454)	Soft Loss 3.4485 (3.6454)	Arch Loss 3.5103 (3.6478)	Arch Hard Loss 3.5103 (3.6478)	Arch Soft Loss 3.5103 (3.6478)	Arch depth Loss 0.0000 (0.0000)	Prec@(1,5) (13.2%, 37.3%)	
08/23 05:10:14午前 searchStage_trainer.py:268 [INFO] Train: Epoch: [2][390/390]	Step 1172	lr 0.02491	Loss 3.4438 (3.6402)	Hard Loss 3.4438 (3.6402)	Soft Loss 3.4438 (3.6402)	Arch Loss 3.3804 (3.6369)	Arch Hard Loss 3.3804 (3.6369)	Arch Soft Loss 3.3804 (3.6369)	Arch depth Loss 0.0000 (0.0000)	Prec@(1,5) (13.3%, 37.4%)	
08/23 05:10:14午前 searchStage_trainer.py:284 [INFO] Train: [  2/49] Final Prec@1 13.3440%
08/23 05:10:16午前 searchStage_trainer.py:312 [INFO] Valid: Epoch: [2][50/391]	Step 1173	Loss 3.5446	Prec@(1,5) (14.6%, 40.4%)
08/23 05:10:18午前 searchStage_trainer.py:312 [INFO] Valid: Epoch: [2][100/391]	Step 1173	Loss 3.5367	Prec@(1,5) (15.0%, 40.6%)
08/23 05:10:20午前 searchStage_trainer.py:312 [INFO] Valid: Epoch: [2][150/391]	Step 1173	Loss 3.5253	Prec@(1,5) (15.4%, 40.9%)
08/23 05:10:22午前 searchStage_trainer.py:312 [INFO] Valid: Epoch: [2][200/391]	Step 1173	Loss 3.5315	Prec@(1,5) (15.3%, 40.7%)
08/23 05:10:24午前 searchStage_trainer.py:312 [INFO] Valid: Epoch: [2][250/391]	Step 1173	Loss 3.5358	Prec@(1,5) (15.2%, 40.6%)
08/23 05:10:25午前 searchStage_trainer.py:312 [INFO] Valid: Epoch: [2][300/391]	Step 1173	Loss 3.5395	Prec@(1,5) (15.2%, 40.4%)
08/23 05:10:27午前 searchStage_trainer.py:312 [INFO] Valid: Epoch: [2][350/391]	Step 1173	Loss 3.5443	Prec@(1,5) (14.9%, 40.2%)
08/23 05:10:29午前 searchStage_trainer.py:312 [INFO] Valid: Epoch: [2][390/391]	Step 1173	Loss 3.5485	Prec@(1,5) (14.9%, 40.1%)
08/23 05:10:29午前 searchStage_trainer.py:323 [INFO] Valid: [  2/49] Final Prec@1 14.8880%
08/23 05:10:29午前 searchStage_KD_main.py:58 [INFO] DAG = Genotype2(DAG1=[[('skip_connect', 0), ('skip_connect', 1)], [('skip_connect', 0), ('skip_connect', 1)], [('skip_connect', 1), ('max_pool_3x3', 3)], [('skip_connect', 2), ('skip_connect', 3)], [('skip_connect', 3), ('skip_connect', 4)], [('skip_connect', 4), ('skip_connect', 5)]], DAG1_concat=range(6, 8), DAG2=[[('skip_connect', 1), ('skip_connect', 0)], [('skip_connect', 1), ('skip_connect', 0)], [('skip_connect', 1), ('skip_connect', 2)], [('skip_connect', 2), ('skip_connect', 3)], [('skip_connect', 3), ('skip_connect', 4)], [('skip_connect', 4), ('skip_connect', 5)]], DAG2_concat=range(6, 8), DAG3=[[('skip_connect', 0), ('skip_connect', 1)], [('skip_connect', 0), ('skip_connect', 1)], [('skip_connect', 1), ('max_pool_3x3', 3)], [('max_pool_3x3', 3), ('max_pool_3x3', 2)], [('max_pool_3x3', 3), ('max_pool_3x3', 4)], [('max_pool_3x3', 4), ('max_pool_3x3', 5)]], DAG3_concat=range(6, 8))
08/23 05:10:29午前 searchStage_KD_main.py:89 [INFO] Until now, best Prec@1 = 14.8880%
####### ALPHA #######
# Alpha - DAG
tensor([[0.2492, 0.2468, 0.2538, 0.2502],
        [0.2497, 0.2472, 0.2530, 0.2501]], device='cuda:0',
       grad_fn=<SoftmaxBackward0>)
tensor([[0.2493, 0.2416, 0.2607, 0.2483],
        [0.2525, 0.2416, 0.2592, 0.2466],
        [0.2487, 0.2495, 0.2473, 0.2545]], device='cuda:0',
       grad_fn=<SoftmaxBackward0>)
tensor([[0.2529, 0.2436, 0.2655, 0.2380],
        [0.2480, 0.2453, 0.2512, 0.2555],
        [0.2510, 0.2459, 0.2475, 0.2556]], device='cuda:0',
       grad_fn=<SoftmaxBackward0>)
tensor([[0.2477, 0.2504, 0.2538, 0.2480],
        [0.2507, 0.2476, 0.2525, 0.2493],
        [0.2463, 0.2481, 0.2515, 0.2541]], device='cuda:0',
       grad_fn=<SoftmaxBackward0>)
tensor([[0.2541, 0.2453, 0.2598, 0.2408],
        [0.2431, 0.2469, 0.2567, 0.2533],
        [0.2443, 0.2471, 0.2474, 0.2611]], device='cuda:0',
       grad_fn=<SoftmaxBackward0>)
tensor([[0.2562, 0.2434, 0.2577, 0.2426],
        [0.2488, 0.2454, 0.2539, 0.2519],
        [0.2491, 0.2432, 0.2506, 0.2570]], device='cuda:0',
       grad_fn=<SoftmaxBackward0>)
tensor([[0.2500, 0.2385, 0.2596, 0.2520],
        [0.2499, 0.2401, 0.2632, 0.2468]], device='cuda:0',
       grad_fn=<SoftmaxBackward0>)
tensor([[0.2518, 0.2421, 0.2641, 0.2420],
        [0.2465, 0.2403, 0.2666, 0.2465],
        [0.2405, 0.2470, 0.2536, 0.2588]], device='cuda:0',
       grad_fn=<SoftmaxBackward0>)
tensor([[0.2542, 0.2477, 0.2645, 0.2337],
        [0.2425, 0.2457, 0.2597, 0.2521],
        [0.2440, 0.2441, 0.2479, 0.2640]], device='cuda:0',
       grad_fn=<SoftmaxBackward0>)
tensor([[0.2430, 0.2469, 0.2628, 0.2473],
        [0.2360, 0.2484, 0.2609, 0.2547],
        [0.2419, 0.2504, 0.2538, 0.2539]], device='cuda:0',
       grad_fn=<SoftmaxBackward0>)
tensor([[0.2425, 0.2461, 0.2752, 0.2361],
        [0.2370, 0.2459, 0.2530, 0.2641],
        [0.2412, 0.2456, 0.2528, 0.2604]], device='cuda:0',
       grad_fn=<SoftmaxBackward0>)
tensor([[0.2447, 0.2517, 0.2664, 0.2372],
        [0.2414, 0.2478, 0.2546, 0.2562],
        [0.2441, 0.2447, 0.2498, 0.2614]], device='cuda:0',
       grad_fn=<SoftmaxBackward0>)
tensor([[0.2459, 0.2310, 0.2747, 0.2483],
        [0.2461, 0.2315, 0.2733, 0.2491]], device='cuda:0',
       grad_fn=<SoftmaxBackward0>)
tensor([[0.2571, 0.2369, 0.2703, 0.2358],
        [0.2544, 0.2374, 0.2687, 0.2395],
        [0.2466, 0.2397, 0.2429, 0.2709]], device='cuda:0',
       grad_fn=<SoftmaxBackward0>)
tensor([[0.2649, 0.2408, 0.2657, 0.2286],
        [0.2540, 0.2375, 0.2531, 0.2554],
        [0.2591, 0.2321, 0.2398, 0.2690]], device='cuda:0',
       grad_fn=<SoftmaxBackward0>)
tensor([[0.2607, 0.2409, 0.2577, 0.2406],
        [0.2621, 0.2346, 0.2471, 0.2562],
        [0.2568, 0.2371, 0.2507, 0.2553]], device='cuda:0',
       grad_fn=<SoftmaxBackward0>)
tensor([[0.2704, 0.2412, 0.2611, 0.2274],
        [0.2596, 0.2405, 0.2460, 0.2540],
        [0.2509, 0.2352, 0.2408, 0.2731]], device='cuda:0',
       grad_fn=<SoftmaxBackward0>)
tensor([[0.2695, 0.2456, 0.2553, 0.2297],
        [0.2586, 0.2408, 0.2475, 0.2531],
        [0.2445, 0.2342, 0.2511, 0.2702]], device='cuda:0',
       grad_fn=<SoftmaxBackward0>)
#####################
08/23 05:10:43午前 searchStage_trainer.py:268 [INFO] Train: Epoch: [3][50/390]	Step 1223	lr 0.02479	Loss 3.2945 (3.4618)	Hard Loss 3.2945 (3.4618)	Soft Loss 3.2945 (3.4618)	Arch Loss 3.6511 (3.5137)	Arch Hard Loss 3.6511 (3.5137)	Arch Soft Loss 3.6511 (3.5137)	Arch depth Loss 0.0000 (0.0000)	Prec@(1,5) (15.5%, 42.3%)	
08/23 05:10:56午前 searchStage_trainer.py:268 [INFO] Train: Epoch: [3][100/390]	Step 1273	lr 0.02479	Loss 3.4896 (3.4715)	Hard Loss 3.4896 (3.4715)	Soft Loss 3.4896 (3.4715)	Arch Loss 3.7457 (3.5037)	Arch Hard Loss 3.7457 (3.5037)	Arch Soft Loss 3.7457 (3.5037)	Arch depth Loss 0.0000 (0.0000)	Prec@(1,5) (15.5%, 42.4%)	
08/23 05:11:08午前 searchStage_trainer.py:268 [INFO] Train: Epoch: [3][150/390]	Step 1323	lr 0.02479	Loss 3.2988 (3.4624)	Hard Loss 3.2988 (3.4624)	Soft Loss 3.2988 (3.4624)	Arch Loss 3.4796 (3.4805)	Arch Hard Loss 3.4796 (3.4805)	Arch Soft Loss 3.4796 (3.4805)	Arch depth Loss 0.0000 (0.0000)	Prec@(1,5) (15.9%, 42.7%)	
08/23 05:11:21午前 searchStage_trainer.py:268 [INFO] Train: Epoch: [3][200/390]	Step 1373	lr 0.02479	Loss 3.3845 (3.4473)	Hard Loss 3.3845 (3.4473)	Soft Loss 3.3845 (3.4473)	Arch Loss 3.4268 (3.4628)	Arch Hard Loss 3.4268 (3.4628)	Arch Soft Loss 3.4268 (3.4628)	Arch depth Loss 0.0000 (0.0000)	Prec@(1,5) (16.0%, 43.3%)	
08/23 05:11:33午前 searchStage_trainer.py:268 [INFO] Train: Epoch: [3][250/390]	Step 1423	lr 0.02479	Loss 3.1794 (3.4380)	Hard Loss 3.1794 (3.4380)	Soft Loss 3.1794 (3.4380)	Arch Loss 3.6603 (3.4606)	Arch Hard Loss 3.6603 (3.4606)	Arch Soft Loss 3.6603 (3.4606)	Arch depth Loss 0.0000 (0.0000)	Prec@(1,5) (16.3%, 43.7%)	
08/23 05:11:46午前 searchStage_trainer.py:268 [INFO] Train: Epoch: [3][300/390]	Step 1473	lr 0.02479	Loss 3.4642 (3.4261)	Hard Loss 3.4642 (3.4261)	Soft Loss 3.4642 (3.4261)	Arch Loss 3.0263 (3.4450)	Arch Hard Loss 3.0263 (3.4450)	Arch Soft Loss 3.0263 (3.4450)	Arch depth Loss 0.0000 (0.0000)	Prec@(1,5) (16.5%, 43.9%)	
08/23 05:11:58午前 searchStage_trainer.py:268 [INFO] Train: Epoch: [3][350/390]	Step 1523	lr 0.02479	Loss 3.6135 (3.4267)	Hard Loss 3.6135 (3.4267)	Soft Loss 3.6135 (3.4267)	Arch Loss 3.7266 (3.4347)	Arch Hard Loss 3.7266 (3.4347)	Arch Soft Loss 3.7266 (3.4347)	Arch depth Loss 0.0000 (0.0000)	Prec@(1,5) (16.5%, 43.9%)	
08/23 05:12:08午前 searchStage_trainer.py:268 [INFO] Train: Epoch: [3][390/390]	Step 1563	lr 0.02479	Loss 3.2591 (3.4218)	Hard Loss 3.2591 (3.4218)	Soft Loss 3.2591 (3.4218)	Arch Loss 3.2928 (3.4240)	Arch Hard Loss 3.2928 (3.4240)	Arch Soft Loss 3.2928 (3.4240)	Arch depth Loss 0.0000 (0.0000)	Prec@(1,5) (16.5%, 44.0%)	
08/23 05:12:09午前 searchStage_trainer.py:284 [INFO] Train: [  3/49] Final Prec@1 16.5160%
08/23 05:12:11午前 searchStage_trainer.py:312 [INFO] Valid: Epoch: [3][50/391]	Step 1564	Loss 3.3914	Prec@(1,5) (19.0%, 46.4%)
08/23 05:12:13午前 searchStage_trainer.py:312 [INFO] Valid: Epoch: [3][100/391]	Step 1564	Loss 3.4059	Prec@(1,5) (18.1%, 45.5%)
08/23 05:12:15午前 searchStage_trainer.py:312 [INFO] Valid: Epoch: [3][150/391]	Step 1564	Loss 3.3933	Prec@(1,5) (18.2%, 45.8%)
08/23 05:12:17午前 searchStage_trainer.py:312 [INFO] Valid: Epoch: [3][200/391]	Step 1564	Loss 3.3764	Prec@(1,5) (18.5%, 46.0%)
08/23 05:12:19午前 searchStage_trainer.py:312 [INFO] Valid: Epoch: [3][250/391]	Step 1564	Loss 3.3720	Prec@(1,5) (18.5%, 46.3%)
08/23 05:12:21午前 searchStage_trainer.py:312 [INFO] Valid: Epoch: [3][300/391]	Step 1564	Loss 3.3707	Prec@(1,5) (18.7%, 46.2%)
08/23 05:12:22午前 searchStage_trainer.py:312 [INFO] Valid: Epoch: [3][350/391]	Step 1564	Loss 3.3795	Prec@(1,5) (18.5%, 45.9%)
08/23 05:12:24午前 searchStage_trainer.py:312 [INFO] Valid: Epoch: [3][390/391]	Step 1564	Loss 3.3757	Prec@(1,5) (18.5%, 45.9%)
08/23 05:12:24午前 searchStage_trainer.py:323 [INFO] Valid: [  3/49] Final Prec@1 18.4760%
08/23 05:12:24午前 searchStage_KD_main.py:58 [INFO] DAG = Genotype2(DAG1=[[('skip_connect', 1), ('skip_connect', 0)], [('skip_connect', 0), ('skip_connect', 1)], [('skip_connect', 1), ('skip_connect', 2)], [('skip_connect', 3), ('skip_connect', 2)], [('skip_connect', 3), ('skip_connect', 4)], [('skip_connect', 4), ('skip_connect', 5)]], DAG1_concat=range(6, 8), DAG2=[[('skip_connect', 1), ('skip_connect', 0)], [('skip_connect', 0), ('skip_connect', 1)], [('skip_connect', 1), ('skip_connect', 2)], [('skip_connect', 2), ('skip_connect', 3)], [('skip_connect', 3), ('skip_connect', 4)], [('skip_connect', 4), ('skip_connect', 5)]], DAG2_concat=range(6, 8), DAG3=[[('skip_connect', 0), ('skip_connect', 1)], [('skip_connect', 0), ('skip_connect', 1)], [('max_pool_3x3', 1), ('max_pool_3x3', 3)], [('max_pool_3x3', 3), ('max_pool_3x3', 2)], [('max_pool_3x3', 3), ('max_pool_3x3', 4)], [('max_pool_3x3', 4), ('max_pool_3x3', 5)]], DAG3_concat=range(6, 8))
08/23 05:12:24午前 searchStage_KD_main.py:89 [INFO] Until now, best Prec@1 = 18.4760%
####### ALPHA #######
# Alpha - DAG
tensor([[0.2481, 0.2448, 0.2569, 0.2502],
        [0.2481, 0.2449, 0.2573, 0.2497]], device='cuda:0',
       grad_fn=<SoftmaxBackward0>)
tensor([[0.2418, 0.2361, 0.2804, 0.2417],
        [0.2470, 0.2354, 0.2777, 0.2399],
        [0.2434, 0.2481, 0.2434, 0.2651]], device='cuda:0',
       grad_fn=<SoftmaxBackward0>)
tensor([[0.2499, 0.2400, 0.2806, 0.2295],
        [0.2460, 0.2425, 0.2504, 0.2612],
        [0.2482, 0.2421, 0.2481, 0.2616]], device='cuda:0',
       grad_fn=<SoftmaxBackward0>)
tensor([[0.2463, 0.2523, 0.2557, 0.2458],
        [0.2478, 0.2467, 0.2570, 0.2485],
        [0.2416, 0.2458, 0.2550, 0.2577]], device='cuda:0',
       grad_fn=<SoftmaxBackward0>)
tensor([[0.2559, 0.2430, 0.2670, 0.2341],
        [0.2388, 0.2443, 0.2591, 0.2578],
        [0.2428, 0.2449, 0.2451, 0.2672]], device='cuda:0',
       grad_fn=<SoftmaxBackward0>)
tensor([[0.2530, 0.2420, 0.2650, 0.2401],
        [0.2446, 0.2443, 0.2569, 0.2542],
        [0.2493, 0.2416, 0.2506, 0.2586]], device='cuda:0',
       grad_fn=<SoftmaxBackward0>)
tensor([[0.2482, 0.2356, 0.2655, 0.2507],
        [0.2498, 0.2355, 0.2673, 0.2474]], device='cuda:0',
       grad_fn=<SoftmaxBackward0>)
tensor([[0.2487, 0.2402, 0.2760, 0.2352],
        [0.2452, 0.2346, 0.2745, 0.2457],
        [0.2400, 0.2442, 0.2509, 0.2649]], device='cuda:0',
       grad_fn=<SoftmaxBackward0>)
tensor([[0.2563, 0.2449, 0.2714, 0.2274],
        [0.2412, 0.2453, 0.2657, 0.2478],
        [0.2411, 0.2396, 0.2439, 0.2754]], device='cuda:0',
       grad_fn=<SoftmaxBackward0>)
tensor([[0.2435, 0.2454, 0.2697, 0.2414],
        [0.2343, 0.2460, 0.2605, 0.2592],
        [0.2388, 0.2489, 0.2555, 0.2569]], device='cuda:0',
       grad_fn=<SoftmaxBackward0>)
tensor([[0.2388, 0.2448, 0.2857, 0.2308],
        [0.2328, 0.2440, 0.2555, 0.2677],
        [0.2368, 0.2454, 0.2519, 0.2660]], device='cuda:0',
       grad_fn=<SoftmaxBackward0>)
tensor([[0.2430, 0.2499, 0.2770, 0.2301],
        [0.2385, 0.2464, 0.2576, 0.2574],
        [0.2424, 0.2422, 0.2454, 0.2700]], device='cuda:0',
       grad_fn=<SoftmaxBackward0>)
tensor([[0.2455, 0.2227, 0.2836, 0.2482],
        [0.2457, 0.2247, 0.2811, 0.2484]], device='cuda:0',
       grad_fn=<SoftmaxBackward0>)
tensor([[0.2590, 0.2300, 0.2771, 0.2340],
        [0.2564, 0.2301, 0.2742, 0.2393],
        [0.2488, 0.2384, 0.2399, 0.2730]], device='cuda:0',
       grad_fn=<SoftmaxBackward0>)
tensor([[0.2744, 0.2349, 0.2684, 0.2224],
        [0.2580, 0.2309, 0.2516, 0.2596],
        [0.2634, 0.2274, 0.2366, 0.2727]], device='cuda:0',
       grad_fn=<SoftmaxBackward0>)
tensor([[0.2626, 0.2378, 0.2604, 0.2393],
        [0.2668, 0.2301, 0.2491, 0.2539],
        [0.2577, 0.2339, 0.2491, 0.2593]], device='cuda:0',
       grad_fn=<SoftmaxBackward0>)
tensor([[0.2813, 0.2361, 0.2642, 0.2184],
        [0.2660, 0.2351, 0.2432, 0.2557],
        [0.2540, 0.2267, 0.2352, 0.2841]], device='cuda:0',
       grad_fn=<SoftmaxBackward0>)
tensor([[0.2839, 0.2394, 0.2538, 0.2228],
        [0.2672, 0.2340, 0.2441, 0.2547],
        [0.2467, 0.2268, 0.2486, 0.2779]], device='cuda:0',
       grad_fn=<SoftmaxBackward0>)
#####################
08/23 05:12:38午前 searchStage_trainer.py:268 [INFO] Train: Epoch: [4][50/390]	Step 1614	lr 0.02462	Loss 3.4863 (3.2999)	Hard Loss 3.4863 (3.2999)	Soft Loss 3.4863 (3.2999)	Arch Loss 2.9255 (3.3124)	Arch Hard Loss 2.9255 (3.3124)	Arch Soft Loss 2.9255 (3.3124)	Arch depth Loss 0.0000 (0.0000)	Prec@(1,5) (19.0%, 47.4%)	
08/23 05:12:51午前 searchStage_trainer.py:268 [INFO] Train: Epoch: [4][100/390]	Step 1664	lr 0.02462	Loss 3.2261 (3.2926)	Hard Loss 3.2261 (3.2926)	Soft Loss 3.2261 (3.2926)	Arch Loss 3.2733 (3.2851)	Arch Hard Loss 3.2733 (3.2851)	Arch Soft Loss 3.2733 (3.2851)	Arch depth Loss 0.0000 (0.0000)	Prec@(1,5) (19.2%, 48.2%)	
08/23 05:13:03午前 searchStage_trainer.py:268 [INFO] Train: Epoch: [4][150/390]	Step 1714	lr 0.02462	Loss 3.0551 (3.2796)	Hard Loss 3.0551 (3.2796)	Soft Loss 3.0551 (3.2796)	Arch Loss 3.4190 (3.3023)	Arch Hard Loss 3.4190 (3.3023)	Arch Soft Loss 3.4190 (3.3023)	Arch depth Loss 0.0000 (0.0000)	Prec@(1,5) (19.7%, 48.6%)	
08/23 05:13:16午前 searchStage_trainer.py:268 [INFO] Train: Epoch: [4][200/390]	Step 1764	lr 0.02462	Loss 3.0493 (3.2549)	Hard Loss 3.0493 (3.2549)	Soft Loss 3.0493 (3.2549)	Arch Loss 3.3521 (3.2975)	Arch Hard Loss 3.3521 (3.2975)	Arch Soft Loss 3.3521 (3.2975)	Arch depth Loss 0.0000 (0.0000)	Prec@(1,5) (20.1%, 49.1%)	
