08/01 09:37:13AM parser.py:28 [INFO] 
08/01 09:37:13AM parser.py:29 [INFO] Parameters:
08/01 09:37:13AM parser.py:31 [INFO] DAG_PATH=results/search_cell_KD/cifar100/BASELINE/BASELINE224-20240801-093713/DAG
08/01 09:37:13AM parser.py:31 [INFO] T=3.0
08/01 09:37:13AM parser.py:31 [INFO] ADVANCED=True
08/01 09:37:13AM parser.py:31 [INFO] ALPHA_LR=0.0003
08/01 09:37:13AM parser.py:31 [INFO] ALPHA_WEIGHT_DECAY=0.001
08/01 09:37:13AM parser.py:31 [INFO] BATCH_SIZE=64
08/01 09:37:13AM parser.py:31 [INFO] CUTOUT_LENGTH=0
08/01 09:37:13AM parser.py:31 [INFO] DATA_PATH=../data/
08/01 09:37:13AM parser.py:31 [INFO] DATASET=cifar100
08/01 09:37:13AM parser.py:31 [INFO] DESCRIPTION=baseline_size224version_nonkd
08/01 09:37:13AM parser.py:31 [INFO] EPOCHS=50
08/01 09:37:13AM parser.py:31 [INFO] EXP_NAME=BASELINE224-20240801-093713
08/01 09:37:13AM parser.py:31 [INFO] GPUS=[0]
08/01 09:37:13AM parser.py:31 [INFO] INIT_CHANNELS=16
08/01 09:37:13AM parser.py:31 [INFO] L=0.6
08/01 09:37:13AM parser.py:31 [INFO] LAYERS=8
08/01 09:37:13AM parser.py:31 [INFO] LOCAL_RANK=0
08/01 09:37:13AM parser.py:31 [INFO] LOGGER=<Logger H-DAS (INFO)>
08/01 09:37:13AM parser.py:31 [INFO] NAME=BASELINE
08/01 09:37:13AM parser.py:31 [INFO] NONKD=True
08/01 09:37:13AM parser.py:31 [INFO] PATH=results/search_cell_KD/cifar100/BASELINE/BASELINE224-20240801-093713
08/01 09:37:13AM parser.py:31 [INFO] PCDARTS=False
08/01 09:37:13AM parser.py:31 [INFO] PLOT_PATH=results/search_cell_KD/cifar100/BASELINE/BASELINE224-20240801-093713/plots
08/01 09:37:13AM parser.py:31 [INFO] PRINT_FREQ=50
08/01 09:37:13AM parser.py:31 [INFO] RESUME_PATH=None
08/01 09:37:13AM parser.py:31 [INFO] SAVE=BASELINE224
08/01 09:37:13AM parser.py:31 [INFO] SEED=4
08/01 09:37:13AM parser.py:31 [INFO] TEACHER_NAME=non
08/01 09:37:13AM parser.py:31 [INFO] TEACHER_PATH=non
08/01 09:37:13AM parser.py:31 [INFO] TRAIN_PORTION=0.5
08/01 09:37:13AM parser.py:31 [INFO] W_GRAD_CLIP=5.0
08/01 09:37:13AM parser.py:31 [INFO] W_LR=0.025
08/01 09:37:13AM parser.py:31 [INFO] W_LR_MIN=0.001
08/01 09:37:13AM parser.py:31 [INFO] W_MOMENTUM=0.9
08/01 09:37:13AM parser.py:31 [INFO] W_WEIGHT_DECAY=0.0003
08/01 09:37:13AM parser.py:31 [INFO] WORKERS=4
08/01 09:37:13AM parser.py:32 [INFO] 
08/01 09:37:41AM searchCell_trainer.py:127 [INFO] --> No loaded checkpoint!
####### ALPHA #######
# Alpha - normal
tensor([[0.1249, 0.1252, 0.1250, 0.1250, 0.1250, 0.1250, 0.1247, 0.1251],
        [0.1250, 0.1250, 0.1251, 0.1251, 0.1251, 0.1251, 0.1248, 0.1248]],
       device='cuda:0', grad_fn=<SoftmaxBackward0>)
tensor([[0.1251, 0.1249, 0.1249, 0.1249, 0.1251, 0.1249, 0.1251, 0.1250],
        [0.1248, 0.1252, 0.1250, 0.1249, 0.1249, 0.1252, 0.1251, 0.1249],
        [0.1251, 0.1250, 0.1252, 0.1249, 0.1249, 0.1250, 0.1250, 0.1249]],
       device='cuda:0', grad_fn=<SoftmaxBackward0>)
tensor([[0.1248, 0.1251, 0.1250, 0.1251, 0.1249, 0.1248, 0.1250, 0.1252],
        [0.1250, 0.1248, 0.1249, 0.1252, 0.1250, 0.1250, 0.1250, 0.1251],
        [0.1249, 0.1251, 0.1250, 0.1253, 0.1248, 0.1248, 0.1251, 0.1250],
        [0.1250, 0.1250, 0.1249, 0.1252, 0.1251, 0.1250, 0.1249, 0.1250]],
       device='cuda:0', grad_fn=<SoftmaxBackward0>)
tensor([[0.1250, 0.1249, 0.1251, 0.1250, 0.1249, 0.1251, 0.1251, 0.1248],
        [0.1250, 0.1250, 0.1250, 0.1251, 0.1252, 0.1249, 0.1248, 0.1250],
        [0.1251, 0.1249, 0.1250, 0.1251, 0.1249, 0.1250, 0.1250, 0.1250],
        [0.1252, 0.1249, 0.1251, 0.1248, 0.1249, 0.1250, 0.1252, 0.1249],
        [0.1249, 0.1251, 0.1249, 0.1252, 0.1250, 0.1249, 0.1250, 0.1249]],
       device='cuda:0', grad_fn=<SoftmaxBackward0>)
tensor([[0.1252, 0.1248, 0.1249, 0.1250, 0.1252, 0.1252, 0.1249, 0.1248],
        [0.1251, 0.1249, 0.1251, 0.1251, 0.1251, 0.1249, 0.1249, 0.1249]],
       device='cuda:0', grad_fn=<SoftmaxBackward0>)
tensor([[0.1250, 0.1251, 0.1251, 0.1251, 0.1251, 0.1250, 0.1249, 0.1248],
        [0.1251, 0.1251, 0.1248, 0.1250, 0.1248, 0.1249, 0.1250, 0.1252],
        [0.1250, 0.1251, 0.1250, 0.1249, 0.1251, 0.1250, 0.1249, 0.1250]],
       device='cuda:0', grad_fn=<SoftmaxBackward0>)
tensor([[0.1251, 0.1250, 0.1249, 0.1248, 0.1250, 0.1252, 0.1250, 0.1250],
        [0.1248, 0.1250, 0.1249, 0.1251, 0.1252, 0.1250, 0.1250, 0.1249],
        [0.1249, 0.1250, 0.1250, 0.1253, 0.1247, 0.1250, 0.1250, 0.1249],
        [0.1248, 0.1251, 0.1248, 0.1251, 0.1251, 0.1250, 0.1250, 0.1251]],
       device='cuda:0', grad_fn=<SoftmaxBackward0>)
tensor([[0.1251, 0.1250, 0.1250, 0.1250, 0.1250, 0.1251, 0.1251, 0.1247],
        [0.1251, 0.1247, 0.1252, 0.1249, 0.1249, 0.1250, 0.1251, 0.1252],
        [0.1250, 0.1249, 0.1250, 0.1250, 0.1251, 0.1249, 0.1250, 0.1251],
        [0.1249, 0.1252, 0.1251, 0.1249, 0.1249, 0.1252, 0.1252, 0.1247],
        [0.1251, 0.1248, 0.1250, 0.1249, 0.1248, 0.1250, 0.1250, 0.1253]],
       device='cuda:0', grad_fn=<SoftmaxBackward0>)
tensor([[0.1249, 0.1249, 0.1249, 0.1252, 0.1250, 0.1251, 0.1247, 0.1252],
        [0.1251, 0.1248, 0.1249, 0.1252, 0.1249, 0.1250, 0.1250, 0.1250]],
       device='cuda:0', grad_fn=<SoftmaxBackward0>)
tensor([[0.1249, 0.1249, 0.1251, 0.1249, 0.1252, 0.1250, 0.1251, 0.1250],
        [0.1250, 0.1250, 0.1250, 0.1249, 0.1248, 0.1249, 0.1251, 0.1253],
        [0.1251, 0.1251, 0.1251, 0.1249, 0.1248, 0.1248, 0.1252, 0.1250]],
       device='cuda:0', grad_fn=<SoftmaxBackward0>)
tensor([[0.1250, 0.1248, 0.1250, 0.1249, 0.1250, 0.1251, 0.1252, 0.1250],
        [0.1249, 0.1250, 0.1250, 0.1252, 0.1248, 0.1251, 0.1249, 0.1251],
        [0.1251, 0.1250, 0.1251, 0.1250, 0.1250, 0.1250, 0.1249, 0.1250],
        [0.1251, 0.1251, 0.1250, 0.1250, 0.1249, 0.1248, 0.1249, 0.1253]],
       device='cuda:0', grad_fn=<SoftmaxBackward0>)
tensor([[0.1249, 0.1249, 0.1250, 0.1249, 0.1250, 0.1252, 0.1251, 0.1249],
        [0.1253, 0.1250, 0.1250, 0.1250, 0.1250, 0.1250, 0.1247, 0.1250],
        [0.1251, 0.1250, 0.1248, 0.1251, 0.1251, 0.1250, 0.1251, 0.1248],
        [0.1250, 0.1251, 0.1250, 0.1251, 0.1250, 0.1250, 0.1248, 0.1249],
        [0.1250, 0.1249, 0.1251, 0.1250, 0.1253, 0.1252, 0.1248, 0.1248]],
       device='cuda:0', grad_fn=<SoftmaxBackward0>)

# Alpha - reduce
tensor([[0.1251, 0.1251, 0.1249, 0.1250, 0.1251, 0.1251, 0.1248, 0.1250],
        [0.1249, 0.1250, 0.1251, 0.1251, 0.1250, 0.1251, 0.1250, 0.1247]],
       device='cuda:0', grad_fn=<SoftmaxBackward0>)
tensor([[0.1251, 0.1249, 0.1251, 0.1251, 0.1250, 0.1250, 0.1250, 0.1248],
        [0.1249, 0.1250, 0.1250, 0.1250, 0.1252, 0.1250, 0.1252, 0.1247],
        [0.1251, 0.1249, 0.1250, 0.1250, 0.1247, 0.1251, 0.1250, 0.1251]],
       device='cuda:0', grad_fn=<SoftmaxBackward0>)
tensor([[0.1250, 0.1250, 0.1251, 0.1250, 0.1249, 0.1251, 0.1248, 0.1250],
        [0.1250, 0.1252, 0.1250, 0.1251, 0.1249, 0.1248, 0.1250, 0.1250],
        [0.1251, 0.1251, 0.1250, 0.1249, 0.1249, 0.1250, 0.1251, 0.1249],
        [0.1251, 0.1251, 0.1249, 0.1248, 0.1247, 0.1253, 0.1251, 0.1250]],
       device='cuda:0', grad_fn=<SoftmaxBackward0>)
tensor([[0.1248, 0.1250, 0.1251, 0.1250, 0.1249, 0.1250, 0.1251, 0.1251],
        [0.1251, 0.1250, 0.1251, 0.1252, 0.1250, 0.1248, 0.1250, 0.1249],
        [0.1248, 0.1252, 0.1250, 0.1250, 0.1251, 0.1251, 0.1251, 0.1247],
        [0.1249, 0.1249, 0.1249, 0.1249, 0.1249, 0.1252, 0.1251, 0.1251],
        [0.1251, 0.1250, 0.1249, 0.1250, 0.1250, 0.1248, 0.1250, 0.1252]],
       device='cuda:0', grad_fn=<SoftmaxBackward0>)
tensor([[0.1251, 0.1250, 0.1249, 0.1252, 0.1249, 0.1249, 0.1248, 0.1251],
        [0.1249, 0.1250, 0.1250, 0.1250, 0.1249, 0.1249, 0.1252, 0.1250]],
       device='cuda:0', grad_fn=<SoftmaxBackward0>)
tensor([[0.1249, 0.1250, 0.1249, 0.1250, 0.1251, 0.1254, 0.1249, 0.1248],
        [0.1251, 0.1249, 0.1250, 0.1250, 0.1251, 0.1248, 0.1251, 0.1250],
        [0.1251, 0.1250, 0.1248, 0.1251, 0.1249, 0.1249, 0.1251, 0.1252]],
       device='cuda:0', grad_fn=<SoftmaxBackward0>)
tensor([[0.1249, 0.1251, 0.1248, 0.1251, 0.1251, 0.1250, 0.1250, 0.1250],
        [0.1250, 0.1251, 0.1250, 0.1251, 0.1250, 0.1250, 0.1249, 0.1248],
        [0.1250, 0.1248, 0.1249, 0.1250, 0.1250, 0.1250, 0.1252, 0.1252],
        [0.1250, 0.1250, 0.1250, 0.1251, 0.1250, 0.1250, 0.1250, 0.1249]],
       device='cuda:0', grad_fn=<SoftmaxBackward0>)
tensor([[0.1248, 0.1252, 0.1250, 0.1250, 0.1248, 0.1250, 0.1251, 0.1251],
        [0.1252, 0.1249, 0.1249, 0.1249, 0.1250, 0.1250, 0.1250, 0.1251],
        [0.1247, 0.1250, 0.1251, 0.1250, 0.1250, 0.1251, 0.1251, 0.1250],
        [0.1249, 0.1251, 0.1248, 0.1251, 0.1250, 0.1249, 0.1250, 0.1252],
        [0.1249, 0.1252, 0.1249, 0.1249, 0.1252, 0.1250, 0.1249, 0.1250]],
       device='cuda:0', grad_fn=<SoftmaxBackward0>)
#####################
08/01 09:38:19AM searchCell_trainer.py:217 [INFO] Train: Epoch: [0][50/390]	Step 50	lr 0.025	Loss 4.3378 (4.4775)	Hard Loss 4.3378 (4.4775)	Soft Loss 4.3378 (4.4775)	Arch Loss 4.1955 (4.4522)	Arch Hard Loss 0.0000 (0.0000)	Arch Soft Loss 0.0000 (0.0000)	Prec@(1,5) (3.4%, 13.1%)	
08/01 09:38:54AM searchCell_trainer.py:217 [INFO] Train: Epoch: [0][100/390]	Step 100	lr 0.025	Loss 4.1010 (4.3291)	Hard Loss 4.1010 (4.3291)	Soft Loss 4.1010 (4.3291)	Arch Loss 4.1094 (4.3026)	Arch Hard Loss 0.0000 (0.0000)	Arch Soft Loss 0.0000 (0.0000)	Prec@(1,5) (4.7%, 17.0%)	
08/01 09:39:29AM searchCell_trainer.py:217 [INFO] Train: Epoch: [0][150/390]	Step 150	lr 0.025	Loss 4.1252 (4.2250)	Hard Loss 4.1252 (4.2250)	Soft Loss 4.1252 (4.2250)	Arch Loss 4.0643 (4.2019)	Arch Hard Loss 0.0000 (0.0000)	Arch Soft Loss 0.0000 (0.0000)	Prec@(1,5) (5.9%, 20.4%)	
08/01 09:40:05AM searchCell_trainer.py:217 [INFO] Train: Epoch: [0][200/390]	Step 200	lr 0.025	Loss 3.8890 (4.1410)	Hard Loss 3.8890 (4.1410)	Soft Loss 3.8890 (4.1410)	Arch Loss 3.8625 (4.1289)	Arch Hard Loss 0.0000 (0.0000)	Arch Soft Loss 0.0000 (0.0000)	Prec@(1,5) (6.9%, 23.1%)	
08/01 09:40:40AM searchCell_trainer.py:217 [INFO] Train: Epoch: [0][250/390]	Step 250	lr 0.025	Loss 3.8787 (4.0816)	Hard Loss 3.8787 (4.0816)	Soft Loss 3.8787 (4.0816)	Arch Loss 4.0355 (4.0518)	Arch Hard Loss 0.0000 (0.0000)	Arch Soft Loss 0.0000 (0.0000)	Prec@(1,5) (7.7%, 24.9%)	
08/01 09:41:16AM searchCell_trainer.py:217 [INFO] Train: Epoch: [0][300/390]	Step 300	lr 0.025	Loss 3.8841 (4.0243)	Hard Loss 3.8841 (4.0243)	Soft Loss 3.8841 (4.0243)	Arch Loss 3.8745 (3.9963)	Arch Hard Loss 0.0000 (0.0000)	Arch Soft Loss 0.0000 (0.0000)	Prec@(1,5) (8.3%, 26.6%)	
08/01 09:41:52AM searchCell_trainer.py:217 [INFO] Train: Epoch: [0][350/390]	Step 350	lr 0.025	Loss 3.4230 (3.9718)	Hard Loss 3.4230 (3.9718)	Soft Loss 3.4230 (3.9718)	Arch Loss 3.9277 (3.9533)	Arch Hard Loss 0.0000 (0.0000)	Arch Soft Loss 0.0000 (0.0000)	Prec@(1,5) (8.9%, 28.2%)	
08/01 09:42:20AM searchCell_trainer.py:217 [INFO] Train: Epoch: [0][390/390]	Step 390	lr 0.025	Loss 3.5073 (3.9312)	Hard Loss 3.5073 (3.9312)	Soft Loss 3.5073 (3.9312)	Arch Loss 3.4625 (3.9167)	Arch Hard Loss 0.0000 (0.0000)	Arch Soft Loss 0.0000 (0.0000)	Prec@(1,5) (9.5%, 29.4%)	
08/01 09:42:22AM searchCell_trainer.py:232 [INFO] Train: [  0/49] Final Prec@1 9.5600%
08/01 09:42:29AM searchCell_trainer.py:260 [INFO] Valid: Epoch: [0][50/391]	Step 391	Loss 3.6138	Prec@(1,5) (13.3%, 39.7%)
08/01 09:42:35AM searchCell_trainer.py:260 [INFO] Valid: Epoch: [0][100/391]	Step 391	Loss 3.6127	Prec@(1,5) (13.5%, 39.4%)
08/01 09:42:42AM searchCell_trainer.py:260 [INFO] Valid: Epoch: [0][150/391]	Step 391	Loss 3.6071	Prec@(1,5) (13.4%, 39.4%)
08/01 09:42:49AM searchCell_trainer.py:260 [INFO] Valid: Epoch: [0][200/391]	Step 391	Loss 3.6031	Prec@(1,5) (13.9%, 39.7%)
08/01 09:42:55AM searchCell_trainer.py:260 [INFO] Valid: Epoch: [0][250/391]	Step 391	Loss 3.5982	Prec@(1,5) (13.9%, 39.6%)
08/01 09:43:02AM searchCell_trainer.py:260 [INFO] Valid: Epoch: [0][300/391]	Step 391	Loss 3.5943	Prec@(1,5) (14.2%, 39.7%)
08/01 09:43:08AM searchCell_trainer.py:260 [INFO] Valid: Epoch: [0][350/391]	Step 391	Loss 3.5981	Prec@(1,5) (14.1%, 39.7%)
08/01 09:43:13AM searchCell_trainer.py:260 [INFO] Valid: Epoch: [0][390/391]	Step 391	Loss 3.5973	Prec@(1,5) (14.2%, 39.7%)
08/01 09:43:13AM searchCell_trainer.py:267 [INFO] Valid: [  0/49] Final Prec@1 14.1720%
08/01 09:43:13AM searchCell_KD_main.py:58 [INFO] genotype = Genotype3(normal1=[[('max_pool_3x3', 0), ('sep_conv_3x3', 1)], [('max_pool_3x3', 0), ('dil_conv_3x3', 1)], [('max_pool_3x3', 0), ('skip_connect', 2)], [('max_pool_3x3', 0), ('sep_conv_5x5', 1)]], normal1_concat=range(2, 6), reduce1=[[('max_pool_3x3', 0), ('max_pool_3x3', 1)], [('dil_conv_3x3', 2), ('dil_conv_5x5', 1)], [('dil_conv_3x3', 2), ('max_pool_3x3', 0)], [('dil_conv_5x5', 2), ('max_pool_3x3', 0)]], reduce1_concat=range(2, 6), normal2=[[('max_pool_3x3', 0), ('sep_conv_3x3', 1)], [('max_pool_3x3', 0), ('dil_conv_5x5', 2)], [('max_pool_3x3', 0), ('dil_conv_3x3', 1)], [('dil_conv_5x5', 3), ('dil_conv_3x3', 1)]], normal2_concat=range(2, 6), reduce2=[[('max_pool_3x3', 0), ('sep_conv_5x5', 1)], [('max_pool_3x3', 0), ('dil_conv_5x5', 1)], [('max_pool_3x3', 0), ('sep_conv_3x3', 1)], [('sep_conv_5x5', 3), ('sep_conv_5x5', 4)]], reduce2_concat=range(2, 6), normal3=[[('dil_conv_5x5', 1), ('sep_conv_5x5', 0)], [('dil_conv_5x5', 1), ('dil_conv_5x5', 2)], [('dil_conv_5x5', 0), ('sep_conv_3x3', 2)], [('dil_conv_3x3', 4), ('dil_conv_5x5', 3)]], normal3_concat=range(2, 6))
08/01 09:43:15AM searchCell_KD_main.py:92 [INFO] Until now, best Prec@1 = 14.1720%
####### ALPHA #######
# Alpha - normal
tensor([[0.1297, 0.1238, 0.1255, 0.1243, 0.1255, 0.1231, 0.1236, 0.1244],
        [0.1253, 0.1219, 0.1233, 0.1264, 0.1262, 0.1253, 0.1254, 0.1262]],
       device='cuda:0', grad_fn=<SoftmaxBackward0>)
tensor([[0.1292, 0.1240, 0.1259, 0.1247, 0.1236, 0.1234, 0.1263, 0.1230],
        [0.1251, 0.1228, 0.1242, 0.1239, 0.1250, 0.1266, 0.1262, 0.1262],
        [0.1260, 0.1236, 0.1248, 0.1235, 0.1253, 0.1258, 0.1263, 0.1248]],
       device='cuda:0', grad_fn=<SoftmaxBackward0>)
tensor([[0.1295, 0.1246, 0.1262, 0.1239, 0.1227, 0.1249, 0.1257, 0.1226],
        [0.1260, 0.1223, 0.1236, 0.1238, 0.1254, 0.1261, 0.1259, 0.1269],
        [0.1259, 0.1241, 0.1262, 0.1238, 0.1235, 0.1249, 0.1243, 0.1273],
        [0.1257, 0.1240, 0.1258, 0.1237, 0.1245, 0.1249, 0.1255, 0.1259]],
       device='cuda:0', grad_fn=<SoftmaxBackward0>)
tensor([[0.1297, 0.1226, 0.1243, 0.1264, 0.1230, 0.1245, 0.1259, 0.1236],
        [0.1269, 0.1220, 0.1232, 0.1249, 0.1273, 0.1256, 0.1246, 0.1255],
        [0.1264, 0.1226, 0.1239, 0.1263, 0.1247, 0.1247, 0.1269, 0.1245],
        [0.1267, 0.1232, 0.1247, 0.1247, 0.1243, 0.1253, 0.1266, 0.1244],
        [0.1253, 0.1224, 0.1235, 0.1258, 0.1258, 0.1270, 0.1248, 0.1253]],
       device='cuda:0', grad_fn=<SoftmaxBackward0>)
tensor([[0.1279, 0.1233, 0.1255, 0.1254, 0.1255, 0.1242, 0.1269, 0.1214],
        [0.1245, 0.1221, 0.1243, 0.1270, 0.1247, 0.1249, 0.1247, 0.1279]],
       device='cuda:0', grad_fn=<SoftmaxBackward0>)
tensor([[0.1278, 0.1244, 0.1265, 0.1248, 0.1248, 0.1253, 0.1237, 0.1226],
        [0.1240, 0.1221, 0.1238, 0.1251, 0.1254, 0.1263, 0.1261, 0.1271],
        [0.1246, 0.1227, 0.1245, 0.1266, 0.1256, 0.1240, 0.1270, 0.1251]],
       device='cuda:0', grad_fn=<SoftmaxBackward0>)
tensor([[0.1293, 0.1250, 0.1267, 0.1247, 0.1222, 0.1243, 0.1255, 0.1223],
        [0.1230, 0.1209, 0.1231, 0.1270, 0.1254, 0.1277, 0.1272, 0.1257],
        [0.1256, 0.1243, 0.1262, 0.1244, 0.1253, 0.1239, 0.1255, 0.1249],
        [0.1254, 0.1243, 0.1257, 0.1256, 0.1249, 0.1246, 0.1240, 0.1255]],
       device='cuda:0', grad_fn=<SoftmaxBackward0>)
tensor([[0.1268, 0.1229, 0.1246, 0.1251, 0.1240, 0.1262, 0.1262, 0.1241],
        [0.1235, 0.1213, 0.1238, 0.1251, 0.1254, 0.1276, 0.1250, 0.1282],
        [0.1241, 0.1222, 0.1236, 0.1257, 0.1269, 0.1246, 0.1270, 0.1258],
        [0.1245, 0.1224, 0.1235, 0.1241, 0.1258, 0.1255, 0.1288, 0.1254],
        [0.1247, 0.1226, 0.1240, 0.1240, 0.1248, 0.1268, 0.1264, 0.1267]],
       device='cuda:0', grad_fn=<SoftmaxBackward0>)
tensor([[0.1268, 0.1232, 0.1248, 0.1230, 0.1272, 0.1241, 0.1245, 0.1264],
        [0.1229, 0.1211, 0.1216, 0.1233, 0.1268, 0.1271, 0.1284, 0.1288]],
       device='cuda:0', grad_fn=<SoftmaxBackward0>)
tensor([[0.1245, 0.1216, 0.1224, 0.1255, 0.1270, 0.1248, 0.1273, 0.1270],
        [0.1225, 0.1212, 0.1214, 0.1269, 0.1250, 0.1273, 0.1277, 0.1279],
        [0.1212, 0.1203, 0.1214, 0.1261, 0.1269, 0.1267, 0.1274, 0.1300]],
       device='cuda:0', grad_fn=<SoftmaxBackward0>)
tensor([[0.1225, 0.1206, 0.1210, 0.1260, 0.1271, 0.1267, 0.1290, 0.1272],
        [0.1229, 0.1219, 0.1222, 0.1271, 0.1261, 0.1258, 0.1251, 0.1289],
        [0.1203, 0.1197, 0.1200, 0.1286, 0.1269, 0.1280, 0.1272, 0.1293],
        [0.1207, 0.1199, 0.1201, 0.1274, 0.1285, 0.1257, 0.1275, 0.1301]],
       device='cuda:0', grad_fn=<SoftmaxBackward0>)
tensor([[0.1242, 0.1220, 0.1223, 0.1262, 0.1257, 0.1263, 0.1258, 0.1273],
        [0.1216, 0.1201, 0.1202, 0.1272, 0.1267, 0.1264, 0.1282, 0.1296],
        [0.1208, 0.1198, 0.1193, 0.1283, 0.1291, 0.1277, 0.1267, 0.1284],
        [0.1203, 0.1196, 0.1195, 0.1280, 0.1279, 0.1269, 0.1295, 0.1284],
        [0.1203, 0.1194, 0.1195, 0.1274, 0.1280, 0.1294, 0.1275, 0.1285]],
       device='cuda:0', grad_fn=<SoftmaxBackward0>)

# Alpha - reduce
tensor([[0.1277, 0.1244, 0.1244, 0.1254, 0.1249, 0.1246, 0.1247, 0.1241],
        [0.1274, 0.1246, 0.1237, 0.1245, 0.1233, 0.1268, 0.1242, 0.1256]],
       device='cuda:0', grad_fn=<SoftmaxBackward0>)
tensor([[0.1265, 0.1238, 0.1249, 0.1247, 0.1250, 0.1254, 0.1263, 0.1234],
        [0.1253, 0.1230, 0.1259, 0.1260, 0.1237, 0.1245, 0.1266, 0.1250],
        [0.1252, 0.1215, 0.1241, 0.1241, 0.1260, 0.1280, 0.1243, 0.1269]],
       device='cuda:0', grad_fn=<SoftmaxBackward0>)
tensor([[0.1275, 0.1252, 0.1249, 0.1261, 0.1249, 0.1246, 0.1233, 0.1234],
        [0.1260, 0.1242, 0.1232, 0.1244, 0.1261, 0.1250, 0.1256, 0.1256],
        [0.1252, 0.1224, 0.1247, 0.1262, 0.1243, 0.1277, 0.1238, 0.1257],
        [0.1257, 0.1236, 0.1258, 0.1243, 0.1237, 0.1255, 0.1252, 0.1263]],
       device='cuda:0', grad_fn=<SoftmaxBackward0>)
tensor([[0.1271, 0.1248, 0.1263, 0.1247, 0.1241, 0.1251, 0.1233, 0.1246],
        [0.1258, 0.1236, 0.1234, 0.1252, 0.1257, 0.1262, 0.1263, 0.1239],
        [0.1246, 0.1219, 0.1235, 0.1245, 0.1278, 0.1250, 0.1279, 0.1248],
        [0.1251, 0.1232, 0.1248, 0.1265, 0.1235, 0.1255, 0.1258, 0.1256],
        [0.1250, 0.1231, 0.1241, 0.1253, 0.1256, 0.1245, 0.1266, 0.1257]],
       device='cuda:0', grad_fn=<SoftmaxBackward0>)
tensor([[0.1289, 0.1250, 0.1240, 0.1253, 0.1248, 0.1241, 0.1252, 0.1228],
        [0.1231, 0.1211, 0.1237, 0.1240, 0.1276, 0.1251, 0.1275, 0.1279]],
       device='cuda:0', grad_fn=<SoftmaxBackward0>)
tensor([[0.1294, 0.1259, 0.1259, 0.1237, 0.1239, 0.1256, 0.1240, 0.1217],
        [0.1225, 0.1207, 0.1260, 0.1270, 0.1239, 0.1258, 0.1275, 0.1266],
        [0.1255, 0.1210, 0.1234, 0.1268, 0.1263, 0.1250, 0.1271, 0.1249]],
       device='cuda:0', grad_fn=<SoftmaxBackward0>)
tensor([[0.1283, 0.1252, 0.1243, 0.1251, 0.1255, 0.1221, 0.1258, 0.1237],
        [0.1224, 0.1208, 0.1251, 0.1268, 0.1259, 0.1261, 0.1256, 0.1273],
        [0.1261, 0.1211, 0.1240, 0.1259, 0.1247, 0.1258, 0.1266, 0.1259],
        [0.1263, 0.1223, 0.1248, 0.1271, 0.1250, 0.1254, 0.1257, 0.1234]],
       device='cuda:0', grad_fn=<SoftmaxBackward0>)
tensor([[0.1277, 0.1248, 0.1262, 0.1246, 0.1267, 0.1239, 0.1221, 0.1241],
        [0.1236, 0.1216, 0.1243, 0.1249, 0.1260, 0.1257, 0.1261, 0.1279],
        [0.1253, 0.1205, 0.1226, 0.1264, 0.1260, 0.1270, 0.1274, 0.1248],
        [0.1256, 0.1219, 0.1238, 0.1237, 0.1282, 0.1243, 0.1268, 0.1257],
        [0.1251, 0.1218, 0.1229, 0.1242, 0.1280, 0.1264, 0.1258, 0.1257]],
       device='cuda:0', grad_fn=<SoftmaxBackward0>)
#####################
08/01 09:43:51午前 searchCell_trainer.py:217 [INFO] Train: Epoch: [1][50/390]	Step 441	lr 0.02498	Loss 3.6716 (3.5289)	Hard Loss 3.6716 (3.5289)	Soft Loss 3.6716 (3.5289)	Arch Loss 3.2743 (3.4774)	Arch Hard Loss 0.0000 (0.0000)	Arch Soft Loss 0.0000 (0.0000)	Prec@(1,5) (15.1%, 42.3%)	
08/01 09:44:27午前 searchCell_trainer.py:217 [INFO] Train: Epoch: [1][100/390]	Step 491	lr 0.02498	Loss 3.6576 (3.5008)	Hard Loss 3.6576 (3.5008)	Soft Loss 3.6576 (3.5008)	Arch Loss 3.3006 (3.4925)	Arch Hard Loss 0.0000 (0.0000)	Arch Soft Loss 0.0000 (0.0000)	Prec@(1,5) (15.7%, 42.7%)	
08/01 09:45:02午前 searchCell_trainer.py:217 [INFO] Train: Epoch: [1][150/390]	Step 541	lr 0.02498	Loss 3.0401 (3.4650)	Hard Loss 3.0401 (3.4650)	Soft Loss 3.0401 (3.4650)	Arch Loss 3.2358 (3.4614)	Arch Hard Loss 0.0000 (0.0000)	Arch Soft Loss 0.0000 (0.0000)	Prec@(1,5) (15.9%, 43.7%)	
08/01 09:45:38午前 searchCell_trainer.py:217 [INFO] Train: Epoch: [1][200/390]	Step 591	lr 0.02498	Loss 3.0452 (3.4305)	Hard Loss 3.0452 (3.4305)	Soft Loss 3.0452 (3.4305)	Arch Loss 3.5100 (3.4332)	Arch Hard Loss 0.0000 (0.0000)	Arch Soft Loss 0.0000 (0.0000)	Prec@(1,5) (16.8%, 44.4%)	
08/01 09:46:13午前 searchCell_trainer.py:217 [INFO] Train: Epoch: [1][250/390]	Step 641	lr 0.02498	Loss 3.0534 (3.4080)	Hard Loss 3.0534 (3.4080)	Soft Loss 3.0534 (3.4080)	Arch Loss 3.2924 (3.4111)	Arch Hard Loss 0.0000 (0.0000)	Arch Soft Loss 0.0000 (0.0000)	Prec@(1,5) (17.3%, 44.9%)	
08/01 09:46:48午前 searchCell_trainer.py:217 [INFO] Train: Epoch: [1][300/390]	Step 691	lr 0.02498	Loss 3.5370 (3.3839)	Hard Loss 3.5370 (3.3839)	Soft Loss 3.5370 (3.3839)	Arch Loss 3.1906 (3.3886)	Arch Hard Loss 0.0000 (0.0000)	Arch Soft Loss 0.0000 (0.0000)	Prec@(1,5) (17.8%, 45.7%)	
08/01 09:47:23午前 searchCell_trainer.py:217 [INFO] Train: Epoch: [1][350/390]	Step 741	lr 0.02498	Loss 2.9676 (3.3710)	Hard Loss 2.9676 (3.3710)	Soft Loss 2.9676 (3.3710)	Arch Loss 3.3553 (3.3648)	Arch Hard Loss 0.0000 (0.0000)	Arch Soft Loss 0.0000 (0.0000)	Prec@(1,5) (18.0%, 46.0%)	
08/01 09:47:51午前 searchCell_trainer.py:217 [INFO] Train: Epoch: [1][390/390]	Step 781	lr 0.02498	Loss 3.0168 (3.3615)	Hard Loss 3.0168 (3.3615)	Soft Loss 3.0168 (3.3615)	Arch Loss 2.8403 (3.3485)	Arch Hard Loss 0.0000 (0.0000)	Arch Soft Loss 0.0000 (0.0000)	Prec@(1,5) (18.2%, 46.4%)	
08/01 09:47:52午前 searchCell_trainer.py:232 [INFO] Train: [  1/49] Final Prec@1 18.2320%
08/01 09:47:58午前 searchCell_trainer.py:260 [INFO] Valid: Epoch: [1][50/391]	Step 782	Loss 3.2370	Prec@(1,5) (21.2%, 48.7%)
08/01 09:48:05午前 searchCell_trainer.py:260 [INFO] Valid: Epoch: [1][100/391]	Step 782	Loss 3.2306	Prec@(1,5) (20.9%, 49.5%)
08/01 09:48:11午前 searchCell_trainer.py:260 [INFO] Valid: Epoch: [1][150/391]	Step 782	Loss 3.2209	Prec@(1,5) (20.8%, 49.7%)
08/01 09:48:17午前 searchCell_trainer.py:260 [INFO] Valid: Epoch: [1][200/391]	Step 782	Loss 3.2106	Prec@(1,5) (21.2%, 49.9%)
08/01 09:48:23午前 searchCell_trainer.py:260 [INFO] Valid: Epoch: [1][250/391]	Step 782	Loss 3.2168	Prec@(1,5) (21.2%, 50.0%)
08/01 09:48:29午前 searchCell_trainer.py:260 [INFO] Valid: Epoch: [1][300/391]	Step 782	Loss 3.2094	Prec@(1,5) (21.3%, 50.4%)
08/01 09:48:35午前 searchCell_trainer.py:260 [INFO] Valid: Epoch: [1][350/391]	Step 782	Loss 3.2145	Prec@(1,5) (21.3%, 50.2%)
08/01 09:48:40午前 searchCell_trainer.py:260 [INFO] Valid: Epoch: [1][390/391]	Step 782	Loss 3.2108	Prec@(1,5) (21.4%, 50.3%)
08/01 09:48:40午前 searchCell_trainer.py:267 [INFO] Valid: [  1/49] Final Prec@1 21.4160%
08/01 09:48:40午前 searchCell_KD_main.py:58 [INFO] genotype = Genotype3(normal1=[[('max_pool_3x3', 0), ('dil_conv_3x3', 1)], [('max_pool_3x3', 0), ('dil_conv_3x3', 1)], [('max_pool_3x3', 0), ('max_pool_3x3', 1)], [('max_pool_3x3', 0), ('sep_conv_5x5', 1)]], normal1_concat=range(2, 6), reduce1=[[('dil_conv_3x3', 1), ('max_pool_3x3', 0)], [('dil_conv_3x3', 2), ('dil_conv_5x5', 1)], [('dil_conv_3x3', 2), ('max_pool_3x3', 0)], [('sep_conv_5x5', 2), ('sep_conv_3x3', 3)]], reduce1_concat=range(2, 6), normal2=[[('max_pool_3x3', 0), ('sep_conv_3x3', 1)], [('max_pool_3x3', 0), ('dil_conv_5x5', 1)], [('max_pool_3x3', 0), ('dil_conv_5x5', 1)], [('dil_conv_5x5', 3), ('dil_conv_3x3', 1)]], normal2_concat=range(2, 6), reduce2=[[('max_pool_3x3', 0), ('dil_conv_5x5', 1)], [('max_pool_3x3', 0), ('sep_conv_5x5', 2)], [('dil_conv_5x5', 2), ('max_pool_3x3', 0)], [('sep_conv_5x5', 4), ('dil_conv_5x5', 3)]], reduce2_concat=range(2, 6), normal3=[[('dil_conv_5x5', 1), ('max_pool_3x3', 0)], [('dil_conv_5x5', 2), ('dil_conv_5x5', 1)], [('dil_conv_5x5', 0), ('sep_conv_5x5', 3)], [('sep_conv_5x5', 2), ('dil_conv_5x5', 3)]], normal3_concat=range(2, 6))
08/01 09:48:41午前 searchCell_KD_main.py:92 [INFO] Until now, best Prec@1 = 21.4160%
####### ALPHA #######
# Alpha - normal
tensor([[0.1327, 0.1220, 0.1262, 0.1229, 0.1264, 0.1213, 0.1237, 0.1248],
        [0.1248, 0.1202, 0.1231, 0.1260, 0.1270, 0.1275, 0.1251, 0.1264]],
       device='cuda:0', grad_fn=<SoftmaxBackward0>)
tensor([[0.1324, 0.1228, 0.1267, 0.1256, 0.1242, 0.1211, 0.1250, 0.1223],
        [0.1241, 0.1200, 0.1233, 0.1244, 0.1245, 0.1288, 0.1280, 0.1268],
        [0.1251, 0.1205, 0.1242, 0.1238, 0.1268, 0.1270, 0.1275, 0.1250]],
       device='cuda:0', grad_fn=<SoftmaxBackward0>)
tensor([[0.1337, 0.1236, 0.1271, 0.1224, 0.1212, 0.1235, 0.1267, 0.1216],
        [0.1274, 0.1213, 0.1246, 0.1216, 0.1245, 0.1256, 0.1256, 0.1295],
        [0.1254, 0.1207, 0.1252, 0.1244, 0.1243, 0.1259, 0.1257, 0.1283],
        [0.1250, 0.1213, 0.1256, 0.1231, 0.1249, 0.1261, 0.1276, 0.1265]],
       device='cuda:0', grad_fn=<SoftmaxBackward0>)
tensor([[0.1354, 0.1234, 0.1272, 0.1244, 0.1213, 0.1220, 0.1245, 0.1217],
        [0.1277, 0.1203, 0.1233, 0.1235, 0.1284, 0.1257, 0.1255, 0.1256],
        [0.1272, 0.1211, 0.1235, 0.1260, 0.1265, 0.1248, 0.1283, 0.1225],
        [0.1268, 0.1220, 0.1255, 0.1239, 0.1242, 0.1255, 0.1283, 0.1239],
        [0.1251, 0.1211, 0.1241, 0.1242, 0.1250, 0.1278, 0.1268, 0.1258]],
       device='cuda:0', grad_fn=<SoftmaxBackward0>)
tensor([[0.1299, 0.1212, 0.1260, 0.1251, 0.1257, 0.1246, 0.1281, 0.1193],
        [0.1224, 0.1183, 0.1225, 0.1290, 0.1269, 0.1251, 0.1259, 0.1299]],
       device='cuda:0', grad_fn=<SoftmaxBackward0>)
tensor([[0.1309, 0.1232, 0.1274, 0.1255, 0.1233, 0.1248, 0.1238, 0.1211],
        [0.1227, 0.1186, 0.1220, 0.1244, 0.1270, 0.1268, 0.1297, 0.1288],
        [0.1254, 0.1212, 0.1245, 0.1261, 0.1271, 0.1231, 0.1287, 0.1238]],
       device='cuda:0', grad_fn=<SoftmaxBackward0>)
tensor([[0.1312, 0.1232, 0.1266, 0.1238, 0.1225, 0.1234, 0.1273, 0.1219],
        [0.1213, 0.1176, 0.1215, 0.1261, 0.1255, 0.1301, 0.1305, 0.1274],
        [0.1253, 0.1215, 0.1246, 0.1245, 0.1288, 0.1257, 0.1264, 0.1231],
        [0.1253, 0.1219, 0.1248, 0.1262, 0.1270, 0.1242, 0.1242, 0.1264]],
       device='cuda:0', grad_fn=<SoftmaxBackward0>)
tensor([[0.1279, 0.1204, 0.1239, 0.1260, 0.1258, 0.1249, 0.1275, 0.1238],
        [0.1218, 0.1183, 0.1226, 0.1259, 0.1256, 0.1304, 0.1255, 0.1301],
        [0.1227, 0.1192, 0.1216, 0.1246, 0.1299, 0.1274, 0.1288, 0.1260],
        [0.1228, 0.1192, 0.1215, 0.1252, 0.1272, 0.1261, 0.1313, 0.1268],
        [0.1232, 0.1196, 0.1221, 0.1245, 0.1260, 0.1279, 0.1281, 0.1286]],
       device='cuda:0', grad_fn=<SoftmaxBackward0>)
tensor([[0.1299, 0.1233, 0.1257, 0.1206, 0.1288, 0.1234, 0.1228, 0.1254],
        [0.1227, 0.1191, 0.1200, 0.1232, 0.1269, 0.1262, 0.1302, 0.1317]],
       device='cuda:0', grad_fn=<SoftmaxBackward0>)
tensor([[0.1258, 0.1205, 0.1215, 0.1260, 0.1283, 0.1235, 0.1285, 0.1258],
        [0.1228, 0.1199, 0.1203, 0.1252, 0.1256, 0.1271, 0.1298, 0.1293],
        [0.1213, 0.1187, 0.1192, 0.1279, 0.1258, 0.1266, 0.1302, 0.1302]],
       device='cuda:0', grad_fn=<SoftmaxBackward0>)
tensor([[0.1230, 0.1195, 0.1202, 0.1258, 0.1282, 0.1253, 0.1302, 0.1277],
        [0.1240, 0.1216, 0.1222, 0.1259, 0.1262, 0.1250, 0.1245, 0.1304],
        [0.1198, 0.1179, 0.1181, 0.1292, 0.1275, 0.1289, 0.1282, 0.1305],
        [0.1205, 0.1187, 0.1180, 0.1288, 0.1301, 0.1264, 0.1279, 0.1297]],
       device='cuda:0', grad_fn=<SoftmaxBackward0>)
tensor([[0.1264, 0.1218, 0.1223, 0.1260, 0.1254, 0.1261, 0.1252, 0.1269],
        [0.1204, 0.1172, 0.1175, 0.1283, 0.1275, 0.1283, 0.1293, 0.1316],
        [0.1207, 0.1181, 0.1165, 0.1296, 0.1313, 0.1282, 0.1269, 0.1286],
        [0.1204, 0.1183, 0.1173, 0.1292, 0.1289, 0.1268, 0.1309, 0.1282],
        [0.1201, 0.1179, 0.1176, 0.1290, 0.1298, 0.1304, 0.1266, 0.1286]],
       device='cuda:0', grad_fn=<SoftmaxBackward0>)

# Alpha - reduce
tensor([[0.1270, 0.1221, 0.1257, 0.1264, 0.1255, 0.1247, 0.1252, 0.1233],
        [0.1281, 0.1237, 0.1237, 0.1221, 0.1240, 0.1306, 0.1216, 0.1262]],
       device='cuda:0', grad_fn=<SoftmaxBackward0>)
tensor([[0.1250, 0.1203, 0.1282, 0.1254, 0.1274, 0.1258, 0.1250, 0.1228],
        [0.1266, 0.1222, 0.1229, 0.1277, 0.1225, 0.1243, 0.1279, 0.1259],
        [0.1244, 0.1175, 0.1223, 0.1244, 0.1278, 0.1314, 0.1267, 0.1255]],
       device='cuda:0', grad_fn=<SoftmaxBackward0>)
tensor([[0.1290, 0.1244, 0.1248, 0.1245, 0.1247, 0.1258, 0.1230, 0.1239],
        [0.1273, 0.1235, 0.1231, 0.1238, 0.1250, 0.1253, 0.1249, 0.1272],
        [0.1262, 0.1202, 0.1241, 0.1279, 0.1240, 0.1302, 0.1234, 0.1240],
        [0.1266, 0.1224, 0.1270, 0.1228, 0.1243, 0.1260, 0.1251, 0.1258]],
       device='cuda:0', grad_fn=<SoftmaxBackward0>)
tensor([[0.1272, 0.1228, 0.1281, 0.1232, 0.1256, 0.1242, 0.1229, 0.1259],
        [0.1261, 0.1224, 0.1231, 0.1256, 0.1261, 0.1255, 0.1275, 0.1237],
        [0.1242, 0.1179, 0.1220, 0.1250, 0.1307, 0.1259, 0.1295, 0.1248],
        [0.1235, 0.1198, 0.1237, 0.1285, 0.1243, 0.1264, 0.1265, 0.1271],
        [0.1227, 0.1192, 0.1224, 0.1255, 0.1285, 0.1260, 0.1286, 0.1271]],
       device='cuda:0', grad_fn=<SoftmaxBackward0>)
tensor([[0.1308, 0.1233, 0.1238, 0.1250, 0.1259, 0.1222, 0.1275, 0.1216],
        [0.1228, 0.1189, 0.1239, 0.1223, 0.1275, 0.1249, 0.1298, 0.1299]],
       device='cuda:0', grad_fn=<SoftmaxBackward0>)
tensor([[0.1315, 0.1243, 0.1247, 0.1230, 0.1243, 0.1273, 0.1241, 0.1207],
        [0.1209, 0.1171, 0.1278, 0.1256, 0.1254, 0.1274, 0.1277, 0.1280],
        [0.1270, 0.1148, 0.1203, 0.1293, 0.1309, 0.1252, 0.1277, 0.1247]],
       device='cuda:0', grad_fn=<SoftmaxBackward0>)
tensor([[0.1290, 0.1227, 0.1269, 0.1251, 0.1261, 0.1206, 0.1264, 0.1232],
        [0.1218, 0.1182, 0.1251, 0.1279, 0.1277, 0.1264, 0.1246, 0.1283],
        [0.1280, 0.1152, 0.1213, 0.1251, 0.1259, 0.1278, 0.1299, 0.1268],
        [0.1287, 0.1183, 0.1229, 0.1276, 0.1275, 0.1251, 0.1277, 0.1222]],
       device='cuda:0', grad_fn=<SoftmaxBackward0>)
tensor([[0.1297, 0.1225, 0.1246, 0.1254, 0.1290, 0.1244, 0.1209, 0.1235],
        [0.1229, 0.1188, 0.1223, 0.1246, 0.1278, 0.1262, 0.1266, 0.1308],
        [0.1277, 0.1137, 0.1176, 0.1279, 0.1306, 0.1277, 0.1305, 0.1245],
        [0.1277, 0.1170, 0.1206, 0.1226, 0.1311, 0.1250, 0.1312, 0.1250],
        [0.1272, 0.1170, 0.1201, 0.1245, 0.1312, 0.1268, 0.1279, 0.1254]],
       device='cuda:0', grad_fn=<SoftmaxBackward0>)
#####################
08/01 09:49:19午前 searchCell_trainer.py:217 [INFO] Train: Epoch: [2][50/390]	Step 832	lr 0.02491	Loss 2.8613 (3.1328)	Hard Loss 2.8613 (3.1328)	Soft Loss 2.8613 (3.1328)	Arch Loss 3.5471 (3.1445)	Arch Hard Loss 0.0000 (0.0000)	Arch Soft Loss 0.0000 (0.0000)	Prec@(1,5) (23.2%, 52.1%)	
08/01 09:49:55午前 searchCell_trainer.py:217 [INFO] Train: Epoch: [2][100/390]	Step 882	lr 0.02491	Loss 2.9626 (3.0920)	Hard Loss 2.9626 (3.0920)	Soft Loss 2.9626 (3.0920)	Arch Loss 3.0669 (3.1481)	Arch Hard Loss 0.0000 (0.0000)	Arch Soft Loss 0.0000 (0.0000)	Prec@(1,5) (23.4%, 53.6%)	
08/01 09:50:30午前 searchCell_trainer.py:217 [INFO] Train: Epoch: [2][150/390]	Step 932	lr 0.02491	Loss 3.1207 (3.0749)	Hard Loss 3.1207 (3.0749)	Soft Loss 3.1207 (3.0749)	Arch Loss 3.2044 (3.1420)	Arch Hard Loss 0.0000 (0.0000)	Arch Soft Loss 0.0000 (0.0000)	Prec@(1,5) (23.4%, 53.8%)	
08/01 09:51:05午前 searchCell_trainer.py:217 [INFO] Train: Epoch: [2][200/390]	Step 982	lr 0.02491	Loss 3.2548 (3.0669)	Hard Loss 3.2548 (3.0669)	Soft Loss 3.2548 (3.0669)	Arch Loss 2.7146 (3.1300)	Arch Hard Loss 0.0000 (0.0000)	Arch Soft Loss 0.0000 (0.0000)	Prec@(1,5) (23.5%, 53.8%)	
08/01 09:51:41午前 searchCell_trainer.py:217 [INFO] Train: Epoch: [2][250/390]	Step 1032	lr 0.02491	Loss 2.9760 (3.0503)	Hard Loss 2.9760 (3.0503)	Soft Loss 2.9760 (3.0503)	Arch Loss 2.8828 (3.1055)	Arch Hard Loss 0.0000 (0.0000)	Arch Soft Loss 0.0000 (0.0000)	Prec@(1,5) (23.9%, 54.3%)	
08/01 09:52:17午前 searchCell_trainer.py:217 [INFO] Train: Epoch: [2][300/390]	Step 1082	lr 0.02491	Loss 2.7124 (3.0359)	Hard Loss 2.7124 (3.0359)	Soft Loss 2.7124 (3.0359)	Arch Loss 2.9279 (3.0951)	Arch Hard Loss 0.0000 (0.0000)	Arch Soft Loss 0.0000 (0.0000)	Prec@(1,5) (24.3%, 54.8%)	
08/01 09:52:52午前 searchCell_trainer.py:217 [INFO] Train: Epoch: [2][350/390]	Step 1132	lr 0.02491	Loss 3.0294 (3.0240)	Hard Loss 3.0294 (3.0240)	Soft Loss 3.0294 (3.0240)	Arch Loss 2.9275 (3.0771)	Arch Hard Loss 0.0000 (0.0000)	Arch Soft Loss 0.0000 (0.0000)	Prec@(1,5) (24.6%, 55.0%)	
08/01 09:53:21午前 searchCell_trainer.py:217 [INFO] Train: Epoch: [2][390/390]	Step 1172	lr 0.02491	Loss 2.4993 (3.0105)	Hard Loss 2.4993 (3.0105)	Soft Loss 2.4993 (3.0105)	Arch Loss 2.9481 (3.0594)	Arch Hard Loss 0.0000 (0.0000)	Arch Soft Loss 0.0000 (0.0000)	Prec@(1,5) (24.8%, 55.2%)	
08/01 09:53:22午前 searchCell_trainer.py:232 [INFO] Train: [  2/49] Final Prec@1 24.8360%
08/01 09:53:29午前 searchCell_trainer.py:260 [INFO] Valid: Epoch: [2][50/391]	Step 1173	Loss 2.9366	Prec@(1,5) (26.4%, 57.3%)
08/01 09:53:35午前 searchCell_trainer.py:260 [INFO] Valid: Epoch: [2][100/391]	Step 1173	Loss 2.9084	Prec@(1,5) (26.9%, 58.1%)
08/01 09:53:41午前 searchCell_trainer.py:260 [INFO] Valid: Epoch: [2][150/391]	Step 1173	Loss 2.8977	Prec@(1,5) (26.8%, 58.2%)
08/01 09:53:47午前 searchCell_trainer.py:260 [INFO] Valid: Epoch: [2][200/391]	Step 1173	Loss 2.8966	Prec@(1,5) (27.0%, 58.3%)
08/01 09:53:53午前 searchCell_trainer.py:260 [INFO] Valid: Epoch: [2][250/391]	Step 1173	Loss 2.8976	Prec@(1,5) (27.0%, 58.3%)
08/01 09:53:59午前 searchCell_trainer.py:260 [INFO] Valid: Epoch: [2][300/391]	Step 1173	Loss 2.9049	Prec@(1,5) (26.9%, 58.2%)
08/01 09:54:06午前 searchCell_trainer.py:260 [INFO] Valid: Epoch: [2][350/391]	Step 1173	Loss 2.9110	Prec@(1,5) (26.9%, 58.2%)
08/01 09:54:10午前 searchCell_trainer.py:260 [INFO] Valid: Epoch: [2][390/391]	Step 1173	Loss 2.9151	Prec@(1,5) (26.8%, 58.1%)
08/01 09:54:11午前 searchCell_trainer.py:267 [INFO] Valid: [  2/49] Final Prec@1 26.7800%
08/01 09:54:11午前 searchCell_KD_main.py:58 [INFO] genotype = Genotype3(normal1=[[('max_pool_3x3', 0), ('dil_conv_3x3', 1)], [('max_pool_3x3', 0), ('dil_conv_3x3', 1)], [('max_pool_3x3', 0), ('dil_conv_5x5', 3)], [('max_pool_3x3', 0), ('sep_conv_5x5', 1)]], normal1_concat=range(2, 6), reduce1=[[('dil_conv_3x3', 1), ('max_pool_3x3', 0)], [('dil_conv_3x3', 2), ('dil_conv_5x5', 1)], [('max_pool_3x3', 0), ('dil_conv_3x3', 2)], [('sep_conv_5x5', 2), ('dil_conv_5x5', 4)]], reduce1_concat=range(2, 6), normal2=[[('sep_conv_3x3', 1), ('max_pool_3x3', 0)], [('max_pool_3x3', 0), ('dil_conv_5x5', 1)], [('max_pool_3x3', 0), ('dil_conv_5x5', 1)], [('dil_conv_5x5', 3), ('dil_conv_3x3', 1)]], normal2_concat=range(2, 6), reduce2=[[('max_pool_3x3', 0), ('dil_conv_5x5', 1)], [('sep_conv_5x5', 2), ('max_pool_3x3', 0)], [('sep_conv_5x5', 3), ('dil_conv_5x5', 2)], [('sep_conv_5x5', 4), ('sep_conv_5x5', 3)]], reduce2_concat=range(2, 6), normal3=[[('dil_conv_5x5', 1), ('max_pool_3x3', 0)], [('dil_conv_5x5', 2), ('dil_conv_5x5', 1)], [('sep_conv_5x5', 3), ('sep_conv_3x3', 2)], [('sep_conv_5x5', 2), ('dil_conv_3x3', 4)]], normal3_concat=range(2, 6))
08/01 09:54:12午前 searchCell_KD_main.py:92 [INFO] Until now, best Prec@1 = 26.7800%
####### ALPHA #######
# Alpha - normal
tensor([[0.1359, 0.1211, 0.1278, 0.1216, 0.1283, 0.1183, 0.1226, 0.1244],
        [0.1249, 0.1190, 0.1236, 0.1259, 0.1268, 0.1291, 0.1243, 0.1263]],
       device='cuda:0', grad_fn=<SoftmaxBackward0>)
tensor([[0.1354, 0.1225, 0.1287, 0.1250, 0.1228, 0.1196, 0.1241, 0.1219],
        [0.1236, 0.1176, 0.1228, 0.1244, 0.1243, 0.1303, 0.1301, 0.1270],
        [0.1255, 0.1187, 0.1250, 0.1242, 0.1274, 0.1269, 0.1278, 0.1244]],
       device='cuda:0', grad_fn=<SoftmaxBackward0>)
tensor([[0.1363, 0.1224, 0.1279, 0.1209, 0.1220, 0.1219, 0.1268, 0.1218],
        [0.1273, 0.1188, 0.1237, 0.1217, 0.1240, 0.1269, 0.1263, 0.1313],
        [0.1244, 0.1169, 0.1242, 0.1260, 0.1237, 0.1269, 0.1295, 0.1283],
        [0.1228, 0.1180, 0.1243, 0.1239, 0.1265, 0.1267, 0.1310, 0.1267]],
       device='cuda:0', grad_fn=<SoftmaxBackward0>)
tensor([[0.1392, 0.1233, 0.1293, 0.1238, 0.1214, 0.1218, 0.1226, 0.1186],
        [0.1277, 0.1171, 0.1222, 0.1244, 0.1294, 0.1253, 0.1259, 0.1280],
        [0.1271, 0.1181, 0.1227, 0.1263, 0.1285, 0.1255, 0.1300, 0.1217],
        [0.1257, 0.1200, 0.1262, 0.1241, 0.1239, 0.1269, 0.1282, 0.1250],
        [0.1239, 0.1190, 0.1244, 0.1246, 0.1250, 0.1280, 0.1278, 0.1273]],
       device='cuda:0', grad_fn=<SoftmaxBackward0>)
tensor([[0.1311, 0.1194, 0.1269, 0.1251, 0.1248, 0.1251, 0.1296, 0.1180],
        [0.1201, 0.1143, 0.1202, 0.1322, 0.1287, 0.1257, 0.1276, 0.1314]],
       device='cuda:0', grad_fn=<SoftmaxBackward0>)
tensor([[0.1335, 0.1221, 0.1287, 0.1249, 0.1216, 0.1249, 0.1250, 0.1194],
        [0.1212, 0.1159, 0.1209, 0.1239, 0.1277, 0.1272, 0.1317, 0.1315],
        [0.1256, 0.1194, 0.1252, 0.1241, 0.1302, 0.1212, 0.1303, 0.1242]],
       device='cuda:0', grad_fn=<SoftmaxBackward0>)
tensor([[0.1331, 0.1224, 0.1284, 0.1232, 0.1212, 0.1225, 0.1276, 0.1216],
        [0.1205, 0.1155, 0.1211, 0.1258, 0.1262, 0.1311, 0.1316, 0.1281],
        [0.1253, 0.1194, 0.1239, 0.1229, 0.1316, 0.1266, 0.1286, 0.1216],
        [0.1249, 0.1195, 0.1246, 0.1254, 0.1269, 0.1245, 0.1264, 0.1279]],
       device='cuda:0', grad_fn=<SoftmaxBackward0>)
tensor([[0.1302, 0.1198, 0.1255, 0.1257, 0.1260, 0.1233, 0.1275, 0.1219],
        [0.1203, 0.1158, 0.1217, 0.1267, 0.1265, 0.1316, 0.1260, 0.1314],
        [0.1228, 0.1180, 0.1221, 0.1236, 0.1304, 0.1264, 0.1316, 0.1251],
        [0.1222, 0.1169, 0.1210, 0.1248, 0.1272, 0.1266, 0.1332, 0.1279],
        [0.1219, 0.1174, 0.1217, 0.1238, 0.1259, 0.1297, 0.1305, 0.1290]],
       device='cuda:0', grad_fn=<SoftmaxBackward0>)
tensor([[0.1307, 0.1213, 0.1248, 0.1189, 0.1302, 0.1251, 0.1238, 0.1251],
        [0.1214, 0.1154, 0.1169, 0.1243, 0.1285, 0.1262, 0.1326, 0.1348]],
       device='cuda:0', grad_fn=<SoftmaxBackward0>)
tensor([[0.1248, 0.1173, 0.1191, 0.1274, 0.1315, 0.1238, 0.1299, 0.1263],
        [0.1219, 0.1166, 0.1178, 0.1247, 0.1267, 0.1282, 0.1320, 0.1319],
        [0.1195, 0.1146, 0.1153, 0.1309, 0.1280, 0.1271, 0.1326, 0.1318]],
       device='cuda:0', grad_fn=<SoftmaxBackward0>)
tensor([[0.1221, 0.1167, 0.1182, 0.1268, 0.1301, 0.1250, 0.1318, 0.1293],
        [0.1232, 0.1187, 0.1200, 0.1251, 0.1273, 0.1271, 0.1254, 0.1332],
        [0.1177, 0.1139, 0.1142, 0.1327, 0.1281, 0.1305, 0.1301, 0.1328],
        [0.1186, 0.1152, 0.1146, 0.1287, 0.1339, 0.1267, 0.1304, 0.1319]],
       device='cuda:0', grad_fn=<SoftmaxBackward0>)
tensor([[0.1264, 0.1192, 0.1203, 0.1256, 0.1264, 0.1274, 0.1267, 0.1281],
        [0.1188, 0.1132, 0.1141, 0.1292, 0.1282, 0.1308, 0.1299, 0.1358],
        [0.1187, 0.1141, 0.1124, 0.1310, 0.1344, 0.1299, 0.1289, 0.1307],
        [0.1185, 0.1146, 0.1134, 0.1313, 0.1309, 0.1274, 0.1335, 0.1305],
        [0.1176, 0.1140, 0.1135, 0.1313, 0.1313, 0.1332, 0.1279, 0.1313]],
       device='cuda:0', grad_fn=<SoftmaxBackward0>)

# Alpha - reduce
tensor([[0.1288, 0.1225, 0.1256, 0.1269, 0.1260, 0.1248, 0.1225, 0.1228],
        [0.1267, 0.1208, 0.1262, 0.1222, 0.1252, 0.1330, 0.1193, 0.1264]],
       device='cuda:0', grad_fn=<SoftmaxBackward0>)
tensor([[0.1264, 0.1201, 0.1284, 0.1254, 0.1283, 0.1258, 0.1239, 0.1217],
        [0.1272, 0.1210, 0.1203, 0.1272, 0.1223, 0.1244, 0.1287, 0.1289],
        [0.1233, 0.1146, 0.1216, 0.1258, 0.1296, 0.1337, 0.1275, 0.1239]],
       device='cuda:0', grad_fn=<SoftmaxBackward0>)
tensor([[0.1316, 0.1245, 0.1254, 0.1206, 0.1260, 0.1267, 0.1228, 0.1225],
        [0.1270, 0.1218, 0.1224, 0.1248, 0.1256, 0.1271, 0.1248, 0.1265],
        [0.1258, 0.1168, 0.1228, 0.1296, 0.1251, 0.1313, 0.1257, 0.1230],
        [0.1255, 0.1197, 0.1262, 0.1227, 0.1271, 0.1259, 0.1272, 0.1258]],
       device='cuda:0', grad_fn=<SoftmaxBackward0>)
tensor([[0.1292, 0.1228, 0.1282, 0.1231, 0.1265, 0.1238, 0.1218, 0.1246],
