08/03 01:31:34PM parser.py:28 [INFO] 
08/03 01:31:34PM parser.py:29 [INFO] Parameters:
08/03 01:31:34PM parser.py:31 [INFO] DAG_PATH=results/search_cell_KD/cifar100/ONLY_ARCH/s4-20240803-133134/DAG
08/03 01:31:34PM parser.py:31 [INFO] T=10.0
08/03 01:31:34PM parser.py:31 [INFO] ADVANCED=True
08/03 01:31:34PM parser.py:31 [INFO] ALPHA_LR=0.0003
08/03 01:31:34PM parser.py:31 [INFO] ALPHA_WEIGHT_DECAY=0.001
08/03 01:31:34PM parser.py:31 [INFO] BATCH_SIZE=64
08/03 01:31:34PM parser.py:31 [INFO] CUTOUT_LENGTH=0
08/03 01:31:34PM parser.py:31 [INFO] DATA_PATH=../data/
08/03 01:31:34PM parser.py:31 [INFO] DATASET=cifar100
08/03 01:31:34PM parser.py:31 [INFO] DESCRIPTION=search_cell_architecture_using_KD_for_architecture_parameter_optimization_with_seed-4
08/03 01:31:34PM parser.py:31 [INFO] EPOCHS=50
08/03 01:31:34PM parser.py:31 [INFO] EXP_NAME=s4-20240803-133134
08/03 01:31:34PM parser.py:31 [INFO] GPUS=[0]
08/03 01:31:34PM parser.py:31 [INFO] INIT_CHANNELS=16
08/03 01:31:34PM parser.py:31 [INFO] L=0.5
08/03 01:31:34PM parser.py:31 [INFO] LAYERS=8
08/03 01:31:34PM parser.py:31 [INFO] LOCAL_RANK=0
08/03 01:31:34PM parser.py:31 [INFO] LOGGER=<Logger H-DAS (INFO)>
08/03 01:31:34PM parser.py:31 [INFO] NAME=ONLY_ARCH
08/03 01:31:34PM parser.py:31 [INFO] NONKD=False
08/03 01:31:34PM parser.py:31 [INFO] PATH=results/search_cell_KD/cifar100/ONLY_ARCH/s4-20240803-133134
08/03 01:31:34PM parser.py:31 [INFO] PCDARTS=False
08/03 01:31:34PM parser.py:31 [INFO] PLOT_PATH=results/search_cell_KD/cifar100/ONLY_ARCH/s4-20240803-133134/plots
08/03 01:31:34PM parser.py:31 [INFO] PRINT_FREQ=50
08/03 01:31:34PM parser.py:31 [INFO] RESUME_PATH=None
08/03 01:31:34PM parser.py:31 [INFO] SAVE=s4
08/03 01:31:34PM parser.py:31 [INFO] SEED=4
08/03 01:31:34PM parser.py:31 [INFO] TEACHER_NAME=efficientnet_v2_s
08/03 01:31:34PM parser.py:31 [INFO] TEACHER_PATH=/home/miura/lab/KD-hdas/results/teacher/cifar100/efficientnet_v2_s/FINETUNE2/pretrained-20240716-002108/best.pth.tar
08/03 01:31:34PM parser.py:31 [INFO] TRAIN_PORTION=0.5
08/03 01:31:34PM parser.py:31 [INFO] W_GRAD_CLIP=5.0
08/03 01:31:34PM parser.py:31 [INFO] W_LR=0.025
08/03 01:31:34PM parser.py:31 [INFO] W_LR_MIN=0.001
08/03 01:31:34PM parser.py:31 [INFO] W_MOMENTUM=0.9
08/03 01:31:34PM parser.py:31 [INFO] W_WEIGHT_DECAY=0.0003
08/03 01:31:34PM parser.py:31 [INFO] WORKERS=4
08/03 01:31:34PM parser.py:32 [INFO] 
08/03 01:31:37PM searchCell_trainer.py:120 [INFO] --> Loaded teacher model 'efficientnet_v2_s' from '/home/miura/lab/KD-hdas/results/teacher/cifar100/efficientnet_v2_s/FINETUNE2/pretrained-20240716-002108/best.pth.tar' and Freezed parameters)
08/03 01:31:38PM eval_util.py:125 [INFO] Test: Step 000/390 Prec@(1,5) (98.4%, 100.0%)
08/03 01:31:49PM eval_util.py:125 [INFO] Test: Step 390/390 Prec@(1,5) (97.0%, 99.6%)
08/03 01:31:49PM eval_util.py:130 [INFO] Teacher=(efficientnet_v2_s <- (/home/miura/lab/KD-hdas/results/teacher/cifar100/efficientnet_v2_s/FINETUNE2/pretrained-20240716-002108/best.pth.tar)) achives Test Prec(@1, @5) = (97.0400%, 99.5760%)
08/03 01:32:26PM searchCell_trainer.py:127 [INFO] --> No loaded checkpoint!
####### ALPHA #######
# Alpha - normal
tensor([[0.1249, 0.1252, 0.1250, 0.1250, 0.1250, 0.1250, 0.1247, 0.1251],
        [0.1250, 0.1250, 0.1251, 0.1251, 0.1251, 0.1251, 0.1248, 0.1248]],
       device='cuda:0', grad_fn=<SoftmaxBackward0>)
tensor([[0.1251, 0.1249, 0.1249, 0.1249, 0.1251, 0.1249, 0.1251, 0.1250],
        [0.1248, 0.1252, 0.1250, 0.1249, 0.1249, 0.1252, 0.1251, 0.1249],
        [0.1251, 0.1250, 0.1252, 0.1249, 0.1249, 0.1250, 0.1250, 0.1249]],
       device='cuda:0', grad_fn=<SoftmaxBackward0>)
tensor([[0.1248, 0.1251, 0.1250, 0.1251, 0.1249, 0.1248, 0.1250, 0.1252],
        [0.1250, 0.1248, 0.1249, 0.1252, 0.1250, 0.1250, 0.1250, 0.1251],
        [0.1249, 0.1251, 0.1250, 0.1253, 0.1248, 0.1248, 0.1251, 0.1250],
        [0.1250, 0.1250, 0.1249, 0.1252, 0.1251, 0.1250, 0.1249, 0.1250]],
       device='cuda:0', grad_fn=<SoftmaxBackward0>)
tensor([[0.1250, 0.1249, 0.1251, 0.1250, 0.1249, 0.1251, 0.1251, 0.1248],
        [0.1250, 0.1250, 0.1250, 0.1251, 0.1252, 0.1249, 0.1248, 0.1250],
        [0.1251, 0.1249, 0.1250, 0.1251, 0.1249, 0.1250, 0.1250, 0.1250],
        [0.1252, 0.1249, 0.1251, 0.1248, 0.1249, 0.1250, 0.1252, 0.1249],
        [0.1249, 0.1251, 0.1249, 0.1252, 0.1250, 0.1249, 0.1250, 0.1249]],
       device='cuda:0', grad_fn=<SoftmaxBackward0>)
tensor([[0.1252, 0.1248, 0.1249, 0.1250, 0.1252, 0.1252, 0.1249, 0.1248],
        [0.1251, 0.1249, 0.1251, 0.1251, 0.1251, 0.1249, 0.1249, 0.1249]],
       device='cuda:0', grad_fn=<SoftmaxBackward0>)
tensor([[0.1250, 0.1251, 0.1251, 0.1251, 0.1251, 0.1250, 0.1249, 0.1248],
        [0.1251, 0.1251, 0.1248, 0.1250, 0.1248, 0.1249, 0.1250, 0.1252],
        [0.1250, 0.1251, 0.1250, 0.1249, 0.1251, 0.1250, 0.1249, 0.1250]],
       device='cuda:0', grad_fn=<SoftmaxBackward0>)
tensor([[0.1251, 0.1250, 0.1249, 0.1248, 0.1250, 0.1252, 0.1250, 0.1250],
        [0.1248, 0.1250, 0.1249, 0.1251, 0.1252, 0.1250, 0.1250, 0.1249],
        [0.1249, 0.1250, 0.1250, 0.1253, 0.1247, 0.1250, 0.1250, 0.1249],
        [0.1248, 0.1251, 0.1248, 0.1251, 0.1251, 0.1250, 0.1250, 0.1251]],
       device='cuda:0', grad_fn=<SoftmaxBackward0>)
tensor([[0.1251, 0.1250, 0.1250, 0.1250, 0.1250, 0.1251, 0.1251, 0.1247],
        [0.1251, 0.1247, 0.1252, 0.1249, 0.1249, 0.1250, 0.1251, 0.1252],
        [0.1250, 0.1249, 0.1250, 0.1250, 0.1251, 0.1249, 0.1250, 0.1251],
        [0.1249, 0.1252, 0.1251, 0.1249, 0.1249, 0.1252, 0.1252, 0.1247],
        [0.1251, 0.1248, 0.1250, 0.1249, 0.1248, 0.1250, 0.1250, 0.1253]],
       device='cuda:0', grad_fn=<SoftmaxBackward0>)
tensor([[0.1249, 0.1249, 0.1249, 0.1252, 0.1250, 0.1251, 0.1247, 0.1252],
        [0.1251, 0.1248, 0.1249, 0.1252, 0.1249, 0.1250, 0.1250, 0.1250]],
       device='cuda:0', grad_fn=<SoftmaxBackward0>)
tensor([[0.1249, 0.1249, 0.1251, 0.1249, 0.1252, 0.1250, 0.1251, 0.1250],
        [0.1250, 0.1250, 0.1250, 0.1249, 0.1248, 0.1249, 0.1251, 0.1253],
        [0.1251, 0.1251, 0.1251, 0.1249, 0.1248, 0.1248, 0.1252, 0.1250]],
       device='cuda:0', grad_fn=<SoftmaxBackward0>)
tensor([[0.1250, 0.1248, 0.1250, 0.1249, 0.1250, 0.1251, 0.1252, 0.1250],
        [0.1249, 0.1250, 0.1250, 0.1252, 0.1248, 0.1251, 0.1249, 0.1251],
        [0.1251, 0.1250, 0.1251, 0.1250, 0.1250, 0.1250, 0.1249, 0.1250],
        [0.1251, 0.1251, 0.1250, 0.1250, 0.1249, 0.1248, 0.1249, 0.1253]],
       device='cuda:0', grad_fn=<SoftmaxBackward0>)
tensor([[0.1249, 0.1249, 0.1250, 0.1249, 0.1250, 0.1252, 0.1251, 0.1249],
        [0.1253, 0.1250, 0.1250, 0.1250, 0.1250, 0.1250, 0.1247, 0.1250],
        [0.1251, 0.1250, 0.1248, 0.1251, 0.1251, 0.1250, 0.1251, 0.1248],
        [0.1250, 0.1251, 0.1250, 0.1251, 0.1250, 0.1250, 0.1248, 0.1249],
        [0.1250, 0.1249, 0.1251, 0.1250, 0.1253, 0.1252, 0.1248, 0.1248]],
       device='cuda:0', grad_fn=<SoftmaxBackward0>)

# Alpha - reduce
tensor([[0.1251, 0.1251, 0.1249, 0.1250, 0.1251, 0.1251, 0.1248, 0.1250],
        [0.1249, 0.1250, 0.1251, 0.1251, 0.1250, 0.1251, 0.1250, 0.1247]],
       device='cuda:0', grad_fn=<SoftmaxBackward0>)
tensor([[0.1251, 0.1249, 0.1251, 0.1251, 0.1250, 0.1250, 0.1250, 0.1248],
        [0.1249, 0.1250, 0.1250, 0.1250, 0.1252, 0.1250, 0.1252, 0.1247],
        [0.1251, 0.1249, 0.1250, 0.1250, 0.1247, 0.1251, 0.1250, 0.1251]],
       device='cuda:0', grad_fn=<SoftmaxBackward0>)
tensor([[0.1250, 0.1250, 0.1251, 0.1250, 0.1249, 0.1251, 0.1248, 0.1250],
        [0.1250, 0.1252, 0.1250, 0.1251, 0.1249, 0.1248, 0.1250, 0.1250],
        [0.1251, 0.1251, 0.1250, 0.1249, 0.1249, 0.1250, 0.1251, 0.1249],
        [0.1251, 0.1251, 0.1249, 0.1248, 0.1247, 0.1253, 0.1251, 0.1250]],
       device='cuda:0', grad_fn=<SoftmaxBackward0>)
tensor([[0.1248, 0.1250, 0.1251, 0.1250, 0.1249, 0.1250, 0.1251, 0.1251],
        [0.1251, 0.1250, 0.1251, 0.1252, 0.1250, 0.1248, 0.1250, 0.1249],
        [0.1248, 0.1252, 0.1250, 0.1250, 0.1251, 0.1251, 0.1251, 0.1247],
        [0.1249, 0.1249, 0.1249, 0.1249, 0.1249, 0.1252, 0.1251, 0.1251],
        [0.1251, 0.1250, 0.1249, 0.1250, 0.1250, 0.1248, 0.1250, 0.1252]],
       device='cuda:0', grad_fn=<SoftmaxBackward0>)
tensor([[0.1251, 0.1250, 0.1249, 0.1252, 0.1249, 0.1249, 0.1248, 0.1251],
        [0.1249, 0.1250, 0.1250, 0.1250, 0.1249, 0.1249, 0.1252, 0.1250]],
       device='cuda:0', grad_fn=<SoftmaxBackward0>)
tensor([[0.1249, 0.1250, 0.1249, 0.1250, 0.1251, 0.1254, 0.1249, 0.1248],
        [0.1251, 0.1249, 0.1250, 0.1250, 0.1251, 0.1248, 0.1251, 0.1250],
        [0.1251, 0.1250, 0.1248, 0.1251, 0.1249, 0.1249, 0.1251, 0.1252]],
       device='cuda:0', grad_fn=<SoftmaxBackward0>)
tensor([[0.1249, 0.1251, 0.1248, 0.1251, 0.1251, 0.1250, 0.1250, 0.1250],
        [0.1250, 0.1251, 0.1250, 0.1251, 0.1250, 0.1250, 0.1249, 0.1248],
        [0.1250, 0.1248, 0.1249, 0.1250, 0.1250, 0.1250, 0.1252, 0.1252],
        [0.1250, 0.1250, 0.1250, 0.1251, 0.1250, 0.1250, 0.1250, 0.1249]],
       device='cuda:0', grad_fn=<SoftmaxBackward0>)
tensor([[0.1248, 0.1252, 0.1250, 0.1250, 0.1248, 0.1250, 0.1251, 0.1251],
        [0.1252, 0.1249, 0.1249, 0.1249, 0.1250, 0.1250, 0.1250, 0.1251],
        [0.1247, 0.1250, 0.1251, 0.1250, 0.1250, 0.1251, 0.1251, 0.1250],
        [0.1249, 0.1251, 0.1248, 0.1251, 0.1250, 0.1249, 0.1250, 0.1252],
        [0.1249, 0.1252, 0.1249, 0.1249, 0.1252, 0.1250, 0.1249, 0.1250]],
       device='cuda:0', grad_fn=<SoftmaxBackward0>)
#####################
08/03 01:33:07PM searchCell_trainer.py:221 [INFO] Train: Epoch: [0][50/390]	Step 50	lr 0.025	Loss 4.4112 (4.4959)	Hard Loss 4.4112 (4.4959)	Soft Loss 4.4112 (4.4959)	Arch Loss 2.1983 (2.2633)	Arch Hard Loss 4.3452 (4.4763)	Arch Soft Loss 0.0005 (0.0005)	Prec@(1,5) (3.4%, 13.7%)	
08/03 01:33:45PM searchCell_trainer.py:221 [INFO] Train: Epoch: [0][100/390]	Step 100	lr 0.025	Loss 4.1166 (4.3232)	Hard Loss 4.1166 (4.3232)	Soft Loss 4.1166 (4.3232)	Arch Loss 1.9719 (2.1847)	Arch Hard Loss 3.8972 (4.3202)	Arch Soft Loss 0.0005 (0.0005)	Prec@(1,5) (4.8%, 17.8%)	
08/03 01:34:23PM searchCell_trainer.py:221 [INFO] Train: Epoch: [0][150/390]	Step 150	lr 0.025	Loss 3.9969 (4.2157)	Hard Loss 3.9969 (4.2157)	Soft Loss 3.9969 (4.2157)	Arch Loss 1.9011 (2.1340)	Arch Hard Loss 3.7601 (4.2195)	Arch Soft Loss 0.0004 (0.0005)	Prec@(1,5) (6.0%, 20.7%)	
08/03 01:35:03PM searchCell_trainer.py:221 [INFO] Train: Epoch: [0][200/390]	Step 200	lr 0.025	Loss 3.7642 (4.1384)	Hard Loss 3.7642 (4.1384)	Soft Loss 3.7642 (4.1384)	Arch Loss 2.0314 (2.0905)	Arch Hard Loss 4.0148 (4.1332)	Arch Soft Loss 0.0005 (0.0005)	Prec@(1,5) (6.7%, 22.8%)	
08/03 01:35:42PM searchCell_trainer.py:221 [INFO] Train: Epoch: [0][250/390]	Step 250	lr 0.025	Loss 3.7809 (4.0777)	Hard Loss 3.7809 (4.0777)	Soft Loss 3.7809 (4.0777)	Arch Loss 1.8520 (2.0567)	Arch Hard Loss 3.6621 (4.0658)	Arch Soft Loss 0.0004 (0.0005)	Prec@(1,5) (7.5%, 24.8%)	
08/03 01:36:22PM searchCell_trainer.py:221 [INFO] Train: Epoch: [0][300/390]	Step 300	lr 0.025	Loss 3.7016 (4.0212)	Hard Loss 3.7016 (4.0212)	Soft Loss 3.7016 (4.0212)	Arch Loss 1.8228 (2.0268)	Arch Hard Loss 3.6004 (4.0064)	Arch Soft Loss 0.0005 (0.0005)	Prec@(1,5) (8.2%, 26.6%)	
08/03 01:37:01PM searchCell_trainer.py:221 [INFO] Train: Epoch: [0][350/390]	Step 350	lr 0.025	Loss 3.9279 (3.9684)	Hard Loss 3.9279 (3.9684)	Soft Loss 3.9279 (3.9684)	Arch Loss 1.7597 (2.0002)	Arch Hard Loss 3.4744 (3.9534)	Arch Soft Loss 0.0004 (0.0005)	Prec@(1,5) (8.9%, 28.2%)	
08/03 01:37:33PM searchCell_trainer.py:221 [INFO] Train: Epoch: [0][390/390]	Step 390	lr 0.025	Loss 3.6602 (3.9320)	Hard Loss 3.6602 (3.9320)	Soft Loss 3.6602 (3.9320)	Arch Loss 1.8743 (1.9802)	Arch Hard Loss 3.7073 (3.9135)	Arch Soft Loss 0.0004 (0.0005)	Prec@(1,5) (9.5%, 29.4%)	
08/03 01:37:35PM searchCell_trainer.py:236 [INFO] Train: [  0/49] Final Prec@1 9.5000%
08/03 01:37:42PM searchCell_trainer.py:264 [INFO] Valid: Epoch: [0][50/391]	Step 391	Loss 3.6105	Prec@(1,5) (13.8%, 41.0%)
08/03 01:37:49PM searchCell_trainer.py:264 [INFO] Valid: Epoch: [0][100/391]	Step 391	Loss 3.5904	Prec@(1,5) (14.3%, 40.6%)
08/03 01:37:55PM searchCell_trainer.py:264 [INFO] Valid: Epoch: [0][150/391]	Step 391	Loss 3.5780	Prec@(1,5) (14.7%, 40.4%)
08/03 01:38:02PM searchCell_trainer.py:264 [INFO] Valid: Epoch: [0][200/391]	Step 391	Loss 3.5784	Prec@(1,5) (14.8%, 40.6%)
08/03 01:38:08PM searchCell_trainer.py:264 [INFO] Valid: Epoch: [0][250/391]	Step 391	Loss 3.5845	Prec@(1,5) (14.7%, 40.4%)
08/03 01:38:15PM searchCell_trainer.py:264 [INFO] Valid: Epoch: [0][300/391]	Step 391	Loss 3.5872	Prec@(1,5) (14.8%, 40.2%)
08/03 01:38:21PM searchCell_trainer.py:264 [INFO] Valid: Epoch: [0][350/391]	Step 391	Loss 3.5900	Prec@(1,5) (14.7%, 40.2%)
08/03 01:38:26PM searchCell_trainer.py:264 [INFO] Valid: Epoch: [0][390/391]	Step 391	Loss 3.5896	Prec@(1,5) (14.7%, 40.2%)
08/03 01:38:27PM searchCell_trainer.py:271 [INFO] Valid: [  0/49] Final Prec@1 14.7520%
08/03 01:38:27PM searchCell_KD_main.py:58 [INFO] genotype = Genotype3(normal1=[[('max_pool_3x3', 0), ('dil_conv_3x3', 1)], [('max_pool_3x3', 0), ('dil_conv_3x3', 1)], [('max_pool_3x3', 0), ('dil_conv_5x5', 3)], [('max_pool_3x3', 0), ('sep_conv_5x5', 3)]], normal1_concat=range(2, 6), reduce1=[[('sep_conv_5x5', 0), ('sep_conv_3x3', 1)], [('skip_connect', 1), ('dil_conv_3x3', 2)], [('dil_conv_5x5', 2), ('sep_conv_3x3', 3)], [('sep_conv_5x5', 4), ('dil_conv_5x5', 2)]], reduce1_concat=range(2, 6), normal2=[[('dil_conv_5x5', 0), ('dil_conv_3x3', 1)], [('sep_conv_5x5', 2), ('dil_conv_5x5', 0)], [('dil_conv_3x3', 0), ('dil_conv_5x5', 1)], [('dil_conv_5x5', 3), ('dil_conv_5x5', 1)]], normal2_concat=range(2, 6), reduce2=[[('sep_conv_5x5', 1), ('dil_conv_5x5', 0)], [('sep_conv_5x5', 1), ('sep_conv_5x5', 0)], [('sep_conv_5x5', 1), ('dil_conv_5x5', 3)], [('sep_conv_3x3', 1), ('sep_conv_5x5', 4)]], reduce2_concat=range(2, 6), normal3=[[('dil_conv_5x5', 1), ('sep_conv_5x5', 0)], [('dil_conv_5x5', 2), ('dil_conv_5x5', 1)], [('sep_conv_5x5', 2), ('sep_conv_5x5', 0)], [('sep_conv_3x3', 2), ('sep_conv_5x5', 4)]], normal3_concat=range(2, 6))
08/03 01:38:27PM searchCell_KD_main.py:92 [INFO] Until now, best Prec@1 = 14.7520%
####### ALPHA #######
# Alpha - normal
tensor([[0.1294, 0.1220, 0.1246, 0.1252, 0.1249, 0.1269, 0.1232, 0.1239],
        [0.1241, 0.1204, 0.1223, 0.1263, 0.1273, 0.1284, 0.1250, 0.1262]],
       device='cuda:0', grad_fn=<SoftmaxBackward0>)
tensor([[0.1295, 0.1216, 0.1241, 0.1257, 0.1268, 0.1252, 0.1244, 0.1227],
        [0.1243, 0.1205, 0.1220, 0.1249, 0.1267, 0.1276, 0.1270, 0.1270],
        [0.1262, 0.1207, 0.1234, 0.1249, 0.1268, 0.1263, 0.1254, 0.1264]],
       device='cuda:0', grad_fn=<SoftmaxBackward0>)
tensor([[0.1291, 0.1227, 0.1245, 0.1249, 0.1233, 0.1247, 0.1265, 0.1242],
        [0.1259, 0.1223, 0.1245, 0.1270, 0.1244, 0.1242, 0.1247, 0.1269],
        [0.1269, 0.1225, 0.1239, 0.1266, 0.1245, 0.1267, 0.1247, 0.1242],
        [0.1272, 0.1230, 0.1250, 0.1232, 0.1235, 0.1265, 0.1274, 0.1243]],
       device='cuda:0', grad_fn=<SoftmaxBackward0>)
tensor([[0.1297, 0.1223, 0.1247, 0.1245, 0.1261, 0.1235, 0.1271, 0.1221],
        [0.1244, 0.1212, 0.1226, 0.1266, 0.1255, 0.1258, 0.1270, 0.1268],
        [0.1264, 0.1222, 0.1238, 0.1250, 0.1248, 0.1269, 0.1259, 0.1249],
        [0.1263, 0.1230, 0.1246, 0.1236, 0.1273, 0.1257, 0.1239, 0.1255],
        [0.1256, 0.1234, 0.1245, 0.1245, 0.1253, 0.1263, 0.1235, 0.1268]],
       device='cuda:0', grad_fn=<SoftmaxBackward0>)
tensor([[0.1255, 0.1219, 0.1238, 0.1253, 0.1253, 0.1259, 0.1271, 0.1252],
        [0.1242, 0.1226, 0.1241, 0.1251, 0.1252, 0.1271, 0.1262, 0.1254]],
       device='cuda:0', grad_fn=<SoftmaxBackward0>)
tensor([[0.1247, 0.1230, 0.1242, 0.1262, 0.1239, 0.1266, 0.1271, 0.1244],
        [0.1236, 0.1223, 0.1234, 0.1248, 0.1260, 0.1266, 0.1265, 0.1267],
        [0.1227, 0.1221, 0.1225, 0.1267, 0.1277, 0.1260, 0.1274, 0.1248]],
       device='cuda:0', grad_fn=<SoftmaxBackward0>)
tensor([[0.1254, 0.1223, 0.1235, 0.1252, 0.1261, 0.1269, 0.1258, 0.1248],
        [0.1245, 0.1226, 0.1240, 0.1253, 0.1263, 0.1254, 0.1269, 0.1250],
        [0.1244, 0.1236, 0.1243, 0.1262, 0.1242, 0.1261, 0.1256, 0.1258],
        [0.1247, 0.1239, 0.1251, 0.1253, 0.1241, 0.1250, 0.1260, 0.1259]],
       device='cuda:0', grad_fn=<SoftmaxBackward0>)
tensor([[0.1269, 0.1234, 0.1245, 0.1242, 0.1243, 0.1267, 0.1253, 0.1247],
        [0.1246, 0.1222, 0.1239, 0.1249, 0.1260, 0.1259, 0.1273, 0.1251],
        [0.1256, 0.1243, 0.1243, 0.1247, 0.1270, 0.1250, 0.1247, 0.1244],
        [0.1250, 0.1236, 0.1249, 0.1261, 0.1237, 0.1248, 0.1275, 0.1244],
        [0.1249, 0.1233, 0.1247, 0.1268, 0.1247, 0.1253, 0.1255, 0.1248]],
       device='cuda:0', grad_fn=<SoftmaxBackward0>)
tensor([[0.1247, 0.1225, 0.1232, 0.1259, 0.1265, 0.1254, 0.1259, 0.1259],
        [0.1233, 0.1224, 0.1228, 0.1247, 0.1261, 0.1249, 0.1276, 0.1281]],
       device='cuda:0', grad_fn=<SoftmaxBackward0>)
tensor([[0.1239, 0.1222, 0.1227, 0.1268, 0.1260, 0.1248, 0.1267, 0.1270],
        [0.1214, 0.1213, 0.1214, 0.1261, 0.1267, 0.1262, 0.1278, 0.1290],
        [0.1207, 0.1202, 0.1208, 0.1258, 0.1278, 0.1274, 0.1280, 0.1294]],
       device='cuda:0', grad_fn=<SoftmaxBackward0>)
tensor([[0.1230, 0.1215, 0.1219, 0.1258, 0.1277, 0.1267, 0.1264, 0.1271],
        [0.1218, 0.1217, 0.1219, 0.1275, 0.1258, 0.1261, 0.1262, 0.1290],
        [0.1211, 0.1207, 0.1206, 0.1265, 0.1283, 0.1281, 0.1265, 0.1282],
        [0.1214, 0.1208, 0.1207, 0.1269, 0.1268, 0.1271, 0.1276, 0.1287]],
       device='cuda:0', grad_fn=<SoftmaxBackward0>)
tensor([[0.1223, 0.1210, 0.1210, 0.1267, 0.1277, 0.1275, 0.1262, 0.1275],
        [0.1226, 0.1221, 0.1222, 0.1258, 0.1264, 0.1254, 0.1275, 0.1281],
        [0.1211, 0.1205, 0.1203, 0.1286, 0.1272, 0.1274, 0.1268, 0.1280],
        [0.1209, 0.1203, 0.1204, 0.1279, 0.1278, 0.1258, 0.1282, 0.1287],
        [0.1211, 0.1204, 0.1206, 0.1264, 0.1282, 0.1281, 0.1272, 0.1280]],
       device='cuda:0', grad_fn=<SoftmaxBackward0>)

# Alpha - reduce
tensor([[0.1264, 0.1240, 0.1258, 0.1238, 0.1270, 0.1241, 0.1257, 0.1232],
        [0.1249, 0.1234, 0.1249, 0.1265, 0.1247, 0.1239, 0.1246, 0.1270]],
       device='cuda:0', grad_fn=<SoftmaxBackward0>)
tensor([[0.1268, 0.1241, 0.1238, 0.1257, 0.1237, 0.1272, 0.1253, 0.1234],
        [0.1245, 0.1228, 0.1276, 0.1252, 0.1247, 0.1231, 0.1270, 0.1252],
        [0.1237, 0.1204, 0.1224, 0.1267, 0.1265, 0.1280, 0.1272, 0.1251]],
       device='cuda:0', grad_fn=<SoftmaxBackward0>)
tensor([[0.1258, 0.1236, 0.1240, 0.1251, 0.1265, 0.1264, 0.1239, 0.1247],
        [0.1240, 0.1228, 0.1253, 0.1243, 0.1264, 0.1255, 0.1262, 0.1255],
        [0.1238, 0.1216, 0.1239, 0.1255, 0.1249, 0.1260, 0.1281, 0.1261],
        [0.1247, 0.1234, 0.1247, 0.1272, 0.1246, 0.1252, 0.1247, 0.1255]],
       device='cuda:0', grad_fn=<SoftmaxBackward0>)
tensor([[0.1257, 0.1238, 0.1252, 0.1243, 0.1247, 0.1267, 0.1251, 0.1244],
        [0.1247, 0.1234, 0.1245, 0.1252, 0.1264, 0.1245, 0.1261, 0.1253],
        [0.1240, 0.1218, 0.1238, 0.1268, 0.1270, 0.1236, 0.1272, 0.1257],
        [0.1255, 0.1239, 0.1250, 0.1245, 0.1249, 0.1256, 0.1255, 0.1251],
        [0.1245, 0.1230, 0.1241, 0.1249, 0.1274, 0.1248, 0.1250, 0.1264]],
       device='cuda:0', grad_fn=<SoftmaxBackward0>)
tensor([[0.1257, 0.1241, 0.1228, 0.1264, 0.1250, 0.1261, 0.1268, 0.1230],
        [0.1223, 0.1215, 0.1255, 0.1255, 0.1266, 0.1263, 0.1252, 0.1271]],
       device='cuda:0', grad_fn=<SoftmaxBackward0>)
tensor([[0.1252, 0.1242, 0.1246, 0.1266, 0.1269, 0.1258, 0.1241, 0.1228],
        [0.1219, 0.1204, 0.1249, 0.1265, 0.1278, 0.1248, 0.1276, 0.1262],
        [0.1262, 0.1231, 0.1228, 0.1256, 0.1268, 0.1257, 0.1260, 0.1238]],
       device='cuda:0', grad_fn=<SoftmaxBackward0>)
tensor([[0.1250, 0.1239, 0.1239, 0.1254, 0.1254, 0.1240, 0.1270, 0.1255],
        [0.1214, 0.1210, 0.1250, 0.1243, 0.1282, 0.1260, 0.1257, 0.1284],
        [0.1239, 0.1208, 0.1226, 0.1257, 0.1271, 0.1272, 0.1270, 0.1256],
        [0.1246, 0.1214, 0.1228, 0.1268, 0.1248, 0.1266, 0.1277, 0.1253]],
       device='cuda:0', grad_fn=<SoftmaxBackward0>)
tensor([[0.1254, 0.1245, 0.1238, 0.1252, 0.1256, 0.1237, 0.1261, 0.1256],
        [0.1221, 0.1207, 0.1246, 0.1282, 0.1256, 0.1251, 0.1262, 0.1275],
        [0.1251, 0.1225, 0.1227, 0.1272, 0.1258, 0.1252, 0.1277, 0.1239],
        [0.1260, 0.1227, 0.1234, 0.1259, 0.1272, 0.1264, 0.1244, 0.1240],
        [0.1247, 0.1222, 0.1229, 0.1263, 0.1280, 0.1247, 0.1266, 0.1244]],
       device='cuda:0', grad_fn=<SoftmaxBackward0>)
#####################
08/03 01:39:09午後 searchCell_trainer.py:221 [INFO] Train: Epoch: [1][50/390]	Step 441	lr 0.02498	Loss 3.6658 (3.4845)	Hard Loss 3.6658 (3.4845)	Soft Loss 3.6658 (3.4845)	Arch Loss 1.8556 (1.7847)	Arch Hard Loss 3.6690 (3.5237)	Arch Soft Loss 0.0004 (0.0005)	Prec@(1,5) (16.9%, 43.3%)	
08/03 01:39:49午後 searchCell_trainer.py:221 [INFO] Train: Epoch: [1][100/390]	Step 491	lr 0.02498	Loss 3.6710 (3.4655)	Hard Loss 3.6710 (3.4655)	Soft Loss 3.6710 (3.4655)	Arch Loss 1.8539 (1.7895)	Arch Hard Loss 3.6619 (3.5335)	Arch Soft Loss 0.0005 (0.0005)	Prec@(1,5) (16.9%, 43.7%)	
08/03 01:40:28午後 searchCell_trainer.py:221 [INFO] Train: Epoch: [1][150/390]	Step 541	lr 0.02498	Loss 3.4408 (3.4471)	Hard Loss 3.4408 (3.4471)	Soft Loss 3.4408 (3.4471)	Arch Loss 1.6278 (1.7632)	Arch Hard Loss 3.2094 (3.4811)	Arch Soft Loss 0.0005 (0.0005)	Prec@(1,5) (17.1%, 43.9%)	
08/03 01:41:08午後 searchCell_trainer.py:221 [INFO] Train: Epoch: [1][200/390]	Step 591	lr 0.02498	Loss 3.2644 (3.4267)	Hard Loss 3.2644 (3.4267)	Soft Loss 3.2644 (3.4267)	Arch Loss 1.7476 (1.7464)	Arch Hard Loss 3.4517 (3.4477)	Arch Soft Loss 0.0004 (0.0005)	Prec@(1,5) (17.4%, 44.7%)	
08/03 01:41:47午後 searchCell_trainer.py:221 [INFO] Train: Epoch: [1][250/390]	Step 641	lr 0.02498	Loss 3.2676 (3.4091)	Hard Loss 3.2676 (3.4091)	Soft Loss 3.2676 (3.4091)	Arch Loss 1.5899 (1.7286)	Arch Hard Loss 3.1378 (3.4119)	Arch Soft Loss 0.0004 (0.0005)	Prec@(1,5) (18.0%, 45.3%)	
08/03 01:42:26午後 searchCell_trainer.py:221 [INFO] Train: Epoch: [1][300/390]	Step 691	lr 0.02498	Loss 3.3965 (3.3906)	Hard Loss 3.3965 (3.3906)	Soft Loss 3.3965 (3.3906)	Arch Loss 1.4590 (1.7180)	Arch Hard Loss 2.8720 (3.3910)	Arch Soft Loss 0.0005 (0.0005)	Prec@(1,5) (18.2%, 45.8%)	
08/03 01:43:06午後 searchCell_trainer.py:221 [INFO] Train: Epoch: [1][350/390]	Step 741	lr 0.02498	Loss 3.3695 (3.3600)	Hard Loss 3.3695 (3.3600)	Soft Loss 3.3695 (3.3600)	Arch Loss 1.6431 (1.7063)	Arch Hard Loss 3.2406 (3.3676)	Arch Soft Loss 0.0005 (0.0005)	Prec@(1,5) (18.5%, 46.6%)	
08/03 01:43:36午後 searchCell_trainer.py:221 [INFO] Train: Epoch: [1][390/390]	Step 781	lr 0.02498	Loss 2.9869 (3.3429)	Hard Loss 2.9869 (3.3429)	Soft Loss 2.9869 (3.3429)	Arch Loss 1.6852 (1.6964)	Arch Hard Loss 3.3237 (3.3479)	Arch Soft Loss 0.0005 (0.0004)	Prec@(1,5) (18.9%, 47.2%)	
08/03 01:43:37午後 searchCell_trainer.py:236 [INFO] Train: [  1/49] Final Prec@1 18.8800%
08/03 01:43:44午後 searchCell_trainer.py:264 [INFO] Valid: Epoch: [1][50/391]	Step 782	Loss 3.2044	Prec@(1,5) (21.2%, 50.4%)
08/03 01:43:51午後 searchCell_trainer.py:264 [INFO] Valid: Epoch: [1][100/391]	Step 782	Loss 3.1971	Prec@(1,5) (21.2%, 50.7%)
08/03 01:43:57午後 searchCell_trainer.py:264 [INFO] Valid: Epoch: [1][150/391]	Step 782	Loss 3.1781	Prec@(1,5) (22.1%, 51.4%)
08/03 01:44:03午後 searchCell_trainer.py:264 [INFO] Valid: Epoch: [1][200/391]	Step 782	Loss 3.1778	Prec@(1,5) (22.0%, 51.6%)
08/03 01:44:09午後 searchCell_trainer.py:264 [INFO] Valid: Epoch: [1][250/391]	Step 782	Loss 3.1634	Prec@(1,5) (22.3%, 51.8%)
08/03 01:44:16午後 searchCell_trainer.py:264 [INFO] Valid: Epoch: [1][300/391]	Step 782	Loss 3.1611	Prec@(1,5) (22.4%, 52.1%)
08/03 01:44:22午後 searchCell_trainer.py:264 [INFO] Valid: Epoch: [1][350/391]	Step 782	Loss 3.1675	Prec@(1,5) (22.3%, 51.9%)
08/03 01:44:27午後 searchCell_trainer.py:264 [INFO] Valid: Epoch: [1][390/391]	Step 782	Loss 3.1667	Prec@(1,5) (22.3%, 51.9%)
08/03 01:44:27午後 searchCell_trainer.py:271 [INFO] Valid: [  1/49] Final Prec@1 22.3000%
08/03 01:44:27午後 searchCell_KD_main.py:58 [INFO] genotype = Genotype3(normal1=[[('dil_conv_3x3', 1), ('max_pool_3x3', 0)], [('max_pool_3x3', 0), ('dil_conv_3x3', 1)], [('max_pool_3x3', 0), ('dil_conv_3x3', 2)], [('max_pool_3x3', 0), ('dil_conv_3x3', 2)]], normal1_concat=range(2, 6), reduce1=[[('sep_conv_3x3', 1), ('skip_connect', 0)], [('dil_conv_5x5', 2), ('sep_conv_3x3', 0)], [('dil_conv_5x5', 2), ('sep_conv_3x3', 3)], [('dil_conv_5x5', 2), ('sep_conv_5x5', 4)]], reduce1_concat=range(2, 6), normal2=[[('dil_conv_3x3', 1), ('max_pool_3x3', 0)], [('dil_conv_5x5', 2), ('dil_conv_3x3', 1)], [('max_pool_3x3', 0), ('dil_conv_5x5', 3)], [('max_pool_3x3', 0), ('sep_conv_5x5', 2)]], normal2_concat=range(2, 6), reduce2=[[('sep_conv_5x5', 1), ('sep_conv_5x5', 0)], [('dil_conv_5x5', 1), ('sep_conv_5x5', 2)], [('sep_conv_5x5', 1), ('dil_conv_3x3', 2)], [('sep_conv_5x5', 4), ('dil_conv_5x5', 2)]], reduce2_concat=range(2, 6), normal3=[[('dil_conv_5x5', 1), ('max_pool_3x3', 0)], [('dil_conv_5x5', 2), ('dil_conv_5x5', 1)], [('sep_conv_5x5', 3), ('sep_conv_3x3', 2)], [('dil_conv_5x5', 3), ('sep_conv_5x5', 4)]], normal3_concat=range(2, 6))
08/03 01:44:28午後 searchCell_KD_main.py:92 [INFO] Until now, best Prec@1 = 22.3000%
####### ALPHA #######
# Alpha - normal
tensor([[0.1303, 0.1192, 0.1245, 0.1253, 0.1265, 0.1268, 0.1237, 0.1237],
        [0.1225, 0.1176, 0.1213, 0.1271, 0.1284, 0.1319, 0.1244, 0.1269]],
       device='cuda:0', grad_fn=<SoftmaxBackward0>)
tensor([[0.1317, 0.1190, 0.1238, 0.1287, 0.1271, 0.1257, 0.1228, 0.1213],
        [0.1231, 0.1175, 0.1207, 0.1257, 0.1277, 0.1285, 0.1276, 0.1291],
        [0.1247, 0.1175, 0.1224, 0.1275, 0.1283, 0.1286, 0.1258, 0.1254]],
       device='cuda:0', grad_fn=<SoftmaxBackward0>)
tensor([[0.1310, 0.1205, 0.1241, 0.1240, 0.1246, 0.1258, 0.1263, 0.1238],
        [0.1250, 0.1193, 0.1236, 0.1281, 0.1250, 0.1262, 0.1258, 0.1270],
        [0.1248, 0.1186, 0.1227, 0.1275, 0.1275, 0.1288, 0.1257, 0.1244],
        [0.1245, 0.1198, 0.1245, 0.1251, 0.1256, 0.1276, 0.1286, 0.1243]],
       device='cuda:0', grad_fn=<SoftmaxBackward0>)
tensor([[0.1333, 0.1209, 0.1251, 0.1232, 0.1242, 0.1235, 0.1270, 0.1228],
        [0.1240, 0.1188, 0.1221, 0.1262, 0.1256, 0.1273, 0.1291, 0.1269],
        [0.1254, 0.1193, 0.1235, 0.1238, 0.1257, 0.1301, 0.1266, 0.1255],
        [0.1240, 0.1195, 0.1237, 0.1249, 0.1292, 0.1266, 0.1262, 0.1260],
        [0.1242, 0.1215, 0.1253, 0.1239, 0.1258, 0.1270, 0.1245, 0.1278]],
       device='cuda:0', grad_fn=<SoftmaxBackward0>)
tensor([[0.1279, 0.1196, 0.1247, 0.1247, 0.1236, 0.1272, 0.1277, 0.1247],
        [0.1230, 0.1197, 0.1233, 0.1245, 0.1264, 0.1282, 0.1278, 0.1271]],
       device='cuda:0', grad_fn=<SoftmaxBackward0>)
tensor([[0.1269, 0.1204, 0.1247, 0.1273, 0.1218, 0.1281, 0.1275, 0.1231],
        [0.1231, 0.1195, 0.1227, 0.1243, 0.1266, 0.1285, 0.1276, 0.1279],
        [0.1209, 0.1186, 0.1216, 0.1270, 0.1295, 0.1268, 0.1308, 0.1247]],
       device='cuda:0', grad_fn=<SoftmaxBackward0>)
tensor([[0.1299, 0.1209, 0.1247, 0.1249, 0.1256, 0.1251, 0.1255, 0.1235],
        [0.1236, 0.1190, 0.1221, 0.1281, 0.1283, 0.1254, 0.1280, 0.1256],
        [0.1238, 0.1209, 0.1237, 0.1261, 0.1250, 0.1271, 0.1269, 0.1264],
        [0.1240, 0.1213, 0.1248, 0.1262, 0.1234, 0.1259, 0.1285, 0.1259]],
       device='cuda:0', grad_fn=<SoftmaxBackward0>)
tensor([[0.1297, 0.1210, 0.1246, 0.1238, 0.1251, 0.1275, 0.1249, 0.1233],
        [0.1235, 0.1187, 0.1220, 0.1269, 0.1267, 0.1266, 0.1290, 0.1265],
        [0.1243, 0.1209, 0.1228, 0.1245, 0.1297, 0.1253, 0.1277, 0.1248],
        [0.1234, 0.1200, 0.1231, 0.1282, 0.1253, 0.1253, 0.1294, 0.1253],
        [0.1236, 0.1195, 0.1231, 0.1287, 0.1240, 0.1262, 0.1290, 0.1258]],
       device='cuda:0', grad_fn=<SoftmaxBackward0>)
tensor([[0.1285, 0.1225, 0.1243, 0.1257, 0.1271, 0.1235, 0.1247, 0.1235],
        [0.1229, 0.1211, 0.1220, 0.1224, 0.1256, 0.1243, 0.1297, 0.1319]],
       device='cuda:0', grad_fn=<SoftmaxBackward0>)
tensor([[0.1269, 0.1220, 0.1232, 0.1277, 0.1258, 0.1219, 0.1265, 0.1260],
        [0.1197, 0.1190, 0.1195, 0.1258, 0.1277, 0.1257, 0.1298, 0.1329],
        [0.1199, 0.1168, 0.1181, 0.1257, 0.1299, 0.1278, 0.1305, 0.1314]],
       device='cuda:0', grad_fn=<SoftmaxBackward0>)
tensor([[0.1237, 0.1196, 0.1203, 0.1257, 0.1298, 0.1270, 0.1275, 0.1264],
        [0.1209, 0.1200, 0.1206, 0.1291, 0.1255, 0.1272, 0.1251, 0.1317],
        [0.1200, 0.1178, 0.1176, 0.1298, 0.1295, 0.1295, 0.1260, 0.1299],
        [0.1199, 0.1179, 0.1175, 0.1276, 0.1300, 0.1279, 0.1291, 0.1302]],
       device='cuda:0', grad_fn=<SoftmaxBackward0>)
tensor([[0.1232, 0.1190, 0.1194, 0.1268, 0.1288, 0.1277, 0.1271, 0.1281],
        [0.1219, 0.1204, 0.1209, 0.1260, 0.1271, 0.1241, 0.1290, 0.1305],
        [0.1200, 0.1175, 0.1177, 0.1298, 0.1294, 0.1280, 0.1272, 0.1304],
        [0.1192, 0.1171, 0.1168, 0.1301, 0.1292, 0.1262, 0.1309, 0.1304],
        [0.1200, 0.1176, 0.1173, 0.1266, 0.1306, 0.1298, 0.1286, 0.1295]],
       device='cuda:0', grad_fn=<SoftmaxBackward0>)

# Alpha - reduce
tensor([[0.1267, 0.1233, 0.1275, 0.1254, 0.1271, 0.1206, 0.1260, 0.1234],
        [0.1246, 0.1221, 0.1246, 0.1272, 0.1244, 0.1267, 0.1235, 0.1269]],
       device='cuda:0', grad_fn=<SoftmaxBackward0>)
tensor([[0.1269, 0.1229, 0.1250, 0.1291, 0.1225, 0.1268, 0.1237, 0.1229],
        [0.1241, 0.1215, 0.1281, 0.1266, 0.1238, 0.1239, 0.1269, 0.1250],
        [0.1204, 0.1168, 0.1214, 0.1272, 0.1294, 0.1287, 0.1302, 0.1260]],
       device='cuda:0', grad_fn=<SoftmaxBackward0>)
tensor([[0.1260, 0.1220, 0.1248, 0.1255, 0.1277, 0.1257, 0.1240, 0.1242],
        [0.1239, 0.1214, 0.1246, 0.1257, 0.1268, 0.1254, 0.1270, 0.1251],
        [0.1204, 0.1169, 0.1220, 0.1267, 0.1273, 0.1289, 0.1319, 0.1260],
        [0.1226, 0.1207, 0.1241, 0.1282, 0.1252, 0.1246, 0.1274, 0.1273]],
       device='cuda:0', grad_fn=<SoftmaxBackward0>)
tensor([[0.1261, 0.1229, 0.1240, 0.1244, 0.1248, 0.1281, 0.1252, 0.1246],
        [0.1247, 0.1225, 0.1256, 0.1256, 0.1266, 0.1230, 0.1259, 0.1260],
        [0.1221, 0.1184, 0.1229, 0.1277, 0.1297, 0.1222, 0.1316, 0.1253],
        [0.1240, 0.1210, 0.1235, 0.1264, 0.1259, 0.1275, 0.1271, 0.1245],
        [0.1224, 0.1205, 0.1234, 0.1243, 0.1305, 0.1245, 0.1262, 0.1283]],
       device='cuda:0', grad_fn=<SoftmaxBackward0>)
tensor([[0.1274, 0.1232, 0.1210, 0.1258, 0.1286, 0.1257, 0.1266, 0.1216],
        [0.1209, 0.1184, 0.1243, 0.1255, 0.1302, 0.1250, 0.1266, 0.1290]],
       device='cuda:0', grad_fn=<SoftmaxBackward0>)
tensor([[0.1266, 0.1236, 0.1243, 0.1273, 0.1283, 0.1242, 0.1243, 0.1213],
        [0.1206, 0.1174, 0.1228, 0.1278, 0.1284, 0.1254, 0.1293, 0.1284],
        [0.1275, 0.1175, 0.1211, 0.1267, 0.1297, 0.1263, 0.1281, 0.1231]],
       device='cuda:0', grad_fn=<SoftmaxBackward0>)
tensor([[0.1263, 0.1227, 0.1228, 0.1261, 0.1274, 0.1240, 0.1270, 0.1236],
        [0.1196, 0.1178, 0.1262, 0.1241, 0.1300, 0.1276, 0.1252, 0.1295],
        [0.1245, 0.1148, 0.1209, 0.1263, 0.1295, 0.1299, 0.1279, 0.1261],
        [0.1246, 0.1161, 0.1210, 0.1276, 0.1280, 0.1275, 0.1289, 0.1262]],
       device='cuda:0', grad_fn=<SoftmaxBackward0>)
tensor([[0.1276, 0.1239, 0.1235, 0.1245, 0.1287, 0.1215, 0.1252, 0.1250],
        [0.1210, 0.1175, 0.1226, 0.1278, 0.1252, 0.1286, 0.1275, 0.1297],
        [0.1269, 0.1157, 0.1199, 0.1290, 0.1278, 0.1261, 0.1301, 0.1245],
        [0.1263, 0.1170, 0.1197, 0.1282, 0.1300, 0.1289, 0.1268, 0.1232],
        [0.1240, 0.1165, 0.1197, 0.1288, 0.1332, 0.1239, 0.1291, 0.1248]],
       device='cuda:0', grad_fn=<SoftmaxBackward0>)
#####################
08/03 01:45:08午後 searchCell_trainer.py:221 [INFO] Train: Epoch: [2][50/390]	Step 832	lr 0.02491	Loss 3.1211 (3.1018)	Hard Loss 3.1211 (3.1018)	Soft Loss 3.1211 (3.1018)	Arch Loss 1.7104 (1.6242)	Arch Hard Loss 3.3744 (3.2040)	Arch Soft Loss 0.0005 (0.0004)	Prec@(1,5) (22.9%, 52.5%)	
08/03 01:45:47午後 searchCell_trainer.py:221 [INFO] Train: Epoch: [2][100/390]	Step 882	lr 0.02491	Loss 3.6831 (3.0597)	Hard Loss 3.6831 (3.0597)	Soft Loss 3.6831 (3.0597)	Arch Loss 1.7070 (1.6015)	Arch Hard Loss 3.3696 (3.1583)	Arch Soft Loss 0.0004 (0.0004)	Prec@(1,5) (24.1%, 54.3%)	
08/03 01:46:27午後 searchCell_trainer.py:221 [INFO] Train: Epoch: [2][150/390]	Step 932	lr 0.02491	Loss 3.7636 (3.0802)	Hard Loss 3.7636 (3.0802)	Soft Loss 3.7636 (3.0802)	Arch Loss 1.5039 (1.5883)	Arch Hard Loss 2.9599 (3.1318)	Arch Soft Loss 0.0005 (0.0004)	Prec@(1,5) (23.8%, 54.0%)	
08/03 01:47:07午後 searchCell_trainer.py:221 [INFO] Train: Epoch: [2][200/390]	Step 982	lr 0.02491	Loss 3.1446 (3.0540)	Hard Loss 3.1446 (3.0540)	Soft Loss 3.1446 (3.0540)	Arch Loss 1.6466 (1.5779)	Arch Hard Loss 3.2473 (3.1110)	Arch Soft Loss 0.0005 (0.0004)	Prec@(1,5) (24.1%, 54.8%)	
08/03 01:47:46午後 searchCell_trainer.py:221 [INFO] Train: Epoch: [2][250/390]	Step 1032	lr 0.02491	Loss 2.6709 (3.0448)	Hard Loss 2.6709 (3.0448)	Soft Loss 2.6709 (3.0448)	Arch Loss 1.5375 (1.5681)	Arch Hard Loss 3.0309 (3.0916)	Arch Soft Loss 0.0004 (0.0004)	Prec@(1,5) (24.2%, 54.9%)	
08/03 01:48:26午後 searchCell_trainer.py:221 [INFO] Train: Epoch: [2][300/390]	Step 1082	lr 0.02491	Loss 2.6015 (3.0273)	Hard Loss 2.6015 (3.0273)	Soft Loss 2.6015 (3.0273)	Arch Loss 1.4174 (1.5615)	Arch Hard Loss 2.7930 (3.0786)	Arch Soft Loss 0.0004 (0.0004)	Prec@(1,5) (24.5%, 55.2%)	
08/03 01:49:05午後 searchCell_trainer.py:221 [INFO] Train: Epoch: [2][350/390]	Step 1132	lr 0.02491	Loss 2.9319 (3.0265)	Hard Loss 2.9319 (3.0265)	Soft Loss 2.9319 (3.0265)	Arch Loss 1.4568 (1.5537)	Arch Hard Loss 2.8703 (3.0631)	Arch Soft Loss 0.0004 (0.0004)	Prec@(1,5) (24.4%, 55.3%)	
08/03 01:49:37午後 searchCell_trainer.py:221 [INFO] Train: Epoch: [2][390/390]	Step 1172	lr 0.02491	Loss 3.0755 (3.0134)	Hard Loss 3.0755 (3.0134)	Soft Loss 3.0755 (3.0134)	Arch Loss 1.6359 (1.5494)	Arch Hard Loss 3.2309 (3.0546)	Arch Soft Loss 0.0004 (0.0004)	Prec@(1,5) (24.6%, 55.6%)	
08/03 01:49:38午後 searchCell_trainer.py:236 [INFO] Train: [  2/49] Final Prec@1 24.6320%
08/03 01:49:45午後 searchCell_trainer.py:264 [INFO] Valid: Epoch: [2][50/391]	Step 1173	Loss 2.9220	Prec@(1,5) (26.6%, 58.9%)
08/03 01:49:51午後 searchCell_trainer.py:264 [INFO] Valid: Epoch: [2][100/391]	Step 1173	Loss 2.9293	Prec@(1,5) (26.2%, 58.1%)
08/03 01:49:57午後 searchCell_trainer.py:264 [INFO] Valid: Epoch: [2][150/391]	Step 1173	Loss 2.9332	Prec@(1,5) (26.2%, 57.9%)
08/03 01:50:03午後 searchCell_trainer.py:264 [INFO] Valid: Epoch: [2][200/391]	Step 1173	Loss 2.9325	Prec@(1,5) (26.4%, 57.8%)
08/03 01:50:09午後 searchCell_trainer.py:264 [INFO] Valid: Epoch: [2][250/391]	Step 1173	Loss 2.9476	Prec@(1,5) (26.3%, 57.3%)
08/03 01:50:16午後 searchCell_trainer.py:264 [INFO] Valid: Epoch: [2][300/391]	Step 1173	Loss 2.9449	Prec@(1,5) (26.3%, 57.4%)
08/03 01:50:22午後 searchCell_trainer.py:264 [INFO] Valid: Epoch: [2][350/391]	Step 1173	Loss 2.9412	Prec@(1,5) (26.2%, 57.6%)
08/03 01:50:27午後 searchCell_trainer.py:264 [INFO] Valid: Epoch: [2][390/391]	Step 1173	Loss 2.9462	Prec@(1,5) (26.0%, 57.5%)
08/03 01:50:27午後 searchCell_trainer.py:271 [INFO] Valid: [  2/49] Final Prec@1 25.9520%
08/03 01:50:27午後 searchCell_KD_main.py:58 [INFO] genotype = Genotype3(normal1=[[('dil_conv_3x3', 1), ('max_pool_3x3', 0)], [('max_pool_3x3', 0), ('sep_conv_5x5', 1)], [('max_pool_3x3', 0), ('sep_conv_5x5', 2)], [('max_pool_3x3', 0), ('dil_conv_3x3', 2)]], normal1_concat=range(2, 6), reduce1=[[('sep_conv_3x3', 1), ('sep_conv_5x5', 0)], [('sep_conv_3x3', 0), ('dil_conv_5x5', 2)], [('dil_conv_5x5', 2), ('sep_conv_3x3', 3)], [('dil_conv_5x5', 2), ('sep_conv_5x5', 4)]], reduce1_concat=range(2, 6), normal2=[[('max_pool_3x3', 0), ('dil_conv_3x3', 1)], [('dil_conv_5x5', 2), ('dil_conv_3x3', 1)], [('dil_conv_5x5', 3), ('max_pool_3x3', 0)], [('max_pool_3x3', 0), ('dil_conv_5x5', 3)]], normal2_concat=range(2, 6), reduce2=[[('sep_conv_5x5', 1), ('sep_conv_5x5', 0)], [('dil_conv_5x5', 2), ('dil_conv_5x5', 1)], [('dil_conv_5x5', 3), ('sep_conv_5x5', 2)], [('sep_conv_5x5', 4), ('sep_conv_5x5', 3)]], reduce2_concat=range(2, 6), normal3=[[('dil_conv_5x5', 1), ('max_pool_3x3', 0)], [('dil_conv_5x5', 1), ('dil_conv_5x5', 2)], [('sep_conv_3x3', 2), ('sep_conv_5x5', 3)], [('dil_conv_5x5', 3), ('sep_conv_5x5', 4)]], normal3_concat=range(2, 6))
08/03 01:50:28午後 searchCell_KD_main.py:92 [INFO] Until now, best Prec@1 = 25.9520%
####### ALPHA #######
# Alpha - normal
tensor([[0.1328, 0.1170, 0.1254, 0.1247, 0.1268, 0.1266, 0.1227, 0.1241],
        [0.1224, 0.1154, 0.1211, 0.1292, 0.1283, 0.1339, 0.1232, 0.1265]],
       device='cuda:0', grad_fn=<SoftmaxBackward0>)
tensor([[0.1343, 0.1167, 0.1235, 0.1303, 0.1263, 0.1262, 0.1213, 0.1213],
        [0.1225, 0.1146, 0.1198, 0.1270, 0.1297, 0.1276, 0.1284, 0.1304],
        [0.1238, 0.1146, 0.1221, 0.1293, 0.1300, 0.1294, 0.1266, 0.1241]],
       device='cuda:0', grad_fn=<SoftmaxBackward0>)
tensor([[0.1341, 0.1187, 0.1239, 0.1229, 0.1255, 0.1260, 0.1253, 0.1236],
        [0.1266, 0.1180, 0.1243, 0.1281, 0.1261, 0.1260, 0.1245, 0.1265],
        [0.1248, 0.1158, 0.1229, 0.1280, 0.1286, 0.1280, 0.1263, 0.1255],
        [0.1247, 0.1179, 0.1249, 0.1266, 0.1267, 0.1284, 0.1282, 0.1227]],
       device='cuda:0', grad_fn=<SoftmaxBackward0>)
tensor([[0.1364, 0.1195, 0.1254, 0.1240, 0.1227, 0.1236, 0.1265, 0.1218],
        [0.1230, 0.1162, 0.1213, 0.1264, 0.1270, 0.1288, 0.1290, 0.1283],
        [0.1236, 0.1159, 0.1228, 0.1237, 0.1268, 0.1325, 0.1288, 0.1260],
        [0.1229, 0.1176, 0.1235, 0.1260, 0.1307, 0.1274, 0.1249, 0.1271],
        [0.1214, 0.1182, 0.1244, 0.1258, 0.1282, 0.1288, 0.1253, 0.1279]],
       device='cuda:0', grad_fn=<SoftmaxBackward0>)
tensor([[0.1306, 0.1183, 0.1257, 0.1237, 0.1230, 0.1270, 0.1274, 0.1242],
        [0.1230, 0.1189, 0.1239, 0.1228, 0.1273, 0.1284, 0.1280, 0.1276]],
       device='cuda:0', grad_fn=<SoftmaxBackward0>)
tensor([[0.1282, 0.1182, 0.1246, 0.1282, 0.1217, 0.1289, 0.1278, 0.1224],
        [0.1233, 0.1182, 0.1231, 0.1232, 0.1265, 0.1294, 0.1282, 0.1281],
        [0.1193, 0.1164, 0.1216, 0.1275, 0.1290, 0.1263, 0.1348, 0.1252]],
       device='cuda:0', grad_fn=<SoftmaxBackward0>)
tensor([[0.1315, 0.1184, 0.1238, 0.1258, 0.1267, 0.1269, 0.1245, 0.1224],
        [0.1240, 0.1178, 0.1224, 0.1277, 0.1285, 0.1248, 0.1294, 0.1254],
        [0.1226, 0.1187, 0.1230, 0.1267, 0.1270, 0.1269, 0.1279, 0.1272],
        [0.1232, 0.1193, 0.1244, 0.1261, 0.1242, 0.1254, 0.1318, 0.1256]],
       device='cuda:0', grad_fn=<SoftmaxBackward0>)
tensor([[0.1319, 0.1191, 0.1249, 0.1238, 0.1243, 0.1283, 0.1249, 0.1228],
        [0.1235, 0.1176, 0.1225, 0.1256, 0.1282, 0.1256, 0.1296, 0.1275],
        [0.1224, 0.1186, 0.1225, 0.1240, 0.1306, 0.1254, 0.1307, 0.1257],
        [0.1230, 0.1182, 0.1231, 0.1293, 0.1254, 0.1233, 0.1313, 0.1262],
        [0.1223, 0.1170, 0.1221, 0.1299, 0.1236, 0.1283, 0.1302, 0.1265]],
       device='cuda:0', grad_fn=<SoftmaxBackward0>)
tensor([[0.1308, 0.1217, 0.1245, 0.1262, 0.1275, 0.1229, 0.1249, 0.1214],
        [0.1202, 0.1180, 0.1195, 0.1215, 0.1260, 0.1265, 0.1319, 0.1364]],
       device='cuda:0', grad_fn=<SoftmaxBackward0>)
tensor([[0.1275, 0.1201, 0.1222, 0.1286, 0.1270, 0.1215, 0.1271, 0.1260],
        [0.1168, 0.1156, 0.1166, 0.1265, 0.1286, 0.1261, 0.1331, 0.1367],
        [0.1173, 0.1123, 0.1149, 0.1259, 0.1313, 0.1304, 0.1332, 0.1347]],
       device='cuda:0', grad_fn=<SoftmaxBackward0>)
tensor([[0.1228, 0.1168, 0.1180, 0.1266, 0.1318, 0.1275, 0.1296, 0.1268],
        [0.1178, 0.1165, 0.1175, 0.1312, 0.1263, 0.1284, 0.1267, 0.1356],
        [0.1165, 0.1129, 0.1130, 0.1331, 0.1326, 0.1316, 0.1279, 0.1323],
        [0.1163, 0.1135, 0.1134, 0.1295, 0.1321, 0.1300, 0.1312, 0.1340]],
       device='cuda:0', grad_fn=<SoftmaxBackward0>)
tensor([[0.1222, 0.1160, 0.1169, 0.1279, 0.1311, 0.1285, 0.1276, 0.1298],
        [0.1187, 0.1167, 0.1177, 0.1275, 0.1290, 0.1248, 0.1311, 0.1343],
        [0.1165, 0.1126, 0.1133, 0.1312, 0.1339, 0.1298, 0.1290, 0.1336],
        [0.1153, 0.1121, 0.1118, 0.1321, 0.1320, 0.1278, 0.1348, 0.1341],
        [0.1162, 0.1125, 0.1121, 0.1297, 0.1337, 0.1315, 0.1312, 0.1330]],
       device='cuda:0', grad_fn=<SoftmaxBackward0>)

# Alpha - reduce
tensor([[0.1264, 0.1216, 0.1281, 0.1270, 0.1289, 0.1207, 0.1253, 0.1220],
