09/05 07:53:04PM parser.py:28 [INFO] 
09/05 07:53:04PM parser.py:29 [INFO] Parameters:
09/05 07:53:04PM parser.py:31 [INFO] DAG_PATH=results/search_stage_KD/cifar100/SIMPLE-KD-ONLYARCH/s1-BaselineBestCell/DAG
09/05 07:53:04PM parser.py:31 [INFO] T=10.0
09/05 07:53:04PM parser.py:31 [INFO] ADVANCED=True
09/05 07:53:04PM parser.py:31 [INFO] ALPHA_LR=0.0003
09/05 07:53:04PM parser.py:31 [INFO] ALPHA_WEIGHT_DECAY=0.001
09/05 07:53:04PM parser.py:31 [INFO] BATCH_SIZE=64
09/05 07:53:04PM parser.py:31 [INFO] CASCADE=False
09/05 07:53:04PM parser.py:31 [INFO] CHECKPOINT_RESET=False
09/05 07:53:04PM parser.py:31 [INFO] CUTOUT_LENGTH=0
09/05 07:53:04PM parser.py:31 [INFO] DATA_PATH=../data/
09/05 07:53:04PM parser.py:31 [INFO] DATASET=cifar100
09/05 07:53:04PM parser.py:31 [INFO] DEPTH_COEF=0.0
09/05 07:53:04PM parser.py:31 [INFO] DESCRIPTION=search_architecture_on_KD_for_architecture_parameters_without_depth_loss_with_large_slidewindow
09/05 07:53:04PM parser.py:31 [INFO] EPOCHS=50
09/05 07:53:04PM parser.py:31 [INFO] EXP_NAME=s1-BaselineBestCell
09/05 07:53:04PM parser.py:31 [INFO] GENOTYPE=Genotype3(normal1=[[('sep_conv_5x5', 0), ('sep_conv_3x3', 1)], [('sep_conv_3x3', 1), ('sep_conv_3x3', 0)], [('sep_conv_3x3', 1), ('sep_conv_3x3', 2)], [('sep_conv_3x3', 0), ('sep_conv_5x5', 4)]], normal1_concat=range(2, 6), reduce1=[[('sep_conv_3x3', 0), ('skip_connect', 1)], [('sep_conv_3x3', 1), ('max_pool_3x3', 0)], [('sep_conv_3x3', 2), ('sep_conv_3x3', 1)], [('max_pool_3x3', 0), ('dil_conv_3x3', 1)]], reduce1_concat=range(2, 6), normal2=[[('skip_connect', 0), ('sep_conv_5x5', 1)], [('skip_connect', 0), ('skip_connect', 2)], [('avg_pool_3x3', 0), ('avg_pool_3x3', 2)], [('skip_connect', 0), ('avg_pool_3x3', 2)]], normal2_concat=range(2, 6), reduce2=[[('avg_pool_3x3', 0), ('avg_pool_3x3', 1)], [('avg_pool_3x3', 0), ('skip_connect', 2)], [('skip_connect', 2), ('avg_pool_3x3', 0)], [('skip_connect', 2), ('avg_pool_3x3', 0)]], reduce2_concat=range(2, 6), normal3=[[('skip_connect', 0), ('skip_connect', 1)], [('skip_connect', 0), ('dil_conv_3x3', 1)], [('skip_connect', 0), ('skip_connect', 1)], [('skip_connect', 0), ('skip_connect', 2)]], normal3_concat=range(2, 6))
09/05 07:53:04PM parser.py:31 [INFO] GPUS=[0]
09/05 07:53:04PM parser.py:31 [INFO] INIT_CHANNELS=16
09/05 07:53:04PM parser.py:31 [INFO] L=0.5
09/05 07:53:04PM parser.py:31 [INFO] LAYERS=20
09/05 07:53:04PM parser.py:31 [INFO] LOGGER=<Logger H-DAS (INFO)>
09/05 07:53:04PM parser.py:31 [INFO] NAME=SIMPLE-KD-ONLYARCH
09/05 07:53:04PM parser.py:31 [INFO] NONKD=False
09/05 07:53:04PM parser.py:31 [INFO] PATH=results/search_stage_KD/cifar100/SIMPLE-KD-ONLYARCH/s1-BaselineBestCell
09/05 07:53:04PM parser.py:31 [INFO] PCDARTS=False
09/05 07:53:04PM parser.py:31 [INFO] PLOT_PATH=results/search_stage_KD/cifar100/SIMPLE-KD-ONLYARCH/s1-BaselineBestCell/plots
09/05 07:53:04PM parser.py:31 [INFO] PRINT_FREQ=50
09/05 07:53:04PM parser.py:31 [INFO] RESUME_PATH=None
09/05 07:53:04PM parser.py:31 [INFO] SAVE=s1-BaselineBestCell
09/05 07:53:04PM parser.py:31 [INFO] SEED=1
09/05 07:53:04PM parser.py:31 [INFO] SHARE_STAGE=False
09/05 07:53:04PM parser.py:31 [INFO] SLIDE_WINDOW=8
09/05 07:53:04PM parser.py:31 [INFO] SPEC_CELL=True
09/05 07:53:04PM parser.py:31 [INFO] TEACHER_NAME=efficientnet_v2_s
09/05 07:53:04PM parser.py:31 [INFO] TEACHER_PATH=/home/miura/lab/KD-hdas/results/teacher/cifar100/efficientnet_v2_s/FINETUNE2/pretrained-20240716-002108/best.pth.tar
09/05 07:53:04PM parser.py:31 [INFO] TRAIN_PORTION=0.5
09/05 07:53:04PM parser.py:31 [INFO] W_GRAD_CLIP=5.0
09/05 07:53:04PM parser.py:31 [INFO] W_LR=0.025
09/05 07:53:04PM parser.py:31 [INFO] W_LR_MIN=0.001
09/05 07:53:04PM parser.py:31 [INFO] W_MOMENTUM=0.9
09/05 07:53:04PM parser.py:31 [INFO] W_WEIGHT_DECAY=0.0003
09/05 07:53:04PM parser.py:31 [INFO] WORKERS=4
09/05 07:53:04PM parser.py:32 [INFO] 
09/05 07:53:06PM searchStage_trainer.py:130 [INFO] --> Loaded teacher model 'efficientnet_v2_s' from '/home/miura/lab/KD-hdas/results/teacher/cifar100/efficientnet_v2_s/FINETUNE2/pretrained-20240716-002108/best.pth.tar' and Freezed parameters)
09/05 07:53:08PM eval_util.py:125 [INFO] Test: Step 000/390 Prec@(1,5) (98.4%, 100.0%)
09/05 07:53:19PM eval_util.py:125 [INFO] Test: Step 390/390 Prec@(1,5) (97.3%, 99.6%)
09/05 07:53:19PM eval_util.py:130 [INFO] Teacher=(efficientnet_v2_s <- (/home/miura/lab/KD-hdas/results/teacher/cifar100/efficientnet_v2_s/FINETUNE2/pretrained-20240716-002108/best.pth.tar)) achives Test Prec(@1, @5) = (97.2640%, 99.6400%)
09/05 07:53:39PM searchStage_trainer.py:137 [INFO] --> No loaded checkpoint!
####### ALPHA #######
# Alpha - DAG
tensor([[0.2501, 0.2500, 0.2499, 0.2501],
        [0.2500, 0.2501, 0.2497, 0.2502]], device='cuda:0',
       grad_fn=<SoftmaxBackward0>)
tensor([[0.2499, 0.2500, 0.2499, 0.2501],
        [0.2500, 0.2498, 0.2501, 0.2501],
        [0.2501, 0.2500, 0.2498, 0.2501]], device='cuda:0',
       grad_fn=<SoftmaxBackward0>)
tensor([[0.2496, 0.2499, 0.2506, 0.2500],
        [0.2500, 0.2496, 0.2501, 0.2502],
        [0.2503, 0.2498, 0.2498, 0.2500],
        [0.2498, 0.2503, 0.2500, 0.2498]], device='cuda:0',
       grad_fn=<SoftmaxBackward0>)
tensor([[0.2503, 0.2501, 0.2498, 0.2499],
        [0.2500, 0.2500, 0.2499, 0.2501],
        [0.2499, 0.2500, 0.2499, 0.2502],
        [0.2497, 0.2505, 0.2501, 0.2497],
        [0.2501, 0.2499, 0.2498, 0.2502]], device='cuda:0',
       grad_fn=<SoftmaxBackward0>)
tensor([[0.2503, 0.2497, 0.2500, 0.2500],
        [0.2501, 0.2502, 0.2501, 0.2497],
        [0.2500, 0.2500, 0.2501, 0.2499],
        [0.2499, 0.2502, 0.2502, 0.2497],
        [0.2495, 0.2504, 0.2500, 0.2501],
        [0.2497, 0.2498, 0.2507, 0.2498]], device='cuda:0',
       grad_fn=<SoftmaxBackward0>)
tensor([[0.2501, 0.2497, 0.2503, 0.2499],
        [0.2499, 0.2499, 0.2501, 0.2501],
        [0.2504, 0.2500, 0.2502, 0.2494],
        [0.2502, 0.2500, 0.2499, 0.2500],
        [0.2498, 0.2497, 0.2502, 0.2502],
        [0.2500, 0.2503, 0.2502, 0.2495],
        [0.2500, 0.2499, 0.2501, 0.2501]], device='cuda:0',
       grad_fn=<SoftmaxBackward0>)
tensor([[0.2499, 0.2498, 0.2503, 0.2500],
        [0.2498, 0.2502, 0.2502, 0.2498]], device='cuda:0',
       grad_fn=<SoftmaxBackward0>)
tensor([[0.2502, 0.2502, 0.2502, 0.2494],
        [0.2502, 0.2499, 0.2497, 0.2502],
        [0.2500, 0.2498, 0.2499, 0.2503]], device='cuda:0',
       grad_fn=<SoftmaxBackward0>)
tensor([[0.2499, 0.2500, 0.2498, 0.2503],
        [0.2499, 0.2504, 0.2497, 0.2499],
        [0.2497, 0.2503, 0.2503, 0.2497],
        [0.2499, 0.2499, 0.2501, 0.2501]], device='cuda:0',
       grad_fn=<SoftmaxBackward0>)
tensor([[0.2507, 0.2498, 0.2499, 0.2496],
        [0.2501, 0.2501, 0.2498, 0.2500],
        [0.2497, 0.2502, 0.2500, 0.2502],
        [0.2499, 0.2498, 0.2503, 0.2500],
        [0.2497, 0.2504, 0.2497, 0.2502]], device='cuda:0',
       grad_fn=<SoftmaxBackward0>)
tensor([[0.2506, 0.2498, 0.2500, 0.2496],
        [0.2498, 0.2498, 0.2503, 0.2500],
        [0.2499, 0.2500, 0.2500, 0.2501],
        [0.2498, 0.2499, 0.2502, 0.2502],
        [0.2501, 0.2502, 0.2497, 0.2500],
        [0.2500, 0.2502, 0.2500, 0.2498]], device='cuda:0',
       grad_fn=<SoftmaxBackward0>)
tensor([[0.2498, 0.2502, 0.2501, 0.2499],
        [0.2501, 0.2500, 0.2498, 0.2502],
        [0.2505, 0.2496, 0.2499, 0.2500],
        [0.2500, 0.2500, 0.2500, 0.2501],
        [0.2503, 0.2501, 0.2501, 0.2495],
        [0.2499, 0.2499, 0.2501, 0.2501],
        [0.2501, 0.2502, 0.2500, 0.2496]], device='cuda:0',
       grad_fn=<SoftmaxBackward0>)
tensor([[0.2499, 0.2500, 0.2505, 0.2497],
        [0.2500, 0.2499, 0.2500, 0.2500]], device='cuda:0',
       grad_fn=<SoftmaxBackward0>)
tensor([[0.2499, 0.2499, 0.2500, 0.2501],
        [0.2499, 0.2500, 0.2500, 0.2501],
        [0.2497, 0.2500, 0.2500, 0.2503]], device='cuda:0',
       grad_fn=<SoftmaxBackward0>)
tensor([[0.2501, 0.2502, 0.2493, 0.2504],
        [0.2495, 0.2503, 0.2500, 0.2502],
        [0.2502, 0.2498, 0.2499, 0.2501],
        [0.2500, 0.2498, 0.2503, 0.2500]], device='cuda:0',
       grad_fn=<SoftmaxBackward0>)
tensor([[0.2502, 0.2501, 0.2499, 0.2497],
        [0.2500, 0.2497, 0.2502, 0.2501],
        [0.2500, 0.2501, 0.2501, 0.2498],
        [0.2499, 0.2501, 0.2500, 0.2500],
        [0.2502, 0.2499, 0.2500, 0.2499]], device='cuda:0',
       grad_fn=<SoftmaxBackward0>)
tensor([[0.2502, 0.2495, 0.2501, 0.2501],
        [0.2499, 0.2500, 0.2500, 0.2500],
        [0.2502, 0.2499, 0.2498, 0.2501],
        [0.2500, 0.2503, 0.2497, 0.2500],
        [0.2501, 0.2499, 0.2498, 0.2502],
        [0.2496, 0.2508, 0.2499, 0.2497]], device='cuda:0',
       grad_fn=<SoftmaxBackward0>)
tensor([[0.2501, 0.2501, 0.2499, 0.2499],
        [0.2501, 0.2499, 0.2501, 0.2498],
        [0.2497, 0.2504, 0.2502, 0.2497],
        [0.2500, 0.2502, 0.2498, 0.2499],
        [0.2500, 0.2502, 0.2500, 0.2498],
        [0.2500, 0.2504, 0.2496, 0.2500],
        [0.2501, 0.2501, 0.2498, 0.2499]], device='cuda:0',
       grad_fn=<SoftmaxBackward0>)
#####################
09/05 07:53:57PM searchStage_trainer.py:268 [INFO] Train: Epoch: [0][50/390]	Step 50	lr 0.025	Loss 4.4627 (4.7110)	Hard Loss 4.4627 (4.7110)	Soft Loss 4.4627 (4.7110)	Arch Loss 2.2517 (2.3893)	Arch Hard Loss 4.4527 (4.7273)	Arch Soft Loss 0.0005 (0.0005)	Arch depth Loss 0.0000 (0.0000)	Prec@(1,5) (1.8%, 8.5%)	
09/05 07:54:12PM searchStage_trainer.py:268 [INFO] Train: Epoch: [0][100/390]	Step 100	lr 0.025	Loss 4.3168 (4.5883)	Hard Loss 4.3168 (4.5883)	Soft Loss 4.3168 (4.5883)	Arch Loss 2.2371 (2.3267)	Arch Hard Loss 4.4288 (4.6027)	Arch Soft Loss 0.0005 (0.0005)	Arch depth Loss 0.0000 (0.0000)	Prec@(1,5) (2.4%, 11.4%)	
09/05 07:54:28PM searchStage_trainer.py:268 [INFO] Train: Epoch: [0][150/390]	Step 150	lr 0.025	Loss 4.2164 (4.4730)	Hard Loss 4.2164 (4.4730)	Soft Loss 4.2164 (4.4730)	Arch Loss 2.1005 (2.2673)	Arch Hard Loss 4.1549 (4.4850)	Arch Soft Loss 0.0005 (0.0005)	Arch depth Loss 0.0000 (0.0000)	Prec@(1,5) (3.1%, 13.8%)	
09/05 07:54:44PM searchStage_trainer.py:268 [INFO] Train: Epoch: [0][200/390]	Step 200	lr 0.025	Loss 4.2700 (4.3907)	Hard Loss 4.2700 (4.3907)	Soft Loss 4.2700 (4.3907)	Arch Loss 2.0559 (2.2224)	Arch Hard Loss 4.0654 (4.3959)	Arch Soft Loss 0.0005 (0.0005)	Arch depth Loss 0.0000 (0.0000)	Prec@(1,5) (3.6%, 15.5%)	
09/05 07:54:59PM searchStage_trainer.py:268 [INFO] Train: Epoch: [0][250/390]	Step 250	lr 0.025	Loss 4.1340 (4.3295)	Hard Loss 4.1340 (4.3295)	Soft Loss 4.1340 (4.3295)	Arch Loss 2.0465 (2.1912)	Arch Hard Loss 4.0453 (4.3338)	Arch Soft Loss 0.0005 (0.0005)	Arch depth Loss 0.0000 (0.0000)	Prec@(1,5) (4.1%, 17.0%)	
09/05 07:55:15PM searchStage_trainer.py:268 [INFO] Train: Epoch: [0][300/390]	Step 300	lr 0.025	Loss 3.7777 (4.2767)	Hard Loss 3.7777 (4.2767)	Soft Loss 3.7777 (4.2767)	Arch Loss 1.9793 (2.1626)	Arch Hard Loss 3.9128 (4.2770)	Arch Soft Loss 0.0005 (0.0005)	Arch depth Loss 0.0000 (0.0000)	Prec@(1,5) (4.6%, 18.3%)	
09/05 07:55:31PM searchStage_trainer.py:268 [INFO] Train: Epoch: [0][350/390]	Step 350	lr 0.025	Loss 3.8926 (4.2335)	Hard Loss 3.8926 (4.2335)	Soft Loss 3.8926 (4.2335)	Arch Loss 1.9873 (2.1404)	Arch Hard Loss 3.9320 (4.2328)	Arch Soft Loss 0.0004 (0.0005)	Arch depth Loss 0.0000 (0.0000)	Prec@(1,5) (5.1%, 19.6%)	
09/05 07:55:44PM searchStage_trainer.py:268 [INFO] Train: Epoch: [0][390/390]	Step 390	lr 0.025	Loss 3.7085 (4.2021)	Hard Loss 3.7085 (4.2021)	Soft Loss 3.7085 (4.2021)	Arch Loss 2.0007 (2.1236)	Arch Hard Loss 3.9509 (4.1992)	Arch Soft Loss 0.0005 (0.0005)	Arch depth Loss 0.0000 (0.0000)	Prec@(1,5) (5.4%, 20.4%)	
09/05 07:55:45PM searchStage_trainer.py:284 [INFO] Train: [  0/49] Final Prec@1 5.4480%
09/05 07:55:47PM searchStage_trainer.py:312 [INFO] Valid: Epoch: [0][50/391]	Step 391	Loss 3.9247	Prec@(1,5) (8.1%, 27.7%)
09/05 07:55:50PM searchStage_trainer.py:312 [INFO] Valid: Epoch: [0][100/391]	Step 391	Loss 3.9185	Prec@(1,5) (8.4%, 28.4%)
09/05 07:55:52PM searchStage_trainer.py:312 [INFO] Valid: Epoch: [0][150/391]	Step 391	Loss 3.9153	Prec@(1,5) (8.8%, 28.5%)
09/05 07:55:54PM searchStage_trainer.py:312 [INFO] Valid: Epoch: [0][200/391]	Step 391	Loss 3.9140	Prec@(1,5) (8.8%, 28.6%)
09/05 07:55:56PM searchStage_trainer.py:312 [INFO] Valid: Epoch: [0][250/391]	Step 391	Loss 3.9220	Prec@(1,5) (8.6%, 28.3%)
09/05 07:55:58PM searchStage_trainer.py:312 [INFO] Valid: Epoch: [0][300/391]	Step 391	Loss 3.9178	Prec@(1,5) (8.7%, 28.4%)
09/05 07:56:00PM searchStage_trainer.py:312 [INFO] Valid: Epoch: [0][350/391]	Step 391	Loss 3.9206	Prec@(1,5) (8.7%, 28.5%)
09/05 07:56:02PM searchStage_trainer.py:312 [INFO] Valid: Epoch: [0][390/391]	Step 391	Loss 3.9177	Prec@(1,5) (8.8%, 28.6%)
09/05 07:56:02PM searchStage_trainer.py:323 [INFO] Valid: [  0/49] Final Prec@1 8.8000%
09/05 07:56:02PM searchStage_KD_main.py:58 [INFO] DAG = Genotype2(DAG1=[[('skip_connect', 0), ('skip_connect', 1)], [('skip_connect', 1), ('skip_connect', 2)], [('skip_connect', 0), ('skip_connect', 1)], [('max_pool_3x3', 0), ('max_pool_3x3', 1)], [('skip_connect', 0), ('max_pool_3x3', 1)], [('skip_connect', 1), ('skip_connect', 0)]], DAG1_concat=range(6, 8), DAG2=[[('skip_connect', 0), ('skip_connect', 1)], [('skip_connect', 0), ('skip_connect', 1)], [('max_pool_3x3', 0), ('max_pool_3x3', 3)], [('max_pool_3x3', 0), ('skip_connect', 4)], [('skip_connect', 1), ('skip_connect', 0)], [('skip_connect', 0), ('skip_connect', 3)]], DAG2_concat=range(6, 8), DAG3=[[('skip_connect', 1), ('skip_connect', 0)], [('skip_connect', 0), ('skip_connect', 1)], [('skip_connect', 0), ('skip_connect', 1)], [('skip_connect', 2), ('skip_connect', 1)], [('skip_connect', 0), ('skip_connect', 1)], [('skip_connect', 0), ('skip_connect', 2)]], DAG3_concat=range(6, 8))
09/05 07:56:03PM searchStage_KD_main.py:89 [INFO] Until now, best Prec@1 = 8.8000%
####### ALPHA #######
# Alpha - DAG
tensor([[0.2498, 0.2493, 0.2511, 0.2498],
        [0.2505, 0.2486, 0.2506, 0.2504]], device='cuda:0',
       grad_fn=<SoftmaxBackward0>)
tensor([[0.2501, 0.2495, 0.2499, 0.2505],
        [0.2501, 0.2494, 0.2504, 0.2501],
        [0.2497, 0.2496, 0.2505, 0.2502]], device='cuda:0',
       grad_fn=<SoftmaxBackward0>)
tensor([[0.2495, 0.2495, 0.2509, 0.2502],
        [0.2491, 0.2492, 0.2507, 0.2510],
        [0.2505, 0.2493, 0.2498, 0.2503],
        [0.2505, 0.2504, 0.2500, 0.2491]], device='cuda:0',
       grad_fn=<SoftmaxBackward0>)
tensor([[0.2508, 0.2494, 0.2503, 0.2495],
        [0.2507, 0.2495, 0.2504, 0.2494],
        [0.2498, 0.2494, 0.2498, 0.2510],
        [0.2503, 0.2501, 0.2496, 0.2501],
        [0.2500, 0.2498, 0.2504, 0.2498]], device='cuda:0',
       grad_fn=<SoftmaxBackward0>)
tensor([[0.2526, 0.2483, 0.2531, 0.2460],
        [0.2528, 0.2489, 0.2506, 0.2477],
        [0.2504, 0.2488, 0.2486, 0.2522],
        [0.2503, 0.2487, 0.2493, 0.2517],
        [0.2503, 0.2496, 0.2492, 0.2509],
        [0.2500, 0.2494, 0.2509, 0.2497]], device='cuda:0',
       grad_fn=<SoftmaxBackward0>)
tensor([[0.2518, 0.2494, 0.2518, 0.2469],
        [0.2514, 0.2503, 0.2522, 0.2461],
        [0.2512, 0.2485, 0.2493, 0.2510],
        [0.2504, 0.2490, 0.2497, 0.2509],
        [0.2494, 0.2490, 0.2496, 0.2520],
        [0.2488, 0.2502, 0.2503, 0.2508],
        [0.2498, 0.2490, 0.2503, 0.2510]], device='cuda:0',
       grad_fn=<SoftmaxBackward0>)
tensor([[0.2496, 0.2484, 0.2533, 0.2486],
        [0.2477, 0.2489, 0.2526, 0.2508]], device='cuda:0',
       grad_fn=<SoftmaxBackward0>)
tensor([[0.2503, 0.2490, 0.2526, 0.2482],
        [0.2513, 0.2496, 0.2518, 0.2473],
        [0.2500, 0.2487, 0.2479, 0.2534]], device='cuda:0',
       grad_fn=<SoftmaxBackward0>)
tensor([[0.2536, 0.2472, 0.2483, 0.2509],
        [0.2513, 0.2478, 0.2493, 0.2516],
        [0.2505, 0.2489, 0.2514, 0.2492],
        [0.2517, 0.2493, 0.2498, 0.2492]], device='cuda:0',
       grad_fn=<SoftmaxBackward0>)
tensor([[0.2518, 0.2487, 0.2495, 0.2500],
        [0.2516, 0.2484, 0.2502, 0.2498],
        [0.2490, 0.2500, 0.2495, 0.2515],
        [0.2489, 0.2498, 0.2504, 0.2509],
        [0.2487, 0.2514, 0.2515, 0.2484]], device='cuda:0',
       grad_fn=<SoftmaxBackward0>)
tensor([[0.2494, 0.2517, 0.2532, 0.2458],
        [0.2500, 0.2514, 0.2535, 0.2451],
        [0.2468, 0.2501, 0.2485, 0.2546],
        [0.2475, 0.2498, 0.2502, 0.2526],
        [0.2466, 0.2521, 0.2528, 0.2485],
        [0.2467, 0.2512, 0.2505, 0.2517]], device='cuda:0',
       grad_fn=<SoftmaxBackward0>)
tensor([[0.2503, 0.2516, 0.2538, 0.2443],
        [0.2504, 0.2503, 0.2512, 0.2481],
        [0.2482, 0.2498, 0.2505, 0.2514],
        [0.2498, 0.2493, 0.2526, 0.2484],
        [0.2475, 0.2502, 0.2526, 0.2496],
        [0.2490, 0.2494, 0.2462, 0.2554],
        [0.2499, 0.2502, 0.2495, 0.2503]], device='cuda:0',
       grad_fn=<SoftmaxBackward0>)
tensor([[0.2462, 0.2436, 0.2610, 0.2493],
        [0.2436, 0.2446, 0.2621, 0.2496]], device='cuda:0',
       grad_fn=<SoftmaxBackward0>)
tensor([[0.2467, 0.2439, 0.2596, 0.2498],
        [0.2462, 0.2453, 0.2571, 0.2514],
        [0.2453, 0.2498, 0.2558, 0.2491]], device='cuda:0',
       grad_fn=<SoftmaxBackward0>)
tensor([[0.2475, 0.2450, 0.2560, 0.2515],
        [0.2478, 0.2472, 0.2545, 0.2505],
        [0.2504, 0.2489, 0.2505, 0.2502],
        [0.2489, 0.2487, 0.2539, 0.2485]], device='cuda:0',
       grad_fn=<SoftmaxBackward0>)
tensor([[0.2494, 0.2447, 0.2544, 0.2515],
        [0.2506, 0.2451, 0.2545, 0.2498],
        [0.2489, 0.2474, 0.2551, 0.2486],
        [0.2499, 0.2490, 0.2533, 0.2478],
        [0.2487, 0.2472, 0.2513, 0.2528]], device='cuda:0',
       grad_fn=<SoftmaxBackward0>)
tensor([[0.2492, 0.2490, 0.2567, 0.2451],
        [0.2509, 0.2476, 0.2554, 0.2461],
        [0.2473, 0.2492, 0.2552, 0.2483],
        [0.2470, 0.2464, 0.2521, 0.2546],
        [0.2442, 0.2512, 0.2534, 0.2511],
        [0.2440, 0.2491, 0.2519, 0.2550]], device='cuda:0',
       grad_fn=<SoftmaxBackward0>)
tensor([[0.2495, 0.2481, 0.2572, 0.2452],
        [0.2499, 0.2488, 0.2558, 0.2455],
        [0.2463, 0.2490, 0.2588, 0.2458],
        [0.2442, 0.2464, 0.2572, 0.2523],
        [0.2446, 0.2480, 0.2535, 0.2539],
        [0.2422, 0.2482, 0.2551, 0.2545],
        [0.2454, 0.2498, 0.2510, 0.2538]], device='cuda:0',
       grad_fn=<SoftmaxBackward0>)
#####################
09/05 07:56:20午後 searchStage_trainer.py:268 [INFO] Train: Epoch: [1][50/390]	Step 441	lr 0.02498	Loss 3.8304 (3.8738)	Hard Loss 3.8304 (3.8738)	Soft Loss 3.8304 (3.8738)	Arch Loss 1.8939 (1.9717)	Arch Hard Loss 3.7408 (3.8965)	Arch Soft Loss 0.0005 (0.0005)	Arch depth Loss 0.0000 (0.0000)	Prec@(1,5) (8.6%, 29.5%)	
09/05 07:56:36午後 searchStage_trainer.py:268 [INFO] Train: Epoch: [1][100/390]	Step 491	lr 0.02498	Loss 3.9429 (3.8520)	Hard Loss 3.9429 (3.8520)	Soft Loss 3.9429 (3.8520)	Arch Loss 1.7465 (1.9467)	Arch Hard Loss 3.4447 (3.8467)	Arch Soft Loss 0.0005 (0.0005)	Arch depth Loss 0.0000 (0.0000)	Prec@(1,5) (9.2%, 29.9%)	
09/05 07:56:52午後 searchStage_trainer.py:268 [INFO] Train: Epoch: [1][150/390]	Step 541	lr 0.02498	Loss 3.7819 (3.8306)	Hard Loss 3.7819 (3.8306)	Soft Loss 3.7819 (3.8306)	Arch Loss 1.8147 (1.9330)	Arch Hard Loss 3.5810 (3.8196)	Arch Soft Loss 0.0005 (0.0005)	Arch depth Loss 0.0000 (0.0000)	Prec@(1,5) (10.0%, 31.0%)	
09/05 07:57:08午後 searchStage_trainer.py:268 [INFO] Train: Epoch: [1][200/390]	Step 591	lr 0.02498	Loss 3.6843 (3.8129)	Hard Loss 3.6843 (3.8129)	Soft Loss 3.6843 (3.8129)	Arch Loss 1.8111 (1.9203)	Arch Hard Loss 3.5771 (3.7943)	Arch Soft Loss 0.0005 (0.0005)	Arch depth Loss 0.0000 (0.0000)	Prec@(1,5) (10.3%, 31.6%)	
09/05 07:57:24午後 searchStage_trainer.py:268 [INFO] Train: Epoch: [1][250/390]	Step 641	lr 0.02498	Loss 3.6916 (3.7875)	Hard Loss 3.6916 (3.7875)	Soft Loss 3.6916 (3.7875)	Arch Loss 1.8848 (1.9098)	Arch Hard Loss 3.7257 (3.7734)	Arch Soft Loss 0.0004 (0.0005)	Arch depth Loss 0.0000 (0.0000)	Prec@(1,5) (10.6%, 32.6%)	
09/05 07:57:40午後 searchStage_trainer.py:268 [INFO] Train: Epoch: [1][300/390]	Step 691	lr 0.02498	Loss 3.9910 (3.7670)	Hard Loss 3.9910 (3.7670)	Soft Loss 3.9910 (3.7670)	Arch Loss 1.8459 (1.8999)	Arch Hard Loss 3.6467 (3.7537)	Arch Soft Loss 0.0005 (0.0005)	Arch depth Loss 0.0000 (0.0000)	Prec@(1,5) (10.8%, 33.2%)	
09/05 07:57:57午後 searchStage_trainer.py:268 [INFO] Train: Epoch: [1][350/390]	Step 741	lr 0.02498	Loss 3.8815 (3.7448)	Hard Loss 3.8815 (3.7448)	Soft Loss 3.8815 (3.7448)	Arch Loss 1.6815 (1.8894)	Arch Hard Loss 3.3220 (3.7326)	Arch Soft Loss 0.0004 (0.0005)	Arch depth Loss 0.0000 (0.0000)	Prec@(1,5) (11.3%, 34.1%)	
09/05 07:58:09午後 searchStage_trainer.py:268 [INFO] Train: Epoch: [1][390/390]	Step 781	lr 0.02498	Loss 3.5717 (3.7272)	Hard Loss 3.5717 (3.7272)	Soft Loss 3.5717 (3.7272)	Arch Loss 1.8581 (1.8813)	Arch Hard Loss 3.6686 (3.7166)	Arch Soft Loss 0.0005 (0.0005)	Arch depth Loss -0.0000 (0.0000)	Prec@(1,5) (11.6%, 34.7%)	
09/05 07:58:10午後 searchStage_trainer.py:284 [INFO] Train: [  1/49] Final Prec@1 11.6320%
09/05 07:58:13午後 searchStage_trainer.py:312 [INFO] Valid: Epoch: [1][50/391]	Step 782	Loss 3.5656	Prec@(1,5) (14.2%, 40.7%)
09/05 07:58:15午後 searchStage_trainer.py:312 [INFO] Valid: Epoch: [1][100/391]	Step 782	Loss 3.5733	Prec@(1,5) (14.2%, 40.6%)
09/05 07:58:17午後 searchStage_trainer.py:312 [INFO] Valid: Epoch: [1][150/391]	Step 782	Loss 3.5979	Prec@(1,5) (14.0%, 40.1%)
09/05 07:58:19午後 searchStage_trainer.py:312 [INFO] Valid: Epoch: [1][200/391]	Step 782	Loss 3.6033	Prec@(1,5) (14.0%, 39.7%)
09/05 07:58:22午後 searchStage_trainer.py:312 [INFO] Valid: Epoch: [1][250/391]	Step 782	Loss 3.6087	Prec@(1,5) (13.8%, 39.7%)
09/05 07:58:24午後 searchStage_trainer.py:312 [INFO] Valid: Epoch: [1][300/391]	Step 782	Loss 3.6100	Prec@(1,5) (13.8%, 39.5%)
09/05 07:58:26午後 searchStage_trainer.py:312 [INFO] Valid: Epoch: [1][350/391]	Step 782	Loss 3.6075	Prec@(1,5) (13.8%, 39.6%)
09/05 07:58:28午後 searchStage_trainer.py:312 [INFO] Valid: Epoch: [1][390/391]	Step 782	Loss 3.6044	Prec@(1,5) (13.9%, 39.8%)
09/05 07:58:28午後 searchStage_trainer.py:323 [INFO] Valid: [  1/49] Final Prec@1 13.9120%
09/05 07:58:28午後 searchStage_KD_main.py:58 [INFO] DAG = Genotype2(DAG1=[[('skip_connect', 1), ('skip_connect', 0)], [('skip_connect', 0), ('skip_connect', 1)], [('skip_connect', 0), ('skip_connect', 1)], [('max_pool_3x3', 0), ('max_pool_3x3', 1)], [('skip_connect', 0), ('skip_connect', 1)], [('skip_connect', 1), ('skip_connect', 0)]], DAG1_concat=range(6, 8), DAG2=[[('skip_connect', 1), ('skip_connect', 0)], [('skip_connect', 1), ('skip_connect', 0)], [('max_pool_3x3', 0), ('max_pool_3x3', 1)], [('max_pool_3x3', 0), ('max_pool_3x3', 1)], [('skip_connect', 0), ('skip_connect', 1)], [('max_pool_3x3', 0), ('max_pool_3x3', 1)]], DAG2_concat=range(6, 8), DAG3=[[('skip_connect', 1), ('skip_connect', 0)], [('skip_connect', 0), ('skip_connect', 1)], [('skip_connect', 0), ('skip_connect', 1)], [('skip_connect', 2), ('max_pool_3x3', 1)], [('max_pool_3x3', 1), ('max_pool_3x3', 0)], [('max_pool_3x3', 1), ('max_pool_3x3', 0)]], DAG3_concat=range(6, 8))
09/05 07:58:28午後 searchStage_KD_main.py:89 [INFO] Until now, best Prec@1 = 13.9120%
####### ALPHA #######
# Alpha - DAG
tensor([[0.2483, 0.2481, 0.2535, 0.2500],
        [0.2488, 0.2469, 0.2545, 0.2499]], device='cuda:0',
       grad_fn=<SoftmaxBackward0>)
tensor([[0.2493, 0.2472, 0.2530, 0.2505],
        [0.2487, 0.2477, 0.2527, 0.2509],
        [0.2492, 0.2492, 0.2518, 0.2499]], device='cuda:0',
       grad_fn=<SoftmaxBackward0>)
tensor([[0.2505, 0.2491, 0.2527, 0.2477],
        [0.2513, 0.2479, 0.2523, 0.2485],
        [0.2501, 0.2483, 0.2495, 0.2521],
        [0.2497, 0.2501, 0.2493, 0.2508]], device='cuda:0',
       grad_fn=<SoftmaxBackward0>)
tensor([[0.2544, 0.2481, 0.2517, 0.2459],
        [0.2531, 0.2475, 0.2513, 0.2481],
        [0.2502, 0.2489, 0.2510, 0.2499],
        [0.2497, 0.2470, 0.2493, 0.2541],
        [0.2517, 0.2485, 0.2490, 0.2508]], device='cuda:0',
       grad_fn=<SoftmaxBackward0>)
tensor([[0.2557, 0.2487, 0.2619, 0.2338],
        [0.2562, 0.2480, 0.2566, 0.2391],
        [0.2493, 0.2446, 0.2467, 0.2594],
        [0.2511, 0.2447, 0.2454, 0.2588],
        [0.2492, 0.2461, 0.2472, 0.2575],
        [0.2518, 0.2467, 0.2500, 0.2515]], device='cuda:0',
       grad_fn=<SoftmaxBackward0>)
tensor([[0.2540, 0.2483, 0.2604, 0.2374],
        [0.2545, 0.2495, 0.2607, 0.2352],
        [0.2531, 0.2411, 0.2484, 0.2575],
        [0.2516, 0.2455, 0.2487, 0.2543],
        [0.2504, 0.2459, 0.2479, 0.2558],
        [0.2487, 0.2466, 0.2495, 0.2552],
        [0.2508, 0.2456, 0.2479, 0.2557]], device='cuda:0',
       grad_fn=<SoftmaxBackward0>)
tensor([[0.2485, 0.2455, 0.2592, 0.2469],
        [0.2440, 0.2442, 0.2600, 0.2518]], device='cuda:0',
       grad_fn=<SoftmaxBackward0>)
tensor([[0.2546, 0.2436, 0.2556, 0.2463],
        [0.2533, 0.2462, 0.2556, 0.2448],
        [0.2500, 0.2467, 0.2462, 0.2571]], device='cuda:0',
       grad_fn=<SoftmaxBackward0>)
tensor([[0.2547, 0.2435, 0.2516, 0.2502],
        [0.2528, 0.2464, 0.2526, 0.2482],
        [0.2494, 0.2482, 0.2500, 0.2524],
        [0.2476, 0.2522, 0.2519, 0.2483]], device='cuda:0',
       grad_fn=<SoftmaxBackward0>)
tensor([[0.2567, 0.2461, 0.2500, 0.2472],
        [0.2559, 0.2448, 0.2510, 0.2483],
        [0.2471, 0.2499, 0.2508, 0.2523],
        [0.2510, 0.2482, 0.2498, 0.2511],
        [0.2482, 0.2514, 0.2497, 0.2508]], device='cuda:0',
       grad_fn=<SoftmaxBackward0>)
tensor([[0.2564, 0.2520, 0.2585, 0.2331],
        [0.2563, 0.2524, 0.2578, 0.2335],
        [0.2476, 0.2465, 0.2468, 0.2591],
        [0.2493, 0.2449, 0.2475, 0.2583],
        [0.2473, 0.2483, 0.2503, 0.2541],
        [0.2483, 0.2466, 0.2475, 0.2576]], device='cuda:0',
       grad_fn=<SoftmaxBackward0>)
tensor([[0.2621, 0.2495, 0.2533, 0.2351],
        [0.2619, 0.2494, 0.2514, 0.2373],
        [0.2547, 0.2428, 0.2472, 0.2553],
        [0.2549, 0.2438, 0.2512, 0.2501],
        [0.2520, 0.2447, 0.2487, 0.2546],
        [0.2527, 0.2441, 0.2421, 0.2610],
        [0.2565, 0.2446, 0.2464, 0.2525]], device='cuda:0',
       grad_fn=<SoftmaxBackward0>)
tensor([[0.2546, 0.2358, 0.2597, 0.2498],
        [0.2510, 0.2374, 0.2616, 0.2500]], device='cuda:0',
       grad_fn=<SoftmaxBackward0>)
tensor([[0.2565, 0.2363, 0.2569, 0.2503],
        [0.2514, 0.2392, 0.2558, 0.2537],
        [0.2523, 0.2463, 0.2547, 0.2467]], device='cuda:0',
       grad_fn=<SoftmaxBackward0>)
tensor([[0.2545, 0.2427, 0.2548, 0.2480],
        [0.2515, 0.2452, 0.2530, 0.2504],
        [0.2520, 0.2494, 0.2480, 0.2506],
        [0.2526, 0.2460, 0.2508, 0.2506]], device='cuda:0',
       grad_fn=<SoftmaxBackward0>)
tensor([[0.2532, 0.2431, 0.2522, 0.2515],
        [0.2546, 0.2427, 0.2519, 0.2508],
        [0.2497, 0.2473, 0.2572, 0.2458],
        [0.2509, 0.2472, 0.2539, 0.2480],
        [0.2493, 0.2488, 0.2480, 0.2539]], device='cuda:0',
       grad_fn=<SoftmaxBackward0>)
tensor([[0.2649, 0.2460, 0.2514, 0.2376],
        [0.2661, 0.2454, 0.2500, 0.2386],
        [0.2557, 0.2466, 0.2495, 0.2481],
        [0.2526, 0.2413, 0.2466, 0.2595],
        [0.2505, 0.2505, 0.2458, 0.2533],
        [0.2479, 0.2446, 0.2467, 0.2609]], device='cuda:0',
       grad_fn=<SoftmaxBackward0>)
tensor([[0.2592, 0.2456, 0.2510, 0.2442],
        [0.2605, 0.2483, 0.2506, 0.2406],
        [0.2556, 0.2494, 0.2550, 0.2400],
        [0.2498, 0.2465, 0.2505, 0.2531],
        [0.2477, 0.2479, 0.2460, 0.2583],
        [0.2459, 0.2467, 0.2496, 0.2578],
        [0.2491, 0.2482, 0.2477, 0.2550]], device='cuda:0',
       grad_fn=<SoftmaxBackward0>)
#####################
09/05 07:58:46午後 searchStage_trainer.py:268 [INFO] Train: Epoch: [2][50/390]	Step 832	lr 0.02491	Loss 3.5548 (3.5200)	Hard Loss 3.5548 (3.5200)	Soft Loss 3.5548 (3.5200)	Arch Loss 1.7228 (1.7972)	Arch Hard Loss 3.3996 (3.5475)	Arch Soft Loss 0.0005 (0.0005)	Arch depth Loss -0.0000 (0.0000)	Prec@(1,5) (14.9%, 41.0%)	
09/05 07:59:01午後 searchStage_trainer.py:268 [INFO] Train: Epoch: [2][100/390]	Step 882	lr 0.02491	Loss 3.5540 (3.5324)	Hard Loss 3.5540 (3.5324)	Soft Loss 3.5540 (3.5324)	Arch Loss 1.8638 (1.7886)	Arch Hard Loss 3.6829 (3.5308)	Arch Soft Loss 0.0004 (0.0005)	Arch depth Loss -0.0000 (0.0000)	Prec@(1,5) (15.3%, 40.9%)	
09/05 07:59:17午後 searchStage_trainer.py:268 [INFO] Train: Epoch: [2][150/390]	Step 932	lr 0.02491	Loss 3.5543 (3.5008)	Hard Loss 3.5543 (3.5008)	Soft Loss 3.5543 (3.5008)	Arch Loss 1.7894 (1.7793)	Arch Hard Loss 3.5373 (3.5123)	Arch Soft Loss 0.0004 (0.0005)	Arch depth Loss -0.0000 (0.0000)	Prec@(1,5) (15.5%, 42.3%)	
09/05 07:59:34午後 searchStage_trainer.py:268 [INFO] Train: Epoch: [2][200/390]	Step 982	lr 0.02491	Loss 3.5060 (3.4735)	Hard Loss 3.5060 (3.4735)	Soft Loss 3.5060 (3.4735)	Arch Loss 1.6896 (1.7640)	Arch Hard Loss 3.3315 (3.4819)	Arch Soft Loss 0.0005 (0.0005)	Arch depth Loss -0.0000 (0.0000)	Prec@(1,5) (15.9%, 43.0%)	
09/05 07:59:50午後 searchStage_trainer.py:268 [INFO] Train: Epoch: [2][250/390]	Step 1032	lr 0.02491	Loss 3.4766 (3.4611)	Hard Loss 3.4766 (3.4611)	Soft Loss 3.4766 (3.4611)	Arch Loss 1.7419 (1.7603)	Arch Hard Loss 3.4388 (3.4745)	Arch Soft Loss 0.0004 (0.0005)	Arch depth Loss 0.0000 (0.0000)	Prec@(1,5) (15.9%, 43.2%)	
09/05 08:00:06午後 searchStage_trainer.py:268 [INFO] Train: Epoch: [2][300/390]	Step 1082	lr 0.02491	Loss 3.1923 (3.4521)	Hard Loss 3.1923 (3.4521)	Soft Loss 3.1923 (3.4521)	Arch Loss 1.7468 (1.7514)	Arch Hard Loss 3.4516 (3.4568)	Arch Soft Loss 0.0004 (0.0005)	Arch depth Loss 0.0000 (0.0000)	Prec@(1,5) (16.3%, 43.5%)	
09/05 08:00:22午後 searchStage_trainer.py:268 [INFO] Train: Epoch: [2][350/390]	Step 1132	lr 0.02491	Loss 3.0356 (3.4313)	Hard Loss 3.0356 (3.4313)	Soft Loss 3.0356 (3.4313)	Arch Loss 1.6689 (1.7422)	Arch Hard Loss 3.2933 (3.4384)	Arch Soft Loss 0.0004 (0.0005)	Arch depth Loss 0.0000 (0.0000)	Prec@(1,5) (16.7%, 43.9%)	
09/05 08:00:35午後 searchStage_trainer.py:268 [INFO] Train: Epoch: [2][390/390]	Step 1172	lr 0.02491	Loss 3.3556 (3.4210)	Hard Loss 3.3556 (3.4210)	Soft Loss 3.3556 (3.4210)	Arch Loss 1.7033 (1.7367)	Arch Hard Loss 3.3605 (3.4275)	Arch Soft Loss 0.0005 (0.0005)	Arch depth Loss 0.0000 (0.0000)	Prec@(1,5) (16.9%, 44.2%)	
09/05 08:00:35午後 searchStage_trainer.py:284 [INFO] Train: [  2/49] Final Prec@1 16.8680%
09/05 08:00:38午後 searchStage_trainer.py:312 [INFO] Valid: Epoch: [2][50/391]	Step 1173	Loss 3.3153	Prec@(1,5) (17.9%, 48.7%)
09/05 08:00:40午後 searchStage_trainer.py:312 [INFO] Valid: Epoch: [2][100/391]	Step 1173	Loss 3.3226	Prec@(1,5) (18.2%, 48.0%)
09/05 08:00:43午後 searchStage_trainer.py:312 [INFO] Valid: Epoch: [2][150/391]	Step 1173	Loss 3.3172	Prec@(1,5) (18.3%, 47.9%)
09/05 08:00:45午後 searchStage_trainer.py:312 [INFO] Valid: Epoch: [2][200/391]	Step 1173	Loss 3.3248	Prec@(1,5) (18.3%, 47.6%)
09/05 08:00:47午後 searchStage_trainer.py:312 [INFO] Valid: Epoch: [2][250/391]	Step 1173	Loss 3.3138	Prec@(1,5) (18.5%, 47.8%)
09/05 08:00:49午後 searchStage_trainer.py:312 [INFO] Valid: Epoch: [2][300/391]	Step 1173	Loss 3.3218	Prec@(1,5) (18.4%, 47.7%)
09/05 08:00:51午後 searchStage_trainer.py:312 [INFO] Valid: Epoch: [2][350/391]	Step 1173	Loss 3.3171	Prec@(1,5) (18.6%, 47.8%)
09/05 08:00:53午後 searchStage_trainer.py:312 [INFO] Valid: Epoch: [2][390/391]	Step 1173	Loss 3.3170	Prec@(1,5) (18.5%, 47.7%)
09/05 08:00:53午後 searchStage_trainer.py:323 [INFO] Valid: [  2/49] Final Prec@1 18.5520%
09/05 08:00:53午後 searchStage_KD_main.py:58 [INFO] DAG = Genotype2(DAG1=[[('skip_connect', 1), ('skip_connect', 0)], [('skip_connect', 0), ('skip_connect', 1)], [('skip_connect', 0), ('skip_connect', 1)], [('skip_connect', 1), ('skip_connect', 0)], [('skip_connect', 0), ('max_pool_3x3', 1)], [('skip_connect', 1), ('skip_connect', 0)]], DAG1_concat=range(6, 8), DAG2=[[('skip_connect', 1), ('skip_connect', 0)], [('skip_connect', 1), ('skip_connect', 0)], [('max_pool_3x3', 0), ('max_pool_3x3', 1)], [('max_pool_3x3', 0), ('max_pool_3x3', 1)], [('skip_connect', 1), ('skip_connect', 0)], [('max_pool_3x3', 0), ('max_pool_3x3', 1)]], DAG2_concat=range(6, 8), DAG3=[[('skip_connect', 1), ('skip_connect', 0)], [('max_pool_3x3', 0), ('max_pool_3x3', 2)], [('max_pool_3x3', 0), ('max_pool_3x3', 2)], [('max_pool_3x3', 1), ('skip_connect', 2)], [('max_pool_3x3', 1), ('max_pool_3x3', 0)], [('max_pool_3x3', 1), ('max_pool_3x3', 0)]], DAG3_concat=range(6, 8))
09/05 08:00:54午後 searchStage_KD_main.py:89 [INFO] Until now, best Prec@1 = 18.5520%
####### ALPHA #######
# Alpha - DAG
tensor([[0.2444, 0.2471, 0.2583, 0.2502],
        [0.2440, 0.2452, 0.2615, 0.2493]], device='cuda:0',
       grad_fn=<SoftmaxBackward0>)
tensor([[0.2447, 0.2453, 0.2598, 0.2502],
        [0.2449, 0.2463, 0.2578, 0.2510],
        [0.2473, 0.2507, 0.2523, 0.2498]], device='cuda:0',
       grad_fn=<SoftmaxBackward0>)
tensor([[0.2486, 0.2479, 0.2597, 0.2438],
        [0.2482, 0.2467, 0.2578, 0.2473],
        [0.2487, 0.2469, 0.2492, 0.2553],
        [0.2489, 0.2485, 0.2506, 0.2520]], device='cuda:0',
       grad_fn=<SoftmaxBackward0>)
tensor([[0.2511, 0.2467, 0.2562, 0.2459],
        [0.2515, 0.2466, 0.2573, 0.2446],
        [0.2476, 0.2488, 0.2513, 0.2524],
        [0.2485, 0.2478, 0.2512, 0.2525],
        [0.2479, 0.2504, 0.2485, 0.2532]], device='cuda:0',
       grad_fn=<SoftmaxBackward0>)
tensor([[0.2605, 0.2444, 0.2691, 0.2260],
        [0.2630, 0.2415, 0.2621, 0.2334],
        [0.2493, 0.2422, 0.2461, 0.2624],
        [0.2552, 0.2406, 0.2453, 0.2589],
        [0.2535, 0.2406, 0.2433, 0.2625],
        [0.2529, 0.2413, 0.2454, 0.2604]], device='cuda:0',
       grad_fn=<SoftmaxBackward0>)
tensor([[0.2516, 0.2460, 0.2747, 0.2276],
        [0.2537, 0.2453, 0.2759, 0.2252],
        [0.2501, 0.2422, 0.2478, 0.2600],
        [0.2473, 0.2423, 0.2507, 0.2597],
        [0.2469, 0.2460, 0.2490, 0.2582],
        [0.2444, 0.2432, 0.2455, 0.2669],
        [0.2487, 0.2440, 0.2473, 0.2599]], device='cuda:0',
       grad_fn=<SoftmaxBackward0>)
tensor([[0.2494, 0.2433, 0.2601, 0.2473],
        [0.2457, 0.2413, 0.2611, 0.2519]], device='cuda:0',
       grad_fn=<SoftmaxBackward0>)
tensor([[0.2551, 0.2421, 0.2570, 0.2458],
        [0.2522, 0.2435, 0.2568, 0.2475],
        [0.2502, 0.2460, 0.2480, 0.2558]], device='cuda:0',
       grad_fn=<SoftmaxBackward0>)
tensor([[0.2582, 0.2439, 0.2526, 0.2452],
        [0.2554, 0.2463, 0.2522, 0.2460],
        [0.2449, 0.2508, 0.2510, 0.2533],
        [0.2484, 0.2503, 0.2480, 0.2533]], device='cuda:0',
       grad_fn=<SoftmaxBackward0>)
tensor([[0.2579, 0.2459, 0.2499, 0.2463],
        [0.2558, 0.2434, 0.2520, 0.2488],
        [0.2490, 0.2487, 0.2473, 0.2550],
        [0.2534, 0.2479, 0.2479, 0.2508],
        [0.2510, 0.2494, 0.2506, 0.2491]], device='cuda:0',
       grad_fn=<SoftmaxBackward0>)
tensor([[0.2612, 0.2503, 0.2612, 0.2273],
        [0.2593, 0.2504, 0.2628, 0.2275],
        [0.2492, 0.2426, 0.2454, 0.2628],
        [0.2492, 0.2455, 0.2465, 0.2588],
        [0.2523, 0.2433, 0.2463, 0.2581],
        [0.2520, 0.2424, 0.2435, 0.2621]], device='cuda:0',
       grad_fn=<SoftmaxBackward0>)
tensor([[0.2642, 0.2463, 0.2534, 0.2362],
        [0.2619, 0.2496, 0.2531, 0.2354],
        [0.2538, 0.2452, 0.2461, 0.2549],
        [0.2544, 0.2464, 0.2508, 0.2484],
        [0.2545, 0.2426, 0.2455, 0.2574],
        [0.2534, 0.2438, 0.2406, 0.2622],
        [0.2586, 0.2430, 0.2464, 0.2520]], device='cuda:0',
       grad_fn=<SoftmaxBackward0>)
tensor([[0.2557, 0.2283, 0.2621, 0.2539],
        [0.2570, 0.2317, 0.2652, 0.2461]], device='cuda:0',
       grad_fn=<SoftmaxBackward0>)
tensor([[0.2640, 0.2308, 0.2567, 0.2485],
        [0.2563, 0.2327, 0.2552, 0.2558],
        [0.2582, 0.2432, 0.2525, 0.2462]], device='cuda:0',
       grad_fn=<SoftmaxBackward0>)
tensor([[0.2582, 0.2369, 0.2547, 0.2501],
        [0.2543, 0.2391, 0.2537, 0.2530],
        [0.2552, 0.2490, 0.2479, 0.2480],
        [0.2542, 0.2468, 0.2500, 0.2490]], device='cuda:0',
       grad_fn=<SoftmaxBackward0>)
tensor([[0.2566, 0.2371, 0.2514, 0.2549],
        [0.2595, 0.2360, 0.2497, 0.2548],
        [0.2541, 0.2441, 0.2566, 0.2452],
        [0.2553, 0.2449, 0.2543, 0.2455],
        [0.2534, 0.2467, 0.2496, 0.2504]], device='cuda:0',
       grad_fn=<SoftmaxBackward0>)
tensor([[0.2768, 0.2390, 0.2486, 0.2357],
        [0.2788, 0.2382, 0.2460, 0.2370],
        [0.2624, 0.2388, 0.2462, 0.2526],
        [0.2598, 0.2351, 0.2454, 0.2598],
        [0.2574, 0.2476, 0.2446, 0.2504],
        [0.2533, 0.2391, 0.2443, 0.2633]], device='cuda:0',
       grad_fn=<SoftmaxBackward0>)
tensor([[0.2705, 0.2381, 0.2473, 0.2441],
        [0.2719, 0.2424, 0.2478, 0.2379],
        [0.2639, 0.2425, 0.2514, 0.2422],
        [0.2556, 0.2404, 0.2488, 0.2552],
        [0.2523, 0.2438, 0.2419, 0.2621],
        [0.2514, 0.2432, 0.2489, 0.2564],
        [0.2537, 0.2477, 0.2466, 0.2519]], device='cuda:0',
       grad_fn=<SoftmaxBackward0>)
#####################
09/05 08:01:11午後 searchStage_trainer.py:268 [INFO] Train: Epoch: [3][50/390]	Step 1223	lr 0.02479	Loss 3.2912 (3.2081)	Hard Loss 3.2912 (3.2081)	Soft Loss 3.2912 (3.2081)	Arch Loss 1.7556 (1.6554)	Arch Hard Loss 3.4653 (3.2648)	Arch Soft Loss 0.0005 (0.0005)	Arch depth Loss -0.0000 (0.0000)	Prec@(1,5) (21.1%, 50.5%)	
09/05 08:01:26午後 searchStage_trainer.py:268 [INFO] Train: Epoch: [3][100/390]	Step 1273	lr 0.02479	Loss 2.9939 (3.1787)	Hard Loss 2.9939 (3.1787)	Soft Loss 2.9939 (3.1787)	Arch Loss 1.7201 (1.6559)	Arch Hard Loss 3.3933 (3.2659)	Arch Soft Loss 0.0005 (0.0005)	Arch depth Loss -0.0000 (0.0000)	Prec@(1,5) (21.2%, 50.9%)	
09/05 08:01:42午後 searchStage_trainer.py:268 [INFO] Train: Epoch: [3][150/390]	Step 1323	lr 0.02479	Loss 3.5210 (3.2071)	Hard Loss 3.5210 (3.2071)	Soft Loss 3.5210 (3.2071)	Arch Loss 1.6674 (1.6491)	Arch Hard Loss 3.2925 (3.2527)	Arch Soft Loss 0.0004 (0.0005)	Arch depth Loss -0.0000 (0.0000)	Prec@(1,5) (20.7%, 50.0%)	
09/05 08:01:57午後 searchStage_trainer.py:268 [INFO] Train: Epoch: [3][200/390]	Step 1373	lr 0.02479	Loss 2.9912 (3.2068)	Hard Loss 2.9912 (3.2068)	Soft Loss 2.9912 (3.2068)	Arch Loss 1.7974 (1.6445)	Arch Hard Loss 3.5483 (3.2435)	Arch Soft Loss 0.0005 (0.0005)	Arch depth Loss -0.0000 (0.0000)	Prec@(1,5) (20.5%, 50.1%)	
09/05 08:02:13午後 searchStage_trainer.py:268 [INFO] Train: Epoch: [3][250/390]	Step 1423	lr 0.02479	Loss 3.4604 (3.1941)	Hard Loss 3.4604 (3.1941)	Soft Loss 3.4604 (3.1941)	Arch Loss 1.7100 (1.6360)	Arch Hard Loss 3.3715 (3.2267)	Arch Soft Loss 0.0005 (0.0005)	Arch depth Loss -0.0000 (0.0000)	Prec@(1,5) (20.8%, 50.4%)	
09/05 08:02:29午後 searchStage_trainer.py:268 [INFO] Train: Epoch: [3][300/390]	Step 1473	lr 0.02479	Loss 3.2253 (3.1777)	Hard Loss 3.2253 (3.1777)	Soft Loss 3.2253 (3.1777)	Arch Loss 1.6727 (1.6315)	Arch Hard Loss 3.2975 (3.2176)	Arch Soft Loss 0.0005 (0.0005)	Arch depth Loss -0.0000 (0.0000)	Prec@(1,5) (21.1%, 50.8%)	
09/05 08:02:45午後 searchStage_trainer.py:268 [INFO] Train: Epoch: [3][350/390]	Step 1523	lr 0.02479	Loss 3.4687 (3.1744)	Hard Loss 3.4687 (3.1744)	Soft Loss 3.4687 (3.1744)	Arch Loss 1.6405 (1.6280)	Arch Hard Loss 3.2335 (3.2105)	Arch Soft Loss 0.0005 (0.0005)	Arch depth Loss -0.0000 (0.0000)	Prec@(1,5) (21.3%, 51.0%)	
09/05 08:02:57午後 searchStage_trainer.py:268 [INFO] Train: Epoch: [3][390/390]	Step 1563	lr 0.02479	Loss 2.9398 (3.1653)	Hard Loss 2.9398 (3.1653)	Soft Loss 2.9398 (3.1653)	Arch Loss 1.5921 (1.6194)	Arch Hard Loss 3.1375 (3.1935)	Arch Soft Loss 0.0005 (0.0005)	Arch depth Loss 0.0000 (0.0000)	Prec@(1,5) (21.4%, 51.2%)	
09/05 08:02:58午後 searchStage_trainer.py:284 [INFO] Train: [  3/49] Final Prec@1 21.4000%
09/05 08:03:01午後 searchStage_trainer.py:312 [INFO] Valid: Epoch: [3][50/391]	Step 1564	Loss 3.1359	Prec@(1,5) (22.8%, 52.5%)
09/05 08:03:03午後 searchStage_trainer.py:312 [INFO] Valid: Epoch: [3][100/391]	Step 1564	Loss 3.1141	Prec@(1,5) (22.8%, 53.1%)
09/05 08:03:05午後 searchStage_trainer.py:312 [INFO] Valid: Epoch: [3][150/391]	Step 1564	Loss 3.1209	Prec@(1,5) (22.9%, 52.9%)
09/05 08:03:07午後 searchStage_trainer.py:312 [INFO] Valid: Epoch: [3][200/391]	Step 1564	Loss 3.1310	Prec@(1,5) (22.8%, 52.4%)
09/05 08:03:09午後 searchStage_trainer.py:312 [INFO] Valid: Epoch: [3][250/391]	Step 1564	Loss 3.1336	Prec@(1,5) (22.7%, 52.3%)
09/05 08:03:12午後 searchStage_trainer.py:312 [INFO] Valid: Epoch: [3][300/391]	Step 1564	Loss 3.1276	Prec@(1,5) (22.7%, 52.5%)
