08/23 08:06:55PM parser.py:28 [INFO] 
08/23 08:06:55PM parser.py:29 [INFO] Parameters:
08/23 08:06:55PM parser.py:31 [INFO] DAG_PATH=results/search_stage_KD/cifar10/noSWDL/s2-BaselineBestCell/DAG
08/23 08:06:55PM parser.py:31 [INFO] T=10.0
08/23 08:06:55PM parser.py:31 [INFO] ADVANCED=False
08/23 08:06:55PM parser.py:31 [INFO] ALPHA_LR=0.0003
08/23 08:06:55PM parser.py:31 [INFO] ALPHA_WEIGHT_DECAY=0.001
08/23 08:06:55PM parser.py:31 [INFO] BATCH_SIZE=64
08/23 08:06:55PM parser.py:31 [INFO] CASCADE=False
08/23 08:06:55PM parser.py:31 [INFO] CHECKPOINT_RESET=False
08/23 08:06:55PM parser.py:31 [INFO] CUTOUT_LENGTH=0
08/23 08:06:55PM parser.py:31 [INFO] DATA_PATH=../data/
08/23 08:06:55PM parser.py:31 [INFO] DATASET=cifar10
08/23 08:06:55PM parser.py:31 [INFO] DEPTH_COEF=0.0
08/23 08:06:55PM parser.py:31 [INFO] DESCRIPTION=search_architecture_on_noKD_without_depth_loss_with_large_slidewindoe
08/23 08:06:55PM parser.py:31 [INFO] EPOCHS=50
08/23 08:06:55PM parser.py:31 [INFO] EXP_NAME=s2-BaselineBestCell
08/23 08:06:55PM parser.py:31 [INFO] GENOTYPE=Genotype3(normal1=[[('sep_conv_5x5', 0), ('sep_conv_3x3', 1)], [('sep_conv_3x3', 1), ('sep_conv_3x3', 0)], [('sep_conv_3x3', 1), ('sep_conv_3x3', 2)], [('sep_conv_3x3', 0), ('sep_conv_5x5', 4)]], normal1_concat=range(2, 6), reduce1=[[('sep_conv_3x3', 0), ('skip_connect', 1)], [('sep_conv_3x3', 1), ('max_pool_3x3', 0)], [('sep_conv_3x3', 2), ('sep_conv_3x3', 1)], [('max_pool_3x3', 0), ('dil_conv_3x3', 1)]], reduce1_concat=range(2, 6), normal2=[[('skip_connect', 0), ('sep_conv_5x5', 1)], [('skip_connect', 0), ('skip_connect', 2)], [('avg_pool_3x3', 0), ('avg_pool_3x3', 2)], [('skip_connect', 0), ('avg_pool_3x3', 2)]], normal2_concat=range(2, 6), reduce2=[[('avg_pool_3x3', 0), ('avg_pool_3x3', 1)], [('avg_pool_3x3', 0), ('skip_connect', 2)], [('skip_connect', 2), ('avg_pool_3x3', 0)], [('skip_connect', 2), ('avg_pool_3x3', 0)]], reduce2_concat=range(2, 6), normal3=[[('skip_connect', 0), ('skip_connect', 1)], [('skip_connect', 0), ('dil_conv_3x3', 1)], [('skip_connect', 0), ('skip_connect', 1)], [('skip_connect', 0), ('skip_connect', 2)]], normal3_concat=range(2, 6))
08/23 08:06:55PM parser.py:31 [INFO] GPUS=[0]
08/23 08:06:55PM parser.py:31 [INFO] INIT_CHANNELS=16
08/23 08:06:55PM parser.py:31 [INFO] L=0.5
08/23 08:06:55PM parser.py:31 [INFO] LAYERS=20
08/23 08:06:55PM parser.py:31 [INFO] LOGGER=<Logger H-DAS (INFO)>
08/23 08:06:55PM parser.py:31 [INFO] NAME=noSWDL
08/23 08:06:55PM parser.py:31 [INFO] NONKD=True
08/23 08:06:55PM parser.py:31 [INFO] PATH=results/search_stage_KD/cifar10/noSWDL/s2-BaselineBestCell
08/23 08:06:55PM parser.py:31 [INFO] PCDARTS=False
08/23 08:06:55PM parser.py:31 [INFO] PLOT_PATH=results/search_stage_KD/cifar10/noSWDL/s2-BaselineBestCell/plots
08/23 08:06:55PM parser.py:31 [INFO] PRINT_FREQ=50
08/23 08:06:55PM parser.py:31 [INFO] RESUME_PATH=None
08/23 08:06:55PM parser.py:31 [INFO] SAVE=s2-BaselineBestCell
08/23 08:06:55PM parser.py:31 [INFO] SEED=2
08/23 08:06:55PM parser.py:31 [INFO] SHARE_STAGE=False
08/23 08:06:55PM parser.py:31 [INFO] SLIDE_WINDOW=8
08/23 08:06:55PM parser.py:31 [INFO] SPEC_CELL=True
08/23 08:06:55PM parser.py:31 [INFO] TEACHER_NAME=non
08/23 08:06:55PM parser.py:31 [INFO] TEACHER_PATH=non
08/23 08:06:55PM parser.py:31 [INFO] TRAIN_PORTION=0.5
08/23 08:06:55PM parser.py:31 [INFO] W_GRAD_CLIP=5.0
08/23 08:06:55PM parser.py:31 [INFO] W_LR=0.025
08/23 08:06:55PM parser.py:31 [INFO] W_LR_MIN=0.001
08/23 08:06:55PM parser.py:31 [INFO] W_MOMENTUM=0.9
08/23 08:06:55PM parser.py:31 [INFO] W_WEIGHT_DECAY=0.0003
08/23 08:06:55PM parser.py:31 [INFO] WORKERS=4
08/23 08:06:55PM parser.py:32 [INFO] 
08/23 08:07:12PM searchStage_trainer.py:137 [INFO] --> No loaded checkpoint!
####### ALPHA #######
# Alpha - DAG
tensor([[0.2502, 0.2500, 0.2500, 0.2498],
        [0.2502, 0.2497, 0.2500, 0.2500]], device='cuda:0',
       grad_fn=<SoftmaxBackward0>)
tensor([[0.2499, 0.2497, 0.2503, 0.2501],
        [0.2499, 0.2499, 0.2502, 0.2500],
        [0.2502, 0.2499, 0.2500, 0.2499]], device='cuda:0',
       grad_fn=<SoftmaxBackward0>)
tensor([[0.2498, 0.2499, 0.2501, 0.2502],
        [0.2503, 0.2502, 0.2498, 0.2498],
        [0.2501, 0.2502, 0.2498, 0.2499],
        [0.2498, 0.2497, 0.2504, 0.2501]], device='cuda:0',
       grad_fn=<SoftmaxBackward0>)
tensor([[0.2502, 0.2495, 0.2498, 0.2506],
        [0.2500, 0.2501, 0.2498, 0.2501],
        [0.2501, 0.2499, 0.2499, 0.2501],
        [0.2498, 0.2501, 0.2502, 0.2499],
        [0.2503, 0.2500, 0.2497, 0.2500]], device='cuda:0',
       grad_fn=<SoftmaxBackward0>)
tensor([[0.2498, 0.2498, 0.2505, 0.2499],
        [0.2500, 0.2499, 0.2500, 0.2501],
        [0.2500, 0.2502, 0.2497, 0.2501],
        [0.2503, 0.2502, 0.2499, 0.2496],
        [0.2497, 0.2504, 0.2502, 0.2496],
        [0.2501, 0.2502, 0.2501, 0.2496]], device='cuda:0',
       grad_fn=<SoftmaxBackward0>)
tensor([[0.2501, 0.2499, 0.2501, 0.2499],
        [0.2495, 0.2499, 0.2506, 0.2500],
        [0.2502, 0.2502, 0.2498, 0.2498],
        [0.2499, 0.2503, 0.2500, 0.2499],
        [0.2502, 0.2497, 0.2503, 0.2498],
        [0.2500, 0.2501, 0.2501, 0.2498],
        [0.2497, 0.2502, 0.2500, 0.2500]], device='cuda:0',
       grad_fn=<SoftmaxBackward0>)
tensor([[0.2496, 0.2502, 0.2500, 0.2502],
        [0.2500, 0.2503, 0.2497, 0.2499]], device='cuda:0',
       grad_fn=<SoftmaxBackward0>)
tensor([[0.2497, 0.2498, 0.2502, 0.2503],
        [0.2499, 0.2503, 0.2498, 0.2500],
        [0.2497, 0.2501, 0.2501, 0.2501]], device='cuda:0',
       grad_fn=<SoftmaxBackward0>)
tensor([[0.2496, 0.2499, 0.2499, 0.2506],
        [0.2503, 0.2503, 0.2496, 0.2499],
        [0.2500, 0.2501, 0.2502, 0.2496],
        [0.2498, 0.2503, 0.2501, 0.2498]], device='cuda:0',
       grad_fn=<SoftmaxBackward0>)
tensor([[0.2499, 0.2498, 0.2501, 0.2502],
        [0.2497, 0.2500, 0.2499, 0.2504],
        [0.2501, 0.2495, 0.2502, 0.2502],
        [0.2502, 0.2501, 0.2499, 0.2498],
        [0.2500, 0.2496, 0.2503, 0.2502]], device='cuda:0',
       grad_fn=<SoftmaxBackward0>)
tensor([[0.2499, 0.2499, 0.2499, 0.2503],
        [0.2500, 0.2498, 0.2500, 0.2502],
        [0.2497, 0.2501, 0.2504, 0.2499],
        [0.2495, 0.2503, 0.2501, 0.2501],
        [0.2503, 0.2503, 0.2493, 0.2502],
        [0.2501, 0.2499, 0.2499, 0.2502]], device='cuda:0',
       grad_fn=<SoftmaxBackward0>)
tensor([[0.2501, 0.2501, 0.2498, 0.2500],
        [0.2500, 0.2502, 0.2500, 0.2498],
        [0.2502, 0.2504, 0.2496, 0.2499],
        [0.2502, 0.2499, 0.2503, 0.2496],
        [0.2501, 0.2501, 0.2501, 0.2496],
        [0.2496, 0.2502, 0.2503, 0.2500],
        [0.2504, 0.2497, 0.2502, 0.2497]], device='cuda:0',
       grad_fn=<SoftmaxBackward0>)
tensor([[0.2499, 0.2502, 0.2501, 0.2499],
        [0.2502, 0.2501, 0.2499, 0.2498]], device='cuda:0',
       grad_fn=<SoftmaxBackward0>)
tensor([[0.2502, 0.2500, 0.2496, 0.2502],
        [0.2498, 0.2502, 0.2500, 0.2499],
        [0.2500, 0.2499, 0.2499, 0.2502]], device='cuda:0',
       grad_fn=<SoftmaxBackward0>)
tensor([[0.2502, 0.2501, 0.2495, 0.2503],
        [0.2501, 0.2498, 0.2499, 0.2502],
        [0.2502, 0.2498, 0.2499, 0.2501],
        [0.2501, 0.2492, 0.2505, 0.2502]], device='cuda:0',
       grad_fn=<SoftmaxBackward0>)
tensor([[0.2496, 0.2502, 0.2502, 0.2500],
        [0.2496, 0.2503, 0.2498, 0.2503],
        [0.2500, 0.2498, 0.2500, 0.2502],
        [0.2497, 0.2502, 0.2500, 0.2500],
        [0.2505, 0.2502, 0.2498, 0.2495]], device='cuda:0',
       grad_fn=<SoftmaxBackward0>)
tensor([[0.2502, 0.2500, 0.2499, 0.2499],
        [0.2499, 0.2498, 0.2500, 0.2503],
        [0.2503, 0.2498, 0.2502, 0.2497],
        [0.2496, 0.2502, 0.2499, 0.2503],
        [0.2501, 0.2502, 0.2499, 0.2498],
        [0.2501, 0.2501, 0.2499, 0.2499]], device='cuda:0',
       grad_fn=<SoftmaxBackward0>)
tensor([[0.2498, 0.2500, 0.2502, 0.2500],
        [0.2498, 0.2504, 0.2500, 0.2499],
        [0.2498, 0.2501, 0.2500, 0.2501],
        [0.2498, 0.2501, 0.2499, 0.2501],
        [0.2498, 0.2498, 0.2503, 0.2501],
        [0.2505, 0.2497, 0.2500, 0.2498],
        [0.2505, 0.2494, 0.2501, 0.2499]], device='cuda:0',
       grad_fn=<SoftmaxBackward0>)
#####################
08/23 08:07:29PM searchStage_trainer.py:268 [INFO] Train: Epoch: [0][50/390]	Step 50	lr 0.025	Loss 1.9785 (2.2018)	Hard Loss 1.9785 (2.2018)	Soft Loss 1.9785 (2.2018)	Arch Loss 1.8991 (2.1967)	Arch Hard Loss 1.8991 (2.1967)	Arch Soft Loss 1.8991 (2.1967)	Arch depth Loss 0.0000 (0.0000)	Prec@(1,5) (20.6%, 72.2%)	
08/23 08:07:44PM searchStage_trainer.py:268 [INFO] Train: Epoch: [0][100/390]	Step 100	lr 0.025	Loss 1.6656 (2.1302)	Hard Loss 1.6656 (2.1302)	Soft Loss 1.6656 (2.1302)	Arch Loss 1.6994 (2.0946)	Arch Hard Loss 1.6994 (2.0946)	Arch Soft Loss 1.6994 (2.0946)	Arch depth Loss 0.0000 (0.0000)	Prec@(1,5) (22.3%, 75.9%)	
08/23 08:07:59PM searchStage_trainer.py:268 [INFO] Train: Epoch: [0][150/390]	Step 150	lr 0.025	Loss 1.8202 (2.0200)	Hard Loss 1.8202 (2.0200)	Soft Loss 1.8202 (2.0200)	Arch Loss 1.7015 (1.9871)	Arch Hard Loss 1.7015 (1.9871)	Arch Soft Loss 1.7015 (1.9871)	Arch depth Loss 0.0000 (0.0000)	Prec@(1,5) (25.0%, 79.5%)	
08/23 08:08:14PM searchStage_trainer.py:268 [INFO] Train: Epoch: [0][200/390]	Step 200	lr 0.025	Loss 1.9024 (1.9378)	Hard Loss 1.9024 (1.9378)	Soft Loss 1.9024 (1.9378)	Arch Loss 1.5957 (1.9135)	Arch Hard Loss 1.5957 (1.9135)	Arch Soft Loss 1.5957 (1.9135)	Arch depth Loss 0.0000 (0.0000)	Prec@(1,5) (27.6%, 81.7%)	
08/23 08:08:29PM searchStage_trainer.py:268 [INFO] Train: Epoch: [0][250/390]	Step 250	lr 0.025	Loss 1.5507 (1.8671)	Hard Loss 1.5507 (1.8671)	Soft Loss 1.5507 (1.8671)	Arch Loss 1.5701 (1.8526)	Arch Hard Loss 1.5701 (1.8526)	Arch Soft Loss 1.5701 (1.8526)	Arch depth Loss 0.0000 (0.0000)	Prec@(1,5) (29.9%, 83.3%)	
08/23 08:08:44PM searchStage_trainer.py:268 [INFO] Train: Epoch: [0][300/390]	Step 300	lr 0.025	Loss 1.3354 (1.8114)	Hard Loss 1.3354 (1.8114)	Soft Loss 1.3354 (1.8114)	Arch Loss 1.5557 (1.8028)	Arch Hard Loss 1.5557 (1.8028)	Arch Soft Loss 1.5557 (1.8028)	Arch depth Loss 0.0000 (0.0000)	Prec@(1,5) (31.9%, 84.5%)	
08/23 08:08:59PM searchStage_trainer.py:268 [INFO] Train: Epoch: [0][350/390]	Step 350	lr 0.025	Loss 1.5398 (1.7703)	Hard Loss 1.5398 (1.7703)	Soft Loss 1.5398 (1.7703)	Arch Loss 1.4355 (1.7651)	Arch Hard Loss 1.4355 (1.7651)	Arch Soft Loss 1.4355 (1.7651)	Arch depth Loss 0.0000 (0.0000)	Prec@(1,5) (33.6%, 85.4%)	
08/23 08:09:11PM searchStage_trainer.py:268 [INFO] Train: Epoch: [0][390/390]	Step 390	lr 0.025	Loss 1.3957 (1.7402)	Hard Loss 1.3957 (1.7402)	Soft Loss 1.3957 (1.7402)	Arch Loss 1.4710 (1.7362)	Arch Hard Loss 1.4710 (1.7362)	Arch Soft Loss 1.4710 (1.7362)	Arch depth Loss 0.0000 (0.0000)	Prec@(1,5) (34.9%, 86.0%)	
08/23 08:09:12PM searchStage_trainer.py:284 [INFO] Train: [  0/49] Final Prec@1 34.8920%
08/23 08:09:14PM searchStage_trainer.py:312 [INFO] Valid: Epoch: [0][50/391]	Step 391	Loss 1.4743	Prec@(1,5) (45.2%, 91.7%)
08/23 08:09:17PM searchStage_trainer.py:312 [INFO] Valid: Epoch: [0][100/391]	Step 391	Loss 1.4738	Prec@(1,5) (45.6%, 92.2%)
08/23 08:09:19PM searchStage_trainer.py:312 [INFO] Valid: Epoch: [0][150/391]	Step 391	Loss 1.4718	Prec@(1,5) (45.9%, 92.1%)
08/23 08:09:21PM searchStage_trainer.py:312 [INFO] Valid: Epoch: [0][200/391]	Step 391	Loss 1.4678	Prec@(1,5) (45.9%, 92.1%)
08/23 08:09:23PM searchStage_trainer.py:312 [INFO] Valid: Epoch: [0][250/391]	Step 391	Loss 1.4679	Prec@(1,5) (45.7%, 92.0%)
08/23 08:09:25PM searchStage_trainer.py:312 [INFO] Valid: Epoch: [0][300/391]	Step 391	Loss 1.4658	Prec@(1,5) (45.8%, 92.1%)
08/23 08:09:28PM searchStage_trainer.py:312 [INFO] Valid: Epoch: [0][350/391]	Step 391	Loss 1.4710	Prec@(1,5) (45.7%, 91.9%)
08/23 08:09:29PM searchStage_trainer.py:312 [INFO] Valid: Epoch: [0][390/391]	Step 391	Loss 1.4692	Prec@(1,5) (45.7%, 91.9%)
08/23 08:09:29PM searchStage_trainer.py:323 [INFO] Valid: [  0/49] Final Prec@1 45.7040%
08/23 08:09:29PM searchStage_KD_main.py:58 [INFO] DAG = Genotype2(DAG1=[[('skip_connect', 1), ('skip_connect', 0)], [('skip_connect', 0), ('skip_connect', 1)], [('skip_connect', 1), ('skip_connect', 0)], [('skip_connect', 1), ('skip_connect', 0)], [('skip_connect', 1), ('skip_connect', 0)], [('skip_connect', 0), ('skip_connect', 1)]], DAG1_concat=range(6, 8), DAG2=[[('skip_connect', 0), ('max_pool_3x3', 1)], [('skip_connect', 1), ('skip_connect', 0)], [('max_pool_3x3', 1), ('max_pool_3x3', 0)], [('skip_connect', 2), ('max_pool_3x3', 0)], [('max_pool_3x3', 1), ('max_pool_3x3', 0)], [('skip_connect', 2), ('avg_pool_3x3', 1)]], DAG2_concat=range(6, 8), DAG3=[[('skip_connect', 1), ('skip_connect', 0)], [('skip_connect', 1), ('skip_connect', 0)], [('skip_connect', 1), ('skip_connect', 0)], [('skip_connect', 0), ('skip_connect', 1)], [('skip_connect', 0), ('skip_connect', 1)], [('skip_connect', 0), ('skip_connect', 1)]], DAG3_concat=range(6, 8))
08/23 08:09:30PM searchStage_KD_main.py:89 [INFO] Until now, best Prec@1 = 45.7040%
####### ALPHA #######
# Alpha - DAG
tensor([[0.2490, 0.2478, 0.2527, 0.2505],
        [0.2493, 0.2476, 0.2538, 0.2493]], device='cuda:0',
       grad_fn=<SoftmaxBackward0>)
tensor([[0.2489, 0.2479, 0.2543, 0.2489],
        [0.2497, 0.2474, 0.2526, 0.2503],
        [0.2499, 0.2492, 0.2502, 0.2507]], device='cuda:0',
       grad_fn=<SoftmaxBackward0>)
tensor([[0.2518, 0.2458, 0.2531, 0.2493],
        [0.2508, 0.2467, 0.2538, 0.2487],
        [0.2487, 0.2491, 0.2506, 0.2516],
        [0.2499, 0.2488, 0.2508, 0.2505]], device='cuda:0',
       grad_fn=<SoftmaxBackward0>)
tensor([[0.2516, 0.2480, 0.2519, 0.2485],
        [0.2510, 0.2487, 0.2528, 0.2474],
        [0.2514, 0.2482, 0.2484, 0.2520],
        [0.2501, 0.2491, 0.2508, 0.2500],
        [0.2485, 0.2498, 0.2501, 0.2516]], device='cuda:0',
       grad_fn=<SoftmaxBackward0>)
tensor([[0.2535, 0.2426, 0.2554, 0.2485],
        [0.2533, 0.2427, 0.2561, 0.2479],
        [0.2519, 0.2472, 0.2508, 0.2500],
        [0.2514, 0.2469, 0.2515, 0.2501],
        [0.2505, 0.2465, 0.2512, 0.2518],
        [0.2505, 0.2471, 0.2508, 0.2516]], device='cuda:0',
       grad_fn=<SoftmaxBackward0>)
tensor([[0.2510, 0.2428, 0.2578, 0.2484],
        [0.2527, 0.2433, 0.2567, 0.2473],
        [0.2510, 0.2470, 0.2497, 0.2524],
        [0.2505, 0.2494, 0.2527, 0.2475],
        [0.2511, 0.2482, 0.2501, 0.2506],
        [0.2508, 0.2464, 0.2482, 0.2545],
        [0.2500, 0.2493, 0.2511, 0.2497]], device='cuda:0',
       grad_fn=<SoftmaxBackward0>)
tensor([[0.2512, 0.2482, 0.2521, 0.2484],
        [0.2508, 0.2474, 0.2504, 0.2514]], device='cuda:0',
       grad_fn=<SoftmaxBackward0>)
tensor([[0.2505, 0.2491, 0.2535, 0.2469],
        [0.2483, 0.2499, 0.2541, 0.2477],
        [0.2474, 0.2489, 0.2491, 0.2546]], device='cuda:0',
       grad_fn=<SoftmaxBackward0>)
tensor([[0.2516, 0.2507, 0.2512, 0.2465],
        [0.2535, 0.2510, 0.2508, 0.2448],
        [0.2496, 0.2485, 0.2510, 0.2509],
        [0.2482, 0.2490, 0.2466, 0.2562]], device='cuda:0',
       grad_fn=<SoftmaxBackward0>)
tensor([[0.2519, 0.2479, 0.2504, 0.2498],
        [0.2519, 0.2482, 0.2502, 0.2497],
        [0.2483, 0.2493, 0.2538, 0.2486],
        [0.2491, 0.2484, 0.2516, 0.2508],
        [0.2491, 0.2480, 0.2504, 0.2525]], device='cuda:0',
       grad_fn=<SoftmaxBackward0>)
tensor([[0.2526, 0.2491, 0.2498, 0.2485],
        [0.2536, 0.2522, 0.2501, 0.2441],
        [0.2487, 0.2490, 0.2517, 0.2506],
        [0.2496, 0.2489, 0.2519, 0.2497],
        [0.2502, 0.2487, 0.2496, 0.2515],
        [0.2480, 0.2474, 0.2487, 0.2559]], device='cuda:0',
       grad_fn=<SoftmaxBackward0>)
tensor([[0.2505, 0.2512, 0.2514, 0.2470],
        [0.2508, 0.2522, 0.2522, 0.2449],
        [0.2477, 0.2516, 0.2537, 0.2470],
        [0.2487, 0.2504, 0.2501, 0.2508],
        [0.2496, 0.2497, 0.2503, 0.2503],
        [0.2468, 0.2489, 0.2499, 0.2544],
        [0.2481, 0.2509, 0.2491, 0.2519]], device='cuda:0',
       grad_fn=<SoftmaxBackward0>)
tensor([[0.2424, 0.2465, 0.2606, 0.2505],
        [0.2436, 0.2472, 0.2606, 0.2486]], device='cuda:0',
       grad_fn=<SoftmaxBackward0>)
tensor([[0.2484, 0.2467, 0.2564, 0.2485],
        [0.2475, 0.2442, 0.2566, 0.2517],
        [0.2482, 0.2461, 0.2550, 0.2507]], device='cuda:0',
       grad_fn=<SoftmaxBackward0>)
tensor([[0.2469, 0.2474, 0.2562, 0.2495],
        [0.2472, 0.2465, 0.2567, 0.2495],
        [0.2482, 0.2490, 0.2535, 0.2492],
        [0.2478, 0.2484, 0.2518, 0.2520]], device='cuda:0',
       grad_fn=<SoftmaxBackward0>)
tensor([[0.2488, 0.2482, 0.2545, 0.2485],
        [0.2484, 0.2471, 0.2539, 0.2506],
        [0.2473, 0.2501, 0.2538, 0.2487],
        [0.2495, 0.2495, 0.2486, 0.2525],
        [0.2492, 0.2491, 0.2514, 0.2503]], device='cuda:0',
       grad_fn=<SoftmaxBackward0>)
tensor([[0.2486, 0.2487, 0.2562, 0.2466],
        [0.2483, 0.2472, 0.2553, 0.2491],
        [0.2454, 0.2472, 0.2571, 0.2503],
        [0.2448, 0.2468, 0.2552, 0.2533],
        [0.2472, 0.2466, 0.2552, 0.2509],
        [0.2469, 0.2448, 0.2546, 0.2537]], device='cuda:0',
       grad_fn=<SoftmaxBackward0>)
tensor([[0.2486, 0.2476, 0.2583, 0.2455],
        [0.2503, 0.2469, 0.2573, 0.2455],
        [0.2452, 0.2463, 0.2574, 0.2511],
        [0.2455, 0.2465, 0.2562, 0.2518],
        [0.2466, 0.2440, 0.2571, 0.2523],
        [0.2467, 0.2436, 0.2563, 0.2534],
        [0.2464, 0.2447, 0.2544, 0.2545]], device='cuda:0',
       grad_fn=<SoftmaxBackward0>)
#####################
08/23 08:09:46午後 searchStage_trainer.py:268 [INFO] Train: Epoch: [1][50/390]	Step 441	lr 0.02498	Loss 1.2908 (1.4440)	Hard Loss 1.2908 (1.4440)	Soft Loss 1.2908 (1.4440)	Arch Loss 1.4025 (1.4577)	Arch Hard Loss 1.4025 (1.4577)	Arch Soft Loss 1.4025 (1.4577)	Arch depth Loss 0.0000 (0.0000)	Prec@(1,5) (46.6%, 91.5%)	
08/23 08:10:01午後 searchStage_trainer.py:268 [INFO] Train: Epoch: [1][100/390]	Step 491	lr 0.02498	Loss 1.4012 (1.4097)	Hard Loss 1.4012 (1.4097)	Soft Loss 1.4012 (1.4097)	Arch Loss 1.4325 (1.4354)	Arch Hard Loss 1.4325 (1.4354)	Arch Soft Loss 1.4325 (1.4354)	Arch depth Loss 0.0000 (0.0000)	Prec@(1,5) (48.1%, 92.5%)	
08/23 08:10:16午後 searchStage_trainer.py:268 [INFO] Train: Epoch: [1][150/390]	Step 541	lr 0.02498	Loss 1.4096 (1.3973)	Hard Loss 1.4096 (1.3973)	Soft Loss 1.4096 (1.3973)	Arch Loss 1.2036 (1.4173)	Arch Hard Loss 1.2036 (1.4173)	Arch Soft Loss 1.2036 (1.4173)	Arch depth Loss 0.0000 (0.0000)	Prec@(1,5) (48.9%, 92.7%)	
08/23 08:10:31午後 searchStage_trainer.py:268 [INFO] Train: Epoch: [1][200/390]	Step 591	lr 0.02498	Loss 1.2563 (1.3864)	Hard Loss 1.2563 (1.3864)	Soft Loss 1.2563 (1.3864)	Arch Loss 1.3480 (1.4036)	Arch Hard Loss 1.3480 (1.4036)	Arch Soft Loss 1.3480 (1.4036)	Arch depth Loss 0.0000 (0.0000)	Prec@(1,5) (49.3%, 92.9%)	
08/23 08:10:45午後 searchStage_trainer.py:268 [INFO] Train: Epoch: [1][250/390]	Step 641	lr 0.02498	Loss 1.3376 (1.3710)	Hard Loss 1.3376 (1.3710)	Soft Loss 1.3376 (1.3710)	Arch Loss 1.1204 (1.3805)	Arch Hard Loss 1.1204 (1.3805)	Arch Soft Loss 1.1204 (1.3805)	Arch depth Loss 0.0000 (0.0000)	Prec@(1,5) (50.0%, 93.1%)	
08/23 08:11:00午後 searchStage_trainer.py:268 [INFO] Train: Epoch: [1][300/390]	Step 691	lr 0.02498	Loss 1.1874 (1.3658)	Hard Loss 1.1874 (1.3658)	Soft Loss 1.1874 (1.3658)	Arch Loss 1.1882 (1.3707)	Arch Hard Loss 1.1882 (1.3707)	Arch Soft Loss 1.1882 (1.3707)	Arch depth Loss 0.0000 (0.0000)	Prec@(1,5) (50.3%, 93.1%)	
08/23 08:11:15午後 searchStage_trainer.py:268 [INFO] Train: Epoch: [1][350/390]	Step 741	lr 0.02498	Loss 1.1367 (1.3513)	Hard Loss 1.1367 (1.3513)	Soft Loss 1.1367 (1.3513)	Arch Loss 1.1579 (1.3535)	Arch Hard Loss 1.1579 (1.3535)	Arch Soft Loss 1.1579 (1.3535)	Arch depth Loss 0.0000 (0.0000)	Prec@(1,5) (50.7%, 93.3%)	
08/23 08:11:26午後 searchStage_trainer.py:268 [INFO] Train: Epoch: [1][390/390]	Step 781	lr 0.02498	Loss 1.3672 (1.3423)	Hard Loss 1.3672 (1.3423)	Soft Loss 1.3672 (1.3423)	Arch Loss 1.1218 (1.3423)	Arch Hard Loss 1.1218 (1.3423)	Arch Soft Loss 1.1218 (1.3423)	Arch depth Loss 0.0000 (0.0000)	Prec@(1,5) (51.0%, 93.4%)	
08/23 08:11:27午後 searchStage_trainer.py:284 [INFO] Train: [  1/49] Final Prec@1 51.0520%
08/23 08:11:29午後 searchStage_trainer.py:312 [INFO] Valid: Epoch: [1][50/391]	Step 782	Loss 1.2568	Prec@(1,5) (54.2%, 94.2%)
08/23 08:11:31午後 searchStage_trainer.py:312 [INFO] Valid: Epoch: [1][100/391]	Step 782	Loss 1.2690	Prec@(1,5) (54.0%, 94.3%)
08/23 08:11:34午後 searchStage_trainer.py:312 [INFO] Valid: Epoch: [1][150/391]	Step 782	Loss 1.2588	Prec@(1,5) (54.5%, 94.3%)
08/23 08:11:36午後 searchStage_trainer.py:312 [INFO] Valid: Epoch: [1][200/391]	Step 782	Loss 1.2611	Prec@(1,5) (54.4%, 94.0%)
08/23 08:11:38午後 searchStage_trainer.py:312 [INFO] Valid: Epoch: [1][250/391]	Step 782	Loss 1.2586	Prec@(1,5) (54.4%, 94.0%)
08/23 08:11:40午後 searchStage_trainer.py:312 [INFO] Valid: Epoch: [1][300/391]	Step 782	Loss 1.2595	Prec@(1,5) (54.4%, 94.0%)
08/23 08:11:42午後 searchStage_trainer.py:312 [INFO] Valid: Epoch: [1][350/391]	Step 782	Loss 1.2597	Prec@(1,5) (54.5%, 94.0%)
08/23 08:11:44午後 searchStage_trainer.py:312 [INFO] Valid: Epoch: [1][390/391]	Step 782	Loss 1.2575	Prec@(1,5) (54.6%, 94.1%)
08/23 08:11:44午後 searchStage_trainer.py:323 [INFO] Valid: [  1/49] Final Prec@1 54.5880%
08/23 08:11:44午後 searchStage_KD_main.py:58 [INFO] DAG = Genotype2(DAG1=[[('skip_connect', 1), ('skip_connect', 0)], [('skip_connect', 0), ('skip_connect', 1)], [('skip_connect', 1), ('skip_connect', 0)], [('skip_connect', 1), ('skip_connect', 0)], [('skip_connect', 1), ('skip_connect', 0)], [('skip_connect', 1), ('skip_connect', 0)]], DAG1_concat=range(6, 8), DAG2=[[('skip_connect', 0), ('skip_connect', 1)], [('skip_connect', 1), ('skip_connect', 0)], [('skip_connect', 1), ('skip_connect', 0)], [('skip_connect', 4), ('max_pool_3x3', 1)], [('max_pool_3x3', 1), ('max_pool_3x3', 0)], [('max_pool_3x3', 1), ('skip_connect', 2)]], DAG2_concat=range(6, 8), DAG3=[[('skip_connect', 1), ('skip_connect', 0)], [('skip_connect', 0), ('skip_connect', 1)], [('skip_connect', 1), ('skip_connect', 0)], [('max_pool_3x3', 0), ('max_pool_3x3', 1)], [('max_pool_3x3', 0), ('max_pool_3x3', 1)], [('max_pool_3x3', 0), ('max_pool_3x3', 1)]], DAG3_concat=range(6, 8))
08/23 08:11:44午後 searchStage_KD_main.py:89 [INFO] Until now, best Prec@1 = 54.5880%
####### ALPHA #######
# Alpha - DAG
tensor([[0.2468, 0.2404, 0.2627, 0.2501],
        [0.2458, 0.2406, 0.2639, 0.2497]], device='cuda:0',
       grad_fn=<SoftmaxBackward0>)
tensor([[0.2455, 0.2405, 0.2664, 0.2475],
        [0.2474, 0.2404, 0.2630, 0.2492],
        [0.2494, 0.2470, 0.2510, 0.2527]], device='cuda:0',
       grad_fn=<SoftmaxBackward0>)
tensor([[0.2517, 0.2380, 0.2613, 0.2491],
        [0.2527, 0.2402, 0.2628, 0.2444],
        [0.2480, 0.2470, 0.2513, 0.2538],
        [0.2467, 0.2469, 0.2535, 0.2529]], device='cuda:0',
       grad_fn=<SoftmaxBackward0>)
tensor([[0.2501, 0.2436, 0.2628, 0.2435],
        [0.2486, 0.2427, 0.2632, 0.2455],
        [0.2514, 0.2455, 0.2501, 0.2531],
        [0.2500, 0.2445, 0.2516, 0.2539],
        [0.2477, 0.2486, 0.2502, 0.2536]], device='cuda:0',
       grad_fn=<SoftmaxBackward0>)
tensor([[0.2582, 0.2300, 0.2657, 0.2461],
        [0.2568, 0.2314, 0.2681, 0.2437],
        [0.2533, 0.2404, 0.2511, 0.2552],
        [0.2561, 0.2420, 0.2573, 0.2446],
        [0.2524, 0.2401, 0.2498, 0.2578],
        [0.2503, 0.2432, 0.2529, 0.2537]], device='cuda:0',
       grad_fn=<SoftmaxBackward0>)
tensor([[0.2490, 0.2305, 0.2777, 0.2428],
        [0.2513, 0.2332, 0.2769, 0.2386],
        [0.2488, 0.2432, 0.2494, 0.2586],
        [0.2491, 0.2472, 0.2609, 0.2428],
        [0.2497, 0.2430, 0.2512, 0.2561],
        [0.2481, 0.2419, 0.2513, 0.2588],
        [0.2484, 0.2465, 0.2493, 0.2558]], device='cuda:0',
       grad_fn=<SoftmaxBackward0>)
tensor([[0.2495, 0.2439, 0.2592, 0.2474],
        [0.2504, 0.2423, 0.2560, 0.2513]], device='cuda:0',
       grad_fn=<SoftmaxBackward0>)
tensor([[0.2505, 0.2479, 0.2573, 0.2443],
        [0.2492, 0.2469, 0.2585, 0.2455],
        [0.2482, 0.2440, 0.2491, 0.2587]], device='cuda:0',
       grad_fn=<SoftmaxBackward0>)
tensor([[0.2502, 0.2500, 0.2534, 0.2463],
        [0.2525, 0.2505, 0.2536, 0.2434],
        [0.2504, 0.2458, 0.2498, 0.2540],
        [0.2510, 0.2451, 0.2487, 0.2551]], device='cuda:0',
       grad_fn=<SoftmaxBackward0>)
tensor([[0.2522, 0.2477, 0.2518, 0.2483],
        [0.2554, 0.2475, 0.2502, 0.2468],
        [0.2473, 0.2467, 0.2511, 0.2548],
        [0.2473, 0.2450, 0.2528, 0.2550],
        [0.2460, 0.2484, 0.2572, 0.2484]], device='cuda:0',
       grad_fn=<SoftmaxBackward0>)
tensor([[0.2556, 0.2488, 0.2510, 0.2447],
        [0.2605, 0.2519, 0.2498, 0.2378],
        [0.2484, 0.2476, 0.2545, 0.2495],
        [0.2479, 0.2455, 0.2532, 0.2534],
        [0.2537, 0.2444, 0.2510, 0.2510],
        [0.2518, 0.2408, 0.2440, 0.2634]], device='cuda:0',
       grad_fn=<SoftmaxBackward0>)
tensor([[0.2529, 0.2514, 0.2522, 0.2435],
        [0.2543, 0.2515, 0.2521, 0.2421],
        [0.2487, 0.2483, 0.2543, 0.2487],
        [0.2497, 0.2474, 0.2510, 0.2520],
        [0.2521, 0.2478, 0.2506, 0.2495],
        [0.2531, 0.2431, 0.2461, 0.2577],
        [0.2503, 0.2464, 0.2495, 0.2538]], device='cuda:0',
       grad_fn=<SoftmaxBackward0>)
tensor([[0.2463, 0.2421, 0.2607, 0.2509],
        [0.2450, 0.2435, 0.2627, 0.2488]], device='cuda:0',
       grad_fn=<SoftmaxBackward0>)
tensor([[0.2540, 0.2456, 0.2565, 0.2439],
        [0.2519, 0.2408, 0.2553, 0.2521],
        [0.2495, 0.2444, 0.2516, 0.2545]], device='cuda:0',
       grad_fn=<SoftmaxBackward0>)
tensor([[0.2500, 0.2476, 0.2553, 0.2471],
        [0.2480, 0.2441, 0.2566, 0.2514],
        [0.2498, 0.2497, 0.2507, 0.2499],
        [0.2503, 0.2471, 0.2511, 0.2515]], device='cuda:0',
       grad_fn=<SoftmaxBackward0>)
tensor([[0.2538, 0.2474, 0.2523, 0.2466],
        [0.2525, 0.2470, 0.2522, 0.2482],
        [0.2496, 0.2486, 0.2525, 0.2493],
        [0.2514, 0.2462, 0.2456, 0.2567],
        [0.2515, 0.2472, 0.2517, 0.2497]], device='cuda:0',
       grad_fn=<SoftmaxBackward0>)
tensor([[0.2573, 0.2474, 0.2534, 0.2418],
        [0.2560, 0.2465, 0.2528, 0.2447],
        [0.2479, 0.2457, 0.2538, 0.2526],
        [0.2460, 0.2458, 0.2515, 0.2567],
        [0.2494, 0.2461, 0.2529, 0.2516],
        [0.2488, 0.2431, 0.2513, 0.2568]], device='cuda:0',
       grad_fn=<SoftmaxBackward0>)
tensor([[0.2584, 0.2473, 0.2555, 0.2387],
        [0.2576, 0.2480, 0.2563, 0.2381],
        [0.2481, 0.2450, 0.2525, 0.2544],
        [0.2464, 0.2443, 0.2531, 0.2563],
        [0.2475, 0.2437, 0.2553, 0.2535],
        [0.2485, 0.2427, 0.2536, 0.2552],
        [0.2484, 0.2430, 0.2527, 0.2559]], device='cuda:0',
       grad_fn=<SoftmaxBackward0>)
#####################
08/23 08:12:00午後 searchStage_trainer.py:268 [INFO] Train: Epoch: [2][50/390]	Step 832	lr 0.02491	Loss 1.0302 (1.1904)	Hard Loss 1.0302 (1.1904)	Soft Loss 1.0302 (1.1904)	Arch Loss 1.3646 (1.2369)	Arch Hard Loss 1.3646 (1.2369)	Arch Soft Loss 1.3646 (1.2369)	Arch depth Loss 0.0000 (0.0000)	Prec@(1,5) (57.7%, 95.1%)	
08/23 08:12:15午後 searchStage_trainer.py:268 [INFO] Train: Epoch: [2][100/390]	Step 882	lr 0.02491	Loss 1.1337 (1.1885)	Hard Loss 1.1337 (1.1885)	Soft Loss 1.1337 (1.1885)	Arch Loss 1.2199 (1.2335)	Arch Hard Loss 1.2199 (1.2335)	Arch Soft Loss 1.2199 (1.2335)	Arch depth Loss 0.0000 (0.0000)	Prec@(1,5) (57.4%, 95.2%)	
08/23 08:12:30午後 searchStage_trainer.py:268 [INFO] Train: Epoch: [2][150/390]	Step 932	lr 0.02491	Loss 1.2608 (1.1893)	Hard Loss 1.2608 (1.1893)	Soft Loss 1.2608 (1.1893)	Arch Loss 1.1232 (1.2282)	Arch Hard Loss 1.1232 (1.2282)	Arch Soft Loss 1.1232 (1.2282)	Arch depth Loss 0.0000 (0.0000)	Prec@(1,5) (57.4%, 95.4%)	
08/23 08:12:45午後 searchStage_trainer.py:268 [INFO] Train: Epoch: [2][200/390]	Step 982	lr 0.02491	Loss 1.1829 (1.1767)	Hard Loss 1.1829 (1.1767)	Soft Loss 1.1829 (1.1767)	Arch Loss 1.0917 (1.2174)	Arch Hard Loss 1.0917 (1.2174)	Arch Soft Loss 1.0917 (1.2174)	Arch depth Loss 0.0000 (0.0000)	Prec@(1,5) (57.7%, 95.5%)	
08/23 08:13:00午後 searchStage_trainer.py:268 [INFO] Train: Epoch: [2][250/390]	Step 1032	lr 0.02491	Loss 1.2310 (1.1724)	Hard Loss 1.2310 (1.1724)	Soft Loss 1.2310 (1.1724)	Arch Loss 0.9472 (1.2045)	Arch Hard Loss 0.9472 (1.2045)	Arch Soft Loss 0.9472 (1.2045)	Arch depth Loss 0.0000 (0.0000)	Prec@(1,5) (57.8%, 95.5%)	
08/23 08:13:15午後 searchStage_trainer.py:268 [INFO] Train: Epoch: [2][300/390]	Step 1082	lr 0.02491	Loss 1.0879 (1.1685)	Hard Loss 1.0879 (1.1685)	Soft Loss 1.0879 (1.1685)	Arch Loss 1.1627 (1.1914)	Arch Hard Loss 1.1627 (1.1914)	Arch Soft Loss 1.1627 (1.1914)	Arch depth Loss 0.0000 (0.0000)	Prec@(1,5) (58.0%, 95.5%)	
08/23 08:13:30午後 searchStage_trainer.py:268 [INFO] Train: Epoch: [2][350/390]	Step 1132	lr 0.02491	Loss 1.0385 (1.1616)	Hard Loss 1.0385 (1.1616)	Soft Loss 1.0385 (1.1616)	Arch Loss 1.2274 (1.1826)	Arch Hard Loss 1.2274 (1.1826)	Arch Soft Loss 1.2274 (1.1826)	Arch depth Loss 0.0000 (0.0000)	Prec@(1,5) (58.2%, 95.5%)	
08/23 08:13:42午後 searchStage_trainer.py:268 [INFO] Train: Epoch: [2][390/390]	Step 1172	lr 0.02491	Loss 0.9322 (1.1526)	Hard Loss 0.9322 (1.1526)	Soft Loss 0.9322 (1.1526)	Arch Loss 1.1297 (1.1727)	Arch Hard Loss 1.1297 (1.1727)	Arch Soft Loss 1.1297 (1.1727)	Arch depth Loss 0.0000 (0.0000)	Prec@(1,5) (58.4%, 95.6%)	
08/23 08:13:43午後 searchStage_trainer.py:284 [INFO] Train: [  2/49] Final Prec@1 58.4440%
08/23 08:13:45午後 searchStage_trainer.py:312 [INFO] Valid: Epoch: [2][50/391]	Step 1173	Loss 1.0930	Prec@(1,5) (61.1%, 96.3%)
08/23 08:13:47午後 searchStage_trainer.py:312 [INFO] Valid: Epoch: [2][100/391]	Step 1173	Loss 1.0860	Prec@(1,5) (61.4%, 96.3%)
08/23 08:13:49午後 searchStage_trainer.py:312 [INFO] Valid: Epoch: [2][150/391]	Step 1173	Loss 1.0849	Prec@(1,5) (61.2%, 96.4%)
08/23 08:13:51午後 searchStage_trainer.py:312 [INFO] Valid: Epoch: [2][200/391]	Step 1173	Loss 1.0915	Prec@(1,5) (60.9%, 96.3%)
08/23 08:13:54午後 searchStage_trainer.py:312 [INFO] Valid: Epoch: [2][250/391]	Step 1173	Loss 1.0942	Prec@(1,5) (60.7%, 96.2%)
08/23 08:13:56午後 searchStage_trainer.py:312 [INFO] Valid: Epoch: [2][300/391]	Step 1173	Loss 1.0966	Prec@(1,5) (60.5%, 96.1%)
08/23 08:13:58午後 searchStage_trainer.py:312 [INFO] Valid: Epoch: [2][350/391]	Step 1173	Loss 1.1012	Prec@(1,5) (60.3%, 96.1%)
08/23 08:14:00午後 searchStage_trainer.py:312 [INFO] Valid: Epoch: [2][390/391]	Step 1173	Loss 1.1016	Prec@(1,5) (60.3%, 96.1%)
08/23 08:14:00午後 searchStage_trainer.py:323 [INFO] Valid: [  2/49] Final Prec@1 60.3000%
08/23 08:14:00午後 searchStage_KD_main.py:58 [INFO] DAG = Genotype2(DAG1=[[('skip_connect', 1), ('skip_connect', 0)], [('skip_connect', 0), ('skip_connect', 1)], [('skip_connect', 1), ('skip_connect', 0)], [('skip_connect', 0), ('skip_connect', 1)], [('skip_connect', 1), ('skip_connect', 0)], [('skip_connect', 1), ('skip_connect', 0)]], DAG1_concat=range(6, 8), DAG2=[[('skip_connect', 0), ('skip_connect', 1)], [('skip_connect', 1), ('skip_connect', 0)], [('skip_connect', 0), ('skip_connect', 1)], [('skip_connect', 4), ('max_pool_3x3', 1)], [('max_pool_3x3', 1), ('max_pool_3x3', 0)], [('max_pool_3x3', 1), ('skip_connect', 0)]], DAG2_concat=range(6, 8), DAG3=[[('skip_connect', 1), ('skip_connect', 0)], [('skip_connect', 0), ('skip_connect', 1)], [('skip_connect', 0), ('skip_connect', 1)], [('skip_connect', 2), ('skip_connect', 1)], [('max_pool_3x3', 1), ('max_pool_3x3', 0)], [('max_pool_3x3', 0), ('max_pool_3x3', 1)]], DAG3_concat=range(6, 8))
08/23 08:14:00午後 searchStage_KD_main.py:89 [INFO] Until now, best Prec@1 = 60.3000%
####### ALPHA #######
# Alpha - DAG
tensor([[0.2406, 0.2296, 0.2808, 0.2491],
        [0.2386, 0.2305, 0.2809, 0.2500]], device='cuda:0',
       grad_fn=<SoftmaxBackward0>)
tensor([[0.2398, 0.2315, 0.2814, 0.2473],
        [0.2410, 0.2318, 0.2772, 0.2500],
        [0.2464, 0.2466, 0.2547, 0.2522]], device='cuda:0',
       grad_fn=<SoftmaxBackward0>)
tensor([[0.2533, 0.2324, 0.2685, 0.2458],
        [0.2537, 0.2345, 0.2695, 0.2423],
        [0.2465, 0.2449, 0.2505, 0.2581],
        [0.2451, 0.2465, 0.2552, 0.2533]], device='cuda:0',
       grad_fn=<SoftmaxBackward0>)
tensor([[0.2516, 0.2382, 0.2699, 0.2403],
        [0.2482, 0.2370, 0.2692, 0.2456],
        [0.2511, 0.2430, 0.2559, 0.2500],
        [0.2474, 0.2417, 0.2515, 0.2595],
        [0.2483, 0.2454, 0.2510, 0.2554]], device='cuda:0',
       grad_fn=<SoftmaxBackward0>)
tensor([[0.2560, 0.2141, 0.2830, 0.2469],
        [0.2537, 0.2151, 0.2847, 0.2465],
        [0.2557, 0.2335, 0.2556, 0.2552],
        [0.2575, 0.2358, 0.2629, 0.2438],
        [0.2539, 0.2389, 0.2530, 0.2541],
        [0.2525, 0.2391, 0.2535, 0.2549]], device='cuda:0',
       grad_fn=<SoftmaxBackward0>)
tensor([[0.2385, 0.2154, 0.3034, 0.2427],
        [0.2400, 0.2174, 0.3030, 0.2396],
        [0.2419, 0.2420, 0.2587, 0.2574],
        [0.2434, 0.2439, 0.2671, 0.2456],
        [0.2524, 0.2413, 0.2503, 0.2559],
        [0.2441, 0.2385, 0.2581, 0.2593],
        [0.2454, 0.2481, 0.2487, 0.2578]], device='cuda:0',
       grad_fn=<SoftmaxBackward0>)
tensor([[0.2496, 0.2373, 0.2650, 0.2481],
        [0.2491, 0.2399, 0.2610, 0.2499]], device='cuda:0',
       grad_fn=<SoftmaxBackward0>)
tensor([[0.2469, 0.2421, 0.2605, 0.2505],
        [0.2471, 0.2431, 0.2615, 0.2483],
        [0.2509, 0.2416, 0.2553, 0.2521]], device='cuda:0',
       grad_fn=<SoftmaxBackward0>)
tensor([[0.2472, 0.2467, 0.2560, 0.2501],
        [0.2514, 0.2484, 0.2552, 0.2449],
        [0.2504, 0.2452, 0.2499, 0.2544],
        [0.2554, 0.2436, 0.2504, 0.2506]], device='cuda:0',
       grad_fn=<SoftmaxBackward0>)
tensor([[0.2527, 0.2469, 0.2526, 0.2478],
        [0.2555, 0.2457, 0.2490, 0.2497],
        [0.2456, 0.2452, 0.2473, 0.2619],
        [0.2491, 0.2460, 0.2514, 0.2535],
        [0.2497, 0.2484, 0.2598, 0.2421]], device='cuda:0',
       grad_fn=<SoftmaxBackward0>)
tensor([[0.2587, 0.2480, 0.2502, 0.2430],
        [0.2616, 0.2524, 0.2504, 0.2356],
        [0.2468, 0.2493, 0.2560, 0.2479],
        [0.2507, 0.2436, 0.2487, 0.2570],
        [0.2560, 0.2442, 0.2512, 0.2486],
        [0.2533, 0.2405, 0.2405, 0.2657]], device='cuda:0',
       grad_fn=<SoftmaxBackward0>)
tensor([[0.2532, 0.2489, 0.2544, 0.2435],
        [0.2560, 0.2529, 0.2546, 0.2365],
        [0.2477, 0.2477, 0.2540, 0.2506],
        [0.2514, 0.2472, 0.2529, 0.2485],
        [0.2502, 0.2464, 0.2482, 0.2553],
        [0.2523, 0.2429, 0.2441, 0.2607],
        [0.2521, 0.2445, 0.2517, 0.2517]], device='cuda:0',
       grad_fn=<SoftmaxBackward0>)
tensor([[0.2481, 0.2357, 0.2644, 0.2518],
        [0.2450, 0.2378, 0.2685, 0.2486]], device='cuda:0',
       grad_fn=<SoftmaxBackward0>)
tensor([[0.2530, 0.2435, 0.2601, 0.2435],
        [0.2518, 0.2392, 0.2584, 0.2505],
        [0.2494, 0.2419, 0.2523, 0.2564]], device='cuda:0',
       grad_fn=<SoftmaxBackward0>)
tensor([[0.2525, 0.2431, 0.2571, 0.2473],
        [0.2500, 0.2404, 0.2570, 0.2526],
        [0.2480, 0.2479, 0.2518, 0.2523],
        [0.2514, 0.2460, 0.2540, 0.2487]], device='cuda:0',
       grad_fn=<SoftmaxBackward0>)
tensor([[0.2530, 0.2452, 0.2529, 0.2489],
        [0.2524, 0.2448, 0.2532, 0.2496],
        [0.2501, 0.2481, 0.2535, 0.2483],
        [0.2494, 0.2472, 0.2489, 0.2545],
        [0.2504, 0.2484, 0.2519, 0.2493]], device='cuda:0',
       grad_fn=<SoftmaxBackward0>)
tensor([[0.2634, 0.2437, 0.2535, 0.2394],
        [0.2637, 0.2424, 0.2527, 0.2411],
        [0.2478, 0.2401, 0.2552, 0.2568],
        [0.2459, 0.2412, 0.2539, 0.2590],
        [0.2494, 0.2427, 0.2551, 0.2528],
        [0.2489, 0.2375, 0.2547, 0.2589]], device='cuda:0',
       grad_fn=<SoftmaxBackward0>)
tensor([[0.2659, 0.2434, 0.2554, 0.2353],
        [0.2655, 0.2446, 0.2561, 0.2337],
        [0.2474, 0.2402, 0.2557, 0.2567],
        [0.2450, 0.2408, 0.2558, 0.2584],
        [0.2467, 0.2391, 0.2583, 0.2559],
        [0.2485, 0.2386, 0.2567, 0.2562],
        [0.2483, 0.2390, 0.2535, 0.2592]], device='cuda:0',
       grad_fn=<SoftmaxBackward0>)
#####################
08/23 08:14:16午後 searchStage_trainer.py:268 [INFO] Train: Epoch: [3][50/390]	Step 1223	lr 0.02479	Loss 1.2161 (1.0844)	Hard Loss 1.2161 (1.0844)	Soft Loss 1.2161 (1.0844)	Arch Loss 1.1983 (1.0954)	Arch Hard Loss 1.1983 (1.0954)	Arch Soft Loss 1.1983 (1.0954)	Arch depth Loss 0.0000 (0.0000)	Prec@(1,5) (61.2%, 96.2%)	
08/23 08:14:31午後 searchStage_trainer.py:268 [INFO] Train: Epoch: [3][100/390]	Step 1273	lr 0.02479	Loss 1.1932 (1.0738)	Hard Loss 1.1932 (1.0738)	Soft Loss 1.1932 (1.0738)	Arch Loss 0.8916 (1.0753)	Arch Hard Loss 0.8916 (1.0753)	Arch Soft Loss 0.8916 (1.0753)	Arch depth Loss 0.0000 (0.0000)	Prec@(1,5) (61.4%, 96.1%)	
08/23 08:14:46午後 searchStage_trainer.py:268 [INFO] Train: Epoch: [3][150/390]	Step 1323	lr 0.02479	Loss 0.9115 (1.0640)	Hard Loss 0.9115 (1.0640)	Soft Loss 0.9115 (1.0640)	Arch Loss 1.3435 (1.0712)	Arch Hard Loss 1.3435 (1.0712)	Arch Soft Loss 1.3435 (1.0712)	Arch depth Loss 0.0000 (0.0000)	Prec@(1,5) (61.9%, 96.1%)	
08/23 08:15:01午後 searchStage_trainer.py:268 [INFO] Train: Epoch: [3][200/390]	Step 1373	lr 0.02479	Loss 0.8539 (1.0599)	Hard Loss 0.8539 (1.0599)	Soft Loss 0.8539 (1.0599)	Arch Loss 0.7099 (1.0558)	Arch Hard Loss 0.7099 (1.0558)	Arch Soft Loss 0.7099 (1.0558)	Arch depth Loss 0.0000 (0.0000)	Prec@(1,5) (62.1%, 96.1%)	
08/23 08:15:16午後 searchStage_trainer.py:268 [INFO] Train: Epoch: [3][250/390]	Step 1423	lr 0.02479	Loss 1.0384 (1.0507)	Hard Loss 1.0384 (1.0507)	Soft Loss 1.0384 (1.0507)	Arch Loss 1.1215 (1.0549)	Arch Hard Loss 1.1215 (1.0549)	Arch Soft Loss 1.1215 (1.0549)	Arch depth Loss 0.0000 (0.0000)	Prec@(1,5) (62.3%, 96.2%)	
08/23 08:15:32午後 searchStage_trainer.py:268 [INFO] Train: Epoch: [3][300/390]	Step 1473	lr 0.02479	Loss 0.8438 (1.0373)	Hard Loss 0.8438 (1.0373)	Soft Loss 0.8438 (1.0373)	Arch Loss 1.1635 (1.0484)	Arch Hard Loss 1.1635 (1.0484)	Arch Soft Loss 1.1635 (1.0484)	Arch depth Loss 0.0000 (0.0000)	Prec@(1,5) (62.9%, 96.3%)	
08/23 08:15:46午後 searchStage_trainer.py:268 [INFO] Train: Epoch: [3][350/390]	Step 1523	lr 0.02479	Loss 0.9934 (1.0281)	Hard Loss 0.9934 (1.0281)	Soft Loss 0.9934 (1.0281)	Arch Loss 1.0418 (1.0414)	Arch Hard Loss 1.0418 (1.0414)	Arch Soft Loss 1.0418 (1.0414)	Arch depth Loss 0.0000 (0.0000)	Prec@(1,5) (63.2%, 96.4%)	
08/23 08:15:58午後 searchStage_trainer.py:268 [INFO] Train: Epoch: [3][390/390]	Step 1563	lr 0.02479	Loss 0.8973 (1.0278)	Hard Loss 0.8973 (1.0278)	Soft Loss 0.8973 (1.0278)	Arch Loss 0.8621 (1.0359)	Arch Hard Loss 0.8621 (1.0359)	Arch Soft Loss 0.8621 (1.0359)	Arch depth Loss 0.0000 (0.0000)	Prec@(1,5) (63.2%, 96.4%)	
08/23 08:15:59午後 searchStage_trainer.py:284 [INFO] Train: [  3/49] Final Prec@1 63.1600%
08/23 08:16:01午後 searchStage_trainer.py:312 [INFO] Valid: Epoch: [3][50/391]	Step 1564	Loss 0.9822	Prec@(1,5) (65.0%, 96.9%)
08/23 08:16:03午後 searchStage_trainer.py:312 [INFO] Valid: Epoch: [3][100/391]	Step 1564	Loss 0.9690	Prec@(1,5) (65.5%, 96.8%)
08/23 08:16:06午後 searchStage_trainer.py:312 [INFO] Valid: Epoch: [3][150/391]	Step 1564	Loss 0.9750	Prec@(1,5) (65.5%, 96.8%)
08/23 08:16:08午後 searchStage_trainer.py:312 [INFO] Valid: Epoch: [3][200/391]	Step 1564	Loss 0.9781	Prec@(1,5) (65.6%, 96.9%)
08/23 08:16:10午後 searchStage_trainer.py:312 [INFO] Valid: Epoch: [3][250/391]	Step 1564	Loss 0.9806	Prec@(1,5) (65.4%, 96.8%)
08/23 08:16:12午後 searchStage_trainer.py:312 [INFO] Valid: Epoch: [3][300/391]	Step 1564	Loss 0.9806	Prec@(1,5) (65.4%, 96.9%)
08/23 08:16:14午後 searchStage_trainer.py:312 [INFO] Valid: Epoch: [3][350/391]	Step 1564	Loss 0.9808	Prec@(1,5) (65.5%, 96.9%)
08/23 08:16:16午後 searchStage_trainer.py:312 [INFO] Valid: Epoch: [3][390/391]	Step 1564	Loss 0.9799	Prec@(1,5) (65.4%, 96.9%)
08/23 08:16:16午後 searchStage_trainer.py:323 [INFO] Valid: [  3/49] Final Prec@1 65.4440%
