09/04 08:02:14PM parser.py:28 [INFO] 
09/04 08:02:14PM parser.py:29 [INFO] Parameters:
09/04 08:02:14PM parser.py:31 [INFO] DAG_PATH=results/search_stage_KD/cifar100/SIMPLE-KD/s0-BaselineBestCell/DAG
09/04 08:02:14PM parser.py:31 [INFO] T=10.0
09/04 08:02:14PM parser.py:31 [INFO] ADVANCED=True
09/04 08:02:14PM parser.py:31 [INFO] ALPHA_LR=0.0003
09/04 08:02:14PM parser.py:31 [INFO] ALPHA_WEIGHT_DECAY=0.001
09/04 08:02:14PM parser.py:31 [INFO] BATCH_SIZE=64
09/04 08:02:14PM parser.py:31 [INFO] CASCADE=False
09/04 08:02:14PM parser.py:31 [INFO] CHECKPOINT_RESET=False
09/04 08:02:14PM parser.py:31 [INFO] CUTOUT_LENGTH=0
09/04 08:02:14PM parser.py:31 [INFO] DATA_PATH=../data/
09/04 08:02:14PM parser.py:31 [INFO] DATASET=cifar100
09/04 08:02:14PM parser.py:31 [INFO] DEPTH_COEF=0.0
09/04 08:02:14PM parser.py:31 [INFO] DESCRIPTION=search_architecture_on_KD_without_depth_loss_with_large_slidewindoe
09/04 08:02:14PM parser.py:31 [INFO] EPOCHS=50
09/04 08:02:14PM parser.py:31 [INFO] EXP_NAME=s0-BaselineBestCell
09/04 08:02:14PM parser.py:31 [INFO] GENOTYPE=Genotype3(normal1=[[('sep_conv_5x5', 0), ('sep_conv_3x3', 1)], [('sep_conv_3x3', 1), ('sep_conv_3x3', 0)], [('sep_conv_3x3', 1), ('sep_conv_3x3', 2)], [('sep_conv_3x3', 0), ('sep_conv_5x5', 4)]], normal1_concat=range(2, 6), reduce1=[[('sep_conv_3x3', 0), ('skip_connect', 1)], [('sep_conv_3x3', 1), ('max_pool_3x3', 0)], [('sep_conv_3x3', 2), ('sep_conv_3x3', 1)], [('max_pool_3x3', 0), ('dil_conv_3x3', 1)]], reduce1_concat=range(2, 6), normal2=[[('skip_connect', 0), ('sep_conv_5x5', 1)], [('skip_connect', 0), ('skip_connect', 2)], [('avg_pool_3x3', 0), ('avg_pool_3x3', 2)], [('skip_connect', 0), ('avg_pool_3x3', 2)]], normal2_concat=range(2, 6), reduce2=[[('avg_pool_3x3', 0), ('avg_pool_3x3', 1)], [('avg_pool_3x3', 0), ('skip_connect', 2)], [('skip_connect', 2), ('avg_pool_3x3', 0)], [('skip_connect', 2), ('avg_pool_3x3', 0)]], reduce2_concat=range(2, 6), normal3=[[('skip_connect', 0), ('skip_connect', 1)], [('skip_connect', 0), ('dil_conv_3x3', 1)], [('skip_connect', 0), ('skip_connect', 1)], [('skip_connect', 0), ('skip_connect', 2)]], normal3_concat=range(2, 6))
09/04 08:02:14PM parser.py:31 [INFO] GPUS=[0]
09/04 08:02:14PM parser.py:31 [INFO] INIT_CHANNELS=16
09/04 08:02:14PM parser.py:31 [INFO] L=0.5
09/04 08:02:14PM parser.py:31 [INFO] LAYERS=20
09/04 08:02:14PM parser.py:31 [INFO] LOGGER=<Logger H-DAS (INFO)>
09/04 08:02:14PM parser.py:31 [INFO] NAME=SIMPLE-KD
09/04 08:02:14PM parser.py:31 [INFO] NONKD=False
09/04 08:02:14PM parser.py:31 [INFO] PATH=results/search_stage_KD/cifar100/SIMPLE-KD/s0-BaselineBestCell
09/04 08:02:14PM parser.py:31 [INFO] PCDARTS=False
09/04 08:02:14PM parser.py:31 [INFO] PLOT_PATH=results/search_stage_KD/cifar100/SIMPLE-KD/s0-BaselineBestCell/plots
09/04 08:02:14PM parser.py:31 [INFO] PRINT_FREQ=50
09/04 08:02:14PM parser.py:31 [INFO] RESUME_PATH=None
09/04 08:02:14PM parser.py:31 [INFO] SAVE=s0-BaselineBestCell
09/04 08:02:14PM parser.py:31 [INFO] SEED=0
09/04 08:02:14PM parser.py:31 [INFO] SHARE_STAGE=False
09/04 08:02:14PM parser.py:31 [INFO] SLIDE_WINDOW=8
09/04 08:02:14PM parser.py:31 [INFO] SPEC_CELL=True
09/04 08:02:14PM parser.py:31 [INFO] TEACHER_NAME=efficientnet_v2_s
09/04 08:02:14PM parser.py:31 [INFO] TEACHER_PATH=/home/miura/lab/KD-hdas/results/teacher/cifar100/efficientnet_v2_s/FINETUNE2/pretrained-20240716-002108/best.pth.tar
09/04 08:02:14PM parser.py:31 [INFO] TRAIN_PORTION=0.5
09/04 08:02:14PM parser.py:31 [INFO] W_GRAD_CLIP=5.0
09/04 08:02:14PM parser.py:31 [INFO] W_LR=0.025
09/04 08:02:14PM parser.py:31 [INFO] W_LR_MIN=0.001
09/04 08:02:14PM parser.py:31 [INFO] W_MOMENTUM=0.9
09/04 08:02:14PM parser.py:31 [INFO] W_WEIGHT_DECAY=0.0003
09/04 08:02:14PM parser.py:31 [INFO] WORKERS=4
09/04 08:02:14PM parser.py:32 [INFO] 
09/04 08:02:17PM searchStage_trainer.py:130 [INFO] --> Loaded teacher model 'efficientnet_v2_s' from '/home/miura/lab/KD-hdas/results/teacher/cifar100/efficientnet_v2_s/FINETUNE2/pretrained-20240716-002108/best.pth.tar' and Freezed parameters)
09/04 08:02:20PM eval_util.py:125 [INFO] Test: Step 000/390 Prec@(1,5) (96.9%, 100.0%)
09/04 08:02:41PM eval_util.py:125 [INFO] Test: Step 390/390 Prec@(1,5) (97.2%, 99.7%)
09/04 08:02:41PM eval_util.py:130 [INFO] Teacher=(efficientnet_v2_s <- (/home/miura/lab/KD-hdas/results/teacher/cifar100/efficientnet_v2_s/FINETUNE2/pretrained-20240716-002108/best.pth.tar)) achives Test Prec(@1, @5) = (97.1600%, 99.6520%)
09/04 08:03:01PM searchStage_trainer.py:137 [INFO] --> No loaded checkpoint!
####### ALPHA #######
# Alpha - DAG
tensor([[0.2504, 0.2499, 0.2495, 0.2502],
        [0.2498, 0.2497, 0.2502, 0.2503]], device='cuda:0',
       grad_fn=<SoftmaxBackward0>)
tensor([[0.2499, 0.2500, 0.2499, 0.2501],
        [0.2498, 0.2503, 0.2498, 0.2501],
        [0.2500, 0.2503, 0.2499, 0.2498]], device='cuda:0',
       grad_fn=<SoftmaxBackward0>)
tensor([[0.2500, 0.2498, 0.2501, 0.2501],
        [0.2499, 0.2498, 0.2502, 0.2501],
        [0.2503, 0.2500, 0.2497, 0.2500],
        [0.2499, 0.2500, 0.2496, 0.2505]], device='cuda:0',
       grad_fn=<SoftmaxBackward0>)
tensor([[0.2501, 0.2500, 0.2499, 0.2499],
        [0.2499, 0.2501, 0.2499, 0.2501],
        [0.2500, 0.2502, 0.2498, 0.2500],
        [0.2498, 0.2500, 0.2501, 0.2501],
        [0.2499, 0.2506, 0.2495, 0.2500]], device='cuda:0',
       grad_fn=<SoftmaxBackward0>)
tensor([[0.2503, 0.2501, 0.2499, 0.2497],
        [0.2503, 0.2496, 0.2500, 0.2501],
        [0.2502, 0.2501, 0.2497, 0.2500],
        [0.2499, 0.2504, 0.2499, 0.2498],
        [0.2498, 0.2501, 0.2500, 0.2501],
        [0.2503, 0.2501, 0.2500, 0.2497]], device='cuda:0',
       grad_fn=<SoftmaxBackward0>)
tensor([[0.2500, 0.2500, 0.2504, 0.2496],
        [0.2503, 0.2500, 0.2502, 0.2495],
        [0.2500, 0.2498, 0.2500, 0.2501],
        [0.2502, 0.2497, 0.2501, 0.2500],
        [0.2501, 0.2498, 0.2501, 0.2500],
        [0.2500, 0.2500, 0.2499, 0.2500],
        [0.2501, 0.2499, 0.2502, 0.2498]], device='cuda:0',
       grad_fn=<SoftmaxBackward0>)
tensor([[0.2499, 0.2501, 0.2497, 0.2503],
        [0.2501, 0.2500, 0.2500, 0.2499]], device='cuda:0',
       grad_fn=<SoftmaxBackward0>)
tensor([[0.2501, 0.2502, 0.2499, 0.2498],
        [0.2502, 0.2505, 0.2497, 0.2496],
        [0.2496, 0.2505, 0.2496, 0.2503]], device='cuda:0',
       grad_fn=<SoftmaxBackward0>)
tensor([[0.2500, 0.2499, 0.2502, 0.2498],
        [0.2501, 0.2495, 0.2499, 0.2505],
        [0.2500, 0.2497, 0.2503, 0.2500],
        [0.2501, 0.2503, 0.2499, 0.2497]], device='cuda:0',
       grad_fn=<SoftmaxBackward0>)
tensor([[0.2499, 0.2505, 0.2498, 0.2499],
        [0.2500, 0.2500, 0.2499, 0.2501],
        [0.2501, 0.2499, 0.2500, 0.2500],
        [0.2505, 0.2498, 0.2498, 0.2499],
        [0.2499, 0.2503, 0.2501, 0.2498]], device='cuda:0',
       grad_fn=<SoftmaxBackward0>)
tensor([[0.2504, 0.2501, 0.2497, 0.2498],
        [0.2499, 0.2501, 0.2501, 0.2500],
        [0.2501, 0.2498, 0.2501, 0.2500],
        [0.2498, 0.2503, 0.2498, 0.2501],
        [0.2503, 0.2498, 0.2502, 0.2498],
        [0.2499, 0.2502, 0.2500, 0.2499]], device='cuda:0',
       grad_fn=<SoftmaxBackward0>)
tensor([[0.2502, 0.2499, 0.2501, 0.2499],
        [0.2498, 0.2500, 0.2505, 0.2497],
        [0.2503, 0.2499, 0.2498, 0.2499],
        [0.2499, 0.2507, 0.2497, 0.2498],
        [0.2501, 0.2499, 0.2497, 0.2503],
        [0.2507, 0.2499, 0.2496, 0.2497],
        [0.2502, 0.2498, 0.2504, 0.2497]], device='cuda:0',
       grad_fn=<SoftmaxBackward0>)
tensor([[0.2499, 0.2504, 0.2499, 0.2499],
        [0.2497, 0.2503, 0.2500, 0.2500]], device='cuda:0',
       grad_fn=<SoftmaxBackward0>)
tensor([[0.2499, 0.2502, 0.2501, 0.2499],
        [0.2499, 0.2505, 0.2497, 0.2499],
        [0.2500, 0.2502, 0.2499, 0.2499]], device='cuda:0',
       grad_fn=<SoftmaxBackward0>)
tensor([[0.2500, 0.2497, 0.2499, 0.2504],
        [0.2497, 0.2500, 0.2500, 0.2502],
        [0.2499, 0.2500, 0.2502, 0.2499],
        [0.2497, 0.2504, 0.2501, 0.2498]], device='cuda:0',
       grad_fn=<SoftmaxBackward0>)
tensor([[0.2500, 0.2497, 0.2499, 0.2504],
        [0.2497, 0.2502, 0.2499, 0.2502],
        [0.2503, 0.2501, 0.2497, 0.2499],
        [0.2498, 0.2502, 0.2498, 0.2501],
        [0.2501, 0.2500, 0.2501, 0.2498]], device='cuda:0',
       grad_fn=<SoftmaxBackward0>)
tensor([[0.2499, 0.2499, 0.2500, 0.2502],
        [0.2497, 0.2500, 0.2505, 0.2498],
        [0.2501, 0.2499, 0.2501, 0.2499],
        [0.2501, 0.2499, 0.2502, 0.2499],
        [0.2502, 0.2499, 0.2505, 0.2494],
        [0.2502, 0.2501, 0.2500, 0.2498]], device='cuda:0',
       grad_fn=<SoftmaxBackward0>)
tensor([[0.2499, 0.2502, 0.2503, 0.2495],
        [0.2501, 0.2498, 0.2500, 0.2501],
        [0.2497, 0.2504, 0.2498, 0.2501],
        [0.2499, 0.2499, 0.2499, 0.2503],
        [0.2500, 0.2499, 0.2504, 0.2497],
        [0.2498, 0.2502, 0.2497, 0.2503],
        [0.2500, 0.2502, 0.2497, 0.2501]], device='cuda:0',
       grad_fn=<SoftmaxBackward0>)
#####################
09/04 08:03:35PM searchStage_trainer.py:268 [INFO] Train: Epoch: [0][50/390]	Step 50	lr 0.025	Loss 2.2815 (2.3696)	Hard Loss 4.5110 (4.6860)	Soft Loss 0.0005 (0.0005)	Arch Loss 2.3485 (2.3874)	Arch Hard Loss 4.6465 (4.7225)	Arch Soft Loss 0.0005 (0.0005)	Arch depth Loss 0.0000 (0.0000)	Prec@(1,5) (1.8%, 7.5%)	
09/04 08:04:04PM searchStage_trainer.py:268 [INFO] Train: Epoch: [0][100/390]	Step 100	lr 0.025	Loss 2.0497 (2.2940)	Hard Loss 4.0501 (4.5362)	Soft Loss 0.0005 (0.0005)	Arch Loss 2.2436 (2.3115)	Arch Hard Loss 4.4308 (4.5726)	Arch Soft Loss 0.0006 (0.0005)	Arch depth Loss 0.0000 (0.0000)	Prec@(1,5) (2.9%, 11.6%)	
09/04 08:04:35PM searchStage_trainer.py:268 [INFO] Train: Epoch: [0][150/390]	Step 150	lr 0.025	Loss 2.1420 (2.2423)	Hard Loss 4.2363 (4.4333)	Soft Loss 0.0005 (0.0005)	Arch Loss 2.1862 (2.2558)	Arch Hard Loss 4.3233 (4.4618)	Arch Soft Loss 0.0005 (0.0005)	Arch depth Loss 0.0000 (0.0000)	Prec@(1,5) (3.5%, 14.3%)	
09/04 08:05:05PM searchStage_trainer.py:268 [INFO] Train: Epoch: [0][200/390]	Step 200	lr 0.025	Loss 2.0226 (2.2023)	Hard Loss 3.9949 (4.3541)	Soft Loss 0.0005 (0.0005)	Arch Loss 2.1590 (2.2117)	Arch Hard Loss 4.2757 (4.3743)	Arch Soft Loss 0.0004 (0.0005)	Arch depth Loss 0.0000 (0.0000)	Prec@(1,5) (4.3%, 16.6%)	
09/04 08:05:36PM searchStage_trainer.py:268 [INFO] Train: Epoch: [0][250/390]	Step 250	lr 0.025	Loss 2.1741 (2.1708)	Hard Loss 4.2992 (4.2916)	Soft Loss 0.0005 (0.0005)	Arch Loss 2.0734 (2.1761)	Arch Hard Loss 4.1012 (4.3037)	Arch Soft Loss 0.0005 (0.0005)	Arch depth Loss 0.0000 (0.0000)	Prec@(1,5) (5.0%, 18.3%)	
09/04 08:06:07PM searchStage_trainer.py:268 [INFO] Train: Epoch: [0][300/390]	Step 300	lr 0.025	Loss 1.9800 (2.1464)	Hard Loss 3.9040 (4.2434)	Soft Loss 0.0006 (0.0005)	Arch Loss 2.1049 (2.1503)	Arch Hard Loss 4.1622 (4.2524)	Arch Soft Loss 0.0005 (0.0005)	Arch depth Loss 0.0000 (0.0000)	Prec@(1,5) (5.5%, 19.5%)	
09/04 08:06:36PM searchStage_trainer.py:268 [INFO] Train: Epoch: [0][350/390]	Step 350	lr 0.025	Loss 1.9337 (2.1237)	Hard Loss 3.8212 (4.1981)	Soft Loss 0.0005 (0.0005)	Arch Loss 2.0252 (2.1263)	Arch Hard Loss 4.0026 (4.2046)	Arch Soft Loss 0.0005 (0.0005)	Arch depth Loss 0.0000 (0.0000)	Prec@(1,5) (5.8%, 20.8%)	
09/04 08:07:01PM searchStage_trainer.py:268 [INFO] Train: Epoch: [0][390/390]	Step 390	lr 0.025	Loss 2.1576 (2.1079)	Hard Loss 4.2693 (4.1668)	Soft Loss 0.0005 (0.0005)	Arch Loss 2.0982 (2.1103)	Arch Hard Loss 4.1501 (4.1728)	Arch Soft Loss 0.0005 (0.0005)	Arch depth Loss 0.0000 (0.0000)	Prec@(1,5) (6.1%, 21.7%)	
09/04 08:07:03PM searchStage_trainer.py:284 [INFO] Train: [  0/49] Final Prec@1 6.1240%
09/04 08:07:06PM searchStage_trainer.py:312 [INFO] Valid: Epoch: [0][50/391]	Step 391	Loss 3.9144	Prec@(1,5) (9.3%, 29.3%)
09/04 08:07:10PM searchStage_trainer.py:312 [INFO] Valid: Epoch: [0][100/391]	Step 391	Loss 3.9049	Prec@(1,5) (9.4%, 29.3%)
09/04 08:07:13PM searchStage_trainer.py:312 [INFO] Valid: Epoch: [0][150/391]	Step 391	Loss 3.8916	Prec@(1,5) (9.6%, 30.0%)
09/04 08:07:16PM searchStage_trainer.py:312 [INFO] Valid: Epoch: [0][200/391]	Step 391	Loss 3.9003	Prec@(1,5) (9.3%, 29.7%)
09/04 08:07:19PM searchStage_trainer.py:312 [INFO] Valid: Epoch: [0][250/391]	Step 391	Loss 3.8974	Prec@(1,5) (9.5%, 29.8%)
09/04 08:07:23PM searchStage_trainer.py:312 [INFO] Valid: Epoch: [0][300/391]	Step 391	Loss 3.8969	Prec@(1,5) (9.5%, 29.6%)
09/04 08:07:26PM searchStage_trainer.py:312 [INFO] Valid: Epoch: [0][350/391]	Step 391	Loss 3.8980	Prec@(1,5) (9.5%, 29.7%)
09/04 08:07:28PM searchStage_trainer.py:312 [INFO] Valid: Epoch: [0][390/391]	Step 391	Loss 3.8965	Prec@(1,5) (9.5%, 29.8%)
09/04 08:07:29PM searchStage_trainer.py:323 [INFO] Valid: [  0/49] Final Prec@1 9.4880%
09/04 08:07:29PM searchStage_KD_main.py:58 [INFO] DAG = Genotype2(DAG1=[[('skip_connect', 1), ('skip_connect', 0)], [('avg_pool_3x3', 2), ('max_pool_3x3', 0)], [('max_pool_3x3', 1), ('max_pool_3x3', 3)], [('max_pool_3x3', 2), ('max_pool_3x3', 1)], [('max_pool_3x3', 0), ('max_pool_3x3', 2)], [('max_pool_3x3', 1), ('max_pool_3x3', 2)]], DAG1_concat=range(6, 8), DAG2=[[('skip_connect', 0), ('max_pool_3x3', 1)], [('skip_connect', 1), ('skip_connect', 0)], [('skip_connect', 2), ('max_pool_3x3', 0)], [('max_pool_3x3', 1), ('max_pool_3x3', 3)], [('skip_connect', 0), ('max_pool_3x3', 1)], [('skip_connect', 1), ('max_pool_3x3', 0)]], DAG2_concat=range(6, 8), DAG3=[[('skip_connect', 0), ('skip_connect', 1)], [('skip_connect', 1), ('skip_connect', 0)], [('skip_connect', 0), ('skip_connect', 1)], [('max_pool_3x3', 0), ('max_pool_3x3', 1)], [('max_pool_3x3', 1), ('max_pool_3x3', 5)], [('max_pool_3x3', 0), ('max_pool_3x3', 5)]], DAG3_concat=range(6, 8))
09/04 08:07:29PM searchStage_KD_main.py:89 [INFO] Until now, best Prec@1 = 9.4880%
####### ALPHA #######
# Alpha - DAG
tensor([[0.2500, 0.2496, 0.2511, 0.2494],
        [0.2491, 0.2483, 0.2516, 0.2509]], device='cuda:0',
       grad_fn=<SoftmaxBackward0>)
tensor([[0.2503, 0.2494, 0.2501, 0.2503],
        [0.2493, 0.2497, 0.2501, 0.2508],
        [0.2499, 0.2507, 0.2506, 0.2488]], device='cuda:0',
       grad_fn=<SoftmaxBackward0>)
tensor([[0.2509, 0.2480, 0.2489, 0.2522],
        [0.2515, 0.2493, 0.2506, 0.2486],
        [0.2507, 0.2497, 0.2504, 0.2493],
        [0.2510, 0.2494, 0.2493, 0.2504]], device='cuda:0',
       grad_fn=<SoftmaxBackward0>)
tensor([[0.2516, 0.2473, 0.2495, 0.2517],
        [0.2521, 0.2480, 0.2495, 0.2504],
        [0.2519, 0.2498, 0.2499, 0.2484],
        [0.2505, 0.2489, 0.2500, 0.2505],
        [0.2502, 0.2495, 0.2504, 0.2498]], device='cuda:0',
       grad_fn=<SoftmaxBackward0>)
tensor([[0.2543, 0.2471, 0.2500, 0.2485],
        [0.2532, 0.2467, 0.2507, 0.2494],
        [0.2537, 0.2480, 0.2497, 0.2485],
        [0.2510, 0.2487, 0.2511, 0.2492],
        [0.2510, 0.2483, 0.2520, 0.2486],
        [0.2505, 0.2463, 0.2483, 0.2549]], device='cuda:0',
       grad_fn=<SoftmaxBackward0>)
tensor([[0.2559, 0.2465, 0.2507, 0.2469],
        [0.2570, 0.2462, 0.2501, 0.2467],
        [0.2575, 0.2448, 0.2470, 0.2507],
        [0.2539, 0.2453, 0.2484, 0.2525],
        [0.2541, 0.2471, 0.2500, 0.2487],
        [0.2542, 0.2453, 0.2477, 0.2528],
        [0.2542, 0.2457, 0.2481, 0.2520]], device='cuda:0',
       grad_fn=<SoftmaxBackward0>)
tensor([[0.2521, 0.2476, 0.2527, 0.2476],
        [0.2519, 0.2449, 0.2509, 0.2523]], device='cuda:0',
       grad_fn=<SoftmaxBackward0>)
tensor([[0.2488, 0.2477, 0.2522, 0.2513],
        [0.2513, 0.2503, 0.2540, 0.2444],
        [0.2484, 0.2487, 0.2498, 0.2532]], device='cuda:0',
       grad_fn=<SoftmaxBackward0>)
tensor([[0.2519, 0.2474, 0.2513, 0.2495],
        [0.2502, 0.2479, 0.2511, 0.2507],
        [0.2471, 0.2509, 0.2539, 0.2481],
        [0.2467, 0.2501, 0.2503, 0.2528]], device='cuda:0',
       grad_fn=<SoftmaxBackward0>)
tensor([[0.2519, 0.2497, 0.2515, 0.2469],
        [0.2538, 0.2492, 0.2504, 0.2467],
        [0.2513, 0.2488, 0.2468, 0.2531],
        [0.2529, 0.2476, 0.2490, 0.2504],
        [0.2515, 0.2483, 0.2493, 0.2509]], device='cuda:0',
       grad_fn=<SoftmaxBackward0>)
tensor([[0.2521, 0.2513, 0.2528, 0.2438],
        [0.2526, 0.2496, 0.2516, 0.2463],
        [0.2484, 0.2504, 0.2517, 0.2494],
        [0.2495, 0.2487, 0.2491, 0.2527],
        [0.2497, 0.2479, 0.2476, 0.2548],
        [0.2488, 0.2495, 0.2501, 0.2516]], device='cuda:0',
       grad_fn=<SoftmaxBackward0>)
tensor([[0.2524, 0.2511, 0.2522, 0.2442],
        [0.2507, 0.2521, 0.2530, 0.2442],
        [0.2496, 0.2505, 0.2524, 0.2475],
        [0.2508, 0.2480, 0.2497, 0.2516],
        [0.2487, 0.2494, 0.2476, 0.2543],
        [0.2508, 0.2487, 0.2484, 0.2521],
        [0.2498, 0.2483, 0.2496, 0.2524]], device='cuda:0',
       grad_fn=<SoftmaxBackward0>)
tensor([[0.2470, 0.2457, 0.2583, 0.2489],
        [0.2469, 0.2447, 0.2578, 0.2506]], device='cuda:0',
       grad_fn=<SoftmaxBackward0>)
tensor([[0.2515, 0.2436, 0.2544, 0.2504],
        [0.2498, 0.2475, 0.2569, 0.2459],
        [0.2531, 0.2445, 0.2490, 0.2534]], device='cuda:0',
       grad_fn=<SoftmaxBackward0>)
tensor([[0.2509, 0.2473, 0.2547, 0.2470],
        [0.2489, 0.2470, 0.2534, 0.2507],
        [0.2516, 0.2465, 0.2520, 0.2500],
        [0.2492, 0.2470, 0.2510, 0.2528]], device='cuda:0',
       grad_fn=<SoftmaxBackward0>)
tensor([[0.2524, 0.2472, 0.2522, 0.2482],
        [0.2519, 0.2483, 0.2514, 0.2484],
        [0.2520, 0.2480, 0.2507, 0.2493],
        [0.2501, 0.2474, 0.2521, 0.2505],
        [0.2515, 0.2459, 0.2489, 0.2537]], device='cuda:0',
       grad_fn=<SoftmaxBackward0>)
tensor([[0.2532, 0.2457, 0.2525, 0.2486],
        [0.2564, 0.2459, 0.2506, 0.2471],
        [0.2534, 0.2463, 0.2514, 0.2489],
        [0.2517, 0.2486, 0.2483, 0.2515],
        [0.2526, 0.2454, 0.2520, 0.2500],
        [0.2545, 0.2441, 0.2479, 0.2535]], device='cuda:0',
       grad_fn=<SoftmaxBackward0>)
tensor([[0.2567, 0.2466, 0.2531, 0.2436],
        [0.2541, 0.2455, 0.2509, 0.2495],
        [0.2543, 0.2458, 0.2527, 0.2471],
        [0.2518, 0.2441, 0.2512, 0.2530],
        [0.2522, 0.2440, 0.2521, 0.2517],
        [0.2558, 0.2446, 0.2478, 0.2518],
        [0.2512, 0.2421, 0.2510, 0.2557]], device='cuda:0',
       grad_fn=<SoftmaxBackward0>)
#####################
09/04 08:08:00午後 searchStage_trainer.py:268 [INFO] Train: Epoch: [1][50/390]	Step 441	lr 0.02498	Loss 1.8900 (1.9410)	Hard Loss 3.7342 (3.8350)	Soft Loss 0.0005 (0.0005)	Arch Loss 1.9818 (1.9453)	Arch Hard Loss 3.9169 (3.8452)	Arch Soft Loss 0.0005 (0.0005)	Arch depth Loss 0.0000 (0.0000)	Prec@(1,5) (10.2%, 32.1%)	
09/04 08:08:31午後 searchStage_trainer.py:268 [INFO] Train: Epoch: [1][100/390]	Step 491	lr 0.02498	Loss 1.9632 (1.9306)	Hard Loss 3.8815 (3.8140)	Soft Loss 0.0004 (0.0005)	Arch Loss 1.8638 (1.9414)	Arch Hard Loss 3.6844 (3.8371)	Arch Soft Loss 0.0004 (0.0005)	Arch depth Loss 0.0000 (0.0000)	Prec@(1,5) (10.5%, 32.3%)	
09/04 08:09:02午後 searchStage_trainer.py:268 [INFO] Train: Epoch: [1][150/390]	Step 541	lr 0.02498	Loss 1.9595 (1.9260)	Hard Loss 3.8708 (3.8048)	Soft Loss 0.0005 (0.0005)	Arch Loss 2.0529 (1.9339)	Arch Hard Loss 4.0597 (3.8222)	Arch Soft Loss 0.0005 (0.0005)	Arch depth Loss 0.0000 (0.0000)	Prec@(1,5) (10.3%, 32.5%)	
09/04 08:09:32午後 searchStage_trainer.py:268 [INFO] Train: Epoch: [1][200/390]	Step 591	lr 0.02498	Loss 1.8811 (1.9190)	Hard Loss 3.7162 (3.7912)	Soft Loss 0.0005 (0.0005)	Arch Loss 1.8834 (1.9239)	Arch Hard Loss 3.7213 (3.8021)	Arch Soft Loss 0.0005 (0.0005)	Arch depth Loss 0.0000 (0.0000)	Prec@(1,5) (10.6%, 33.1%)	
09/04 08:10:03午後 searchStage_trainer.py:268 [INFO] Train: Epoch: [1][250/390]	Step 641	lr 0.02498	Loss 1.7750 (1.9104)	Hard Loss 3.5037 (3.7741)	Soft Loss 0.0005 (0.0005)	Arch Loss 1.7591 (1.9093)	Arch Hard Loss 3.4713 (3.7730)	Arch Soft Loss 0.0005 (0.0005)	Arch depth Loss 0.0000 (0.0000)	Prec@(1,5) (10.9%, 33.6%)	
09/04 08:10:32午後 searchStage_trainer.py:268 [INFO] Train: Epoch: [1][300/390]	Step 691	lr 0.02498	Loss 1.8511 (1.9006)	Hard Loss 3.6595 (3.7544)	Soft Loss 0.0004 (0.0005)	Arch Loss 1.9135 (1.9001)	Arch Hard Loss 3.7824 (3.7544)	Arch Soft Loss 0.0004 (0.0005)	Arch depth Loss 0.0000 (0.0000)	Prec@(1,5) (11.4%, 34.0%)	
09/04 08:11:03午後 searchStage_trainer.py:268 [INFO] Train: Epoch: [1][350/390]	Step 741	lr 0.02498	Loss 1.9021 (1.8939)	Hard Loss 3.7558 (3.7409)	Soft Loss 0.0005 (0.0005)	Arch Loss 1.8189 (1.8963)	Arch Hard Loss 3.5910 (3.7468)	Arch Soft Loss 0.0005 (0.0005)	Arch depth Loss 0.0000 (0.0000)	Prec@(1,5) (11.8%, 34.4%)	
09/04 08:11:28午後 searchStage_trainer.py:268 [INFO] Train: Epoch: [1][390/390]	Step 781	lr 0.02498	Loss 1.9679 (1.8872)	Hard Loss 3.8896 (3.7276)	Soft Loss 0.0005 (0.0005)	Arch Loss 1.6230 (1.8873)	Arch Hard Loss 3.1992 (3.7288)	Arch Soft Loss 0.0005 (0.0005)	Arch depth Loss 0.0000 (0.0000)	Prec@(1,5) (12.0%, 34.7%)	
09/04 08:11:28午後 searchStage_trainer.py:284 [INFO] Train: [  1/49] Final Prec@1 12.0360%
09/04 08:11:32午後 searchStage_trainer.py:312 [INFO] Valid: Epoch: [1][50/391]	Step 782	Loss 3.6303	Prec@(1,5) (13.5%, 38.1%)
09/04 08:11:35午後 searchStage_trainer.py:312 [INFO] Valid: Epoch: [1][100/391]	Step 782	Loss 3.6350	Prec@(1,5) (13.6%, 38.3%)
09/04 08:11:38午後 searchStage_trainer.py:312 [INFO] Valid: Epoch: [1][150/391]	Step 782	Loss 3.6316	Prec@(1,5) (13.5%, 38.1%)
09/04 08:11:42午後 searchStage_trainer.py:312 [INFO] Valid: Epoch: [1][200/391]	Step 782	Loss 3.6322	Prec@(1,5) (13.5%, 38.1%)
09/04 08:11:45午後 searchStage_trainer.py:312 [INFO] Valid: Epoch: [1][250/391]	Step 782	Loss 3.6269	Prec@(1,5) (13.6%, 38.1%)
09/04 08:11:48午後 searchStage_trainer.py:312 [INFO] Valid: Epoch: [1][300/391]	Step 782	Loss 3.6271	Prec@(1,5) (13.6%, 38.1%)
09/04 08:11:50午後 searchStage_trainer.py:312 [INFO] Valid: Epoch: [1][350/391]	Step 782	Loss 3.6283	Prec@(1,5) (13.7%, 38.1%)
09/04 08:11:53午後 searchStage_trainer.py:312 [INFO] Valid: Epoch: [1][390/391]	Step 782	Loss 3.6290	Prec@(1,5) (13.7%, 38.1%)
09/04 08:11:53午後 searchStage_trainer.py:323 [INFO] Valid: [  1/49] Final Prec@1 13.7480%
09/04 08:11:53午後 searchStage_KD_main.py:58 [INFO] DAG = Genotype2(DAG1=[[('skip_connect', 0), ('skip_connect', 1)], [('skip_connect', 0), ('skip_connect', 1)], [('skip_connect', 2), ('skip_connect', 1)], [('skip_connect', 0), ('max_pool_3x3', 1)], [('max_pool_3x3', 0), ('max_pool_3x3', 1)], [('max_pool_3x3', 1), ('max_pool_3x3', 0)]], DAG1_concat=range(6, 8), DAG2=[[('skip_connect', 0), ('skip_connect', 1)], [('skip_connect', 1), ('skip_connect', 0)], [('skip_connect', 2), ('max_pool_3x3', 0)], [('skip_connect', 1), ('skip_connect', 0)], [('max_pool_3x3', 1), ('max_pool_3x3', 0)], [('max_pool_3x3', 0), ('max_pool_3x3', 1)]], DAG2_concat=range(6, 8), DAG3=[[('skip_connect', 0), ('skip_connect', 1)], [('max_pool_3x3', 1), ('max_pool_3x3', 0)], [('max_pool_3x3', 0), ('skip_connect', 2)], [('max_pool_3x3', 1), ('max_pool_3x3', 0)], [('max_pool_3x3', 1), ('max_pool_3x3', 0)], [('max_pool_3x3', 0), ('max_pool_3x3', 2)]], DAG3_concat=range(6, 8))
09/04 08:11:53午後 searchStage_KD_main.py:89 [INFO] Until now, best Prec@1 = 13.7480%
####### ALPHA #######
# Alpha - DAG
tensor([[0.2472, 0.2477, 0.2582, 0.2469],
        [0.2469, 0.2434, 0.2569, 0.2529]], device='cuda:0',
       grad_fn=<SoftmaxBackward0>)
tensor([[0.2497, 0.2462, 0.2539, 0.2503],
        [0.2484, 0.2470, 0.2531, 0.2515],
        [0.2501, 0.2485, 0.2527, 0.2487]], device='cuda:0',
       grad_fn=<SoftmaxBackward0>)
tensor([[0.2503, 0.2468, 0.2516, 0.2513],
        [0.2512, 0.2486, 0.2520, 0.2482],
        [0.2495, 0.2507, 0.2528, 0.2470],
        [0.2504, 0.2474, 0.2483, 0.2540]], device='cuda:0',
       grad_fn=<SoftmaxBackward0>)
tensor([[0.2529, 0.2452, 0.2546, 0.2473],
        [0.2539, 0.2473, 0.2537, 0.2451],
        [0.2503, 0.2472, 0.2515, 0.2510],
        [0.2502, 0.2468, 0.2498, 0.2532],
        [0.2510, 0.2476, 0.2483, 0.2530]], device='cuda:0',
       grad_fn=<SoftmaxBackward0>)
tensor([[0.2614, 0.2440, 0.2546, 0.2399],
        [0.2583, 0.2420, 0.2538, 0.2460],
        [0.2560, 0.2433, 0.2494, 0.2512],
        [0.2502, 0.2480, 0.2523, 0.2495],
        [0.2480, 0.2470, 0.2527, 0.2523],
        [0.2518, 0.2441, 0.2451, 0.2591]], device='cuda:0',
       grad_fn=<SoftmaxBackward0>)
tensor([[0.2661, 0.2422, 0.2529, 0.2388],
        [0.2703, 0.2415, 0.2514, 0.2367],
        [0.2603, 0.2399, 0.2467, 0.2531],
        [0.2549, 0.2422, 0.2465, 0.2564],
        [0.2531, 0.2437, 0.2494, 0.2538],
        [0.2542, 0.2420, 0.2465, 0.2573],
        [0.2564, 0.2426, 0.2430, 0.2580]], device='cuda:0',
       grad_fn=<SoftmaxBackward0>)
tensor([[0.2528, 0.2411, 0.2573, 0.2488],
        [0.2533, 0.2414, 0.2546, 0.2507]], device='cuda:0',
       grad_fn=<SoftmaxBackward0>)
tensor([[0.2502, 0.2466, 0.2550, 0.2482],
        [0.2494, 0.2476, 0.2577, 0.2453],
        [0.2466, 0.2476, 0.2504, 0.2554]], device='cuda:0',
       grad_fn=<SoftmaxBackward0>)
tensor([[0.2536, 0.2457, 0.2519, 0.2487],
        [0.2513, 0.2452, 0.2531, 0.2505],
        [0.2488, 0.2495, 0.2550, 0.2467],
        [0.2482, 0.2478, 0.2494, 0.2545]], device='cuda:0',
       grad_fn=<SoftmaxBackward0>)
tensor([[0.2502, 0.2511, 0.2542, 0.2445],
        [0.2514, 0.2486, 0.2545, 0.2455],
        [0.2487, 0.2488, 0.2481, 0.2544],
        [0.2510, 0.2487, 0.2492, 0.2512],
        [0.2484, 0.2493, 0.2493, 0.2531]], device='cuda:0',
       grad_fn=<SoftmaxBackward0>)
tensor([[0.2566, 0.2530, 0.2546, 0.2358],
        [0.2602, 0.2495, 0.2516, 0.2387],
        [0.2507, 0.2458, 0.2547, 0.2487],
        [0.2496, 0.2445, 0.2501, 0.2557],
        [0.2484, 0.2479, 0.2445, 0.2592],
        [0.2480, 0.2463, 0.2456, 0.2601]], device='cuda:0',
       grad_fn=<SoftmaxBackward0>)
tensor([[0.2578, 0.2525, 0.2523, 0.2374],
        [0.2564, 0.2531, 0.2521, 0.2384],
        [0.2548, 0.2449, 0.2556, 0.2448],
        [0.2538, 0.2434, 0.2500, 0.2528],
        [0.2500, 0.2470, 0.2440, 0.2591],
        [0.2514, 0.2461, 0.2449, 0.2576],
        [0.2518, 0.2465, 0.2469, 0.2548]], device='cuda:0',
       grad_fn=<SoftmaxBackward0>)
tensor([[0.2508, 0.2417, 0.2598, 0.2477],
        [0.2537, 0.2371, 0.2566, 0.2526]], device='cuda:0',
       grad_fn=<SoftmaxBackward0>)
tensor([[0.2585, 0.2400, 0.2530, 0.2485],
        [0.2623, 0.2413, 0.2526, 0.2439],
        [0.2551, 0.2433, 0.2443, 0.2574]], device='cuda:0',
       grad_fn=<SoftmaxBackward0>)
tensor([[0.2556, 0.2444, 0.2528, 0.2472],
        [0.2522, 0.2444, 0.2524, 0.2510],
        [0.2505, 0.2465, 0.2534, 0.2495],
        [0.2520, 0.2466, 0.2487, 0.2527]], device='cuda:0',
       grad_fn=<SoftmaxBackward0>)
tensor([[0.2578, 0.2448, 0.2510, 0.2464],
        [0.2571, 0.2497, 0.2509, 0.2423],
        [0.2537, 0.2483, 0.2509, 0.2471],
        [0.2521, 0.2449, 0.2488, 0.2542],
        [0.2526, 0.2441, 0.2440, 0.2592]], device='cuda:0',
       grad_fn=<SoftmaxBackward0>)
tensor([[0.2652, 0.2420, 0.2481, 0.2447],
        [0.2696, 0.2416, 0.2447, 0.2441],
        [0.2626, 0.2433, 0.2464, 0.2477],
        [0.2581, 0.2471, 0.2434, 0.2514],
        [0.2583, 0.2438, 0.2458, 0.2521],
        [0.2615, 0.2414, 0.2400, 0.2572]], device='cuda:0',
       grad_fn=<SoftmaxBackward0>)
tensor([[0.2665, 0.2434, 0.2481, 0.2421],
        [0.2621, 0.2441, 0.2473, 0.2466],
        [0.2628, 0.2426, 0.2454, 0.2492],
        [0.2570, 0.2444, 0.2487, 0.2499],
        [0.2560, 0.2433, 0.2468, 0.2539],
        [0.2595, 0.2431, 0.2450, 0.2525],
        [0.2537, 0.2400, 0.2501, 0.2562]], device='cuda:0',
       grad_fn=<SoftmaxBackward0>)
#####################
09/04 08:12:26午後 searchStage_trainer.py:268 [INFO] Train: Epoch: [2][50/390]	Step 832	lr 0.02491	Loss 1.7951 (1.7914)	Hard Loss 3.5481 (3.5368)	Soft Loss 0.0004 (0.0005)	Arch Loss 1.7631 (1.8126)	Arch Hard Loss 3.4807 (3.5803)	Arch Soft Loss 0.0005 (0.0005)	Arch depth Loss 0.0000 (0.0000)	Prec@(1,5) (14.6%, 40.6%)	
09/04 08:12:57午後 searchStage_trainer.py:268 [INFO] Train: Epoch: [2][100/390]	Step 882	lr 0.02491	Loss 1.8005 (1.7757)	Hard Loss 3.5570 (3.5050)	Soft Loss 0.0004 (0.0005)	Arch Loss 1.6584 (1.8002)	Arch Hard Loss 3.2736 (3.5551)	Arch Soft Loss 0.0004 (0.0005)	Arch depth Loss 0.0000 (0.0000)	Prec@(1,5) (15.0%, 41.7%)	
09/04 08:13:26午後 searchStage_trainer.py:268 [INFO] Train: Epoch: [2][150/390]	Step 932	lr 0.02491	Loss 1.6407 (1.7738)	Hard Loss 3.2354 (3.5012)	Soft Loss 0.0005 (0.0005)	Arch Loss 1.7658 (1.7902)	Arch Hard Loss 3.4908 (3.5351)	Arch Soft Loss 0.0004 (0.0005)	Arch depth Loss 0.0000 (0.0000)	Prec@(1,5) (15.3%, 41.3%)	
09/04 08:13:57午後 searchStage_trainer.py:268 [INFO] Train: Epoch: [2][200/390]	Step 982	lr 0.02491	Loss 1.7744 (1.7743)	Hard Loss 3.5035 (3.5023)	Soft Loss 0.0005 (0.0005)	Arch Loss 1.8554 (1.7795)	Arch Hard Loss 3.6667 (3.5138)	Arch Soft Loss 0.0004 (0.0005)	Arch depth Loss 0.0000 (0.0000)	Prec@(1,5) (15.4%, 41.3%)	
09/04 08:14:28午後 searchStage_trainer.py:268 [INFO] Train: Epoch: [2][250/390]	Step 1032	lr 0.02491	Loss 1.8805 (1.7682)	Hard Loss 3.7116 (3.4901)	Soft Loss 0.0005 (0.0005)	Arch Loss 1.7845 (1.7728)	Arch Hard Loss 3.5241 (3.5004)	Arch Soft Loss 0.0004 (0.0005)	Arch depth Loss 0.0000 (0.0000)	Prec@(1,5) (15.7%, 41.7%)	
09/04 08:14:58午後 searchStage_trainer.py:268 [INFO] Train: Epoch: [2][300/390]	Step 1082	lr 0.02491	Loss 1.7937 (1.7626)	Hard Loss 3.5400 (3.4790)	Soft Loss 0.0005 (0.0005)	Arch Loss 1.6199 (1.7631)	Arch Hard Loss 3.1962 (3.4809)	Arch Soft Loss 0.0004 (0.0005)	Arch depth Loss 0.0000 (0.0000)	Prec@(1,5) (15.9%, 42.2%)	
09/04 08:15:29午後 searchStage_trainer.py:268 [INFO] Train: Epoch: [2][350/390]	Step 1132	lr 0.02491	Loss 1.7667 (1.7560)	Hard Loss 3.4862 (3.4660)	Soft Loss 0.0005 (0.0005)	Arch Loss 1.7868 (1.7570)	Arch Hard Loss 3.5307 (3.4689)	Arch Soft Loss 0.0004 (0.0005)	Arch depth Loss 0.0000 (0.0000)	Prec@(1,5) (16.1%, 42.5%)	
09/04 08:15:52午後 searchStage_trainer.py:268 [INFO] Train: Epoch: [2][390/390]	Step 1172	lr 0.02491	Loss 1.7740 (1.7470)	Hard Loss 3.5026 (3.4478)	Soft Loss 0.0005 (0.0005)	Arch Loss 1.7712 (1.7526)	Arch Hard Loss 3.4989 (3.4600)	Arch Soft Loss 0.0004 (0.0005)	Arch depth Loss 0.0000 (0.0000)	Prec@(1,5) (16.4%, 43.0%)	
09/04 08:15:53午後 searchStage_trainer.py:284 [INFO] Train: [  2/49] Final Prec@1 16.4080%
09/04 08:15:57午後 searchStage_trainer.py:312 [INFO] Valid: Epoch: [2][50/391]	Step 1173	Loss 3.3871	Prec@(1,5) (17.9%, 45.6%)
09/04 08:16:00午後 searchStage_trainer.py:312 [INFO] Valid: Epoch: [2][100/391]	Step 1173	Loss 3.3639	Prec@(1,5) (18.7%, 45.8%)
09/04 08:16:03午後 searchStage_trainer.py:312 [INFO] Valid: Epoch: [2][150/391]	Step 1173	Loss 3.3503	Prec@(1,5) (18.6%, 46.4%)
09/04 08:16:06午後 searchStage_trainer.py:312 [INFO] Valid: Epoch: [2][200/391]	Step 1173	Loss 3.3513	Prec@(1,5) (18.6%, 46.2%)
09/04 08:16:10午後 searchStage_trainer.py:312 [INFO] Valid: Epoch: [2][250/391]	Step 1173	Loss 3.3472	Prec@(1,5) (18.6%, 46.6%)
09/04 08:16:13午後 searchStage_trainer.py:312 [INFO] Valid: Epoch: [2][300/391]	Step 1173	Loss 3.3450	Prec@(1,5) (18.6%, 46.5%)
09/04 08:16:16午後 searchStage_trainer.py:312 [INFO] Valid: Epoch: [2][350/391]	Step 1173	Loss 3.3403	Prec@(1,5) (18.5%, 46.5%)
09/04 08:16:19午後 searchStage_trainer.py:312 [INFO] Valid: Epoch: [2][390/391]	Step 1173	Loss 3.3342	Prec@(1,5) (18.6%, 46.7%)
09/04 08:16:19午後 searchStage_trainer.py:323 [INFO] Valid: [  2/49] Final Prec@1 18.6120%
09/04 08:16:19午後 searchStage_KD_main.py:58 [INFO] DAG = Genotype2(DAG1=[[('skip_connect', 0), ('skip_connect', 1)], [('skip_connect', 0), ('skip_connect', 1)], [('skip_connect', 2), ('skip_connect', 1)], [('skip_connect', 1), ('skip_connect', 0)], [('skip_connect', 1), ('skip_connect', 0)], [('max_pool_3x3', 1), ('max_pool_3x3', 0)]], DAG1_concat=range(6, 8), DAG2=[[('skip_connect', 0), ('skip_connect', 1)], [('skip_connect', 1), ('skip_connect', 0)], [('skip_connect', 2), ('skip_connect', 1)], [('skip_connect', 1), ('skip_connect', 0)], [('max_pool_3x3', 1), ('max_pool_3x3', 0)], [('max_pool_3x3', 0), ('max_pool_3x3', 1)]], DAG2_concat=range(6, 8), DAG3=[[('skip_connect', 0), ('max_pool_3x3', 1)], [('max_pool_3x3', 1), ('max_pool_3x3', 0)], [('max_pool_3x3', 0), ('skip_connect', 2)], [('max_pool_3x3', 1), ('max_pool_3x3', 0)], [('max_pool_3x3', 1), ('max_pool_3x3', 0)], [('max_pool_3x3', 0), ('max_pool_3x3', 1)]], DAG3_concat=range(6, 8))
09/04 08:16:19午後 searchStage_KD_main.py:89 [INFO] Until now, best Prec@1 = 18.6120%
####### ALPHA #######
# Alpha - DAG
tensor([[0.2410, 0.2460, 0.2686, 0.2444],
        [0.2416, 0.2400, 0.2640, 0.2544]], device='cuda:0',
       grad_fn=<SoftmaxBackward0>)
tensor([[0.2471, 0.2458, 0.2597, 0.2474],
        [0.2436, 0.2449, 0.2586, 0.2529],
        [0.2451, 0.2479, 0.2573, 0.2497]], device='cuda:0',
       grad_fn=<SoftmaxBackward0>)
tensor([[0.2477, 0.2428, 0.2547, 0.2548],
        [0.2497, 0.2450, 0.2549, 0.2504],
        [0.2492, 0.2499, 0.2567, 0.2442],
        [0.2509, 0.2466, 0.2503, 0.2521]], device='cuda:0',
       grad_fn=<SoftmaxBackward0>)
tensor([[0.2501, 0.2486, 0.2567, 0.2446],
        [0.2516, 0.2501, 0.2573, 0.2411],
        [0.2446, 0.2497, 0.2547, 0.2510],
        [0.2457, 0.2476, 0.2512, 0.2555],
        [0.2485, 0.2480, 0.2470, 0.2565]], device='cuda:0',
       grad_fn=<SoftmaxBackward0>)
tensor([[0.2583, 0.2426, 0.2647, 0.2344],
        [0.2547, 0.2429, 0.2663, 0.2361],
        [0.2474, 0.2458, 0.2524, 0.2545],
        [0.2474, 0.2430, 0.2528, 0.2567],
        [0.2404, 0.2481, 0.2536, 0.2579],
        [0.2454, 0.2467, 0.2495, 0.2584]], device='cuda:0',
       grad_fn=<SoftmaxBackward0>)
tensor([[0.2693, 0.2402, 0.2585, 0.2320],
        [0.2749, 0.2407, 0.2569, 0.2275],
        [0.2564, 0.2401, 0.2539, 0.2496],
        [0.2520, 0.2380, 0.2462, 0.2638],
        [0.2516, 0.2401, 0.2474, 0.2609],
        [0.2506, 0.2413, 0.2468, 0.2613],
        [0.2515, 0.2407, 0.2432, 0.2646]], device='cuda:0',
       grad_fn=<SoftmaxBackward0>)
tensor([[0.2542, 0.2363, 0.2633, 0.2462],
        [0.2507, 0.2350, 0.2617, 0.2526]], device='cuda:0',
       grad_fn=<SoftmaxBackward0>)
tensor([[0.2507, 0.2464, 0.2571, 0.2457],
        [0.2475, 0.2463, 0.2587, 0.2476],
        [0.2511, 0.2452, 0.2483, 0.2554]], device='cuda:0',
       grad_fn=<SoftmaxBackward0>)
tensor([[0.2501, 0.2449, 0.2560, 0.2490],
        [0.2477, 0.2432, 0.2564, 0.2527],
        [0.2461, 0.2509, 0.2578, 0.2452],
        [0.2487, 0.2498, 0.2487, 0.2529]], device='cuda:0',
       grad_fn=<SoftmaxBackward0>)
tensor([[0.2471, 0.2520, 0.2566, 0.2444],
        [0.2477, 0.2499, 0.2577, 0.2447],
        [0.2477, 0.2497, 0.2476, 0.2550],
        [0.2464, 0.2528, 0.2542, 0.2465],
        [0.2433, 0.2509, 0.2480, 0.2579]], device='cuda:0',
       grad_fn=<SoftmaxBackward0>)
tensor([[0.2599, 0.2499, 0.2553, 0.2349],
        [0.2610, 0.2462, 0.2543, 0.2385],
        [0.2533, 0.2422, 0.2537, 0.2508],
        [0.2536, 0.2430, 0.2508, 0.2526],
        [0.2508, 0.2439, 0.2419, 0.2635],
        [0.2486, 0.2459, 0.2466, 0.2589]], device='cuda:0',
       grad_fn=<SoftmaxBackward0>)
tensor([[0.2633, 0.2505, 0.2514, 0.2348],
        [0.2600, 0.2487, 0.2527, 0.2387],
        [0.2565, 0.2427, 0.2536, 0.2472],
        [0.2560, 0.2434, 0.2527, 0.2478],
        [0.2544, 0.2426, 0.2394, 0.2636],
        [0.2544, 0.2417, 0.2410, 0.2628],
        [0.2554, 0.2460, 0.2480, 0.2507]], device='cuda:0',
       grad_fn=<SoftmaxBackward0>)
tensor([[0.2575, 0.2320, 0.2617, 0.2488],
        [0.2593, 0.2304, 0.2584, 0.2520]], device='cuda:0',
       grad_fn=<SoftmaxBackward0>)
tensor([[0.2656, 0.2308, 0.2501, 0.2535],
        [0.2711, 0.2348, 0.2515, 0.2427],
        [0.2551, 0.2430, 0.2472, 0.2547]], device='cuda:0',
       grad_fn=<SoftmaxBackward0>)
tensor([[0.2630, 0.2413, 0.2521, 0.2436],
        [0.2551, 0.2394, 0.2520, 0.2534],
        [0.2520, 0.2470, 0.2559, 0.2450],
        [0.2500, 0.2463, 0.2454, 0.2583]], device='cuda:0',
       grad_fn=<SoftmaxBackward0>)
tensor([[0.2595, 0.2443, 0.2520, 0.2442],
        [0.2592, 0.2501, 0.2527, 0.2379],
        [0.2539, 0.2463, 0.2491, 0.2506],
        [0.2514, 0.2455, 0.2477, 0.2554],
        [0.2492, 0.2469, 0.2429, 0.2610]], device='cuda:0',
       grad_fn=<SoftmaxBackward0>)
tensor([[0.2724, 0.2379, 0.2470, 0.2427],
        [0.2809, 0.2379, 0.2433, 0.2380],
        [0.2680, 0.2399, 0.2422, 0.2499],
        [0.2611, 0.2426, 0.2376, 0.2586],
        [0.2613, 0.2434, 0.2454, 0.2500],
        [0.2636, 0.2409, 0.2370, 0.2585]], device='cuda:0',
       grad_fn=<SoftmaxBackward0>)
tensor([[0.2746, 0.2397, 0.2452, 0.2405],
        [0.2722, 0.2420, 0.2451, 0.2407],
        [0.2671, 0.2385, 0.2429, 0.2515],
        [0.2592, 0.2432, 0.2472, 0.2504],
        [0.2581, 0.2435, 0.2464, 0.2520],
        [0.2616, 0.2415, 0.2460, 0.2508],
        [0.2533, 0.2359, 0.2459, 0.2650]], device='cuda:0',
       grad_fn=<SoftmaxBackward0>)
#####################
09/04 08:16:52午後 searchStage_trainer.py:268 [INFO] Train: Epoch: [3][50/390]	Step 1223	lr 0.02479	Loss 1.6170 (1.6541)	Hard Loss 3.1876 (3.2624)	Soft Loss 0.0005 (0.0005)	Arch Loss 1.8032 (1.7208)	Arch Hard Loss 3.5630 (3.3967)	Arch Soft Loss 0.0004 (0.0004)	Arch depth Loss 0.0000 (0.0000)	Prec@(1,5) (20.5%, 47.9%)	
09/04 08:17:21午後 searchStage_trainer.py:268 [INFO] Train: Epoch: [3][100/390]	Step 1273	lr 0.02479	Loss 1.7751 (1.6565)	Hard Loss 3.5084 (3.2670)	Soft Loss 0.0004 (0.0005)	Arch Loss 1.8221 (1.7066)	Arch Hard Loss 3.5959 (3.3682)	Arch Soft Loss 0.0005 (0.0004)	Arch depth Loss 0.0000 (0.0000)	Prec@(1,5) (19.6%, 47.7%)	
09/04 08:17:52午後 searchStage_trainer.py:268 [INFO] Train: Epoch: [3][150/390]	Step 1323	lr 0.02479	Loss 1.6705 (1.6515)	Hard Loss 3.2922 (3.2573)	Soft Loss 0.0005 (0.0005)	Arch Loss 1.7351 (1.6829)	Arch Hard Loss 3.4266 (3.3212)	Arch Soft Loss 0.0004 (0.0004)	Arch depth Loss 0.0000 (0.0000)	Prec@(1,5) (19.7%, 48.2%)	
09/04 08:18:23午後 searchStage_trainer.py:268 [INFO] Train: Epoch: [3][200/390]	Step 1373	lr 0.02479	Loss 1.5281 (1.6456)	Hard Loss 3.0072 (3.2454)	Soft Loss 0.0005 (0.0005)	Arch Loss 1.6459 (1.6640)	Arch Hard Loss 3.2505 (3.2833)	Arch Soft Loss 0.0004 (0.0004)	Arch depth Loss 0.0000 (0.0000)	Prec@(1,5) (20.0%, 48.5%)	
09/04 08:18:52午後 searchStage_trainer.py:268 [INFO] Train: Epoch: [3][250/390]	Step 1423	lr 0.02479	Loss 1.6257 (1.6408)	Hard Loss 3.2092 (3.2359)	Soft Loss 0.0004 (0.0005)	Arch Loss 1.5495 (1.6550)	Arch Hard Loss 3.0523 (3.2651)	Arch Soft Loss 0.0005 (0.0004)	Arch depth Loss 0.0000 (0.0000)	Prec@(1,5) (20.2%, 48.8%)	
09/04 08:19:23午後 searchStage_trainer.py:268 [INFO] Train: Epoch: [3][300/390]	Step 1473	lr 0.02479	Loss 1.4697 (1.6363)	Hard Loss 2.8961 (3.2269)	Soft Loss 0.0004 (0.0005)	Arch Loss 1.4931 (1.6481)	Arch Hard Loss 2.9388 (3.2514)	Arch Soft Loss 0.0005 (0.0004)	Arch depth Loss 0.0000 (0.0000)	Prec@(1,5) (20.3%, 49.2%)	
09/04 08:19:54午後 searchStage_trainer.py:268 [INFO] Train: Epoch: [3][350/390]	Step 1523	lr 0.02479	Loss 1.6275 (1.6322)	Hard Loss 3.2102 (3.2187)	Soft Loss 0.0004 (0.0005)	Arch Loss 1.6688 (1.6414)	Arch Hard Loss 3.2929 (3.2382)	Arch Soft Loss 0.0004 (0.0004)	Arch depth Loss -0.0000 (0.0000)	Prec@(1,5) (20.4%, 49.5%)	
09/04 08:20:18午後 searchStage_trainer.py:268 [INFO] Train: Epoch: [3][390/390]	Step 1563	lr 0.02479	Loss 1.4647 (1.6264)	Hard Loss 2.8830 (3.2072)	Soft Loss 0.0005 (0.0005)	Arch Loss 1.4520 (1.6365)	Arch Hard Loss 2.8591 (3.2283)	Arch Soft Loss 0.0004 (0.0004)	Arch depth Loss -0.0000 (0.0000)	Prec@(1,5) (20.6%, 49.7%)	
09/04 08:20:18午後 searchStage_trainer.py:284 [INFO] Train: [  3/49] Final Prec@1 20.6240%
09/04 08:20:22午後 searchStage_trainer.py:312 [INFO] Valid: Epoch: [3][50/391]	Step 1564	Loss 3.1355	Prec@(1,5) (22.8%, 52.7%)
09/04 08:20:25午後 searchStage_trainer.py:312 [INFO] Valid: Epoch: [3][100/391]	Step 1564	Loss 3.1233	Prec@(1,5) (22.5%, 53.1%)
09/04 08:20:28午後 searchStage_trainer.py:312 [INFO] Valid: Epoch: [3][150/391]	Step 1564	Loss 3.1304	Prec@(1,5) (21.7%, 52.9%)
09/04 08:20:32午後 searchStage_trainer.py:312 [INFO] Valid: Epoch: [3][200/391]	Step 1564	Loss 3.1453	Prec@(1,5) (21.5%, 52.5%)
09/04 08:20:35午後 searchStage_trainer.py:312 [INFO] Valid: Epoch: [3][250/391]	Step 1564	Loss 3.1556	Prec@(1,5) (21.5%, 52.2%)
09/04 08:20:38午後 searchStage_trainer.py:312 [INFO] Valid: Epoch: [3][300/391]	Step 1564	Loss 3.1436	Prec@(1,5) (21.5%, 52.5%)
09/04 08:20:41午後 searchStage_trainer.py:312 [INFO] Valid: Epoch: [3][350/391]	Step 1564	Loss 3.1480	Prec@(1,5) (21.5%, 52.3%)
