08/21 06:21:52PM parser.py:28 [INFO] 
08/21 06:21:52PM parser.py:29 [INFO] Parameters:
08/21 06:21:52PM parser.py:31 [INFO] DAG_PATH=results/search_stage_KD/cifar10/noSlideWindow/s1-20240821-182152/DAG
08/21 06:21:52PM parser.py:31 [INFO] T=10.0
08/21 06:21:52PM parser.py:31 [INFO] ADVANCED=False
08/21 06:21:52PM parser.py:31 [INFO] ALPHA_LR=0.0003
08/21 06:21:52PM parser.py:31 [INFO] ALPHA_WEIGHT_DECAY=0.001
08/21 06:21:52PM parser.py:31 [INFO] BATCH_SIZE=64
08/21 06:21:52PM parser.py:31 [INFO] CASCADE=True
08/21 06:21:52PM parser.py:31 [INFO] CHECKPOINT_RESET=False
08/21 06:21:52PM parser.py:31 [INFO] CUTOUT_LENGTH=0
08/21 06:21:52PM parser.py:31 [INFO] DATA_PATH=../data/
08/21 06:21:52PM parser.py:31 [INFO] DATASET=cifar10
08/21 06:21:52PM parser.py:31 [INFO] DESCRIPTION=noSlideWindow_version_searching_stage
08/21 06:21:52PM parser.py:31 [INFO] EPOCHS=50
08/21 06:21:52PM parser.py:31 [INFO] EXP_NAME=s1-20240821-182152
08/21 06:21:52PM parser.py:31 [INFO] GENOTYPE=Genotype3(normal1=[[('sep_conv_5x5', 0), ('sep_conv_3x3', 1)], [('sep_conv_3x3', 1), ('sep_conv_3x3', 0)], [('sep_conv_3x3', 1), ('sep_conv_3x3', 2)], [('sep_conv_3x3', 0), ('sep_conv_5x5', 4)]], normal1_concat=range(2, 6), reduce1=[[('sep_conv_3x3', 0), ('skip_connect', 1)], [('sep_conv_3x3', 1), ('max_pool_3x3', 0)], [('sep_conv_3x3', 2), ('sep_conv_3x3', 1)], [('max_pool_3x3', 0), ('dil_conv_3x3', 1)]], reduce1_concat=range(2, 6), normal2=[[('skip_connect', 0), ('sep_conv_5x5', 1)], [('skip_connect', 0), ('skip_connect', 2)], [('avg_pool_3x3', 0), ('avg_pool_3x3', 2)], [('skip_connect', 0), ('avg_pool_3x3', 2)]], normal2_concat=range(2, 6), reduce2=[[('avg_pool_3x3', 0), ('avg_pool_3x3', 1)], [('avg_pool_3x3', 0), ('skip_connect', 2)], [('skip_connect', 2), ('avg_pool_3x3', 0)], [('skip_connect', 2), ('avg_pool_3x3', 0)]], reduce2_concat=range(2, 6), normal3=[[('skip_connect', 0), ('skip_connect', 1)], [('skip_connect', 0), ('dil_conv_3x3', 1)], [('skip_connect', 0), ('skip_connect', 1)], [('skip_connect', 0), ('skip_connect', 2)]], normal3_concat=range(2, 6))
08/21 06:21:52PM parser.py:31 [INFO] GPUS=[0]
08/21 06:21:52PM parser.py:31 [INFO] INIT_CHANNELS=16
08/21 06:21:52PM parser.py:31 [INFO] L=0.5
08/21 06:21:52PM parser.py:31 [INFO] LAYERS=20
08/21 06:21:52PM parser.py:31 [INFO] LOGGER=<Logger H-DAS (INFO)>
08/21 06:21:52PM parser.py:31 [INFO] NAME=noSlideWindow
08/21 06:21:52PM parser.py:31 [INFO] NONKD=True
08/21 06:21:52PM parser.py:31 [INFO] PATH=results/search_stage_KD/cifar10/noSlideWindow/s1-20240821-182152
08/21 06:21:52PM parser.py:31 [INFO] PCDARTS=False
08/21 06:21:52PM parser.py:31 [INFO] PLOT_PATH=results/search_stage_KD/cifar10/noSlideWindow/s1-20240821-182152/plots
08/21 06:21:52PM parser.py:31 [INFO] PRINT_FREQ=50
08/21 06:21:52PM parser.py:31 [INFO] RESUME_PATH=None
08/21 06:21:52PM parser.py:31 [INFO] SAVE=s1
08/21 06:21:52PM parser.py:31 [INFO] SEED=1
08/21 06:21:52PM parser.py:31 [INFO] SHARE_STAGE=False
08/21 06:21:52PM parser.py:31 [INFO] SPEC_CELL=True
08/21 06:21:52PM parser.py:31 [INFO] TEACHER_NAME=non
08/21 06:21:52PM parser.py:31 [INFO] TEACHER_PATH=non
08/21 06:21:52PM parser.py:31 [INFO] TRAIN_PORTION=0.5
08/21 06:21:52PM parser.py:31 [INFO] W_GRAD_CLIP=5.0
08/21 06:21:52PM parser.py:31 [INFO] W_LR=0.025
08/21 06:21:52PM parser.py:31 [INFO] W_LR_MIN=0.001
08/21 06:21:52PM parser.py:31 [INFO] W_MOMENTUM=0.9
08/21 06:21:52PM parser.py:31 [INFO] W_WEIGHT_DECAY=0.0003
08/21 06:21:52PM parser.py:31 [INFO] WORKERS=4
08/21 06:21:52PM parser.py:32 [INFO] 
08/21 06:22:05PM searchStage_trainer.py:134 [INFO] --> No loaded checkpoint!
####### ALPHA #######
# Alpha - DAG
tensor([[0.2501, 0.2502, 0.2500, 0.2497],
        [0.2504, 0.2499, 0.2498, 0.2499]], device='cuda:0',
       grad_fn=<SoftmaxBackward0>)
tensor([[0.2502, 0.2499, 0.2501, 0.2498],
        [0.2497, 0.2501, 0.2499, 0.2503],
        [0.2503, 0.2499, 0.2496, 0.2501]], device='cuda:0',
       grad_fn=<SoftmaxBackward0>)
tensor([[0.2502, 0.2497, 0.2503, 0.2498],
        [0.2503, 0.2501, 0.2498, 0.2498],
        [0.2502, 0.2497, 0.2497, 0.2503],
        [0.2496, 0.2502, 0.2501, 0.2501]], device='cuda:0',
       grad_fn=<SoftmaxBackward0>)
tensor([[0.2501, 0.2498, 0.2500, 0.2501],
        [0.2501, 0.2502, 0.2499, 0.2498],
        [0.2501, 0.2499, 0.2500, 0.2499],
        [0.2502, 0.2498, 0.2501, 0.2500],
        [0.2501, 0.2502, 0.2500, 0.2497]], device='cuda:0',
       grad_fn=<SoftmaxBackward0>)
tensor([[0.2497, 0.2500, 0.2501, 0.2502],
        [0.2506, 0.2499, 0.2499, 0.2497],
        [0.2498, 0.2498, 0.2502, 0.2501],
        [0.2498, 0.2500, 0.2503, 0.2499],
        [0.2500, 0.2502, 0.2499, 0.2499],
        [0.2498, 0.2499, 0.2504, 0.2499]], device='cuda:0',
       grad_fn=<SoftmaxBackward0>)
tensor([[0.2502, 0.2498, 0.2498, 0.2502],
        [0.2498, 0.2503, 0.2500, 0.2499],
        [0.2498, 0.2500, 0.2502, 0.2501],
        [0.2502, 0.2501, 0.2500, 0.2497],
        [0.2495, 0.2498, 0.2503, 0.2504],
        [0.2497, 0.2503, 0.2499, 0.2500],
        [0.2500, 0.2502, 0.2499, 0.2499]], device='cuda:0',
       grad_fn=<SoftmaxBackward0>)
tensor([[0.2503, 0.2501, 0.2492, 0.2504],
        [0.2498, 0.2501, 0.2502, 0.2499]], device='cuda:0',
       grad_fn=<SoftmaxBackward0>)
tensor([[0.2502, 0.2500, 0.2500, 0.2498],
        [0.2498, 0.2502, 0.2498, 0.2501],
        [0.2502, 0.2500, 0.2501, 0.2497]], device='cuda:0',
       grad_fn=<SoftmaxBackward0>)
tensor([[0.2502, 0.2497, 0.2503, 0.2498],
        [0.2501, 0.2501, 0.2501, 0.2498],
        [0.2503, 0.2496, 0.2500, 0.2501],
        [0.2497, 0.2500, 0.2499, 0.2504]], device='cuda:0',
       grad_fn=<SoftmaxBackward0>)
tensor([[0.2500, 0.2497, 0.2500, 0.2503],
        [0.2500, 0.2499, 0.2502, 0.2499],
        [0.2499, 0.2501, 0.2501, 0.2499],
        [0.2501, 0.2499, 0.2503, 0.2497],
        [0.2500, 0.2501, 0.2502, 0.2497]], device='cuda:0',
       grad_fn=<SoftmaxBackward0>)
tensor([[0.2499, 0.2496, 0.2502, 0.2503],
        [0.2497, 0.2500, 0.2501, 0.2502],
        [0.2500, 0.2500, 0.2501, 0.2498],
        [0.2497, 0.2499, 0.2502, 0.2502],
        [0.2500, 0.2503, 0.2501, 0.2497],
        [0.2504, 0.2502, 0.2496, 0.2499]], device='cuda:0',
       grad_fn=<SoftmaxBackward0>)
tensor([[0.2500, 0.2501, 0.2501, 0.2498],
        [0.2499, 0.2503, 0.2499, 0.2500],
        [0.2499, 0.2498, 0.2499, 0.2504],
        [0.2500, 0.2501, 0.2497, 0.2502],
        [0.2503, 0.2501, 0.2498, 0.2498],
        [0.2498, 0.2505, 0.2495, 0.2502],
        [0.2498, 0.2500, 0.2503, 0.2499]], device='cuda:0',
       grad_fn=<SoftmaxBackward0>)
tensor([[0.2502, 0.2500, 0.2499, 0.2500],
        [0.2500, 0.2503, 0.2502, 0.2495]], device='cuda:0',
       grad_fn=<SoftmaxBackward0>)
tensor([[0.2502, 0.2501, 0.2497, 0.2499],
        [0.2504, 0.2496, 0.2503, 0.2497],
        [0.2497, 0.2500, 0.2501, 0.2501]], device='cuda:0',
       grad_fn=<SoftmaxBackward0>)
tensor([[0.2501, 0.2501, 0.2499, 0.2500],
        [0.2500, 0.2496, 0.2501, 0.2502],
        [0.2499, 0.2500, 0.2500, 0.2501],
        [0.2501, 0.2496, 0.2501, 0.2502]], device='cuda:0',
       grad_fn=<SoftmaxBackward0>)
tensor([[0.2501, 0.2495, 0.2505, 0.2500],
        [0.2502, 0.2501, 0.2497, 0.2501],
        [0.2502, 0.2500, 0.2499, 0.2499],
        [0.2498, 0.2501, 0.2500, 0.2501],
        [0.2501, 0.2499, 0.2497, 0.2502]], device='cuda:0',
       grad_fn=<SoftmaxBackward0>)
tensor([[0.2500, 0.2501, 0.2501, 0.2499],
        [0.2498, 0.2497, 0.2501, 0.2504],
        [0.2497, 0.2503, 0.2501, 0.2499],
        [0.2503, 0.2496, 0.2504, 0.2497],
        [0.2504, 0.2497, 0.2502, 0.2498],
        [0.2498, 0.2499, 0.2501, 0.2501]], device='cuda:0',
       grad_fn=<SoftmaxBackward0>)
tensor([[0.2501, 0.2503, 0.2497, 0.2498],
        [0.2503, 0.2497, 0.2499, 0.2500],
        [0.2505, 0.2498, 0.2499, 0.2498],
        [0.2499, 0.2501, 0.2497, 0.2504],
        [0.2500, 0.2497, 0.2503, 0.2501],
        [0.2496, 0.2501, 0.2504, 0.2499],
        [0.2504, 0.2500, 0.2497, 0.2500]], device='cuda:0',
       grad_fn=<SoftmaxBackward0>)
#####################
08/21 06:22:23PM searchStage_trainer.py:267 [INFO] Train: Epoch: [0][50/390]	Step 50	lr 0.025	Loss 2.1252 (2.2925)	Hard Loss 2.1252 (2.2925)	Soft Loss 2.1252 (2.2925)	Arch Loss 2.2602 (2.2841)	Arch Hard Loss 0.0000 (0.0000)	Arch Soft Loss 0.0000 (0.0000)	Arch depth Loss 0.0000 (0.0000)	Prec@(1,5) (18.1%, 67.0%)	
08/21 06:22:38PM searchStage_trainer.py:267 [INFO] Train: Epoch: [0][100/390]	Step 100	lr 0.025	Loss 2.1240 (2.2017)	Hard Loss 2.1240 (2.2017)	Soft Loss 2.1240 (2.2017)	Arch Loss 1.7881 (2.1954)	Arch Hard Loss 0.0000 (0.0000)	Arch Soft Loss 0.0000 (0.0000)	Arch depth Loss 0.0000 (0.0000)	Prec@(1,5) (20.6%, 72.0%)	
08/21 06:22:54PM searchStage_trainer.py:267 [INFO] Train: Epoch: [0][150/390]	Step 150	lr 0.025	Loss 1.8019 (2.0978)	Hard Loss 1.8019 (2.0978)	Soft Loss 1.8019 (2.0978)	Arch Loss 2.0205 (2.0960)	Arch Hard Loss 0.0000 (0.0000)	Arch Soft Loss 0.0000 (0.0000)	Arch depth Loss 0.0000 (0.0000)	Prec@(1,5) (22.7%, 75.6%)	
08/21 06:23:10PM searchStage_trainer.py:267 [INFO] Train: Epoch: [0][200/390]	Step 200	lr 0.025	Loss 1.7752 (2.0220)	Hard Loss 1.7752 (2.0220)	Soft Loss 1.7752 (2.0220)	Arch Loss 1.8788 (2.0231)	Arch Hard Loss 0.0000 (0.0000)	Arch Soft Loss 0.0000 (0.0000)	Arch depth Loss 0.0000 (0.0000)	Prec@(1,5) (24.9%, 78.4%)	
08/21 06:23:26PM searchStage_trainer.py:267 [INFO] Train: Epoch: [0][250/390]	Step 250	lr 0.025	Loss 1.5901 (1.9704)	Hard Loss 1.5901 (1.9704)	Soft Loss 1.5901 (1.9704)	Arch Loss 1.8156 (1.9705)	Arch Hard Loss 0.0000 (0.0000)	Arch Soft Loss 0.0000 (0.0000)	Arch depth Loss 0.0000 (0.0000)	Prec@(1,5) (26.5%, 79.9%)	
08/21 06:23:41PM searchStage_trainer.py:267 [INFO] Train: Epoch: [0][300/390]	Step 300	lr 0.025	Loss 1.5895 (1.9255)	Hard Loss 1.5895 (1.9255)	Soft Loss 1.5895 (1.9255)	Arch Loss 1.5101 (1.9282)	Arch Hard Loss 0.0000 (0.0000)	Arch Soft Loss 0.0000 (0.0000)	Arch depth Loss 0.0000 (0.0000)	Prec@(1,5) (27.8%, 81.2%)	
08/21 06:23:57PM searchStage_trainer.py:267 [INFO] Train: Epoch: [0][350/390]	Step 350	lr 0.025	Loss 1.4493 (1.8886)	Hard Loss 1.4493 (1.8886)	Soft Loss 1.4493 (1.8886)	Arch Loss 1.6017 (1.8903)	Arch Hard Loss 0.0000 (0.0000)	Arch Soft Loss 0.0000 (0.0000)	Arch depth Loss 0.0000 (0.0000)	Prec@(1,5) (29.3%, 82.3%)	
08/21 06:24:10PM searchStage_trainer.py:267 [INFO] Train: Epoch: [0][390/390]	Step 390	lr 0.025	Loss 1.7495 (1.8599)	Hard Loss 1.7495 (1.8599)	Soft Loss 1.7495 (1.8599)	Arch Loss 1.5167 (1.8599)	Arch Hard Loss 0.0000 (0.0000)	Arch Soft Loss 0.0000 (0.0000)	Arch depth Loss 0.0000 (0.0000)	Prec@(1,5) (30.3%, 83.1%)	
08/21 06:24:11PM searchStage_trainer.py:283 [INFO] Train: [  0/49] Final Prec@1 30.2600%
08/21 06:24:14PM searchStage_trainer.py:311 [INFO] Valid: Epoch: [0][50/391]	Step 391	Loss 1.5963	Prec@(1,5) (39.2%, 90.0%)
08/21 06:24:16PM searchStage_trainer.py:311 [INFO] Valid: Epoch: [0][100/391]	Step 391	Loss 1.5947	Prec@(1,5) (39.9%, 89.6%)
08/21 06:24:19PM searchStage_trainer.py:311 [INFO] Valid: Epoch: [0][150/391]	Step 391	Loss 1.5937	Prec@(1,5) (39.9%, 89.6%)
08/21 06:24:22PM searchStage_trainer.py:311 [INFO] Valid: Epoch: [0][200/391]	Step 391	Loss 1.5919	Prec@(1,5) (39.7%, 89.6%)
08/21 06:24:24PM searchStage_trainer.py:311 [INFO] Valid: Epoch: [0][250/391]	Step 391	Loss 1.5940	Prec@(1,5) (39.5%, 89.6%)
08/21 06:24:27PM searchStage_trainer.py:311 [INFO] Valid: Epoch: [0][300/391]	Step 391	Loss 1.5968	Prec@(1,5) (39.4%, 89.5%)
08/21 06:24:29PM searchStage_trainer.py:311 [INFO] Valid: Epoch: [0][350/391]	Step 391	Loss 1.5983	Prec@(1,5) (39.3%, 89.5%)
08/21 06:24:31PM searchStage_trainer.py:311 [INFO] Valid: Epoch: [0][390/391]	Step 391	Loss 1.5951	Prec@(1,5) (39.6%, 89.5%)
08/21 06:24:32PM searchStage_trainer.py:322 [INFO] Valid: [  0/49] Final Prec@1 39.6000%
08/21 06:24:32PM searchStage_KD_main.py:58 [INFO] DAG = Genotype2(DAG1=[[('max_pool_3x3', 1), ('avg_pool_3x3', 0)], [('max_pool_3x3', 2), ('max_pool_3x3', 0)], [('avg_pool_3x3', 3), ('skip_connect', 0)], [('avg_pool_3x3', 4), ('avg_pool_3x3', 1)], [('max_pool_3x3', 1), ('skip_connect', 0)], [('skip_connect', 4), ('avg_pool_3x3', 1)]], DAG1_concat=range(6, 8), DAG2=[[('skip_connect', 1), ('max_pool_3x3', 0)], [('max_pool_3x3', 2), ('avg_pool_3x3', 1)], [('max_pool_3x3', 2), ('skip_connect', 0)], [('skip_connect', 3), ('skip_connect', 1)], [('skip_connect', 0), ('max_pool_3x3', 5)], [('max_pool_3x3', 4), ('avg_pool_3x3', 5)]], DAG2_concat=range(6, 8), DAG3=[[('avg_pool_3x3', 1), ('max_pool_3x3', 0)], [('max_pool_3x3', 0), ('max_pool_3x3', 1)], [('max_pool_3x3', 0), ('skip_connect', 2)], [('skip_connect', 0), ('avg_pool_3x3', 3)], [('skip_connect', 3), ('max_pool_3x3', 4)], [('avg_pool_3x3', 0), ('max_pool_3x3', 1)]], DAG3_concat=range(6, 8))
08/21 06:24:32PM searchStage_KD_main.py:89 [INFO] Until now, best Prec@1 = 39.6000%
####### ALPHA #######
# Alpha - DAG
tensor([[0.2501, 0.2502, 0.2500, 0.2497],
        [0.2504, 0.2499, 0.2498, 0.2499]], device='cuda:0',
       grad_fn=<SoftmaxBackward0>)
tensor([[0.2502, 0.2499, 0.2501, 0.2498],
        [0.2497, 0.2501, 0.2499, 0.2503],
        [0.2503, 0.2499, 0.2496, 0.2501]], device='cuda:0',
       grad_fn=<SoftmaxBackward0>)
tensor([[0.2502, 0.2497, 0.2503, 0.2498],
        [0.2503, 0.2501, 0.2498, 0.2498],
        [0.2502, 0.2497, 0.2497, 0.2503],
        [0.2496, 0.2502, 0.2501, 0.2501]], device='cuda:0',
       grad_fn=<SoftmaxBackward0>)
tensor([[0.2501, 0.2498, 0.2500, 0.2501],
        [0.2501, 0.2502, 0.2499, 0.2498],
        [0.2501, 0.2499, 0.2500, 0.2499],
        [0.2502, 0.2498, 0.2501, 0.2500],
        [0.2501, 0.2502, 0.2500, 0.2497]], device='cuda:0',
       grad_fn=<SoftmaxBackward0>)
tensor([[0.2497, 0.2500, 0.2501, 0.2502],
        [0.2506, 0.2499, 0.2499, 0.2497],
        [0.2498, 0.2498, 0.2502, 0.2501],
        [0.2498, 0.2500, 0.2503, 0.2499],
        [0.2500, 0.2502, 0.2499, 0.2499],
        [0.2498, 0.2499, 0.2504, 0.2499]], device='cuda:0',
       grad_fn=<SoftmaxBackward0>)
tensor([[0.2502, 0.2498, 0.2498, 0.2502],
        [0.2498, 0.2503, 0.2500, 0.2499],
        [0.2498, 0.2500, 0.2502, 0.2501],
        [0.2502, 0.2501, 0.2500, 0.2497],
        [0.2495, 0.2498, 0.2503, 0.2504],
        [0.2497, 0.2503, 0.2499, 0.2500],
        [0.2500, 0.2502, 0.2499, 0.2499]], device='cuda:0',
       grad_fn=<SoftmaxBackward0>)
tensor([[0.2503, 0.2501, 0.2492, 0.2504],
        [0.2498, 0.2501, 0.2502, 0.2499]], device='cuda:0',
       grad_fn=<SoftmaxBackward0>)
tensor([[0.2502, 0.2500, 0.2500, 0.2498],
        [0.2498, 0.2502, 0.2498, 0.2501],
        [0.2502, 0.2500, 0.2501, 0.2497]], device='cuda:0',
       grad_fn=<SoftmaxBackward0>)
tensor([[0.2502, 0.2497, 0.2503, 0.2498],
        [0.2501, 0.2501, 0.2501, 0.2498],
        [0.2503, 0.2496, 0.2500, 0.2501],
        [0.2497, 0.2500, 0.2499, 0.2504]], device='cuda:0',
       grad_fn=<SoftmaxBackward0>)
tensor([[0.2500, 0.2497, 0.2500, 0.2503],
        [0.2500, 0.2499, 0.2502, 0.2499],
        [0.2499, 0.2501, 0.2501, 0.2499],
        [0.2501, 0.2499, 0.2503, 0.2497],
        [0.2500, 0.2501, 0.2502, 0.2497]], device='cuda:0',
       grad_fn=<SoftmaxBackward0>)
tensor([[0.2499, 0.2496, 0.2502, 0.2503],
        [0.2497, 0.2500, 0.2501, 0.2502],
        [0.2500, 0.2500, 0.2501, 0.2498],
        [0.2497, 0.2499, 0.2502, 0.2502],
        [0.2500, 0.2503, 0.2501, 0.2497],
        [0.2504, 0.2502, 0.2496, 0.2499]], device='cuda:0',
       grad_fn=<SoftmaxBackward0>)
tensor([[0.2500, 0.2501, 0.2501, 0.2498],
        [0.2499, 0.2503, 0.2499, 0.2500],
        [0.2499, 0.2498, 0.2499, 0.2504],
        [0.2500, 0.2501, 0.2497, 0.2502],
        [0.2503, 0.2501, 0.2498, 0.2498],
        [0.2498, 0.2505, 0.2495, 0.2502],
        [0.2498, 0.2500, 0.2503, 0.2499]], device='cuda:0',
       grad_fn=<SoftmaxBackward0>)
tensor([[0.2502, 0.2500, 0.2499, 0.2500],
        [0.2500, 0.2503, 0.2502, 0.2495]], device='cuda:0',
       grad_fn=<SoftmaxBackward0>)
tensor([[0.2502, 0.2501, 0.2497, 0.2499],
        [0.2504, 0.2496, 0.2503, 0.2497],
        [0.2497, 0.2500, 0.2501, 0.2501]], device='cuda:0',
       grad_fn=<SoftmaxBackward0>)
tensor([[0.2501, 0.2501, 0.2499, 0.2500],
        [0.2500, 0.2496, 0.2501, 0.2502],
        [0.2499, 0.2500, 0.2500, 0.2501],
        [0.2501, 0.2496, 0.2501, 0.2502]], device='cuda:0',
       grad_fn=<SoftmaxBackward0>)
tensor([[0.2501, 0.2495, 0.2505, 0.2500],
        [0.2502, 0.2501, 0.2497, 0.2501],
        [0.2502, 0.2500, 0.2499, 0.2499],
        [0.2498, 0.2501, 0.2500, 0.2501],
        [0.2501, 0.2499, 0.2497, 0.2502]], device='cuda:0',
       grad_fn=<SoftmaxBackward0>)
tensor([[0.2500, 0.2501, 0.2501, 0.2499],
        [0.2498, 0.2497, 0.2501, 0.2504],
        [0.2497, 0.2503, 0.2501, 0.2499],
        [0.2503, 0.2496, 0.2504, 0.2497],
        [0.2504, 0.2497, 0.2502, 0.2498],
        [0.2498, 0.2499, 0.2501, 0.2501]], device='cuda:0',
       grad_fn=<SoftmaxBackward0>)
tensor([[0.2501, 0.2503, 0.2497, 0.2498],
        [0.2503, 0.2497, 0.2499, 0.2500],
        [0.2505, 0.2498, 0.2499, 0.2498],
        [0.2499, 0.2501, 0.2497, 0.2504],
        [0.2500, 0.2497, 0.2503, 0.2501],
        [0.2496, 0.2501, 0.2504, 0.2499],
        [0.2504, 0.2500, 0.2497, 0.2500]], device='cuda:0',
       grad_fn=<SoftmaxBackward0>)
#####################
08/21 06:24:49午後 searchStage_trainer.py:267 [INFO] Train: Epoch: [1][50/390]	Step 441	lr 0.02498	Loss 1.6933 (1.5935)	Hard Loss 1.6933 (1.5935)	Soft Loss 1.6933 (1.5935)	Arch Loss 1.5233 (1.6358)	Arch Hard Loss 0.0000 (0.0000)	Arch Soft Loss 0.0000 (0.0000)	Arch depth Loss 0.0000 (0.0000)	Prec@(1,5) (40.6%, 89.8%)	
08/21 06:25:04午後 searchStage_trainer.py:267 [INFO] Train: Epoch: [1][100/390]	Step 491	lr 0.02498	Loss 1.4903 (1.5618)	Hard Loss 1.4903 (1.5618)	Soft Loss 1.4903 (1.5618)	Arch Loss 1.8369 (1.6099)	Arch Hard Loss 0.0000 (0.0000)	Arch Soft Loss 0.0000 (0.0000)	Arch depth Loss 0.0000 (0.0000)	Prec@(1,5) (41.6%, 90.2%)	
08/21 06:25:20午後 searchStage_trainer.py:267 [INFO] Train: Epoch: [1][150/390]	Step 541	lr 0.02498	Loss 1.2459 (1.5536)	Hard Loss 1.2459 (1.5536)	Soft Loss 1.2459 (1.5536)	Arch Loss 1.3918 (1.5854)	Arch Hard Loss 0.0000 (0.0000)	Arch Soft Loss 0.0000 (0.0000)	Arch depth Loss 0.0000 (0.0000)	Prec@(1,5) (41.7%, 90.4%)	
08/21 06:25:36午後 searchStage_trainer.py:267 [INFO] Train: Epoch: [1][200/390]	Step 591	lr 0.02498	Loss 1.4794 (1.5410)	Hard Loss 1.4794 (1.5410)	Soft Loss 1.4794 (1.5410)	Arch Loss 1.5067 (1.5699)	Arch Hard Loss 0.0000 (0.0000)	Arch Soft Loss 0.0000 (0.0000)	Arch depth Loss 0.0000 (0.0000)	Prec@(1,5) (42.4%, 90.7%)	
08/21 06:25:52午後 searchStage_trainer.py:267 [INFO] Train: Epoch: [1][250/390]	Step 641	lr 0.02498	Loss 1.5093 (1.5309)	Hard Loss 1.5093 (1.5309)	Soft Loss 1.5093 (1.5309)	Arch Loss 1.3236 (1.5557)	Arch Hard Loss 0.0000 (0.0000)	Arch Soft Loss 0.0000 (0.0000)	Arch depth Loss 0.0000 (0.0000)	Prec@(1,5) (43.0%, 90.9%)	
08/21 06:26:08午後 searchStage_trainer.py:267 [INFO] Train: Epoch: [1][300/390]	Step 691	lr 0.02498	Loss 1.3732 (1.5232)	Hard Loss 1.3732 (1.5232)	Soft Loss 1.3732 (1.5232)	Arch Loss 1.4405 (1.5418)	Arch Hard Loss 0.0000 (0.0000)	Arch Soft Loss 0.0000 (0.0000)	Arch depth Loss 0.0000 (0.0000)	Prec@(1,5) (43.5%, 91.0%)	
08/21 06:26:24午後 searchStage_trainer.py:267 [INFO] Train: Epoch: [1][350/390]	Step 741	lr 0.02498	Loss 1.4236 (1.5166)	Hard Loss 1.4236 (1.5166)	Soft Loss 1.4236 (1.5166)	Arch Loss 1.3464 (1.5304)	Arch Hard Loss 0.0000 (0.0000)	Arch Soft Loss 0.0000 (0.0000)	Arch depth Loss 0.0000 (0.0000)	Prec@(1,5) (43.7%, 91.2%)	
08/21 06:26:37午後 searchStage_trainer.py:267 [INFO] Train: Epoch: [1][390/390]	Step 781	lr 0.02498	Loss 1.2685 (1.5052)	Hard Loss 1.2685 (1.5052)	Soft Loss 1.2685 (1.5052)	Arch Loss 1.4751 (1.5170)	Arch Hard Loss 0.0000 (0.0000)	Arch Soft Loss 0.0000 (0.0000)	Arch depth Loss 0.0000 (0.0000)	Prec@(1,5) (44.2%, 91.4%)	
08/21 06:26:37午後 searchStage_trainer.py:283 [INFO] Train: [  1/49] Final Prec@1 44.1640%
08/21 06:26:40午後 searchStage_trainer.py:311 [INFO] Valid: Epoch: [1][50/391]	Step 782	Loss 1.5645	Prec@(1,5) (44.4%, 91.3%)
08/21 06:26:42午後 searchStage_trainer.py:311 [INFO] Valid: Epoch: [1][100/391]	Step 782	Loss 1.5709	Prec@(1,5) (44.6%, 90.9%)
08/21 06:26:45午後 searchStage_trainer.py:311 [INFO] Valid: Epoch: [1][150/391]	Step 782	Loss 1.5582	Prec@(1,5) (45.1%, 90.9%)
08/21 06:26:48午後 searchStage_trainer.py:311 [INFO] Valid: Epoch: [1][200/391]	Step 782	Loss 1.5554	Prec@(1,5) (44.9%, 91.0%)
08/21 06:26:50午後 searchStage_trainer.py:311 [INFO] Valid: Epoch: [1][250/391]	Step 782	Loss 1.5581	Prec@(1,5) (45.1%, 91.1%)
08/21 06:26:53午後 searchStage_trainer.py:311 [INFO] Valid: Epoch: [1][300/391]	Step 782	Loss 1.5522	Prec@(1,5) (45.2%, 91.2%)
08/21 06:26:55午後 searchStage_trainer.py:311 [INFO] Valid: Epoch: [1][350/391]	Step 782	Loss 1.5473	Prec@(1,5) (45.5%, 91.2%)
08/21 06:26:57午後 searchStage_trainer.py:311 [INFO] Valid: Epoch: [1][390/391]	Step 782	Loss 1.5448	Prec@(1,5) (45.5%, 91.3%)
08/21 06:26:58午後 searchStage_trainer.py:322 [INFO] Valid: [  1/49] Final Prec@1 45.5520%
08/21 06:26:58午後 searchStage_KD_main.py:58 [INFO] DAG = Genotype2(DAG1=[[('max_pool_3x3', 1), ('avg_pool_3x3', 0)], [('max_pool_3x3', 2), ('max_pool_3x3', 0)], [('avg_pool_3x3', 3), ('skip_connect', 0)], [('avg_pool_3x3', 4), ('avg_pool_3x3', 1)], [('max_pool_3x3', 1), ('skip_connect', 0)], [('skip_connect', 4), ('avg_pool_3x3', 1)]], DAG1_concat=range(6, 8), DAG2=[[('skip_connect', 1), ('max_pool_3x3', 0)], [('max_pool_3x3', 2), ('avg_pool_3x3', 1)], [('max_pool_3x3', 2), ('skip_connect', 0)], [('skip_connect', 3), ('skip_connect', 1)], [('skip_connect', 0), ('max_pool_3x3', 5)], [('max_pool_3x3', 4), ('avg_pool_3x3', 5)]], DAG2_concat=range(6, 8), DAG3=[[('avg_pool_3x3', 1), ('max_pool_3x3', 0)], [('max_pool_3x3', 0), ('max_pool_3x3', 1)], [('max_pool_3x3', 0), ('skip_connect', 2)], [('skip_connect', 0), ('avg_pool_3x3', 3)], [('skip_connect', 3), ('max_pool_3x3', 4)], [('avg_pool_3x3', 0), ('max_pool_3x3', 1)]], DAG3_concat=range(6, 8))
08/21 06:26:58午後 searchStage_KD_main.py:89 [INFO] Until now, best Prec@1 = 45.5520%
####### ALPHA #######
# Alpha - DAG
tensor([[0.2501, 0.2502, 0.2500, 0.2497],
        [0.2504, 0.2499, 0.2498, 0.2499]], device='cuda:0',
       grad_fn=<SoftmaxBackward0>)
tensor([[0.2502, 0.2499, 0.2501, 0.2498],
        [0.2497, 0.2501, 0.2499, 0.2503],
        [0.2503, 0.2499, 0.2496, 0.2501]], device='cuda:0',
       grad_fn=<SoftmaxBackward0>)
tensor([[0.2502, 0.2497, 0.2503, 0.2498],
        [0.2503, 0.2501, 0.2498, 0.2498],
        [0.2502, 0.2497, 0.2497, 0.2503],
        [0.2496, 0.2502, 0.2501, 0.2501]], device='cuda:0',
       grad_fn=<SoftmaxBackward0>)
tensor([[0.2501, 0.2498, 0.2500, 0.2501],
        [0.2501, 0.2502, 0.2499, 0.2498],
        [0.2501, 0.2499, 0.2500, 0.2499],
        [0.2502, 0.2498, 0.2501, 0.2500],
        [0.2501, 0.2502, 0.2500, 0.2497]], device='cuda:0',
       grad_fn=<SoftmaxBackward0>)
tensor([[0.2497, 0.2500, 0.2501, 0.2502],
        [0.2506, 0.2499, 0.2499, 0.2497],
        [0.2498, 0.2498, 0.2502, 0.2501],
        [0.2498, 0.2500, 0.2503, 0.2499],
        [0.2500, 0.2502, 0.2499, 0.2499],
        [0.2498, 0.2499, 0.2504, 0.2499]], device='cuda:0',
       grad_fn=<SoftmaxBackward0>)
tensor([[0.2502, 0.2498, 0.2498, 0.2502],
        [0.2498, 0.2503, 0.2500, 0.2499],
        [0.2498, 0.2500, 0.2502, 0.2501],
        [0.2502, 0.2501, 0.2500, 0.2497],
        [0.2495, 0.2498, 0.2503, 0.2504],
        [0.2497, 0.2503, 0.2499, 0.2500],
        [0.2500, 0.2502, 0.2499, 0.2499]], device='cuda:0',
       grad_fn=<SoftmaxBackward0>)
tensor([[0.2503, 0.2501, 0.2492, 0.2504],
        [0.2498, 0.2501, 0.2502, 0.2499]], device='cuda:0',
       grad_fn=<SoftmaxBackward0>)
tensor([[0.2502, 0.2500, 0.2500, 0.2498],
        [0.2498, 0.2502, 0.2498, 0.2501],
        [0.2502, 0.2500, 0.2501, 0.2497]], device='cuda:0',
       grad_fn=<SoftmaxBackward0>)
tensor([[0.2502, 0.2497, 0.2503, 0.2498],
        [0.2501, 0.2501, 0.2501, 0.2498],
        [0.2503, 0.2496, 0.2500, 0.2501],
        [0.2497, 0.2500, 0.2499, 0.2504]], device='cuda:0',
       grad_fn=<SoftmaxBackward0>)
tensor([[0.2500, 0.2497, 0.2500, 0.2503],
        [0.2500, 0.2499, 0.2502, 0.2499],
        [0.2499, 0.2501, 0.2501, 0.2499],
        [0.2501, 0.2499, 0.2503, 0.2497],
        [0.2500, 0.2501, 0.2502, 0.2497]], device='cuda:0',
       grad_fn=<SoftmaxBackward0>)
tensor([[0.2499, 0.2496, 0.2502, 0.2503],
        [0.2497, 0.2500, 0.2501, 0.2502],
        [0.2500, 0.2500, 0.2501, 0.2498],
        [0.2497, 0.2499, 0.2502, 0.2502],
        [0.2500, 0.2503, 0.2501, 0.2497],
        [0.2504, 0.2502, 0.2496, 0.2499]], device='cuda:0',
       grad_fn=<SoftmaxBackward0>)
tensor([[0.2500, 0.2501, 0.2501, 0.2498],
        [0.2499, 0.2503, 0.2499, 0.2500],
        [0.2499, 0.2498, 0.2499, 0.2504],
        [0.2500, 0.2501, 0.2497, 0.2502],
        [0.2503, 0.2501, 0.2498, 0.2498],
        [0.2498, 0.2505, 0.2495, 0.2502],
        [0.2498, 0.2500, 0.2503, 0.2499]], device='cuda:0',
       grad_fn=<SoftmaxBackward0>)
tensor([[0.2502, 0.2500, 0.2499, 0.2500],
        [0.2500, 0.2503, 0.2502, 0.2495]], device='cuda:0',
       grad_fn=<SoftmaxBackward0>)
tensor([[0.2502, 0.2501, 0.2497, 0.2499],
        [0.2504, 0.2496, 0.2503, 0.2497],
        [0.2497, 0.2500, 0.2501, 0.2501]], device='cuda:0',
       grad_fn=<SoftmaxBackward0>)
tensor([[0.2501, 0.2501, 0.2499, 0.2500],
        [0.2500, 0.2496, 0.2501, 0.2502],
        [0.2499, 0.2500, 0.2500, 0.2501],
        [0.2501, 0.2496, 0.2501, 0.2502]], device='cuda:0',
       grad_fn=<SoftmaxBackward0>)
tensor([[0.2501, 0.2495, 0.2505, 0.2500],
        [0.2502, 0.2501, 0.2497, 0.2501],
        [0.2502, 0.2500, 0.2499, 0.2499],
        [0.2498, 0.2501, 0.2500, 0.2501],
        [0.2501, 0.2499, 0.2497, 0.2502]], device='cuda:0',
       grad_fn=<SoftmaxBackward0>)
tensor([[0.2500, 0.2501, 0.2501, 0.2499],
        [0.2498, 0.2497, 0.2501, 0.2504],
        [0.2497, 0.2503, 0.2501, 0.2499],
        [0.2503, 0.2496, 0.2504, 0.2497],
        [0.2504, 0.2497, 0.2502, 0.2498],
        [0.2498, 0.2499, 0.2501, 0.2501]], device='cuda:0',
       grad_fn=<SoftmaxBackward0>)
tensor([[0.2501, 0.2503, 0.2497, 0.2498],
        [0.2503, 0.2497, 0.2499, 0.2500],
        [0.2505, 0.2498, 0.2499, 0.2498],
        [0.2499, 0.2501, 0.2497, 0.2504],
        [0.2500, 0.2497, 0.2503, 0.2501],
        [0.2496, 0.2501, 0.2504, 0.2499],
        [0.2504, 0.2500, 0.2497, 0.2500]], device='cuda:0',
       grad_fn=<SoftmaxBackward0>)
#####################
08/21 06:27:15午後 searchStage_trainer.py:267 [INFO] Train: Epoch: [2][50/390]	Step 832	lr 0.02491	Loss 1.4037 (1.3935)	Hard Loss 1.4037 (1.3935)	Soft Loss 1.4037 (1.3935)	Arch Loss 1.4032 (1.4358)	Arch Hard Loss 0.0000 (0.0000)	Arch Soft Loss 0.0000 (0.0000)	Arch depth Loss 0.0000 (0.0000)	Prec@(1,5) (48.2%, 94.0%)	
08/21 06:27:30午後 searchStage_trainer.py:267 [INFO] Train: Epoch: [2][100/390]	Step 882	lr 0.02491	Loss 1.3214 (1.3922)	Hard Loss 1.3214 (1.3922)	Soft Loss 1.3214 (1.3922)	Arch Loss 1.3431 (1.4155)	Arch Hard Loss 0.0000 (0.0000)	Arch Soft Loss 0.0000 (0.0000)	Arch depth Loss 0.0000 (0.0000)	Prec@(1,5) (48.5%, 93.5%)	
08/21 06:27:46午後 searchStage_trainer.py:267 [INFO] Train: Epoch: [2][150/390]	Step 932	lr 0.02491	Loss 1.0563 (1.3883)	Hard Loss 1.0563 (1.3883)	Soft Loss 1.0563 (1.3883)	Arch Loss 1.3086 (1.4153)	Arch Hard Loss 0.0000 (0.0000)	Arch Soft Loss 0.0000 (0.0000)	Arch depth Loss 0.0000 (0.0000)	Prec@(1,5) (48.9%, 93.1%)	
08/21 06:28:02午後 searchStage_trainer.py:267 [INFO] Train: Epoch: [2][200/390]	Step 982	lr 0.02491	Loss 1.0126 (1.3775)	Hard Loss 1.0126 (1.3775)	Soft Loss 1.0126 (1.3775)	Arch Loss 1.3306 (1.4035)	Arch Hard Loss 0.0000 (0.0000)	Arch Soft Loss 0.0000 (0.0000)	Arch depth Loss 0.0000 (0.0000)	Prec@(1,5) (49.2%, 93.3%)	
08/21 06:28:18午後 searchStage_trainer.py:267 [INFO] Train: Epoch: [2][250/390]	Step 1032	lr 0.02491	Loss 1.2283 (1.3713)	Hard Loss 1.2283 (1.3713)	Soft Loss 1.2283 (1.3713)	Arch Loss 1.2058 (1.4016)	Arch Hard Loss 0.0000 (0.0000)	Arch Soft Loss 0.0000 (0.0000)	Arch depth Loss 0.0000 (0.0000)	Prec@(1,5) (49.5%, 93.4%)	
08/21 06:28:34午後 searchStage_trainer.py:267 [INFO] Train: Epoch: [2][300/390]	Step 1082	lr 0.02491	Loss 1.2560 (1.3665)	Hard Loss 1.2560 (1.3665)	Soft Loss 1.2560 (1.3665)	Arch Loss 1.3937 (1.3942)	Arch Hard Loss 0.0000 (0.0000)	Arch Soft Loss 0.0000 (0.0000)	Arch depth Loss 0.0000 (0.0000)	Prec@(1,5) (49.8%, 93.3%)	
08/21 06:28:50午後 searchStage_trainer.py:267 [INFO] Train: Epoch: [2][350/390]	Step 1132	lr 0.02491	Loss 1.4523 (1.3634)	Hard Loss 1.4523 (1.3634)	Soft Loss 1.4523 (1.3634)	Arch Loss 1.3059 (1.3810)	Arch Hard Loss 0.0000 (0.0000)	Arch Soft Loss 0.0000 (0.0000)	Arch depth Loss 0.0000 (0.0000)	Prec@(1,5) (50.0%, 93.3%)	
08/21 06:29:03午後 searchStage_trainer.py:267 [INFO] Train: Epoch: [2][390/390]	Step 1172	lr 0.02491	Loss 1.6530 (1.3559)	Hard Loss 1.6530 (1.3559)	Soft Loss 1.6530 (1.3559)	Arch Loss 1.1645 (1.3743)	Arch Hard Loss 0.0000 (0.0000)	Arch Soft Loss 0.0000 (0.0000)	Arch depth Loss 0.0000 (0.0000)	Prec@(1,5) (50.3%, 93.3%)	
08/21 06:29:03午後 searchStage_trainer.py:283 [INFO] Train: [  2/49] Final Prec@1 50.2720%
08/21 06:29:06午後 searchStage_trainer.py:311 [INFO] Valid: Epoch: [2][50/391]	Step 1173	Loss 1.3515	Prec@(1,5) (51.2%, 92.7%)
08/21 06:29:08午後 searchStage_trainer.py:311 [INFO] Valid: Epoch: [2][100/391]	Step 1173	Loss 1.3519	Prec@(1,5) (51.2%, 92.7%)
08/21 06:29:11午後 searchStage_trainer.py:311 [INFO] Valid: Epoch: [2][150/391]	Step 1173	Loss 1.3596	Prec@(1,5) (50.9%, 92.6%)
08/21 06:29:14午後 searchStage_trainer.py:311 [INFO] Valid: Epoch: [2][200/391]	Step 1173	Loss 1.3607	Prec@(1,5) (51.0%, 92.3%)
08/21 06:29:16午後 searchStage_trainer.py:311 [INFO] Valid: Epoch: [2][250/391]	Step 1173	Loss 1.3627	Prec@(1,5) (50.8%, 92.3%)
08/21 06:29:19午後 searchStage_trainer.py:311 [INFO] Valid: Epoch: [2][300/391]	Step 1173	Loss 1.3567	Prec@(1,5) (50.8%, 92.5%)
08/21 06:29:21午後 searchStage_trainer.py:311 [INFO] Valid: Epoch: [2][350/391]	Step 1173	Loss 1.3590	Prec@(1,5) (50.7%, 92.5%)
08/21 06:29:24午後 searchStage_trainer.py:311 [INFO] Valid: Epoch: [2][390/391]	Step 1173	Loss 1.3604	Prec@(1,5) (50.7%, 92.4%)
08/21 06:29:24午後 searchStage_trainer.py:322 [INFO] Valid: [  2/49] Final Prec@1 50.7160%
08/21 06:29:24午後 searchStage_KD_main.py:58 [INFO] DAG = Genotype2(DAG1=[[('max_pool_3x3', 1), ('avg_pool_3x3', 0)], [('max_pool_3x3', 2), ('max_pool_3x3', 0)], [('avg_pool_3x3', 3), ('skip_connect', 0)], [('avg_pool_3x3', 4), ('avg_pool_3x3', 1)], [('max_pool_3x3', 1), ('skip_connect', 0)], [('skip_connect', 4), ('avg_pool_3x3', 1)]], DAG1_concat=range(6, 8), DAG2=[[('skip_connect', 1), ('max_pool_3x3', 0)], [('max_pool_3x3', 2), ('avg_pool_3x3', 1)], [('max_pool_3x3', 2), ('skip_connect', 0)], [('skip_connect', 3), ('skip_connect', 1)], [('skip_connect', 0), ('max_pool_3x3', 5)], [('max_pool_3x3', 4), ('avg_pool_3x3', 5)]], DAG2_concat=range(6, 8), DAG3=[[('avg_pool_3x3', 1), ('max_pool_3x3', 0)], [('max_pool_3x3', 0), ('max_pool_3x3', 1)], [('max_pool_3x3', 0), ('skip_connect', 2)], [('skip_connect', 0), ('avg_pool_3x3', 3)], [('skip_connect', 3), ('max_pool_3x3', 4)], [('avg_pool_3x3', 0), ('max_pool_3x3', 1)]], DAG3_concat=range(6, 8))
08/21 06:29:24午後 searchStage_KD_main.py:89 [INFO] Until now, best Prec@1 = 50.7160%
####### ALPHA #######
# Alpha - DAG
tensor([[0.2501, 0.2502, 0.2500, 0.2497],
        [0.2504, 0.2499, 0.2498, 0.2499]], device='cuda:0',
       grad_fn=<SoftmaxBackward0>)
tensor([[0.2502, 0.2499, 0.2501, 0.2498],
        [0.2497, 0.2501, 0.2499, 0.2503],
        [0.2503, 0.2499, 0.2496, 0.2501]], device='cuda:0',
       grad_fn=<SoftmaxBackward0>)
tensor([[0.2502, 0.2497, 0.2503, 0.2498],
        [0.2503, 0.2501, 0.2498, 0.2498],
        [0.2502, 0.2497, 0.2497, 0.2503],
        [0.2496, 0.2502, 0.2501, 0.2501]], device='cuda:0',
       grad_fn=<SoftmaxBackward0>)
tensor([[0.2501, 0.2498, 0.2500, 0.2501],
        [0.2501, 0.2502, 0.2499, 0.2498],
        [0.2501, 0.2499, 0.2500, 0.2499],
        [0.2502, 0.2498, 0.2501, 0.2500],
        [0.2501, 0.2502, 0.2500, 0.2497]], device='cuda:0',
       grad_fn=<SoftmaxBackward0>)
tensor([[0.2497, 0.2500, 0.2501, 0.2502],
        [0.2506, 0.2499, 0.2499, 0.2497],
        [0.2498, 0.2498, 0.2502, 0.2501],
        [0.2498, 0.2500, 0.2503, 0.2499],
        [0.2500, 0.2502, 0.2499, 0.2499],
        [0.2498, 0.2499, 0.2504, 0.2499]], device='cuda:0',
       grad_fn=<SoftmaxBackward0>)
tensor([[0.2502, 0.2498, 0.2498, 0.2502],
        [0.2498, 0.2503, 0.2500, 0.2499],
        [0.2498, 0.2500, 0.2502, 0.2501],
        [0.2502, 0.2501, 0.2500, 0.2497],
        [0.2495, 0.2498, 0.2503, 0.2504],
        [0.2497, 0.2503, 0.2499, 0.2500],
        [0.2500, 0.2502, 0.2499, 0.2499]], device='cuda:0',
       grad_fn=<SoftmaxBackward0>)
tensor([[0.2503, 0.2501, 0.2492, 0.2504],
        [0.2498, 0.2501, 0.2502, 0.2499]], device='cuda:0',
       grad_fn=<SoftmaxBackward0>)
tensor([[0.2502, 0.2500, 0.2500, 0.2498],
        [0.2498, 0.2502, 0.2498, 0.2501],
        [0.2502, 0.2500, 0.2501, 0.2497]], device='cuda:0',
       grad_fn=<SoftmaxBackward0>)
tensor([[0.2502, 0.2497, 0.2503, 0.2498],
        [0.2501, 0.2501, 0.2501, 0.2498],
        [0.2503, 0.2496, 0.2500, 0.2501],
        [0.2497, 0.2500, 0.2499, 0.2504]], device='cuda:0',
       grad_fn=<SoftmaxBackward0>)
tensor([[0.2500, 0.2497, 0.2500, 0.2503],
        [0.2500, 0.2499, 0.2502, 0.2499],
        [0.2499, 0.2501, 0.2501, 0.2499],
        [0.2501, 0.2499, 0.2503, 0.2497],
        [0.2500, 0.2501, 0.2502, 0.2497]], device='cuda:0',
       grad_fn=<SoftmaxBackward0>)
tensor([[0.2499, 0.2496, 0.2502, 0.2503],
        [0.2497, 0.2500, 0.2501, 0.2502],
        [0.2500, 0.2500, 0.2501, 0.2498],
        [0.2497, 0.2499, 0.2502, 0.2502],
        [0.2500, 0.2503, 0.2501, 0.2497],
        [0.2504, 0.2502, 0.2496, 0.2499]], device='cuda:0',
       grad_fn=<SoftmaxBackward0>)
tensor([[0.2500, 0.2501, 0.2501, 0.2498],
        [0.2499, 0.2503, 0.2499, 0.2500],
        [0.2499, 0.2498, 0.2499, 0.2504],
        [0.2500, 0.2501, 0.2497, 0.2502],
        [0.2503, 0.2501, 0.2498, 0.2498],
        [0.2498, 0.2505, 0.2495, 0.2502],
        [0.2498, 0.2500, 0.2503, 0.2499]], device='cuda:0',
       grad_fn=<SoftmaxBackward0>)
tensor([[0.2502, 0.2500, 0.2499, 0.2500],
        [0.2500, 0.2503, 0.2502, 0.2495]], device='cuda:0',
       grad_fn=<SoftmaxBackward0>)
tensor([[0.2502, 0.2501, 0.2497, 0.2499],
        [0.2504, 0.2496, 0.2503, 0.2497],
        [0.2497, 0.2500, 0.2501, 0.2501]], device='cuda:0',
       grad_fn=<SoftmaxBackward0>)
tensor([[0.2501, 0.2501, 0.2499, 0.2500],
        [0.2500, 0.2496, 0.2501, 0.2502],
        [0.2499, 0.2500, 0.2500, 0.2501],
        [0.2501, 0.2496, 0.2501, 0.2502]], device='cuda:0',
       grad_fn=<SoftmaxBackward0>)
tensor([[0.2501, 0.2495, 0.2505, 0.2500],
        [0.2502, 0.2501, 0.2497, 0.2501],
        [0.2502, 0.2500, 0.2499, 0.2499],
        [0.2498, 0.2501, 0.2500, 0.2501],
        [0.2501, 0.2499, 0.2497, 0.2502]], device='cuda:0',
       grad_fn=<SoftmaxBackward0>)
tensor([[0.2500, 0.2501, 0.2501, 0.2499],
        [0.2498, 0.2497, 0.2501, 0.2504],
        [0.2497, 0.2503, 0.2501, 0.2499],
        [0.2503, 0.2496, 0.2504, 0.2497],
        [0.2504, 0.2497, 0.2502, 0.2498],
        [0.2498, 0.2499, 0.2501, 0.2501]], device='cuda:0',
       grad_fn=<SoftmaxBackward0>)
tensor([[0.2501, 0.2503, 0.2497, 0.2498],
        [0.2503, 0.2497, 0.2499, 0.2500],
        [0.2505, 0.2498, 0.2499, 0.2498],
        [0.2499, 0.2501, 0.2497, 0.2504],
        [0.2500, 0.2497, 0.2503, 0.2501],
        [0.2496, 0.2501, 0.2504, 0.2499],
        [0.2504, 0.2500, 0.2497, 0.2500]], device='cuda:0',
       grad_fn=<SoftmaxBackward0>)
#####################
08/21 06:29:41午後 searchStage_trainer.py:267 [INFO] Train: Epoch: [3][50/390]	Step 1223	lr 0.02479	Loss 1.3033 (1.2571)	Hard Loss 1.3033 (1.2571)	Soft Loss 1.3033 (1.2571)	Arch Loss 1.2244 (1.2702)	Arch Hard Loss 0.0000 (0.0000)	Arch Soft Loss 0.0000 (0.0000)	Arch depth Loss 0.0000 (0.0000)	Prec@(1,5) (54.6%, 95.0%)	
08/21 06:29:57午後 searchStage_trainer.py:267 [INFO] Train: Epoch: [3][100/390]	Step 1273	lr 0.02479	Loss 1.2295 (1.2518)	Hard Loss 1.2295 (1.2518)	Soft Loss 1.2295 (1.2518)	Arch Loss 1.4089 (1.2811)	Arch Hard Loss 0.0000 (0.0000)	Arch Soft Loss 0.0000 (0.0000)	Arch depth Loss 0.0000 (0.0000)	Prec@(1,5) (55.3%, 94.8%)	
08/21 06:30:12午後 searchStage_trainer.py:267 [INFO] Train: Epoch: [3][150/390]	Step 1323	lr 0.02479	Loss 1.2344 (1.2483)	Hard Loss 1.2344 (1.2483)	Soft Loss 1.2344 (1.2483)	Arch Loss 1.1376 (1.2764)	Arch Hard Loss 0.0000 (0.0000)	Arch Soft Loss 0.0000 (0.0000)	Arch depth Loss 0.0000 (0.0000)	Prec@(1,5) (55.4%, 94.7%)	
08/21 06:30:28午後 searchStage_trainer.py:267 [INFO] Train: Epoch: [3][200/390]	Step 1373	lr 0.02479	Loss 1.4596 (1.2456)	Hard Loss 1.4596 (1.2456)	Soft Loss 1.4596 (1.2456)	Arch Loss 1.0539 (1.2678)	Arch Hard Loss 0.0000 (0.0000)	Arch Soft Loss 0.0000 (0.0000)	Arch depth Loss 0.0000 (0.0000)	Prec@(1,5) (55.6%, 94.6%)	
08/21 06:30:44午後 searchStage_trainer.py:267 [INFO] Train: Epoch: [3][250/390]	Step 1423	lr 0.02479	Loss 1.3813 (1.2446)	Hard Loss 1.3813 (1.2446)	Soft Loss 1.3813 (1.2446)	Arch Loss 1.2911 (1.2649)	Arch Hard Loss 0.0000 (0.0000)	Arch Soft Loss 0.0000 (0.0000)	Arch depth Loss 0.0000 (0.0000)	Prec@(1,5) (55.7%, 94.6%)	
08/21 06:31:00午後 searchStage_trainer.py:267 [INFO] Train: Epoch: [3][300/390]	Step 1473	lr 0.02479	Loss 0.9563 (1.2354)	Hard Loss 0.9563 (1.2354)	Soft Loss 0.9563 (1.2354)	Arch Loss 1.2390 (1.2532)	Arch Hard Loss 0.0000 (0.0000)	Arch Soft Loss 0.0000 (0.0000)	Arch depth Loss 0.0000 (0.0000)	Prec@(1,5) (55.9%, 94.6%)	
08/21 06:31:16午後 searchStage_trainer.py:267 [INFO] Train: Epoch: [3][350/390]	Step 1523	lr 0.02479	Loss 1.0965 (1.2231)	Hard Loss 1.0965 (1.2231)	Soft Loss 1.0965 (1.2231)	Arch Loss 1.0428 (1.2471)	Arch Hard Loss 0.0000 (0.0000)	Arch Soft Loss 0.0000 (0.0000)	Arch depth Loss 0.0000 (0.0000)	Prec@(1,5) (56.4%, 94.7%)	
08/21 06:31:29午後 searchStage_trainer.py:267 [INFO] Train: Epoch: [3][390/390]	Step 1563	lr 0.02479	Loss 1.3368 (1.2233)	Hard Loss 1.3368 (1.2233)	Soft Loss 1.3368 (1.2233)	Arch Loss 0.9761 (1.2420)	Arch Hard Loss 0.0000 (0.0000)	Arch Soft Loss 0.0000 (0.0000)	Arch depth Loss 0.0000 (0.0000)	Prec@(1,5) (56.4%, 94.7%)	
08/21 06:31:29午後 searchStage_trainer.py:283 [INFO] Train: [  3/49] Final Prec@1 56.3760%
08/21 06:31:32午後 searchStage_trainer.py:311 [INFO] Valid: Epoch: [3][50/391]	Step 1564	Loss 1.2481	Prec@(1,5) (54.0%, 95.0%)
08/21 06:31:34午後 searchStage_trainer.py:311 [INFO] Valid: Epoch: [3][100/391]	Step 1564	Loss 1.2436	Prec@(1,5) (54.8%, 94.7%)
08/21 06:31:37午後 searchStage_trainer.py:311 [INFO] Valid: Epoch: [3][150/391]	Step 1564	Loss 1.2443	Prec@(1,5) (55.0%, 94.7%)
08/21 06:31:40午後 searchStage_trainer.py:311 [INFO] Valid: Epoch: [3][200/391]	Step 1564	Loss 1.2374	Prec@(1,5) (55.3%, 94.8%)
08/21 06:31:42午後 searchStage_trainer.py:311 [INFO] Valid: Epoch: [3][250/391]	Step 1564	Loss 1.2414	Prec@(1,5) (55.3%, 94.8%)
08/21 06:31:45午後 searchStage_trainer.py:311 [INFO] Valid: Epoch: [3][300/391]	Step 1564	Loss 1.2457	Prec@(1,5) (55.2%, 94.7%)
08/21 06:31:47午後 searchStage_trainer.py:311 [INFO] Valid: Epoch: [3][350/391]	Step 1564	Loss 1.2458	Prec@(1,5) (55.0%, 94.8%)
08/21 06:31:50午後 searchStage_trainer.py:311 [INFO] Valid: Epoch: [3][390/391]	Step 1564	Loss 1.2510	Prec@(1,5) (54.7%, 94.7%)
08/21 06:31:50午後 searchStage_trainer.py:322 [INFO] Valid: [  3/49] Final Prec@1 54.7320%
