08/10 11:59:09PM parser.py:28 [INFO] 
08/10 11:59:09PM parser.py:29 [INFO] Parameters:
08/10 11:59:09PM parser.py:31 [INFO] DAG_PATH=results/search_stage/cifar10/BASELINE/BASELINE_BEST-20240810-235909/DAG
08/10 11:59:09PM parser.py:31 [INFO] ADVANCED=False
08/10 11:59:09PM parser.py:31 [INFO] ALPHA_LR=0.0003
08/10 11:59:09PM parser.py:31 [INFO] ALPHA_WEIGHT_DECAY=0.001
08/10 11:59:09PM parser.py:31 [INFO] BATCH_SIZE=64
08/10 11:59:09PM parser.py:31 [INFO] CUTOUT_LENGTH=0
08/10 11:59:09PM parser.py:31 [INFO] DATA_PATH=../data/
08/10 11:59:09PM parser.py:31 [INFO] DATASET=cifar10
08/10 11:59:09PM parser.py:31 [INFO] EPOCHS=50
08/10 11:59:09PM parser.py:31 [INFO] EXP_NAME=BASELINE_BEST-20240810-235909
08/10 11:59:09PM parser.py:31 [INFO] GENOTYPE=Genotype3(normal1=[[('sep_conv_5x5', 0), ('sep_conv_3x3', 1)], [('sep_conv_3x3', 1), ('sep_conv_3x3', 0)], [('sep_conv_3x3', 1), ('sep_conv_3x3', 2)], [('sep_conv_3x3', 0), ('sep_conv_5x5', 4)]], normal1_concat=range(2, 6), reduce1=[[('sep_conv_3x3', 0), ('skip_connect', 1)], [('sep_conv_3x3', 1), ('max_pool_3x3', 0)], [('sep_conv_3x3', 2), ('sep_conv_3x3', 1)], [('max_pool_3x3', 0), ('dil_conv_3x3', 1)]], reduce1_concat=range(2, 6), normal2=[[('skip_connect', 0), ('sep_conv_5x5', 1)], [('skip_connect', 0), ('skip_connect', 2)], [('avg_pool_3x3', 0), ('avg_pool_3x3', 2)], [('skip_connect', 0), ('avg_pool_3x3', 2)]], normal2_concat=range(2, 6), reduce2=[[('avg_pool_3x3', 0), ('avg_pool_3x3', 1)], [('avg_pool_3x3', 0), ('skip_connect', 2)], [('skip_connect', 2), ('avg_pool_3x3', 0)], [('skip_connect', 2), ('avg_pool_3x3', 0)]], reduce2_concat=range(2, 6), normal3=[[('skip_connect', 0), ('skip_connect', 1)], [('skip_connect', 0), ('dil_conv_3x3', 1)], [('skip_connect', 0), ('skip_connect', 1)], [('skip_connect', 0), ('skip_connect', 2)]], normal3_concat=range(2, 6))
08/10 11:59:09PM parser.py:31 [INFO] GPUS=[0]
08/10 11:59:09PM parser.py:31 [INFO] INIT_CHANNELS=16
08/10 11:59:09PM parser.py:31 [INFO] LAYERS=20
08/10 11:59:09PM parser.py:31 [INFO] LOCAL_RANK=0
08/10 11:59:09PM parser.py:31 [INFO] LOGGER=<Logger H-DAS (INFO)>
08/10 11:59:09PM parser.py:31 [INFO] NAME=BASELINE
08/10 11:59:09PM parser.py:31 [INFO] PATH=results/search_stage/cifar10/BASELINE/BASELINE_BEST-20240810-235909
08/10 11:59:09PM parser.py:31 [INFO] PLOT_PATH=results/search_stage/cifar10/BASELINE/BASELINE_BEST-20240810-235909/plots
08/10 11:59:09PM parser.py:31 [INFO] PRINT_FREQ=50
08/10 11:59:09PM parser.py:31 [INFO] RESUME_PATH=None
08/10 11:59:09PM parser.py:31 [INFO] SAVE=BASELINE_BEST
08/10 11:59:09PM parser.py:31 [INFO] SEED=0
08/10 11:59:09PM parser.py:31 [INFO] SPEC_CELL=True
08/10 11:59:09PM parser.py:31 [INFO] W_GRAD_CLIP=5.0
08/10 11:59:09PM parser.py:31 [INFO] W_LR=0.025
08/10 11:59:09PM parser.py:31 [INFO] W_LR_MIN=0.001
08/10 11:59:09PM parser.py:31 [INFO] W_MOMENTUM=0.9
08/10 11:59:09PM parser.py:31 [INFO] W_WEIGHT_DECAY=0.0003
08/10 11:59:09PM parser.py:31 [INFO] WORKERS=4
08/10 11:59:09PM parser.py:32 [INFO] 
08/10 11:59:10PM searchStage_trainer.py:99 [INFO] --> No loaded checkpoint!
####### ALPHA #######
# Alpha - DAG
tensor([[0.2504, 0.2499, 0.2495, 0.2502],
        [0.2498, 0.2497, 0.2502, 0.2503]], device='cuda:0',
       grad_fn=<SoftmaxBackward0>)
tensor([[0.2499, 0.2500, 0.2499, 0.2501],
        [0.2498, 0.2503, 0.2498, 0.2501],
        [0.2500, 0.2503, 0.2499, 0.2498]], device='cuda:0',
       grad_fn=<SoftmaxBackward0>)
tensor([[0.2499, 0.2501, 0.2500, 0.2500],
        [0.2501, 0.2504, 0.2497, 0.2498],
        [0.2501, 0.2499, 0.2502, 0.2498]], device='cuda:0',
       grad_fn=<SoftmaxBackward0>)
tensor([[0.2501, 0.2502, 0.2495, 0.2501],
        [0.2499, 0.2500, 0.2502, 0.2499],
        [0.2500, 0.2501, 0.2500, 0.2498]], device='cuda:0',
       grad_fn=<SoftmaxBackward0>)
tensor([[0.2498, 0.2500, 0.2501, 0.2500],
        [0.2504, 0.2499, 0.2499, 0.2497],
        [0.2501, 0.2505, 0.2498, 0.2496]], device='cuda:0',
       grad_fn=<SoftmaxBackward0>)
tensor([[0.2497, 0.2499, 0.2504, 0.2501],
        [0.2496, 0.2497, 0.2502, 0.2505],
        [0.2500, 0.2500, 0.2497, 0.2504]], device='cuda:0',
       grad_fn=<SoftmaxBackward0>)
tensor([[0.2503, 0.2502, 0.2500, 0.2495],
        [0.2496, 0.2502, 0.2502, 0.2500]], device='cuda:0',
       grad_fn=<SoftmaxBackward0>)
tensor([[0.2500, 0.2501, 0.2498, 0.2500],
        [0.2500, 0.2502, 0.2498, 0.2500],
        [0.2499, 0.2503, 0.2499, 0.2499]], device='cuda:0',
       grad_fn=<SoftmaxBackward0>)
tensor([[0.2499, 0.2501, 0.2497, 0.2503],
        [0.2501, 0.2500, 0.2500, 0.2499],
        [0.2501, 0.2502, 0.2499, 0.2498]], device='cuda:0',
       grad_fn=<SoftmaxBackward0>)
tensor([[0.2502, 0.2505, 0.2497, 0.2496],
        [0.2496, 0.2505, 0.2496, 0.2503],
        [0.2502, 0.2500, 0.2500, 0.2498]], device='cuda:0',
       grad_fn=<SoftmaxBackward0>)
tensor([[0.2499, 0.2500, 0.2500, 0.2500],
        [0.2498, 0.2501, 0.2502, 0.2499],
        [0.2496, 0.2501, 0.2503, 0.2500]], device='cuda:0',
       grad_fn=<SoftmaxBackward0>)
tensor([[0.2503, 0.2500, 0.2497, 0.2501],
        [0.2501, 0.2500, 0.2500, 0.2499],
        [0.2496, 0.2502, 0.2500, 0.2502]], device='cuda:0',
       grad_fn=<SoftmaxBackward0>)
tensor([[0.2500, 0.2504, 0.2496, 0.2499],
        [0.2503, 0.2503, 0.2498, 0.2497]], device='cuda:0',
       grad_fn=<SoftmaxBackward0>)
tensor([[0.2501, 0.2500, 0.2499, 0.2500],
        [0.2499, 0.2495, 0.2504, 0.2501],
        [0.2503, 0.2498, 0.2499, 0.2500]], device='cuda:0',
       grad_fn=<SoftmaxBackward0>)
tensor([[0.2497, 0.2502, 0.2503, 0.2498],
        [0.2498, 0.2504, 0.2500, 0.2498],
        [0.2502, 0.2497, 0.2501, 0.2500]], device='cuda:0',
       grad_fn=<SoftmaxBackward0>)
tensor([[0.2501, 0.2499, 0.2500, 0.2499],
        [0.2498, 0.2500, 0.2499, 0.2503],
        [0.2499, 0.2504, 0.2499, 0.2499]], device='cuda:0',
       grad_fn=<SoftmaxBackward0>)
tensor([[0.2497, 0.2503, 0.2500, 0.2500],
        [0.2499, 0.2502, 0.2501, 0.2499],
        [0.2499, 0.2505, 0.2497, 0.2499]], device='cuda:0',
       grad_fn=<SoftmaxBackward0>)
tensor([[0.2500, 0.2502, 0.2499, 0.2499],
        [0.2502, 0.2496, 0.2504, 0.2499],
        [0.2501, 0.2502, 0.2499, 0.2499]], device='cuda:0',
       grad_fn=<SoftmaxBackward0>)
#####################
08/10 11:59:27PM searchStage_trainer.py:198 [INFO] Train: Epoch: [0][50/390]	Step 50	lr 0.025	Loss 2.4363 (2.2946)	Prec@(1,5) (17.2%, 69.2%)	
08/10 11:59:43PM searchStage_trainer.py:198 [INFO] Train: Epoch: [0][100/390]	Step 100	lr 0.025	Loss 2.0291 (2.1952)	Prec@(1,5) (19.9%, 73.2%)	
08/10 11:59:59PM searchStage_trainer.py:198 [INFO] Train: Epoch: [0][150/390]	Step 150	lr 0.025	Loss 1.8065 (2.0973)	Prec@(1,5) (22.6%, 76.5%)	
08/11 12:00:14AM searchStage_trainer.py:198 [INFO] Train: Epoch: [0][200/390]	Step 200	lr 0.025	Loss 1.7159 (2.0174)	Prec@(1,5) (25.1%, 79.0%)	
08/11 12:00:30AM searchStage_trainer.py:198 [INFO] Train: Epoch: [0][250/390]	Step 250	lr 0.025	Loss 1.7449 (1.9572)	Prec@(1,5) (27.3%, 80.8%)	
08/11 12:00:46AM searchStage_trainer.py:198 [INFO] Train: Epoch: [0][300/390]	Step 300	lr 0.025	Loss 1.5491 (1.9146)	Prec@(1,5) (28.7%, 81.9%)	
08/11 12:01:02AM searchStage_trainer.py:198 [INFO] Train: Epoch: [0][350/390]	Step 350	lr 0.025	Loss 1.6539 (1.8698)	Prec@(1,5) (30.3%, 83.1%)	
08/11 12:01:14AM searchStage_trainer.py:198 [INFO] Train: Epoch: [0][390/390]	Step 390	lr 0.025	Loss 1.7202 (1.8406)	Prec@(1,5) (31.4%, 83.8%)	
08/11 12:01:15AM searchStage_trainer.py:208 [INFO] Train: [  0/49] Final Prec@1 31.4080%
08/11 12:01:18AM searchStage_trainer.py:236 [INFO] Valid: Epoch: [0][50/391]	Step 391	Loss 1.6983	Prec@(1,5) (36.7%, 88.8%)
08/11 12:01:20AM searchStage_trainer.py:236 [INFO] Valid: Epoch: [0][100/391]	Step 391	Loss 1.7050	Prec@(1,5) (36.1%, 88.9%)
08/11 12:01:23AM searchStage_trainer.py:236 [INFO] Valid: Epoch: [0][150/391]	Step 391	Loss 1.7137	Prec@(1,5) (35.6%, 88.8%)
08/11 12:01:26AM searchStage_trainer.py:236 [INFO] Valid: Epoch: [0][200/391]	Step 391	Loss 1.7131	Prec@(1,5) (35.5%, 88.7%)
08/11 12:01:28AM searchStage_trainer.py:236 [INFO] Valid: Epoch: [0][250/391]	Step 391	Loss 1.7120	Prec@(1,5) (35.6%, 89.0%)
08/11 12:01:31AM searchStage_trainer.py:236 [INFO] Valid: Epoch: [0][300/391]	Step 391	Loss 1.7141	Prec@(1,5) (35.4%, 88.8%)
08/11 12:01:33AM searchStage_trainer.py:236 [INFO] Valid: Epoch: [0][350/391]	Step 391	Loss 1.7152	Prec@(1,5) (35.3%, 88.8%)
08/11 12:01:36AM searchStage_trainer.py:236 [INFO] Valid: Epoch: [0][390/391]	Step 391	Loss 1.7187	Prec@(1,5) (35.1%, 88.7%)
08/11 12:01:36AM searchStage_trainer.py:247 [INFO] Valid: [  0/49] Final Prec@1 35.0880%
08/11 12:01:36AM searchStage_main.py:47 [INFO] DAG = Genotype2(DAG1=[[('avg_pool_3x3', 0), ('avg_pool_3x3', 1)], [('avg_pool_3x3', 2), ('avg_pool_3x3', 0)], [('avg_pool_3x3', 2), ('avg_pool_3x3', 3)], [('avg_pool_3x3', 4), ('avg_pool_3x3', 2)], [('avg_pool_3x3', 5), ('avg_pool_3x3', 3)], [('avg_pool_3x3', 6), ('avg_pool_3x3', 4)]], DAG1_concat=range(6, 8), DAG2=[[('max_pool_3x3', 0), ('max_pool_3x3', 1)], [('skip_connect', 2), ('max_pool_3x3', 1)], [('max_pool_3x3', 2), ('max_pool_3x3', 3)], [('max_pool_3x3', 4), ('skip_connect', 3)], [('skip_connect', 5), ('avg_pool_3x3', 4)], [('max_pool_3x3', 4), ('skip_connect', 6)]], DAG2_concat=range(6, 8), DAG3=[[('skip_connect', 1), ('avg_pool_3x3', 0)], [('skip_connect', 2), ('skip_connect', 1)], [('skip_connect', 3), ('skip_connect', 2)], [('skip_connect', 3), ('max_pool_3x3', 2)], [('skip_connect', 3), ('skip_connect', 4)], [('skip_connect', 5), ('max_pool_3x3', 6)]], DAG3_concat=range(6, 8))
08/11 12:01:36AM searchStage_main.py:73 [INFO] Until now, best Prec@1 = 35.0880%
####### ALPHA #######
# Alpha - DAG
tensor([[0.2511, 0.2536, 0.2505, 0.2447],
        [0.2490, 0.2515, 0.2507, 0.2488]], device='cuda:0',
       grad_fn=<SoftmaxBackward0>)
tensor([[0.2522, 0.2542, 0.2473, 0.2463],
        [0.2526, 0.2522, 0.2483, 0.2470],
        [0.2484, 0.2598, 0.2494, 0.2425]], device='cuda:0',
       grad_fn=<SoftmaxBackward0>)
tensor([[0.2493, 0.2533, 0.2511, 0.2463],
        [0.2519, 0.2561, 0.2449, 0.2472],
        [0.2524, 0.2570, 0.2460, 0.2446]], device='cuda:0',
       grad_fn=<SoftmaxBackward0>)
tensor([[0.2505, 0.2555, 0.2459, 0.2481],
        [0.2487, 0.2546, 0.2489, 0.2478],
        [0.2510, 0.2554, 0.2491, 0.2445]], device='cuda:0',
       grad_fn=<SoftmaxBackward0>)
tensor([[0.2508, 0.2542, 0.2486, 0.2465],
        [0.2520, 0.2542, 0.2459, 0.2479],
        [0.2500, 0.2548, 0.2463, 0.2489]], device='cuda:0',
       grad_fn=<SoftmaxBackward0>)
tensor([[0.2493, 0.2531, 0.2487, 0.2489],
        [0.2496, 0.2518, 0.2490, 0.2496],
        [0.2499, 0.2535, 0.2472, 0.2494]], device='cuda:0',
       grad_fn=<SoftmaxBackward0>)
tensor([[0.2507, 0.2498, 0.2501, 0.2495],
        [0.2507, 0.2494, 0.2501, 0.2498]], device='cuda:0',
       grad_fn=<SoftmaxBackward0>)
tensor([[0.2502, 0.2488, 0.2501, 0.2509],
        [0.2508, 0.2488, 0.2498, 0.2506],
        [0.2504, 0.2509, 0.2509, 0.2478]], device='cuda:0',
       grad_fn=<SoftmaxBackward0>)
tensor([[0.2504, 0.2497, 0.2496, 0.2503],
        [0.2508, 0.2497, 0.2503, 0.2492],
        [0.2504, 0.2502, 0.2495, 0.2498]], device='cuda:0',
       grad_fn=<SoftmaxBackward0>)
tensor([[0.2503, 0.2505, 0.2495, 0.2497],
        [0.2495, 0.2511, 0.2514, 0.2480],
        [0.2515, 0.2500, 0.2474, 0.2511]], device='cuda:0',
       grad_fn=<SoftmaxBackward0>)
tensor([[0.2501, 0.2504, 0.2485, 0.2510],
        [0.2501, 0.2505, 0.2502, 0.2492],
        [0.2495, 0.2509, 0.2510, 0.2486]], device='cuda:0',
       grad_fn=<SoftmaxBackward0>)
tensor([[0.2511, 0.2500, 0.2481, 0.2508],
        [0.2504, 0.2503, 0.2499, 0.2494],
        [0.2494, 0.2505, 0.2510, 0.2491]], device='cuda:0',
       grad_fn=<SoftmaxBackward0>)
tensor([[0.2480, 0.2512, 0.2510, 0.2499],
        [0.2483, 0.2508, 0.2513, 0.2496]], device='cuda:0',
       grad_fn=<SoftmaxBackward0>)
tensor([[0.2504, 0.2495, 0.2502, 0.2499],
        [0.2497, 0.2496, 0.2512, 0.2495],
        [0.2500, 0.2497, 0.2501, 0.2501]], device='cuda:0',
       grad_fn=<SoftmaxBackward0>)
tensor([[0.2494, 0.2498, 0.2514, 0.2494],
        [0.2485, 0.2506, 0.2512, 0.2497],
        [0.2493, 0.2491, 0.2516, 0.2500]], device='cuda:0',
       grad_fn=<SoftmaxBackward0>)
tensor([[0.2511, 0.2492, 0.2494, 0.2503],
        [0.2504, 0.2493, 0.2518, 0.2484],
        [0.2501, 0.2492, 0.2495, 0.2512]], device='cuda:0',
       grad_fn=<SoftmaxBackward0>)
tensor([[0.2484, 0.2508, 0.2534, 0.2474],
        [0.2478, 0.2501, 0.2531, 0.2489],
        [0.2466, 0.2502, 0.2500, 0.2533]], device='cuda:0',
       grad_fn=<SoftmaxBackward0>)
tensor([[0.2509, 0.2499, 0.2497, 0.2495],
        [0.2506, 0.2494, 0.2525, 0.2475],
        [0.2516, 0.2489, 0.2473, 0.2522]], device='cuda:0',
       grad_fn=<SoftmaxBackward0>)
#####################
08/11 12:01:53AM searchStage_trainer.py:198 [INFO] Train: Epoch: [1][50/390]	Step 441	lr 0.02498	Loss 1.3501 (1.5646)	Prec@(1,5) (41.8%, 90.3%)	
08/11 12:02:27AM searchStage_trainer.py:198 [INFO] Train: Epoch: [1][100/390]	Step 491	lr 0.02498	Loss 1.5913 (1.5625)	Prec@(1,5) (42.0%, 90.5%)	
08/11 12:03:01AM searchStage_trainer.py:198 [INFO] Train: Epoch: [1][150/390]	Step 541	lr 0.02498	Loss 1.4983 (1.5467)	Prec@(1,5) (43.0%, 90.6%)	
08/11 12:03:35AM searchStage_trainer.py:198 [INFO] Train: Epoch: [1][200/390]	Step 591	lr 0.02498	Loss 1.7584 (1.5383)	Prec@(1,5) (43.3%, 90.8%)	
08/11 12:04:10AM searchStage_trainer.py:198 [INFO] Train: Epoch: [1][250/390]	Step 641	lr 0.02498	Loss 1.4327 (1.5188)	Prec@(1,5) (43.9%, 90.9%)	
08/11 12:04:44AM searchStage_trainer.py:198 [INFO] Train: Epoch: [1][300/390]	Step 691	lr 0.02498	Loss 1.4007 (1.5053)	Prec@(1,5) (44.4%, 91.3%)	
08/11 12:05:19AM searchStage_trainer.py:198 [INFO] Train: Epoch: [1][350/390]	Step 741	lr 0.02498	Loss 1.4336 (1.4968)	Prec@(1,5) (44.5%, 91.5%)	
08/11 12:05:46AM searchStage_trainer.py:198 [INFO] Train: Epoch: [1][390/390]	Step 781	lr 0.02498	Loss 1.3807 (1.4891)	Prec@(1,5) (44.8%, 91.6%)	
08/11 12:05:47AM searchStage_trainer.py:208 [INFO] Train: [  1/49] Final Prec@1 44.7840%
08/11 12:05:53AM searchStage_trainer.py:236 [INFO] Valid: Epoch: [1][50/391]	Step 782	Loss 1.4865	Prec@(1,5) (45.8%, 91.7%)
08/11 12:05:59AM searchStage_trainer.py:236 [INFO] Valid: Epoch: [1][100/391]	Step 782	Loss 1.4941	Prec@(1,5) (45.5%, 91.3%)
08/11 12:06:05AM searchStage_trainer.py:236 [INFO] Valid: Epoch: [1][150/391]	Step 782	Loss 1.4827	Prec@(1,5) (45.9%, 91.8%)
08/11 12:06:13AM searchStage_trainer.py:236 [INFO] Valid: Epoch: [1][200/391]	Step 782	Loss 1.4779	Prec@(1,5) (45.9%, 91.9%)
08/11 12:06:21AM searchStage_trainer.py:236 [INFO] Valid: Epoch: [1][250/391]	Step 782	Loss 1.4728	Prec@(1,5) (46.2%, 91.8%)
08/11 12:06:30AM searchStage_trainer.py:236 [INFO] Valid: Epoch: [1][300/391]	Step 782	Loss 1.4740	Prec@(1,5) (46.1%, 91.7%)
08/11 12:06:37AM searchStage_trainer.py:236 [INFO] Valid: Epoch: [1][350/391]	Step 782	Loss 1.4758	Prec@(1,5) (46.2%, 91.8%)
08/11 12:06:43AM searchStage_trainer.py:236 [INFO] Valid: Epoch: [1][390/391]	Step 782	Loss 1.4767	Prec@(1,5) (46.1%, 91.9%)
08/11 12:06:44AM searchStage_trainer.py:247 [INFO] Valid: [  1/49] Final Prec@1 46.1040%
08/11 12:06:44AM searchStage_main.py:47 [INFO] DAG = Genotype2(DAG1=[[('avg_pool_3x3', 0), ('avg_pool_3x3', 1)], [('avg_pool_3x3', 2), ('avg_pool_3x3', 0)], [('avg_pool_3x3', 2), ('avg_pool_3x3', 3)], [('avg_pool_3x3', 4), ('avg_pool_3x3', 2)], [('avg_pool_3x3', 5), ('avg_pool_3x3', 4)], [('avg_pool_3x3', 6), ('avg_pool_3x3', 5)]], DAG1_concat=range(6, 8), DAG2=[[('max_pool_3x3', 1), ('max_pool_3x3', 0)], [('avg_pool_3x3', 2), ('max_pool_3x3', 1)], [('max_pool_3x3', 2), ('max_pool_3x3', 3)], [('max_pool_3x3', 4), ('skip_connect', 3)], [('skip_connect', 5), ('avg_pool_3x3', 4)], [('skip_connect', 6), ('max_pool_3x3', 4)]], DAG2_concat=range(6, 8), DAG3=[[('skip_connect', 1), ('skip_connect', 0)], [('skip_connect', 2), ('skip_connect', 1)], [('skip_connect', 3), ('skip_connect', 2)], [('skip_connect', 3), ('max_pool_3x3', 2)], [('skip_connect', 4), ('skip_connect', 3)], [('skip_connect', 5), ('max_pool_3x3', 6)]], DAG3_concat=range(6, 8))
08/11 12:06:44AM searchStage_main.py:73 [INFO] Until now, best Prec@1 = 46.1040%
####### ALPHA #######
# Alpha - DAG
tensor([[0.2501, 0.2608, 0.2529, 0.2363],
        [0.2462, 0.2552, 0.2497, 0.2490]], device='cuda:0',
       grad_fn=<SoftmaxBackward0>)
tensor([[0.2524, 0.2575, 0.2463, 0.2437],
        [0.2567, 0.2571, 0.2460, 0.2403],
        [0.2517, 0.2686, 0.2440, 0.2357]], device='cuda:0',
       grad_fn=<SoftmaxBackward0>)
tensor([[0.2486, 0.2564, 0.2508, 0.2442],
        [0.2544, 0.2641, 0.2411, 0.2404],
        [0.2527, 0.2651, 0.2418, 0.2403]], device='cuda:0',
       grad_fn=<SoftmaxBackward0>)
tensor([[0.2513, 0.2608, 0.2430, 0.2449],
        [0.2489, 0.2596, 0.2469, 0.2446],
        [0.2520, 0.2602, 0.2478, 0.2399]], device='cuda:0',
       grad_fn=<SoftmaxBackward0>)
tensor([[0.2534, 0.2591, 0.2435, 0.2439],
        [0.2537, 0.2596, 0.2412, 0.2455],
        [0.2509, 0.2591, 0.2426, 0.2474]], device='cuda:0',
       grad_fn=<SoftmaxBackward0>)
tensor([[0.2484, 0.2557, 0.2487, 0.2471],
        [0.2505, 0.2546, 0.2471, 0.2478],
        [0.2524, 0.2566, 0.2420, 0.2489]], device='cuda:0',
       grad_fn=<SoftmaxBackward0>)
tensor([[0.2510, 0.2498, 0.2504, 0.2489],
        [0.2518, 0.2482, 0.2499, 0.2502]], device='cuda:0',
       grad_fn=<SoftmaxBackward0>)
tensor([[0.2502, 0.2478, 0.2501, 0.2519],
        [0.2516, 0.2484, 0.2500, 0.2500],
        [0.2509, 0.2512, 0.2510, 0.2468]], device='cuda:0',
       grad_fn=<SoftmaxBackward0>)
tensor([[0.2509, 0.2493, 0.2493, 0.2505],
        [0.2513, 0.2494, 0.2510, 0.2483],
        [0.2507, 0.2500, 0.2491, 0.2501]], device='cuda:0',
       grad_fn=<SoftmaxBackward0>)
tensor([[0.2504, 0.2508, 0.2495, 0.2493],
        [0.2495, 0.2515, 0.2523, 0.2466],
        [0.2524, 0.2500, 0.2456, 0.2519]], device='cuda:0',
       grad_fn=<SoftmaxBackward0>)
tensor([[0.2502, 0.2507, 0.2479, 0.2513],
        [0.2504, 0.2509, 0.2492, 0.2495],
        [0.2492, 0.2516, 0.2520, 0.2472]], device='cuda:0',
       grad_fn=<SoftmaxBackward0>)
tensor([[0.2517, 0.2501, 0.2468, 0.2514],
        [0.2506, 0.2507, 0.2498, 0.2489],
        [0.2492, 0.2509, 0.2518, 0.2482]], device='cuda:0',
       grad_fn=<SoftmaxBackward0>)
tensor([[0.2461, 0.2520, 0.2523, 0.2497],
        [0.2464, 0.2512, 0.2527, 0.2497]], device='cuda:0',
       grad_fn=<SoftmaxBackward0>)
tensor([[0.2510, 0.2489, 0.2505, 0.2497],
        [0.2496, 0.2496, 0.2519, 0.2489],
        [0.2500, 0.2495, 0.2503, 0.2503]], device='cuda:0',
       grad_fn=<SoftmaxBackward0>)
tensor([[0.2492, 0.2495, 0.2525, 0.2488],
        [0.2473, 0.2507, 0.2519, 0.2500],
        [0.2487, 0.2486, 0.2527, 0.2500]], device='cuda:0',
       grad_fn=<SoftmaxBackward0>)
tensor([[0.2518, 0.2486, 0.2491, 0.2505],
        [0.2510, 0.2489, 0.2534, 0.2468],
        [0.2502, 0.2482, 0.2491, 0.2525]], device='cuda:0',
       grad_fn=<SoftmaxBackward0>)
tensor([[0.2473, 0.2513, 0.2563, 0.2451],
        [0.2460, 0.2500, 0.2559, 0.2481],
        [0.2438, 0.2498, 0.2503, 0.2562]], device='cuda:0',
       grad_fn=<SoftmaxBackward0>)
tensor([[0.2514, 0.2496, 0.2497, 0.2492],
        [0.2509, 0.2493, 0.2543, 0.2455],
        [0.2527, 0.2478, 0.2453, 0.2542]], device='cuda:0',
       grad_fn=<SoftmaxBackward0>)
#####################
08/11 12:07:36AM searchStage_trainer.py:198 [INFO] Train: Epoch: [2][50/390]	Step 832	lr 0.02491	Loss 1.5197 (1.3751)	Prec@(1,5) (49.4%, 92.8%)	
08/11 12:08:27AM searchStage_trainer.py:198 [INFO] Train: Epoch: [2][100/390]	Step 882	lr 0.02491	Loss 1.3251 (1.3759)	Prec@(1,5) (49.4%, 92.8%)	
08/11 12:09:19AM searchStage_trainer.py:198 [INFO] Train: Epoch: [2][150/390]	Step 932	lr 0.02491	Loss 1.3424 (1.3708)	Prec@(1,5) (49.6%, 92.9%)	
08/11 12:10:10AM searchStage_trainer.py:198 [INFO] Train: Epoch: [2][200/390]	Step 982	lr 0.02491	Loss 1.3220 (1.3664)	Prec@(1,5) (49.9%, 93.0%)	
08/11 12:11:02AM searchStage_trainer.py:198 [INFO] Train: Epoch: [2][250/390]	Step 1032	lr 0.02491	Loss 1.2821 (1.3543)	Prec@(1,5) (50.4%, 93.2%)	
08/11 12:11:54AM searchStage_trainer.py:198 [INFO] Train: Epoch: [2][300/390]	Step 1082	lr 0.02491	Loss 1.3286 (1.3436)	Prec@(1,5) (50.9%, 93.4%)	
08/11 12:12:45AM searchStage_trainer.py:198 [INFO] Train: Epoch: [2][350/390]	Step 1132	lr 0.02491	Loss 1.3030 (1.3397)	Prec@(1,5) (51.0%, 93.5%)	
08/11 12:13:25AM searchStage_trainer.py:198 [INFO] Train: Epoch: [2][390/390]	Step 1172	lr 0.02491	Loss 1.2550 (1.3300)	Prec@(1,5) (51.4%, 93.6%)	
08/11 12:13:26AM searchStage_trainer.py:208 [INFO] Train: [  2/49] Final Prec@1 51.4000%
08/11 12:13:34AM searchStage_trainer.py:236 [INFO] Valid: Epoch: [2][50/391]	Step 1173	Loss 1.3787	Prec@(1,5) (49.9%, 92.7%)
08/11 12:13:43AM searchStage_trainer.py:236 [INFO] Valid: Epoch: [2][100/391]	Step 1173	Loss 1.3804	Prec@(1,5) (50.0%, 92.7%)
08/11 12:13:51AM searchStage_trainer.py:236 [INFO] Valid: Epoch: [2][150/391]	Step 1173	Loss 1.3646	Prec@(1,5) (50.2%, 93.0%)
08/11 12:13:59AM searchStage_trainer.py:236 [INFO] Valid: Epoch: [2][200/391]	Step 1173	Loss 1.3588	Prec@(1,5) (50.5%, 93.1%)
08/11 12:14:08AM searchStage_trainer.py:236 [INFO] Valid: Epoch: [2][250/391]	Step 1173	Loss 1.3602	Prec@(1,5) (50.4%, 93.2%)
08/11 12:14:16AM searchStage_trainer.py:236 [INFO] Valid: Epoch: [2][300/391]	Step 1173	Loss 1.3599	Prec@(1,5) (50.2%, 93.2%)
08/11 12:14:25AM searchStage_trainer.py:236 [INFO] Valid: Epoch: [2][350/391]	Step 1173	Loss 1.3643	Prec@(1,5) (50.0%, 93.2%)
08/11 12:14:32AM searchStage_trainer.py:236 [INFO] Valid: Epoch: [2][390/391]	Step 1173	Loss 1.3670	Prec@(1,5) (49.9%, 93.1%)
08/11 12:14:32AM searchStage_trainer.py:247 [INFO] Valid: [  2/49] Final Prec@1 49.8720%
08/11 12:14:32AM searchStage_main.py:47 [INFO] DAG = Genotype2(DAG1=[[('avg_pool_3x3', 0), ('avg_pool_3x3', 1)], [('avg_pool_3x3', 2), ('avg_pool_3x3', 0)], [('avg_pool_3x3', 2), ('avg_pool_3x3', 3)], [('avg_pool_3x3', 4), ('avg_pool_3x3', 2)], [('avg_pool_3x3', 5), ('avg_pool_3x3', 4)], [('avg_pool_3x3', 6), ('avg_pool_3x3', 5)]], DAG1_concat=range(6, 8), DAG2=[[('max_pool_3x3', 1), ('max_pool_3x3', 0)], [('skip_connect', 2), ('max_pool_3x3', 1)], [('max_pool_3x3', 3), ('max_pool_3x3', 2)], [('max_pool_3x3', 4), ('skip_connect', 3)], [('skip_connect', 5), ('avg_pool_3x3', 4)], [('skip_connect', 6), ('avg_pool_3x3', 5)]], DAG2_concat=range(6, 8), DAG3=[[('skip_connect', 1), ('skip_connect', 0)], [('skip_connect', 2), ('skip_connect', 1)], [('skip_connect', 3), ('skip_connect', 2)], [('skip_connect', 3), ('max_pool_3x3', 4)], [('skip_connect', 4), ('skip_connect', 3)], [('skip_connect', 5), ('max_pool_3x3', 6)]], DAG3_concat=range(6, 8))
08/11 12:14:32AM searchStage_main.py:73 [INFO] Until now, best Prec@1 = 49.8720%
####### ALPHA #######
# Alpha - DAG
tensor([[0.2495, 0.2672, 0.2517, 0.2317],
        [0.2440, 0.2652, 0.2475, 0.2433]], device='cuda:0',
       grad_fn=<SoftmaxBackward0>)
tensor([[0.2543, 0.2629, 0.2446, 0.2382],
        [0.2587, 0.2617, 0.2425, 0.2371],
        [0.2532, 0.2821, 0.2384, 0.2263]], device='cuda:0',
       grad_fn=<SoftmaxBackward0>)
tensor([[0.2495, 0.2597, 0.2503, 0.2405],
        [0.2560, 0.2716, 0.2370, 0.2354],
        [0.2540, 0.2736, 0.2372, 0.2351]], device='cuda:0',
       grad_fn=<SoftmaxBackward0>)
tensor([[0.2530, 0.2665, 0.2410, 0.2395],
        [0.2491, 0.2645, 0.2432, 0.2432],
        [0.2533, 0.2666, 0.2449, 0.2352]], device='cuda:0',
       grad_fn=<SoftmaxBackward0>)
tensor([[0.2550, 0.2644, 0.2402, 0.2404],
        [0.2550, 0.2644, 0.2378, 0.2429],
        [0.2525, 0.2636, 0.2378, 0.2461]], device='cuda:0',
       grad_fn=<SoftmaxBackward0>)
tensor([[0.2489, 0.2595, 0.2475, 0.2442],
        [0.2507, 0.2567, 0.2457, 0.2469],
        [0.2534, 0.2593, 0.2392, 0.2481]], device='cuda:0',
       grad_fn=<SoftmaxBackward0>)
tensor([[0.2512, 0.2494, 0.2505, 0.2489],
        [0.2519, 0.2480, 0.2502, 0.2499]], device='cuda:0',
       grad_fn=<SoftmaxBackward0>)
tensor([[0.2502, 0.2467, 0.2501, 0.2531],
        [0.2520, 0.2477, 0.2501, 0.2502],
        [0.2512, 0.2516, 0.2517, 0.2455]], device='cuda:0',
       grad_fn=<SoftmaxBackward0>)
tensor([[0.2521, 0.2491, 0.2489, 0.2499],
        [0.2517, 0.2490, 0.2515, 0.2477],
        [0.2509, 0.2498, 0.2485, 0.2509]], device='cuda:0',
       grad_fn=<SoftmaxBackward0>)
tensor([[0.2505, 0.2510, 0.2493, 0.2492],
        [0.2495, 0.2519, 0.2531, 0.2455],
        [0.2533, 0.2500, 0.2443, 0.2524]], device='cuda:0',
       grad_fn=<SoftmaxBackward0>)
tensor([[0.2502, 0.2509, 0.2474, 0.2515],
        [0.2507, 0.2511, 0.2485, 0.2497],
        [0.2489, 0.2522, 0.2529, 0.2460]], device='cuda:0',
       grad_fn=<SoftmaxBackward0>)
tensor([[0.2522, 0.2501, 0.2456, 0.2520],
        [0.2507, 0.2510, 0.2496, 0.2487],
        [0.2490, 0.2512, 0.2528, 0.2470]], device='cuda:0',
       grad_fn=<SoftmaxBackward0>)
tensor([[0.2444, 0.2526, 0.2534, 0.2496],
        [0.2449, 0.2515, 0.2539, 0.2496]], device='cuda:0',
       grad_fn=<SoftmaxBackward0>)
tensor([[0.2512, 0.2483, 0.2507, 0.2497],
        [0.2494, 0.2495, 0.2525, 0.2487],
        [0.2498, 0.2494, 0.2508, 0.2500]], device='cuda:0',
       grad_fn=<SoftmaxBackward0>)
tensor([[0.2489, 0.2491, 0.2533, 0.2487],
        [0.2465, 0.2508, 0.2527, 0.2499],
        [0.2480, 0.2483, 0.2537, 0.2501]], device='cuda:0',
       grad_fn=<SoftmaxBackward0>)
tensor([[0.2522, 0.2482, 0.2488, 0.2508],
        [0.2513, 0.2485, 0.2547, 0.2455],
        [0.2500, 0.2475, 0.2490, 0.2535]], device='cuda:0',
       grad_fn=<SoftmaxBackward0>)
tensor([[0.2464, 0.2516, 0.2587, 0.2433],
        [0.2445, 0.2500, 0.2582, 0.2473],
        [0.2414, 0.2496, 0.2505, 0.2585]], device='cuda:0',
       grad_fn=<SoftmaxBackward0>)
tensor([[0.2519, 0.2494, 0.2498, 0.2488],
        [0.2512, 0.2492, 0.2558, 0.2439],
        [0.2534, 0.2469, 0.2436, 0.2561]], device='cuda:0',
       grad_fn=<SoftmaxBackward0>)
#####################
08/11 12:15:25AM searchStage_trainer.py:198 [INFO] Train: Epoch: [3][50/390]	Step 1223	lr 0.02479	Loss 1.4207 (1.2275)	Prec@(1,5) (56.0%, 94.7%)	
08/11 12:16:15AM searchStage_trainer.py:198 [INFO] Train: Epoch: [3][100/390]	Step 1273	lr 0.02479	Loss 1.0774 (1.2377)	Prec@(1,5) (55.1%, 94.7%)	
08/11 12:17:07AM searchStage_trainer.py:198 [INFO] Train: Epoch: [3][150/390]	Step 1323	lr 0.02479	Loss 1.1694 (1.2309)	Prec@(1,5) (55.5%, 94.7%)	
08/11 12:17:59AM searchStage_trainer.py:198 [INFO] Train: Epoch: [3][200/390]	Step 1373	lr 0.02479	Loss 0.9362 (1.2272)	Prec@(1,5) (55.8%, 94.8%)	
08/11 12:18:51AM searchStage_trainer.py:198 [INFO] Train: Epoch: [3][250/390]	Step 1423	lr 0.02479	Loss 1.1091 (1.2192)	Prec@(1,5) (55.9%, 94.9%)	
08/11 12:19:42AM searchStage_trainer.py:198 [INFO] Train: Epoch: [3][300/390]	Step 1473	lr 0.02479	Loss 1.4810 (1.2186)	Prec@(1,5) (56.2%, 94.9%)	
08/11 12:20:34AM searchStage_trainer.py:198 [INFO] Train: Epoch: [3][350/390]	Step 1523	lr 0.02479	Loss 1.0485 (1.2110)	Prec@(1,5) (56.4%, 94.9%)	
08/11 12:21:15AM searchStage_trainer.py:198 [INFO] Train: Epoch: [3][390/390]	Step 1563	lr 0.02479	Loss 1.1774 (1.2034)	Prec@(1,5) (56.7%, 95.0%)	
08/11 12:21:16AM searchStage_trainer.py:208 [INFO] Train: [  3/49] Final Prec@1 56.6840%
08/11 12:21:24AM searchStage_trainer.py:236 [INFO] Valid: Epoch: [3][50/391]	Step 1564	Loss 1.1133	Prec@(1,5) (60.4%, 95.8%)
08/11 12:21:33AM searchStage_trainer.py:236 [INFO] Valid: Epoch: [3][100/391]	Step 1564	Loss 1.1302	Prec@(1,5) (59.5%, 95.4%)
08/11 12:21:42AM searchStage_trainer.py:236 [INFO] Valid: Epoch: [3][150/391]	Step 1564	Loss 1.1334	Prec@(1,5) (59.0%, 95.6%)
08/11 12:21:50AM searchStage_trainer.py:236 [INFO] Valid: Epoch: [3][200/391]	Step 1564	Loss 1.1351	Prec@(1,5) (58.8%, 95.6%)
08/11 12:21:58AM searchStage_trainer.py:236 [INFO] Valid: Epoch: [3][250/391]	Step 1564	Loss 1.1354	Prec@(1,5) (58.6%, 95.8%)
08/11 12:22:07AM searchStage_trainer.py:236 [INFO] Valid: Epoch: [3][300/391]	Step 1564	Loss 1.1365	Prec@(1,5) (58.4%, 95.7%)
08/11 12:22:15AM searchStage_trainer.py:236 [INFO] Valid: Epoch: [3][350/391]	Step 1564	Loss 1.1425	Prec@(1,5) (58.3%, 95.6%)
08/11 12:22:22AM searchStage_trainer.py:236 [INFO] Valid: Epoch: [3][390/391]	Step 1564	Loss 1.1411	Prec@(1,5) (58.4%, 95.6%)
08/11 12:22:22AM searchStage_trainer.py:247 [INFO] Valid: [  3/49] Final Prec@1 58.4120%
08/11 12:22:22AM searchStage_main.py:47 [INFO] DAG = Genotype2(DAG1=[[('avg_pool_3x3', 0), ('avg_pool_3x3', 1)], [('avg_pool_3x3', 2), ('avg_pool_3x3', 0)], [('avg_pool_3x3', 2), ('avg_pool_3x3', 3)], [('avg_pool_3x3', 4), ('avg_pool_3x3', 2)], [('avg_pool_3x3', 5), ('avg_pool_3x3', 4)], [('avg_pool_3x3', 6), ('avg_pool_3x3', 5)]], DAG1_concat=range(6, 8), DAG2=[[('max_pool_3x3', 1), ('max_pool_3x3', 0)], [('avg_pool_3x3', 2), ('max_pool_3x3', 1)], [('max_pool_3x3', 3), ('max_pool_3x3', 2)], [('max_pool_3x3', 4), ('skip_connect', 3)], [('skip_connect', 5), ('avg_pool_3x3', 4)], [('skip_connect', 6), ('max_pool_3x3', 5)]], DAG2_concat=range(6, 8), DAG3=[[('skip_connect', 1), ('skip_connect', 0)], [('skip_connect', 2), ('skip_connect', 1)], [('skip_connect', 3), ('skip_connect', 2)], [('skip_connect', 3), ('max_pool_3x3', 4)], [('skip_connect', 4), ('skip_connect', 3)], [('skip_connect', 5), ('max_pool_3x3', 6)]], DAG3_concat=range(6, 8))
08/11 12:22:22AM searchStage_main.py:73 [INFO] Until now, best Prec@1 = 58.4120%
####### ALPHA #######
# Alpha - DAG
tensor([[0.2470, 0.2730, 0.2521, 0.2279],
        [0.2435, 0.2738, 0.2475, 0.2352]], device='cuda:0',
       grad_fn=<SoftmaxBackward0>)
tensor([[0.2546, 0.2701, 0.2444, 0.2310],
        [0.2586, 0.2682, 0.2427, 0.2305],
        [0.2521, 0.2925, 0.2338, 0.2217]], device='cuda:0',
       grad_fn=<SoftmaxBackward0>)
tensor([[0.2495, 0.2625, 0.2489, 0.2391],
        [0.2580, 0.2789, 0.2345, 0.2285],
        [0.2558, 0.2816, 0.2318, 0.2307]], device='cuda:0',
       grad_fn=<SoftmaxBackward0>)
tensor([[0.2545, 0.2706, 0.2393, 0.2355],
        [0.2507, 0.2681, 0.2406, 0.2407],
        [0.2549, 0.2715, 0.2424, 0.2313]], device='cuda:0',
       grad_fn=<SoftmaxBackward0>)
tensor([[0.2577, 0.2696, 0.2359, 0.2368],
        [0.2558, 0.2686, 0.2350, 0.2407],
        [0.2522, 0.2675, 0.2360, 0.2443]], device='cuda:0',
       grad_fn=<SoftmaxBackward0>)
tensor([[0.2496, 0.2626, 0.2454, 0.2425],
        [0.2507, 0.2592, 0.2449, 0.2451],
        [0.2541, 0.2620, 0.2371, 0.2468]], device='cuda:0',
       grad_fn=<SoftmaxBackward0>)
tensor([[0.2514, 0.2495, 0.2506, 0.2484],
        [0.2526, 0.2470, 0.2501, 0.2502]], device='cuda:0',
       grad_fn=<SoftmaxBackward0>)
tensor([[0.2500, 0.2459, 0.2502, 0.2539],
        [0.2524, 0.2477, 0.2504, 0.2495],
        [0.2515, 0.2517, 0.2515, 0.2453]], device='cuda:0',
       grad_fn=<SoftmaxBackward0>)
tensor([[0.2527, 0.2488, 0.2485, 0.2499],
        [0.2521, 0.2488, 0.2519, 0.2472],
        [0.2510, 0.2496, 0.2482, 0.2512]], device='cuda:0',
       grad_fn=<SoftmaxBackward0>)
tensor([[0.2507, 0.2510, 0.2492, 0.2491],
        [0.2495, 0.2521, 0.2537, 0.2446],
        [0.2539, 0.2499, 0.2434, 0.2529]], device='cuda:0',
       grad_fn=<SoftmaxBackward0>)
tensor([[0.2503, 0.2509, 0.2467, 0.2522],
        [0.2509, 0.2513, 0.2487, 0.2491],
        [0.2488, 0.2525, 0.2532, 0.2455]], device='cuda:0',
       grad_fn=<SoftmaxBackward0>)
tensor([[0.2529, 0.2499, 0.2445, 0.2527],
        [0.2511, 0.2511, 0.2494, 0.2484],
        [0.2490, 0.2513, 0.2535, 0.2462]], device='cuda:0',
       grad_fn=<SoftmaxBackward0>)
tensor([[0.2431, 0.2530, 0.2543, 0.2496],
        [0.2438, 0.2517, 0.2549, 0.2496]], device='cuda:0',
       grad_fn=<SoftmaxBackward0>)
tensor([[0.2514, 0.2481, 0.2511, 0.2494],
        [0.2493, 0.2494, 0.2530, 0.2483],
        [0.2495, 0.2492, 0.2509, 0.2503]], device='cuda:0',
       grad_fn=<SoftmaxBackward0>)
tensor([[0.2486, 0.2488, 0.2541, 0.2486],
        [0.2458, 0.2509, 0.2533, 0.2500],
        [0.2474, 0.2480, 0.2544, 0.2502]], device='cuda:0',
       grad_fn=<SoftmaxBackward0>)
tensor([[0.2526, 0.2478, 0.2486, 0.2510],
        [0.2514, 0.2481, 0.2558, 0.2446],
        [0.2499, 0.2469, 0.2489, 0.2543]], device='cuda:0',
       grad_fn=<SoftmaxBackward0>)
tensor([[0.2455, 0.2519, 0.2605, 0.2420],
        [0.2433, 0.2499, 0.2601, 0.2468],
        [0.2397, 0.2493, 0.2508, 0.2602]], device='cuda:0',
       grad_fn=<SoftmaxBackward0>)
tensor([[0.2522, 0.2492, 0.2499, 0.2486],
        [0.2514, 0.2490, 0.2570, 0.2426],
        [0.2541, 0.2461, 0.2424, 0.2575]], device='cuda:0',
       grad_fn=<SoftmaxBackward0>)
#####################
08/11 12:23:15AM searchStage_trainer.py:198 [INFO] Train: Epoch: [4][50/390]	Step 1614	lr 0.02462	Loss 1.0441 (1.1595)	Prec@(1,5) (58.0%, 95.1%)	
08/11 12:24:06AM searchStage_trainer.py:198 [INFO] Train: Epoch: [4][100/390]	Step 1664	lr 0.02462	Loss 1.3646 (1.1501)	Prec@(1,5) (58.4%, 95.0%)	
08/11 12:24:57AM searchStage_trainer.py:198 [INFO] Train: Epoch: [4][150/390]	Step 1714	lr 0.02462	Loss 1.1595 (1.1532)	Prec@(1,5) (58.6%, 95.1%)	
08/11 12:25:49AM searchStage_trainer.py:198 [INFO] Train: Epoch: [4][200/390]	Step 1764	lr 0.02462	Loss 1.1599 (1.1389)	Prec@(1,5) (59.2%, 95.3%)	
08/11 12:26:41AM searchStage_trainer.py:198 [INFO] Train: Epoch: [4][250/390]	Step 1814	lr 0.02462	Loss 1.2173 (1.1286)	Prec@(1,5) (59.5%, 95.5%)	
08/11 12:27:33AM searchStage_trainer.py:198 [INFO] Train: Epoch: [4][300/390]	Step 1864	lr 0.02462	Loss 0.9192 (1.1237)	Prec@(1,5) (59.7%, 95.6%)	
08/11 12:28:24AM searchStage_trainer.py:198 [INFO] Train: Epoch: [4][350/390]	Step 1914	lr 0.02462	Loss 1.0667 (1.1205)	Prec@(1,5) (59.9%, 95.6%)	
08/11 12:29:05AM searchStage_trainer.py:198 [INFO] Train: Epoch: [4][390/390]	Step 1954	lr 0.02462	Loss 1.1168 (1.1183)	Prec@(1,5) (60.0%, 95.6%)	
08/11 12:29:06AM searchStage_trainer.py:208 [INFO] Train: [  4/49] Final Prec@1 60.0200%
08/11 12:29:15AM searchStage_trainer.py:236 [INFO] Valid: Epoch: [4][50/391]	Step 1955	Loss 1.2920	Prec@(1,5) (54.0%, 94.3%)
08/11 12:29:23AM searchStage_trainer.py:236 [INFO] Valid: Epoch: [4][100/391]	Step 1955	Loss 1.2812	Prec@(1,5) (54.0%, 94.5%)
08/11 12:29:32AM searchStage_trainer.py:236 [INFO] Valid: Epoch: [4][150/391]	Step 1955	Loss 1.2829	Prec@(1,5) (53.7%, 94.7%)
08/11 12:29:41AM searchStage_trainer.py:236 [INFO] Valid: Epoch: [4][200/391]	Step 1955	Loss 1.2726	Prec@(1,5) (54.2%, 94.7%)
08/11 12:29:48AM searchStage_trainer.py:236 [INFO] Valid: Epoch: [4][250/391]	Step 1955	Loss 1.2656	Prec@(1,5) (54.4%, 94.7%)
08/11 12:29:57AM searchStage_trainer.py:236 [INFO] Valid: Epoch: [4][300/391]	Step 1955	Loss 1.2653	Prec@(1,5) (54.4%, 94.7%)
08/11 12:30:06AM searchStage_trainer.py:236 [INFO] Valid: Epoch: [4][350/391]	Step 1955	Loss 1.2666	Prec@(1,5) (54.3%, 94.7%)
08/11 12:30:12AM searchStage_trainer.py:236 [INFO] Valid: Epoch: [4][390/391]	Step 1955	Loss 1.2632	Prec@(1,5) (54.4%, 94.7%)
08/11 12:30:12AM searchStage_trainer.py:247 [INFO] Valid: [  4/49] Final Prec@1 54.3800%
08/11 12:30:13AM searchStage_main.py:47 [INFO] DAG = Genotype2(DAG1=[[('avg_pool_3x3', 1), ('avg_pool_3x3', 0)], [('avg_pool_3x3', 2), ('avg_pool_3x3', 0)], [('avg_pool_3x3', 3), ('avg_pool_3x3', 2)], [('avg_pool_3x3', 4), ('avg_pool_3x3', 2)], [('avg_pool_3x3', 5), ('avg_pool_3x3', 4)], [('avg_pool_3x3', 6), ('avg_pool_3x3', 5)]], DAG1_concat=range(6, 8), DAG2=[[('max_pool_3x3', 1), ('max_pool_3x3', 0)], [('avg_pool_3x3', 2), ('max_pool_3x3', 1)], [('max_pool_3x3', 3), ('max_pool_3x3', 2)], [('max_pool_3x3', 4), ('skip_connect', 3)], [('skip_connect', 5), ('avg_pool_3x3', 4)], [('skip_connect', 6), ('max_pool_3x3', 5)]], DAG2_concat=range(6, 8), DAG3=[[('skip_connect', 1), ('skip_connect', 0)], [('skip_connect', 2), ('skip_connect', 1)], [('skip_connect', 3), ('skip_connect', 2)], [('skip_connect', 3), ('max_pool_3x3', 4)], [('skip_connect', 4), ('skip_connect', 3)], [('skip_connect', 5), ('max_pool_3x3', 6)]], DAG3_concat=range(6, 8))
08/11 12:30:13AM searchStage_main.py:73 [INFO] Until now, best Prec@1 = 58.4120%
####### ALPHA #######
# Alpha - DAG
tensor([[0.2468, 0.2775, 0.2517, 0.2240],
        [0.2456, 0.2805, 0.2470, 0.2269]], device='cuda:0',
       grad_fn=<SoftmaxBackward0>)
tensor([[0.2537, 0.2757, 0.2438, 0.2268],
        [0.2601, 0.2722, 0.2429, 0.2248],
        [0.2543, 0.3016, 0.2294, 0.2147]], device='cuda:0',
       grad_fn=<SoftmaxBackward0>)
tensor([[0.2502, 0.2652, 0.2489, 0.2356],
        [0.2589, 0.2846, 0.2334, 0.2231],
        [0.2565, 0.2867, 0.2277, 0.2290]], device='cuda:0',
       grad_fn=<SoftmaxBackward0>)
tensor([[0.2557, 0.2738, 0.2388, 0.2318],
        [0.2512, 0.2716, 0.2390, 0.2382],
        [0.2559, 0.2748, 0.2402, 0.2292]], device='cuda:0',
       grad_fn=<SoftmaxBackward0>)
tensor([[0.2586, 0.2742, 0.2341, 0.2331],
        [0.2564, 0.2717, 0.2330, 0.2389],
        [0.2530, 0.2699, 0.2343, 0.2429]], device='cuda:0',
       grad_fn=<SoftmaxBackward0>)
tensor([[0.2495, 0.2654, 0.2437, 0.2413],
        [0.2523, 0.2622, 0.2427, 0.2428],
        [0.2554, 0.2642, 0.2346, 0.2457]], device='cuda:0',
       grad_fn=<SoftmaxBackward0>)
tensor([[0.2515, 0.2496, 0.2508, 0.2481],
        [0.2530, 0.2465, 0.2500, 0.2505]], device='cuda:0',
       grad_fn=<SoftmaxBackward0>)
tensor([[0.2502, 0.2453, 0.2502, 0.2543],
        [0.2528, 0.2475, 0.2504, 0.2494],
        [0.2516, 0.2518, 0.2516, 0.2450]], device='cuda:0',
       grad_fn=<SoftmaxBackward0>)
tensor([[0.2535, 0.2486, 0.2483, 0.2496],
        [0.2523, 0.2487, 0.2522, 0.2469],
        [0.2511, 0.2495, 0.2480, 0.2515]], device='cuda:0',
       grad_fn=<SoftmaxBackward0>)
tensor([[0.2508, 0.2511, 0.2492, 0.2489],
        [0.2495, 0.2523, 0.2543, 0.2440],
        [0.2543, 0.2498, 0.2426, 0.2533]], device='cuda:0',
       grad_fn=<SoftmaxBackward0>)
tensor([[0.2503, 0.2509, 0.2462, 0.2526],
        [0.2510, 0.2514, 0.2485, 0.2492],
        [0.2487, 0.2528, 0.2538, 0.2447]], device='cuda:0',
       grad_fn=<SoftmaxBackward0>)
tensor([[0.2533, 0.2499, 0.2438, 0.2530],
        [0.2512, 0.2511, 0.2494, 0.2482],
        [0.2489, 0.2513, 0.2540, 0.2458]], device='cuda:0',
       grad_fn=<SoftmaxBackward0>)
tensor([[0.2422, 0.2533, 0.2549, 0.2496],
        [0.2429, 0.2518, 0.2557, 0.2496]], device='cuda:0',
       grad_fn=<SoftmaxBackward0>)
tensor([[0.2516, 0.2477, 0.2513, 0.2494],
        [0.2492, 0.2494, 0.2534, 0.2480],
        [0.2494, 0.2491, 0.2510, 0.2505]], device='cuda:0',
       grad_fn=<SoftmaxBackward0>)
tensor([[0.2485, 0.2486, 0.2547, 0.2481],
        [0.2453, 0.2509, 0.2536, 0.2502],
        [0.2470, 0.2478, 0.2549, 0.2503]], device='cuda:0',
       grad_fn=<SoftmaxBackward0>)
tensor([[0.2529, 0.2475, 0.2485, 0.2511],
        [0.2517, 0.2478, 0.2566, 0.2440],
        [0.2499, 0.2465, 0.2487, 0.2549]], device='cuda:0',
       grad_fn=<SoftmaxBackward0>)
tensor([[0.2448, 0.2521, 0.2621, 0.2409],
        [0.2423, 0.2498, 0.2615, 0.2464],
        [0.2383, 0.2492, 0.2510, 0.2615]], device='cuda:0',
       grad_fn=<SoftmaxBackward0>)
tensor([[0.2525, 0.2491, 0.2500, 0.2485],
        [0.2515, 0.2489, 0.2580, 0.2416],
        [0.2545, 0.2455, 0.2415, 0.2585]], device='cuda:0',
       grad_fn=<SoftmaxBackward0>)
#####################
08/11 12:31:05AM searchStage_trainer.py:198 [INFO] Train: Epoch: [5][50/390]	Step 2005	lr 0.02441	Loss 0.8143 (1.0813)	Prec@(1,5) (60.9%, 96.2%)	
08/11 12:31:56AM searchStage_trainer.py:198 [INFO] Train: Epoch: [5][100/390]	Step 2055	lr 0.02441	Loss 0.9753 (1.0690)	Prec@(1,5) (61.5%, 96.2%)	
08/11 12:32:48AM searchStage_trainer.py:198 [INFO] Train: Epoch: [5][150/390]	Step 2105	lr 0.02441	Loss 1.1374 (1.0591)	Prec@(1,5) (61.9%, 96.2%)	
08/11 12:33:40AM searchStage_trainer.py:198 [INFO] Train: Epoch: [5][200/390]	Step 2155	lr 0.02441	Loss 1.0997 (1.0599)	Prec@(1,5) (61.8%, 96.1%)	
08/11 12:34:31AM searchStage_trainer.py:198 [INFO] Train: Epoch: [5][250/390]	Step 2205	lr 0.02441	Loss 0.8973 (1.0455)	Prec@(1,5) (62.3%, 96.3%)	
08/11 12:35:23AM searchStage_trainer.py:198 [INFO] Train: Epoch: [5][300/390]	Step 2255	lr 0.02441	Loss 1.1276 (1.0445)	Prec@(1,5) (62.6%, 96.3%)	
08/11 12:36:15AM searchStage_trainer.py:198 [INFO] Train: Epoch: [5][350/390]	Step 2305	lr 0.02441	Loss 1.3646 (1.0412)	Prec@(1,5) (62.8%, 96.2%)	
