10/19 09:48:01PM parser.py:28 [INFO] 
10/19 09:48:01PM parser.py:29 [INFO] Parameters:
10/19 09:48:01PM parser.py:31 [INFO] DAG_PATH=results/search_stage_KD/cifar100/ORIGINAL/s0-baselinebest/DAG
10/19 09:48:01PM parser.py:31 [INFO] T=10.0
10/19 09:48:01PM parser.py:31 [INFO] ADVANCED=True
10/19 09:48:01PM parser.py:31 [INFO] ALPHA_LR=0.0003
10/19 09:48:01PM parser.py:31 [INFO] ALPHA_WEIGHT_DECAY=0.001
10/19 09:48:01PM parser.py:31 [INFO] BATCH_SIZE=64
10/19 09:48:01PM parser.py:31 [INFO] CASCADE=False
10/19 09:48:01PM parser.py:31 [INFO] CHECKPOINT_RESET=False
10/19 09:48:01PM parser.py:31 [INFO] CUTOUT_LENGTH=0
10/19 09:48:01PM parser.py:31 [INFO] DATA_PATH=../data/
10/19 09:48:01PM parser.py:31 [INFO] DATASET=cifar100
10/19 09:48:01PM parser.py:31 [INFO] DEPTH_COEF=1.0
10/19 09:48:01PM parser.py:31 [INFO] DESCRIPTION=noKD_original_H-DAS_model_baselinebest-cell
10/19 09:48:01PM parser.py:31 [INFO] EPOCHS=50
10/19 09:48:01PM parser.py:31 [INFO] EXP_NAME=s0-baselinebest
10/19 09:48:01PM parser.py:31 [INFO] GENOTYPE=Genotype3(normal1=[[('sep_conv_5x5', 0), ('sep_conv_3x3', 1)], [('sep_conv_3x3', 1), ('sep_conv_3x3', 0)], [('sep_conv_3x3', 1), ('sep_conv_3x3', 2)], [('sep_conv_3x3', 0), ('sep_conv_5x5', 4)]], normal1_concat=range(2, 6), reduce1=[[('sep_conv_3x3', 0), ('skip_connect', 1)], [('sep_conv_3x3', 1), ('max_pool_3x3', 0)], [('sep_conv_3x3', 2), ('sep_conv_3x3', 1)], [('max_pool_3x3', 0), ('dil_conv_3x3', 1)]], reduce1_concat=range(2, 6), normal2=[[('skip_connect', 0), ('sep_conv_5x5', 1)], [('skip_connect', 0), ('skip_connect', 2)], [('avg_pool_3x3', 0), ('avg_pool_3x3', 2)], [('skip_connect', 0), ('avg_pool_3x3', 2)]], normal2_concat=range(2, 6), reduce2=[[('avg_pool_3x3', 0), ('avg_pool_3x3', 1)], [('avg_pool_3x3', 0), ('skip_connect', 2)], [('skip_connect', 2), ('avg_pool_3x3', 0)], [('skip_connect', 2), ('avg_pool_3x3', 0)]], reduce2_concat=range(2, 6), normal3=[[('skip_connect', 0), ('skip_connect', 1)], [('skip_connect', 0), ('dil_conv_3x3', 1)], [('skip_connect', 0), ('skip_connect', 1)], [('skip_connect', 0), ('skip_connect', 2)]], normal3_concat=range(2, 6))
10/19 09:48:01PM parser.py:31 [INFO] GPUS=[0]
10/19 09:48:01PM parser.py:31 [INFO] HINT_EPOCHS=[16, 32]
10/19 09:48:01PM parser.py:31 [INFO] INIT_CHANNELS=16
10/19 09:48:01PM parser.py:31 [INFO] L=0.4
10/19 09:48:01PM parser.py:31 [INFO] LAYERS=20
10/19 09:48:01PM parser.py:31 [INFO] LOGGER=<Logger H-DAS (INFO)>
10/19 09:48:01PM parser.py:31 [INFO] NAME=ORIGINAL
10/19 09:48:01PM parser.py:31 [INFO] NONKD=True
10/19 09:48:01PM parser.py:31 [INFO] PATH=results/search_stage_KD/cifar100/ORIGINAL/s0-baselinebest
10/19 09:48:01PM parser.py:31 [INFO] PCDARTS=False
10/19 09:48:01PM parser.py:31 [INFO] PLOT_PATH=results/search_stage_KD/cifar100/ORIGINAL/s0-baselinebest/plots
10/19 09:48:01PM parser.py:31 [INFO] PRINT_FREQ=100
10/19 09:48:01PM parser.py:31 [INFO] RESUME_PATH=None
10/19 09:48:01PM parser.py:31 [INFO] SAVE=s0-baselinebest
10/19 09:48:01PM parser.py:31 [INFO] SEED=0
10/19 09:48:01PM parser.py:31 [INFO] SHARE_STAGE=False
10/19 09:48:01PM parser.py:31 [INFO] SLIDE_WINDOW=3
10/19 09:48:01PM parser.py:31 [INFO] SPEC_CELL=True
10/19 09:48:01PM parser.py:31 [INFO] TEACHER_NAME=none
10/19 09:48:01PM parser.py:31 [INFO] TEACHER_PATH=none
10/19 09:48:01PM parser.py:31 [INFO] TRAIN_PORTION=0.5
10/19 09:48:01PM parser.py:31 [INFO] TYPE=KD
10/19 09:48:01PM parser.py:31 [INFO] W_GRAD_CLIP=5.0
10/19 09:48:01PM parser.py:31 [INFO] W_LR=0.025
10/19 09:48:01PM parser.py:31 [INFO] W_LR_MIN=0.001
10/19 09:48:01PM parser.py:31 [INFO] W_MOMENTUM=0.9
10/19 09:48:01PM parser.py:31 [INFO] W_WEIGHT_DECAY=0.0003
10/19 09:48:01PM parser.py:31 [INFO] WORKERS=4
10/19 09:48:01PM parser.py:32 [INFO] 
10/19 09:48:14PM searchStage_trainer.py:136 [INFO] --> No loaded checkpoint!
####### ALPHA #######
# Alpha - DAG
tensor([[0.2504, 0.2499, 0.2495, 0.2502],
        [0.2498, 0.2497, 0.2502, 0.2503]], device='cuda:0',
       grad_fn=<SoftmaxBackward0>)
tensor([[0.2499, 0.2500, 0.2499, 0.2501],
        [0.2498, 0.2503, 0.2498, 0.2501],
        [0.2500, 0.2503, 0.2499, 0.2498]], device='cuda:0',
       grad_fn=<SoftmaxBackward0>)
tensor([[0.2499, 0.2501, 0.2500, 0.2500],
        [0.2501, 0.2504, 0.2497, 0.2498],
        [0.2501, 0.2499, 0.2502, 0.2498]], device='cuda:0',
       grad_fn=<SoftmaxBackward0>)
tensor([[0.2501, 0.2502, 0.2495, 0.2501],
        [0.2499, 0.2500, 0.2502, 0.2499],
        [0.2500, 0.2501, 0.2500, 0.2498]], device='cuda:0',
       grad_fn=<SoftmaxBackward0>)
tensor([[0.2498, 0.2500, 0.2501, 0.2500],
        [0.2504, 0.2499, 0.2499, 0.2497],
        [0.2501, 0.2505, 0.2498, 0.2496]], device='cuda:0',
       grad_fn=<SoftmaxBackward0>)
tensor([[0.2497, 0.2499, 0.2504, 0.2501],
        [0.2496, 0.2497, 0.2502, 0.2505],
        [0.2500, 0.2500, 0.2497, 0.2504]], device='cuda:0',
       grad_fn=<SoftmaxBackward0>)
tensor([[0.2503, 0.2502, 0.2500, 0.2495],
        [0.2496, 0.2502, 0.2502, 0.2500]], device='cuda:0',
       grad_fn=<SoftmaxBackward0>)
tensor([[0.2500, 0.2501, 0.2498, 0.2500],
        [0.2500, 0.2502, 0.2498, 0.2500],
        [0.2499, 0.2503, 0.2499, 0.2499]], device='cuda:0',
       grad_fn=<SoftmaxBackward0>)
tensor([[0.2499, 0.2501, 0.2497, 0.2503],
        [0.2501, 0.2500, 0.2500, 0.2499],
        [0.2501, 0.2502, 0.2499, 0.2498]], device='cuda:0',
       grad_fn=<SoftmaxBackward0>)
tensor([[0.2502, 0.2505, 0.2497, 0.2496],
        [0.2496, 0.2505, 0.2496, 0.2503],
        [0.2502, 0.2500, 0.2500, 0.2498]], device='cuda:0',
       grad_fn=<SoftmaxBackward0>)
tensor([[0.2499, 0.2500, 0.2500, 0.2500],
        [0.2498, 0.2501, 0.2502, 0.2499],
        [0.2496, 0.2501, 0.2503, 0.2500]], device='cuda:0',
       grad_fn=<SoftmaxBackward0>)
tensor([[0.2503, 0.2500, 0.2497, 0.2501],
        [0.2501, 0.2500, 0.2500, 0.2499],
        [0.2496, 0.2502, 0.2500, 0.2502]], device='cuda:0',
       grad_fn=<SoftmaxBackward0>)
tensor([[0.2500, 0.2504, 0.2496, 0.2499],
        [0.2503, 0.2503, 0.2498, 0.2497]], device='cuda:0',
       grad_fn=<SoftmaxBackward0>)
tensor([[0.2501, 0.2500, 0.2499, 0.2500],
        [0.2499, 0.2495, 0.2504, 0.2501],
        [0.2503, 0.2498, 0.2499, 0.2500]], device='cuda:0',
       grad_fn=<SoftmaxBackward0>)
tensor([[0.2497, 0.2502, 0.2503, 0.2498],
        [0.2498, 0.2504, 0.2500, 0.2498],
        [0.2502, 0.2497, 0.2501, 0.2500]], device='cuda:0',
       grad_fn=<SoftmaxBackward0>)
tensor([[0.2501, 0.2499, 0.2500, 0.2499],
        [0.2498, 0.2500, 0.2499, 0.2503],
        [0.2499, 0.2504, 0.2499, 0.2499]], device='cuda:0',
       grad_fn=<SoftmaxBackward0>)
tensor([[0.2497, 0.2503, 0.2500, 0.2500],
        [0.2499, 0.2502, 0.2501, 0.2499],
        [0.2499, 0.2505, 0.2497, 0.2499]], device='cuda:0',
       grad_fn=<SoftmaxBackward0>)
tensor([[0.2500, 0.2502, 0.2499, 0.2499],
        [0.2502, 0.2496, 0.2504, 0.2499],
        [0.2501, 0.2502, 0.2499, 0.2499]], device='cuda:0',
       grad_fn=<SoftmaxBackward0>)
#####################
10/19 09:48:43PM searchStage_trainer.py:267 [INFO] Train: Epoch: [0][100/390]	Step 100	lr 0.025	Loss 4.4630 (4.6451)	Hard Loss 4.4630 (4.6451)	Soft Loss 4.4630 (4.6451)	Arch Loss 4.5110 (4.6395)	Arch Hard Loss 4.5110 (4.6395)	Arch Soft Loss 4.5110 (4.6395)	Arch depth Loss -0.5030 (-0.2456)	Prec@(1,5) (1.8%, 8.7%)	
10/19 09:49:10PM searchStage_trainer.py:267 [INFO] Train: Epoch: [0][200/390]	Step 200	lr 0.025	Loss 4.2364 (4.4705)	Hard Loss 4.2364 (4.4705)	Soft Loss 4.2364 (4.4705)	Arch Loss 4.1748 (4.4578)	Arch Hard Loss 4.1748 (4.4578)	Arch Soft Loss 4.1748 (4.4578)	Arch depth Loss -1.0705 (-0.5154)	Prec@(1,5) (3.0%, 13.0%)	
10/19 09:49:37PM searchStage_trainer.py:267 [INFO] Train: Epoch: [0][300/390]	Step 300	lr 0.025	Loss 3.9053 (4.3569)	Hard Loss 3.9053 (4.3569)	Soft Loss 3.9053 (4.3569)	Arch Loss 3.9078 (4.3368)	Arch Hard Loss 3.9078 (4.3368)	Arch Soft Loss 3.9078 (4.3368)	Arch depth Loss -1.6922 (-0.8035)	Prec@(1,5) (3.9%, 15.8%)	
10/19 09:50:02PM searchStage_trainer.py:267 [INFO] Train: Epoch: [0][390/390]	Step 390	lr 0.025	Loss 4.0659 (4.2820)	Hard Loss 4.0659 (4.2820)	Soft Loss 4.0659 (4.2820)	Arch Loss 4.0210 (4.2638)	Arch Hard Loss 4.0210 (4.2638)	Arch Soft Loss 4.0210 (4.2638)	Arch depth Loss -2.3006 (-1.0787)	Prec@(1,5) (4.6%, 17.9%)	
10/19 09:50:02PM searchStage_trainer.py:283 [INFO] Train: [  0/49] Final Prec@1 4.6240%
10/19 09:50:07PM searchStage_trainer.py:311 [INFO] Valid: Epoch: [0][100/391]	Step 391	Loss 3.9792	Prec@(1,5) (7.6%, 26.7%)
10/19 09:50:11PM searchStage_trainer.py:311 [INFO] Valid: Epoch: [0][200/391]	Step 391	Loss 3.9754	Prec@(1,5) (7.5%, 26.6%)
10/19 09:50:15PM searchStage_trainer.py:311 [INFO] Valid: Epoch: [0][300/391]	Step 391	Loss 3.9724	Prec@(1,5) (7.7%, 26.6%)
10/19 09:50:18PM searchStage_trainer.py:311 [INFO] Valid: Epoch: [0][390/391]	Step 391	Loss 3.9699	Prec@(1,5) (7.8%, 26.6%)
10/19 09:50:18PM searchStage_trainer.py:322 [INFO] Valid: [  0/49] Final Prec@1 7.8000%
10/19 09:50:18PM searchStage_KD_main.py:71 [INFO] DAG = Genotype2(DAG1=[[('avg_pool_3x3', 1), ('avg_pool_3x3', 0)], [('avg_pool_3x3', 2), ('max_pool_3x3', 1)], [('avg_pool_3x3', 2), ('avg_pool_3x3', 3)], [('avg_pool_3x3', 2), ('avg_pool_3x3', 4)], [('avg_pool_3x3', 5), ('avg_pool_3x3', 4)], [('avg_pool_3x3', 5), ('avg_pool_3x3', 6)]], DAG1_concat=range(6, 8), DAG2=[[('avg_pool_3x3', 0), ('skip_connect', 1)], [('avg_pool_3x3', 2), ('avg_pool_3x3', 0)], [('avg_pool_3x3', 3), ('max_pool_3x3', 2)], [('avg_pool_3x3', 2), ('avg_pool_3x3', 3)], [('skip_connect', 5), ('skip_connect', 4)], [('max_pool_3x3', 4), ('avg_pool_3x3', 6)]], DAG2_concat=range(6, 8), DAG3=[[('avg_pool_3x3', 1), ('avg_pool_3x3', 0)], [('max_pool_3x3', 2), ('skip_connect', 1)], [('skip_connect', 3), ('avg_pool_3x3', 2)], [('avg_pool_3x3', 4), ('skip_connect', 2)], [('skip_connect', 4), ('avg_pool_3x3', 5)], [('skip_connect', 5), ('avg_pool_3x3', 4)]], DAG3_concat=range(6, 8))
10/19 09:50:19PM searchStage_KD_main.py:102 [INFO] Until now, best Prec@1 = 7.8000%
####### ALPHA #######
# Alpha - DAG
tensor([[0.2495, 0.2514, 0.2483, 0.2509],
        [0.2479, 0.2514, 0.2497, 0.2510]], device='cuda:0',
       grad_fn=<SoftmaxBackward0>)
tensor([[0.2513, 0.2505, 0.2500, 0.2482],
        [0.2507, 0.2499, 0.2494, 0.2500],
        [0.2510, 0.2527, 0.2494, 0.2469]], device='cuda:0',
       grad_fn=<SoftmaxBackward0>)
tensor([[0.2504, 0.2505, 0.2504, 0.2486],
        [0.2519, 0.2526, 0.2474, 0.2481],
        [0.2517, 0.2523, 0.2486, 0.2474]], device='cuda:0',
       grad_fn=<SoftmaxBackward0>)
tensor([[0.2506, 0.2509, 0.2497, 0.2487],
        [0.2505, 0.2501, 0.2501, 0.2494],
        [0.2501, 0.2505, 0.2495, 0.2498]], device='cuda:0',
       grad_fn=<SoftmaxBackward0>)
tensor([[0.2504, 0.2506, 0.2500, 0.2491],
        [0.2501, 0.2508, 0.2492, 0.2498],
        [0.2505, 0.2514, 0.2492, 0.2489]], device='cuda:0',
       grad_fn=<SoftmaxBackward0>)
tensor([[0.2499, 0.2504, 0.2497, 0.2500],
        [0.2500, 0.2501, 0.2498, 0.2501],
        [0.2496, 0.2503, 0.2498, 0.2503]], device='cuda:0',
       grad_fn=<SoftmaxBackward0>)
tensor([[0.2502, 0.2503, 0.2502, 0.2493],
        [0.2497, 0.2500, 0.2501, 0.2502]], device='cuda:0',
       grad_fn=<SoftmaxBackward0>)
tensor([[0.2500, 0.2503, 0.2501, 0.2496],
        [0.2500, 0.2500, 0.2499, 0.2501],
        [0.2496, 0.2505, 0.2499, 0.2501]], device='cuda:0',
       grad_fn=<SoftmaxBackward0>)
tensor([[0.2500, 0.2501, 0.2499, 0.2500],
        [0.2501, 0.2500, 0.2500, 0.2498],
        [0.2500, 0.2503, 0.2498, 0.2499]], device='cuda:0',
       grad_fn=<SoftmaxBackward0>)
tensor([[0.2503, 0.2505, 0.2498, 0.2495],
        [0.2497, 0.2506, 0.2496, 0.2501],
        [0.2502, 0.2500, 0.2500, 0.2497]], device='cuda:0',
       grad_fn=<SoftmaxBackward0>)
tensor([[0.2499, 0.2500, 0.2501, 0.2500],
        [0.2498, 0.2501, 0.2502, 0.2500],
        [0.2495, 0.2503, 0.2503, 0.2498]], device='cuda:0',
       grad_fn=<SoftmaxBackward0>)
tensor([[0.2503, 0.2500, 0.2499, 0.2498],
        [0.2499, 0.2502, 0.2502, 0.2498],
        [0.2494, 0.2504, 0.2499, 0.2503]], device='cuda:0',
       grad_fn=<SoftmaxBackward0>)
tensor([[0.2499, 0.2502, 0.2499, 0.2500],
        [0.2501, 0.2502, 0.2501, 0.2496]], device='cuda:0',
       grad_fn=<SoftmaxBackward0>)
tensor([[0.2500, 0.2498, 0.2502, 0.2500],
        [0.2499, 0.2495, 0.2508, 0.2499],
        [0.2500, 0.2499, 0.2499, 0.2502]], device='cuda:0',
       grad_fn=<SoftmaxBackward0>)
tensor([[0.2496, 0.2503, 0.2507, 0.2494],
        [0.2495, 0.2503, 0.2501, 0.2501],
        [0.2501, 0.2497, 0.2504, 0.2499]], device='cuda:0',
       grad_fn=<SoftmaxBackward0>)
tensor([[0.2502, 0.2498, 0.2503, 0.2498],
        [0.2497, 0.2500, 0.2500, 0.2504],
        [0.2499, 0.2503, 0.2500, 0.2498]], device='cuda:0',
       grad_fn=<SoftmaxBackward0>)
tensor([[0.2497, 0.2502, 0.2503, 0.2498],
        [0.2496, 0.2500, 0.2504, 0.2500],
        [0.2499, 0.2504, 0.2497, 0.2499]], device='cuda:0',
       grad_fn=<SoftmaxBackward0>)
tensor([[0.2501, 0.2502, 0.2498, 0.2499],
        [0.2503, 0.2496, 0.2504, 0.2497],
        [0.2500, 0.2500, 0.2500, 0.2500]], device='cuda:0',
       grad_fn=<SoftmaxBackward0>)
#####################
10/19 09:50:47午後 searchStage_trainer.py:267 [INFO] Train: Epoch: [1][100/390]	Step 491	lr 0.02498	Loss 4.1941 (3.9433)	Hard Loss 4.1941 (3.9433)	Soft Loss 4.1941 (3.9433)	Arch Loss 3.8824 (3.9633)	Arch Hard Loss 3.8824 (3.9633)	Arch Soft Loss 3.8824 (3.9633)	Arch depth Loss -3.0428 (-2.6736)	Prec@(1,5) (7.9%, 27.7%)	
10/19 09:51:14午後 searchStage_trainer.py:267 [INFO] Train: Epoch: [1][200/390]	Step 591	lr 0.02498	Loss 3.8856 (3.9038)	Hard Loss 3.8856 (3.9038)	Soft Loss 3.8856 (3.9038)	Arch Loss 3.7979 (3.9055)	Arch Hard Loss 3.7979 (3.9055)	Arch Soft Loss 3.7979 (3.9055)	Arch depth Loss -3.8444 (-3.0577)	Prec@(1,5) (8.6%, 29.0%)	
10/19 09:51:41午後 searchStage_trainer.py:267 [INFO] Train: Epoch: [1][300/390]	Step 691	lr 0.02498	Loss 3.8095 (3.8732)	Hard Loss 3.8095 (3.8732)	Soft Loss 3.8095 (3.8732)	Arch Loss 3.6903 (3.8619)	Arch Hard Loss 3.6903 (3.8619)	Arch Soft Loss 3.6903 (3.8619)	Arch depth Loss -4.7179 (-3.4649)	Prec@(1,5) (9.0%, 30.0%)	
10/19 09:52:05午後 searchStage_trainer.py:267 [INFO] Train: Epoch: [1][390/390]	Step 781	lr 0.02498	Loss 3.9041 (3.8436)	Hard Loss 3.9041 (3.8436)	Soft Loss 3.9041 (3.8436)	Arch Loss 3.7590 (3.8267)	Arch Hard Loss 3.7590 (3.8267)	Arch Soft Loss 3.7590 (3.8267)	Arch depth Loss -5.5703 (-3.8523)	Prec@(1,5) (9.5%, 30.9%)	
10/19 09:52:05午後 searchStage_trainer.py:283 [INFO] Train: [  1/49] Final Prec@1 9.5000%
10/19 09:52:10午後 searchStage_trainer.py:311 [INFO] Valid: Epoch: [1][100/391]	Step 782	Loss 3.8149	Prec@(1,5) (10.5%, 32.9%)
10/19 09:52:14午後 searchStage_trainer.py:311 [INFO] Valid: Epoch: [1][200/391]	Step 782	Loss 3.8175	Prec@(1,5) (10.3%, 32.4%)
10/19 09:52:18午後 searchStage_trainer.py:311 [INFO] Valid: Epoch: [1][300/391]	Step 782	Loss 3.8144	Prec@(1,5) (10.3%, 32.4%)
10/19 09:52:22午後 searchStage_trainer.py:311 [INFO] Valid: Epoch: [1][390/391]	Step 782	Loss 3.8193	Prec@(1,5) (10.2%, 32.5%)
10/19 09:52:22午後 searchStage_trainer.py:322 [INFO] Valid: [  1/49] Final Prec@1 10.2240%
10/19 09:52:22午後 searchStage_KD_main.py:71 [INFO] DAG = Genotype2(DAG1=[[('avg_pool_3x3', 1), ('avg_pool_3x3', 0)], [('avg_pool_3x3', 2), ('max_pool_3x3', 1)], [('avg_pool_3x3', 3), ('avg_pool_3x3', 2)], [('avg_pool_3x3', 4), ('avg_pool_3x3', 2)], [('avg_pool_3x3', 5), ('avg_pool_3x3', 4)], [('max_pool_3x3', 5), ('avg_pool_3x3', 6)]], DAG1_concat=range(6, 8), DAG2=[[('skip_connect', 0), ('skip_connect', 1)], [('avg_pool_3x3', 2), ('max_pool_3x3', 1)], [('avg_pool_3x3', 3), ('skip_connect', 2)], [('max_pool_3x3', 4), ('avg_pool_3x3', 3)], [('skip_connect', 5), ('skip_connect', 4)], [('avg_pool_3x3', 6), ('skip_connect', 5)]], DAG2_concat=range(6, 8), DAG3=[[('skip_connect', 1), ('avg_pool_3x3', 0)], [('max_pool_3x3', 2), ('skip_connect', 1)], [('skip_connect', 3), ('avg_pool_3x3', 2)], [('avg_pool_3x3', 4), ('max_pool_3x3', 2)], [('avg_pool_3x3', 5), ('skip_connect', 4)], [('max_pool_3x3', 5), ('max_pool_3x3', 6)]], DAG3_concat=range(6, 8))
10/19 09:52:22午後 searchStage_KD_main.py:102 [INFO] Until now, best Prec@1 = 10.2240%
####### ALPHA #######
# Alpha - DAG
tensor([[0.2493, 0.2516, 0.2482, 0.2509],
        [0.2475, 0.2517, 0.2497, 0.2511]], device='cuda:0',
       grad_fn=<SoftmaxBackward0>)
tensor([[0.2518, 0.2504, 0.2503, 0.2475],
        [0.2512, 0.2498, 0.2495, 0.2495],
        [0.2514, 0.2529, 0.2489, 0.2469]], device='cuda:0',
       grad_fn=<SoftmaxBackward0>)
tensor([[0.2508, 0.2506, 0.2507, 0.2479],
        [0.2520, 0.2528, 0.2469, 0.2483],
        [0.2519, 0.2525, 0.2484, 0.2471]], device='cuda:0',
       grad_fn=<SoftmaxBackward0>)
tensor([[0.2506, 0.2511, 0.2500, 0.2483],
        [0.2505, 0.2502, 0.2502, 0.2492],
        [0.2500, 0.2506, 0.2493, 0.2501]], device='cuda:0',
       grad_fn=<SoftmaxBackward0>)
tensor([[0.2508, 0.2505, 0.2502, 0.2484],
        [0.2501, 0.2509, 0.2489, 0.2501],
        [0.2505, 0.2515, 0.2490, 0.2490]], device='cuda:0',
       grad_fn=<SoftmaxBackward0>)
tensor([[0.2500, 0.2503, 0.2496, 0.2501],
        [0.2502, 0.2502, 0.2498, 0.2498],
        [0.2496, 0.2503, 0.2498, 0.2502]], device='cuda:0',
       grad_fn=<SoftmaxBackward0>)
tensor([[0.2502, 0.2502, 0.2503, 0.2492],
        [0.2496, 0.2499, 0.2503, 0.2502]], device='cuda:0',
       grad_fn=<SoftmaxBackward0>)
tensor([[0.2502, 0.2502, 0.2502, 0.2494],
        [0.2502, 0.2499, 0.2500, 0.2499],
        [0.2496, 0.2504, 0.2496, 0.2504]], device='cuda:0',
       grad_fn=<SoftmaxBackward0>)
tensor([[0.2501, 0.2502, 0.2501, 0.2496],
        [0.2499, 0.2500, 0.2501, 0.2500],
        [0.2499, 0.2503, 0.2497, 0.2501]], device='cuda:0',
       grad_fn=<SoftmaxBackward0>)
tensor([[0.2503, 0.2505, 0.2498, 0.2494],
        [0.2497, 0.2506, 0.2497, 0.2500],
        [0.2501, 0.2500, 0.2499, 0.2499]], device='cuda:0',
       grad_fn=<SoftmaxBackward0>)
tensor([[0.2498, 0.2500, 0.2505, 0.2497],
        [0.2497, 0.2501, 0.2502, 0.2501],
        [0.2494, 0.2503, 0.2503, 0.2500]], device='cuda:0',
       grad_fn=<SoftmaxBackward0>)
tensor([[0.2503, 0.2500, 0.2501, 0.2496],
        [0.2497, 0.2502, 0.2503, 0.2497],
        [0.2492, 0.2504, 0.2499, 0.2505]], device='cuda:0',
       grad_fn=<SoftmaxBackward0>)
tensor([[0.2498, 0.2501, 0.2500, 0.2501],
        [0.2501, 0.2501, 0.2502, 0.2496]], device='cuda:0',
       grad_fn=<SoftmaxBackward0>)
tensor([[0.2502, 0.2496, 0.2503, 0.2498],
        [0.2501, 0.2492, 0.2508, 0.2499],
        [0.2501, 0.2497, 0.2499, 0.2503]], device='cuda:0',
       grad_fn=<SoftmaxBackward0>)
tensor([[0.2497, 0.2503, 0.2509, 0.2491],
        [0.2496, 0.2502, 0.2500, 0.2502],
        [0.2501, 0.2496, 0.2503, 0.2500]], device='cuda:0',
       grad_fn=<SoftmaxBackward0>)
tensor([[0.2503, 0.2498, 0.2502, 0.2496],
        [0.2498, 0.2499, 0.2499, 0.2504],
        [0.2500, 0.2502, 0.2499, 0.2499]], device='cuda:0',
       grad_fn=<SoftmaxBackward0>)
tensor([[0.2501, 0.2503, 0.2502, 0.2494],
        [0.2500, 0.2499, 0.2500, 0.2502],
        [0.2500, 0.2504, 0.2494, 0.2501]], device='cuda:0',
       grad_fn=<SoftmaxBackward0>)
tensor([[0.2507, 0.2502, 0.2492, 0.2499],
        [0.2509, 0.2496, 0.2497, 0.2497],
        [0.2504, 0.2499, 0.2497, 0.2500]], device='cuda:0',
       grad_fn=<SoftmaxBackward0>)
#####################
10/19 09:52:50午後 searchStage_trainer.py:267 [INFO] Train: Epoch: [2][100/390]	Step 882	lr 0.02491	Loss 3.4853 (3.7114)	Hard Loss 3.4853 (3.7114)	Soft Loss 3.4853 (3.7114)	Arch Loss 3.6867 (3.6994)	Arch Hard Loss 3.6867 (3.6994)	Arch Soft Loss 3.6867 (3.6994)	Arch depth Loss -6.6070 (-6.0916)	Prec@(1,5) (11.7%, 34.9%)	
10/19 09:53:17午後 searchStage_trainer.py:267 [INFO] Train: Epoch: [2][200/390]	Step 982	lr 0.02491	Loss 3.4858 (3.6486)	Hard Loss 3.4858 (3.6486)	Soft Loss 3.4858 (3.6486)	Arch Loss 3.6407 (3.6566)	Arch Hard Loss 3.6407 (3.6566)	Arch Soft Loss 3.6407 (3.6566)	Arch depth Loss -7.7231 (-6.6273)	Prec@(1,5) (12.6%, 36.8%)	
10/19 09:53:45午後 searchStage_trainer.py:267 [INFO] Train: Epoch: [2][300/390]	Step 1082	lr 0.02491	Loss 3.4030 (3.6235)	Hard Loss 3.4030 (3.6235)	Soft Loss 3.4030 (3.6235)	Arch Loss 3.7272 (3.6248)	Arch Hard Loss 3.7272 (3.6248)	Arch Soft Loss 3.7272 (3.6248)	Arch depth Loss -8.9347 (-7.1937)	Prec@(1,5) (13.0%, 37.3%)	
10/19 09:54:09午後 searchStage_trainer.py:267 [INFO] Train: Epoch: [2][390/390]	Step 1172	lr 0.02491	Loss 3.4025 (3.6037)	Hard Loss 3.4025 (3.6037)	Soft Loss 3.4025 (3.6037)	Arch Loss 3.4443 (3.5965)	Arch Hard Loss 3.4443 (3.5965)	Arch Soft Loss 3.4443 (3.5965)	Arch depth Loss -10.1122 (-7.7312)	Prec@(1,5) (13.4%, 38.0%)	
10/19 09:54:09午後 searchStage_trainer.py:283 [INFO] Train: [  2/49] Final Prec@1 13.3920%
10/19 09:54:14午後 searchStage_trainer.py:311 [INFO] Valid: Epoch: [2][100/391]	Step 1173	Loss 3.4357	Prec@(1,5) (16.7%, 43.2%)
10/19 09:54:18午後 searchStage_trainer.py:311 [INFO] Valid: Epoch: [2][200/391]	Step 1173	Loss 3.4437	Prec@(1,5) (16.4%, 43.0%)
10/19 09:54:22午後 searchStage_trainer.py:311 [INFO] Valid: Epoch: [2][300/391]	Step 1173	Loss 3.4438	Prec@(1,5) (16.4%, 43.2%)
10/19 09:54:26午後 searchStage_trainer.py:311 [INFO] Valid: Epoch: [2][390/391]	Step 1173	Loss 3.4456	Prec@(1,5) (16.5%, 43.2%)
10/19 09:54:26午後 searchStage_trainer.py:322 [INFO] Valid: [  2/49] Final Prec@1 16.4880%
10/19 09:54:26午後 searchStage_KD_main.py:71 [INFO] DAG = Genotype2(DAG1=[[('avg_pool_3x3', 1), ('avg_pool_3x3', 0)], [('avg_pool_3x3', 2), ('max_pool_3x3', 1)], [('avg_pool_3x3', 3), ('avg_pool_3x3', 2)], [('avg_pool_3x3', 4), ('max_pool_3x3', 3)], [('avg_pool_3x3', 5), ('avg_pool_3x3', 4)], [('avg_pool_3x3', 6), ('max_pool_3x3', 5)]], DAG1_concat=range(6, 8), DAG2=[[('skip_connect', 0), ('skip_connect', 1)], [('avg_pool_3x3', 2), ('skip_connect', 0)], [('avg_pool_3x3', 3), ('skip_connect', 2)], [('max_pool_3x3', 4), ('avg_pool_3x3', 3)], [('skip_connect', 5), ('skip_connect', 4)], [('avg_pool_3x3', 6), ('skip_connect', 5)]], DAG2_concat=range(6, 8), DAG3=[[('skip_connect', 1), ('skip_connect', 0)], [('max_pool_3x3', 2), ('skip_connect', 1)], [('skip_connect', 3), ('avg_pool_3x3', 2)], [('max_pool_3x3', 4), ('max_pool_3x3', 3)], [('avg_pool_3x3', 5), ('max_pool_3x3', 4)], [('max_pool_3x3', 5), ('max_pool_3x3', 6)]], DAG3_concat=range(6, 8))
10/19 09:54:26午後 searchStage_KD_main.py:102 [INFO] Until now, best Prec@1 = 16.4880%
####### ALPHA #######
# Alpha - DAG
tensor([[0.2494, 0.2515, 0.2482, 0.2509],
        [0.2475, 0.2516, 0.2498, 0.2511]], device='cuda:0',
       grad_fn=<SoftmaxBackward0>)
tensor([[0.2519, 0.2503, 0.2508, 0.2470],
        [0.2512, 0.2497, 0.2499, 0.2492],
        [0.2512, 0.2530, 0.2488, 0.2470]], device='cuda:0',
       grad_fn=<SoftmaxBackward0>)
tensor([[0.2509, 0.2507, 0.2511, 0.2474],
        [0.2520, 0.2527, 0.2467, 0.2487],
        [0.2521, 0.2526, 0.2484, 0.2469]], device='cuda:0',
       grad_fn=<SoftmaxBackward0>)
tensor([[0.2506, 0.2511, 0.2502, 0.2481],
        [0.2504, 0.2502, 0.2502, 0.2492],
        [0.2499, 0.2506, 0.2494, 0.2501]], device='cuda:0',
       grad_fn=<SoftmaxBackward0>)
tensor([[0.2509, 0.2506, 0.2508, 0.2477],
        [0.2499, 0.2509, 0.2488, 0.2505],
        [0.2503, 0.2515, 0.2491, 0.2491]], device='cuda:0',
       grad_fn=<SoftmaxBackward0>)
tensor([[0.2499, 0.2503, 0.2495, 0.2503],
        [0.2503, 0.2502, 0.2500, 0.2495],
        [0.2497, 0.2503, 0.2499, 0.2502]], device='cuda:0',
       grad_fn=<SoftmaxBackward0>)
tensor([[0.2501, 0.2502, 0.2505, 0.2492],
        [0.2495, 0.2499, 0.2504, 0.2503]], device='cuda:0',
       grad_fn=<SoftmaxBackward0>)
tensor([[0.2502, 0.2501, 0.2505, 0.2492],
        [0.2502, 0.2498, 0.2503, 0.2497],
        [0.2495, 0.2504, 0.2495, 0.2506]], device='cuda:0',
       grad_fn=<SoftmaxBackward0>)
tensor([[0.2501, 0.2502, 0.2503, 0.2494],
        [0.2499, 0.2500, 0.2501, 0.2500],
        [0.2498, 0.2502, 0.2497, 0.2502]], device='cuda:0',
       grad_fn=<SoftmaxBackward0>)
tensor([[0.2502, 0.2504, 0.2500, 0.2494],
        [0.2497, 0.2505, 0.2498, 0.2500],
        [0.2501, 0.2500, 0.2500, 0.2499]], device='cuda:0',
       grad_fn=<SoftmaxBackward0>)
tensor([[0.2498, 0.2499, 0.2509, 0.2494],
        [0.2495, 0.2501, 0.2503, 0.2502],
        [0.2493, 0.2503, 0.2503, 0.2502]], device='cuda:0',
       grad_fn=<SoftmaxBackward0>)
tensor([[0.2501, 0.2500, 0.2503, 0.2495],
        [0.2497, 0.2502, 0.2506, 0.2494],
        [0.2492, 0.2503, 0.2497, 0.2508]], device='cuda:0',
       grad_fn=<SoftmaxBackward0>)
tensor([[0.2499, 0.2499, 0.2502, 0.2500],
        [0.2501, 0.2499, 0.2504, 0.2496]], device='cuda:0',
       grad_fn=<SoftmaxBackward0>)
tensor([[0.2505, 0.2493, 0.2505, 0.2497],
        [0.2503, 0.2488, 0.2510, 0.2498],
        [0.2501, 0.2496, 0.2499, 0.2504]], device='cuda:0',
       grad_fn=<SoftmaxBackward0>)
tensor([[0.2500, 0.2501, 0.2511, 0.2488],
        [0.2497, 0.2500, 0.2499, 0.2504],
        [0.2503, 0.2494, 0.2503, 0.2500]], device='cuda:0',
       grad_fn=<SoftmaxBackward0>)
tensor([[0.2505, 0.2497, 0.2503, 0.2495],
        [0.2499, 0.2498, 0.2498, 0.2504],
        [0.2501, 0.2500, 0.2498, 0.2500]], device='cuda:0',
       grad_fn=<SoftmaxBackward0>)
tensor([[0.2507, 0.2501, 0.2501, 0.2491],
        [0.2502, 0.2497, 0.2498, 0.2504],
        [0.2502, 0.2504, 0.2492, 0.2502]], device='cuda:0',
       grad_fn=<SoftmaxBackward0>)
tensor([[0.2515, 0.2501, 0.2488, 0.2496],
        [0.2516, 0.2495, 0.2493, 0.2496],
        [0.2507, 0.2495, 0.2494, 0.2504]], device='cuda:0',
       grad_fn=<SoftmaxBackward0>)
#####################
10/19 09:54:54午後 searchStage_trainer.py:267 [INFO] Train: Epoch: [3][100/390]	Step 1273	lr 0.02479	Loss 3.2935 (3.4735)	Hard Loss 3.2935 (3.4735)	Soft Loss 3.2935 (3.4735)	Arch Loss 3.2516 (3.4649)	Arch Hard Loss 3.2516 (3.4649)	Arch Soft Loss 3.2516 (3.4649)	Arch depth Loss -11.5383 (-10.8298)	Prec@(1,5) (15.5%, 41.9%)	
10/19 09:55:22午後 searchStage_trainer.py:267 [INFO] Train: Epoch: [3][200/390]	Step 1373	lr 0.02479	Loss 3.2420 (3.4562)	Hard Loss 3.2420 (3.4562)	Soft Loss 3.2420 (3.4562)	Arch Loss 3.1943 (3.4436)	Arch Hard Loss 3.1943 (3.4436)	Arch Soft Loss 3.1943 (3.4436)	Arch depth Loss -13.0662 (-11.5649)	Prec@(1,5) (16.0%, 42.9%)	
10/19 09:55:49午後 searchStage_trainer.py:267 [INFO] Train: Epoch: [3][300/390]	Step 1473	lr 0.02479	Loss 3.3023 (3.4311)	Hard Loss 3.3023 (3.4311)	Soft Loss 3.3023 (3.4311)	Arch Loss 3.1782 (3.4229)	Arch Hard Loss 3.1782 (3.4229)	Arch Soft Loss 3.1782 (3.4229)	Arch depth Loss -14.7167 (-12.3396)	Prec@(1,5) (16.5%, 43.3%)	
10/19 09:56:14午後 searchStage_trainer.py:267 [INFO] Train: Epoch: [3][390/390]	Step 1563	lr 0.02479	Loss 3.5701 (3.4157)	Hard Loss 3.5701 (3.4157)	Soft Loss 3.5701 (3.4157)	Arch Loss 3.5048 (3.4082)	Arch Hard Loss 3.5048 (3.4082)	Arch Soft Loss 3.5048 (3.4082)	Arch depth Loss -16.3132 (-13.0724)	Prec@(1,5) (16.9%, 43.7%)	
10/19 09:56:14午後 searchStage_trainer.py:283 [INFO] Train: [  3/49] Final Prec@1 16.8600%
10/19 09:56:19午後 searchStage_trainer.py:311 [INFO] Valid: Epoch: [3][100/391]	Step 1564	Loss 3.3148	Prec@(1,5) (19.4%, 47.1%)
10/19 09:56:23午後 searchStage_trainer.py:311 [INFO] Valid: Epoch: [3][200/391]	Step 1564	Loss 3.3206	Prec@(1,5) (18.9%, 46.6%)
10/19 09:56:27午後 searchStage_trainer.py:311 [INFO] Valid: Epoch: [3][300/391]	Step 1564	Loss 3.3195	Prec@(1,5) (19.0%, 46.5%)
10/19 09:56:31午後 searchStage_trainer.py:311 [INFO] Valid: Epoch: [3][390/391]	Step 1564	Loss 3.3283	Prec@(1,5) (18.7%, 46.4%)
10/19 09:56:31午後 searchStage_trainer.py:322 [INFO] Valid: [  3/49] Final Prec@1 18.7280%
10/19 09:56:31午後 searchStage_KD_main.py:71 [INFO] DAG = Genotype2(DAG1=[[('avg_pool_3x3', 1), ('avg_pool_3x3', 0)], [('avg_pool_3x3', 2), ('max_pool_3x3', 1)], [('avg_pool_3x3', 3), ('avg_pool_3x3', 2)], [('avg_pool_3x3', 4), ('skip_connect', 3)], [('avg_pool_3x3', 5), ('avg_pool_3x3', 4)], [('avg_pool_3x3', 6), ('max_pool_3x3', 5)]], DAG1_concat=range(6, 8), DAG2=[[('skip_connect', 0), ('skip_connect', 1)], [('avg_pool_3x3', 2), ('skip_connect', 0)], [('avg_pool_3x3', 3), ('skip_connect', 2)], [('max_pool_3x3', 4), ('avg_pool_3x3', 3)], [('skip_connect', 5), ('skip_connect', 4)], [('avg_pool_3x3', 6), ('skip_connect', 5)]], DAG2_concat=range(6, 8), DAG3=[[('skip_connect', 1), ('skip_connect', 0)], [('max_pool_3x3', 2), ('skip_connect', 1)], [('max_pool_3x3', 3), ('avg_pool_3x3', 2)], [('max_pool_3x3', 4), ('max_pool_3x3', 3)], [('max_pool_3x3', 5), ('max_pool_3x3', 4)], [('max_pool_3x3', 6), ('max_pool_3x3', 5)]], DAG3_concat=range(6, 8))
10/19 09:56:31午後 searchStage_KD_main.py:102 [INFO] Until now, best Prec@1 = 18.7280%
####### ALPHA #######
# Alpha - DAG
tensor([[0.2494, 0.2514, 0.2482, 0.2510],
        [0.2475, 0.2515, 0.2499, 0.2511]], device='cuda:0',
       grad_fn=<SoftmaxBackward0>)
tensor([[0.2517, 0.2501, 0.2513, 0.2469],
        [0.2511, 0.2494, 0.2504, 0.2491],
        [0.2511, 0.2531, 0.2489, 0.2469]], device='cuda:0',
       grad_fn=<SoftmaxBackward0>)
tensor([[0.2512, 0.2507, 0.2516, 0.2465],
        [0.2519, 0.2526, 0.2465, 0.2490],
        [0.2521, 0.2524, 0.2484, 0.2470]], device='cuda:0',
       grad_fn=<SoftmaxBackward0>)
tensor([[0.2505, 0.2511, 0.2504, 0.2480],
        [0.2503, 0.2502, 0.2504, 0.2492],
        [0.2499, 0.2506, 0.2494, 0.2501]], device='cuda:0',
       grad_fn=<SoftmaxBackward0>)
tensor([[0.2508, 0.2505, 0.2515, 0.2472],
        [0.2497, 0.2508, 0.2489, 0.2507],
        [0.2501, 0.2514, 0.2492, 0.2493]], device='cuda:0',
       grad_fn=<SoftmaxBackward0>)
tensor([[0.2498, 0.2502, 0.2495, 0.2505],
        [0.2504, 0.2502, 0.2501, 0.2492],
        [0.2496, 0.2502, 0.2500, 0.2502]], device='cuda:0',
       grad_fn=<SoftmaxBackward0>)
tensor([[0.2500, 0.2502, 0.2507, 0.2492],
        [0.2493, 0.2498, 0.2506, 0.2503]], device='cuda:0',
       grad_fn=<SoftmaxBackward0>)
tensor([[0.2501, 0.2500, 0.2508, 0.2491],
        [0.2501, 0.2497, 0.2505, 0.2496],
        [0.2494, 0.2503, 0.2495, 0.2508]], device='cuda:0',
       grad_fn=<SoftmaxBackward0>)
tensor([[0.2501, 0.2502, 0.2506, 0.2491],
        [0.2498, 0.2499, 0.2501, 0.2501],
        [0.2498, 0.2502, 0.2498, 0.2503]], device='cuda:0',
       grad_fn=<SoftmaxBackward0>)
tensor([[0.2502, 0.2504, 0.2502, 0.2492],
        [0.2496, 0.2504, 0.2499, 0.2500],
        [0.2500, 0.2500, 0.2499, 0.2501]], device='cuda:0',
       grad_fn=<SoftmaxBackward0>)
tensor([[0.2497, 0.2498, 0.2515, 0.2490],
        [0.2494, 0.2500, 0.2503, 0.2503],
        [0.2492, 0.2502, 0.2502, 0.2504]], device='cuda:0',
       grad_fn=<SoftmaxBackward0>)
tensor([[0.2500, 0.2499, 0.2506, 0.2494],
        [0.2496, 0.2502, 0.2509, 0.2493],
        [0.2491, 0.2503, 0.2496, 0.2510]], device='cuda:0',
       grad_fn=<SoftmaxBackward0>)
tensor([[0.2500, 0.2497, 0.2503, 0.2500],
        [0.2501, 0.2497, 0.2505, 0.2497]], device='cuda:0',
       grad_fn=<SoftmaxBackward0>)
tensor([[0.2508, 0.2489, 0.2507, 0.2496],
        [0.2506, 0.2484, 0.2512, 0.2498],
        [0.2503, 0.2495, 0.2498, 0.2504]], device='cuda:0',
       grad_fn=<SoftmaxBackward0>)
tensor([[0.2503, 0.2499, 0.2513, 0.2484],
        [0.2498, 0.2499, 0.2498, 0.2505],
        [0.2504, 0.2493, 0.2501, 0.2502]], device='cuda:0',
       grad_fn=<SoftmaxBackward0>)
tensor([[0.2507, 0.2496, 0.2504, 0.2493],
        [0.2500, 0.2497, 0.2497, 0.2506],
        [0.2502, 0.2499, 0.2498, 0.2500]], device='cuda:0',
       grad_fn=<SoftmaxBackward0>)
tensor([[0.2515, 0.2499, 0.2502, 0.2484],
        [0.2506, 0.2494, 0.2495, 0.2505],
        [0.2503, 0.2501, 0.2490, 0.2506]], device='cuda:0',
       grad_fn=<SoftmaxBackward0>)
tensor([[0.2522, 0.2500, 0.2484, 0.2493],
        [0.2521, 0.2494, 0.2488, 0.2497],
        [0.2510, 0.2492, 0.2492, 0.2506]], device='cuda:0',
       grad_fn=<SoftmaxBackward0>)
#####################
10/19 09:56:59午後 searchStage_trainer.py:267 [INFO] Train: Epoch: [4][100/390]	Step 1664	lr 0.02462	Loss 3.2292 (3.2539)	Hard Loss 3.2292 (3.2539)	Soft Loss 3.2292 (3.2539)	Arch Loss 3.2904 (3.3431)	Arch Hard Loss 3.2904 (3.3431)	Arch Soft Loss 3.2904 (3.3431)	Arch depth Loss -18.2373 (-17.2822)	Prec@(1,5) (19.5%, 48.8%)	
10/19 09:57:27午後 searchStage_trainer.py:267 [INFO] Train: Epoch: [4][200/390]	Step 1764	lr 0.02462	Loss 3.0157 (3.2561)	Hard Loss 3.0157 (3.2561)	Soft Loss 3.0157 (3.2561)	Arch Loss 3.3035 (3.3035)	Arch Hard Loss 3.3035 (3.3035)	Arch Soft Loss 3.3035 (3.3035)	Arch depth Loss -20.2882 (-18.2714)	Prec@(1,5) (19.7%, 48.2%)	
10/19 09:57:54午後 searchStage_trainer.py:267 [INFO] Train: Epoch: [4][300/390]	Step 1864	lr 0.02462	Loss 3.0572 (3.2355)	Hard Loss 3.0572 (3.2355)	Soft Loss 3.0572 (3.2355)	Arch Loss 3.6257 (3.2856)	Arch Hard Loss 3.6257 (3.2856)	Arch Soft Loss 3.6257 (3.2856)	Arch depth Loss -22.4926 (-19.3103)	Prec@(1,5) (20.1%, 48.6%)	
10/19 09:58:19午後 searchStage_trainer.py:267 [INFO] Train: Epoch: [4][390/390]	Step 1954	lr 0.02462	Loss 2.9573 (3.2224)	Hard Loss 2.9573 (3.2224)	Soft Loss 2.9573 (3.2224)	Arch Loss 3.1360 (3.2588)	Arch Hard Loss 3.1360 (3.2588)	Arch Soft Loss 3.1360 (3.2588)	Arch depth Loss -24.6148 (-20.2897)	Prec@(1,5) (20.4%, 49.1%)	
10/19 09:58:19午後 searchStage_trainer.py:283 [INFO] Train: [  4/49] Final Prec@1 20.4360%
10/19 09:58:23午後 searchStage_trainer.py:311 [INFO] Valid: Epoch: [4][100/391]	Step 1955	Loss 3.1558	Prec@(1,5) (21.9%, 50.9%)
10/19 09:58:27午後 searchStage_trainer.py:311 [INFO] Valid: Epoch: [4][200/391]	Step 1955	Loss 3.1606	Prec@(1,5) (21.7%, 50.8%)
10/19 09:58:32午後 searchStage_trainer.py:311 [INFO] Valid: Epoch: [4][300/391]	Step 1955	Loss 3.1566	Prec@(1,5) (21.7%, 51.0%)
10/19 09:58:35午後 searchStage_trainer.py:311 [INFO] Valid: Epoch: [4][390/391]	Step 1955	Loss 3.1635	Prec@(1,5) (21.6%, 51.0%)
10/19 09:58:35午後 searchStage_trainer.py:322 [INFO] Valid: [  4/49] Final Prec@1 21.5680%
10/19 09:58:35午後 searchStage_KD_main.py:71 [INFO] DAG = Genotype2(DAG1=[[('avg_pool_3x3', 1), ('avg_pool_3x3', 0)], [('avg_pool_3x3', 2), ('skip_connect', 1)], [('avg_pool_3x3', 3), ('avg_pool_3x3', 2)], [('avg_pool_3x3', 4), ('skip_connect', 3)], [('avg_pool_3x3', 5), ('avg_pool_3x3', 4)], [('avg_pool_3x3', 6), ('max_pool_3x3', 5)]], DAG1_concat=range(6, 8), DAG2=[[('skip_connect', 0), ('skip_connect', 1)], [('avg_pool_3x3', 2), ('skip_connect', 0)], [('avg_pool_3x3', 3), ('skip_connect', 2)], [('max_pool_3x3', 4), ('avg_pool_3x3', 3)], [('skip_connect', 5), ('skip_connect', 4)], [('avg_pool_3x3', 6), ('skip_connect', 5)]], DAG2_concat=range(6, 8), DAG3=[[('skip_connect', 1), ('skip_connect', 0)], [('max_pool_3x3', 2), ('skip_connect', 1)], [('max_pool_3x3', 3), ('max_pool_3x3', 2)], [('max_pool_3x3', 4), ('max_pool_3x3', 3)], [('max_pool_3x3', 5), ('max_pool_3x3', 4)], [('max_pool_3x3', 6), ('max_pool_3x3', 5)]], DAG3_concat=range(6, 8))
10/19 09:58:36午後 searchStage_KD_main.py:102 [INFO] Until now, best Prec@1 = 21.5680%
####### ALPHA #######
# Alpha - DAG
tensor([[0.2493, 0.2513, 0.2484, 0.2510],
        [0.2474, 0.2514, 0.2501, 0.2512]], device='cuda:0',
       grad_fn=<SoftmaxBackward0>)
tensor([[0.2514, 0.2499, 0.2519, 0.2469],
        [0.2506, 0.2492, 0.2510, 0.2492],
        [0.2510, 0.2531, 0.2491, 0.2467]], device='cuda:0',
       grad_fn=<SoftmaxBackward0>)
tensor([[0.2513, 0.2508, 0.2524, 0.2454],
        [0.2518, 0.2525, 0.2464, 0.2493],
        [0.2520, 0.2523, 0.2485, 0.2472]], device='cuda:0',
       grad_fn=<SoftmaxBackward0>)
tensor([[0.2504, 0.2511, 0.2505, 0.2480],
        [0.2501, 0.2502, 0.2506, 0.2491],
        [0.2498, 0.2505, 0.2495, 0.2502]], device='cuda:0',
       grad_fn=<SoftmaxBackward0>)
tensor([[0.2507, 0.2504, 0.2523, 0.2467],
        [0.2494, 0.2506, 0.2491, 0.2510],
        [0.2498, 0.2514, 0.2494, 0.2493]], device='cuda:0',
       grad_fn=<SoftmaxBackward0>)
tensor([[0.2498, 0.2501, 0.2496, 0.2506],
        [0.2505, 0.2502, 0.2503, 0.2491],
        [0.2496, 0.2502, 0.2500, 0.2502]], device='cuda:0',
       grad_fn=<SoftmaxBackward0>)
tensor([[0.2498, 0.2502, 0.2509, 0.2491],
        [0.2492, 0.2497, 0.2507, 0.2504]], device='cuda:0',
       grad_fn=<SoftmaxBackward0>)
tensor([[0.2502, 0.2499, 0.2511, 0.2488],
        [0.2500, 0.2495, 0.2508, 0.2496],
        [0.2494, 0.2502, 0.2495, 0.2509]], device='cuda:0',
       grad_fn=<SoftmaxBackward0>)
tensor([[0.2501, 0.2502, 0.2509, 0.2487],
        [0.2498, 0.2498, 0.2502, 0.2502],
        [0.2498, 0.2501, 0.2497, 0.2505]], device='cuda:0',
       grad_fn=<SoftmaxBackward0>)
tensor([[0.2501, 0.2504, 0.2504, 0.2491],
        [0.2496, 0.2503, 0.2500, 0.2501],
        [0.2500, 0.2500, 0.2500, 0.2501]], device='cuda:0',
       grad_fn=<SoftmaxBackward0>)
tensor([[0.2497, 0.2497, 0.2520, 0.2486],
        [0.2494, 0.2498, 0.2503, 0.2505],
        [0.2491, 0.2501, 0.2502, 0.2505]], device='cuda:0',
       grad_fn=<SoftmaxBackward0>)
tensor([[0.2500, 0.2498, 0.2508, 0.2493],
        [0.2496, 0.2501, 0.2511, 0.2493],
        [0.2491, 0.2502, 0.2496, 0.2511]], device='cuda:0',
       grad_fn=<SoftmaxBackward0>)
tensor([[0.2501, 0.2495, 0.2505, 0.2499],
        [0.2502, 0.2495, 0.2506, 0.2498]], device='cuda:0',
       grad_fn=<SoftmaxBackward0>)
tensor([[0.2511, 0.2484, 0.2510, 0.2495],
        [0.2509, 0.2478, 0.2514, 0.2499],
        [0.2504, 0.2494, 0.2497, 0.2505]], device='cuda:0',
       grad_fn=<SoftmaxBackward0>)
tensor([[0.2506, 0.2497, 0.2517, 0.2481],
        [0.2499, 0.2497, 0.2499, 0.2506],
        [0.2505, 0.2491, 0.2501, 0.2503]], device='cuda:0',
       grad_fn=<SoftmaxBackward0>)
tensor([[0.2508, 0.2495, 0.2506, 0.2491],
        [0.2501, 0.2494, 0.2496, 0.2508],
        [0.2503, 0.2498, 0.2499, 0.2500]], device='cuda:0',
       grad_fn=<SoftmaxBackward0>)
tensor([[0.2519, 0.2496, 0.2503, 0.2482],
        [0.2508, 0.2491, 0.2496, 0.2505],
        [0.2504, 0.2499, 0.2491, 0.2507]], device='cuda:0',
       grad_fn=<SoftmaxBackward0>)
tensor([[0.2528, 0.2498, 0.2484, 0.2490],
        [0.2525, 0.2492, 0.2488, 0.2495],
        [0.2511, 0.2488, 0.2491, 0.2510]], device='cuda:0',
       grad_fn=<SoftmaxBackward0>)
#####################
10/19 09:59:04午後 searchStage_trainer.py:267 [INFO] Train: Epoch: [5][100/390]	Step 2055	lr 0.02441	Loss 3.1725 (3.1156)	Hard Loss 3.1725 (3.1156)	Soft Loss 3.1725 (3.1156)	Arch Loss 3.0541 (3.1695)	Arch Hard Loss 3.0541 (3.1695)	Arch Soft Loss 3.0541 (3.1695)	Arch depth Loss -27.1606 (-25.8979)	Prec@(1,5) (22.6%, 52.1%)	
10/19 09:59:31午後 searchStage_trainer.py:267 [INFO] Train: Epoch: [5][200/390]	Step 2155	lr 0.02441	Loss 2.9996 (3.1064)	Hard Loss 2.9996 (3.1064)	Soft Loss 2.9996 (3.1064)	Arch Loss 2.7809 (3.1330)	Arch Hard Loss 2.7809 (3.1330)	Arch Soft Loss 2.7809 (3.1330)	Arch depth Loss -29.8614 (-27.2036)	Prec@(1,5) (22.8%, 52.1%)	
10/19 09:59:58午後 searchStage_trainer.py:267 [INFO] Train: Epoch: [5][300/390]	Step 2255	lr 0.02441	Loss 2.6866 (3.0891)	Hard Loss 2.6866 (3.0891)	Soft Loss 2.6866 (3.0891)	Arch Loss 2.9546 (3.1231)	Arch Hard Loss 2.9546 (3.1231)	Arch Soft Loss 2.9546 (3.1231)	Arch depth Loss -32.7508 (-28.5705)	Prec@(1,5) (23.0%, 52.5%)	
10/19 10:00:23午後 searchStage_trainer.py:267 [INFO] Train: Epoch: [5][390/390]	Step 2345	lr 0.02441	Loss 3.0124 (3.0707)	Hard Loss 3.0124 (3.0707)	Soft Loss 3.0124 (3.0707)	Arch Loss 3.2371 (3.1076)	Arch Hard Loss 3.2371 (3.1076)	Arch Soft Loss 3.2371 (3.1076)	Arch depth Loss -35.5206 (-29.8552)	Prec@(1,5) (23.3%, 53.0%)	
10/19 10:00:23午後 searchStage_trainer.py:283 [INFO] Train: [  5/49] Final Prec@1 23.3080%
10/19 10:00:28午後 searchStage_trainer.py:311 [INFO] Valid: Epoch: [5][100/391]	Step 2346	Loss 3.0172	Prec@(1,5) (24.4%, 54.6%)
10/19 10:00:32午後 searchStage_trainer.py:311 [INFO] Valid: Epoch: [5][200/391]	Step 2346	Loss 3.0391	Prec@(1,5) (24.4%, 54.3%)
10/19 10:00:36午後 searchStage_trainer.py:311 [INFO] Valid: Epoch: [5][300/391]	Step 2346	Loss 3.0373	Prec@(1,5) (24.2%, 54.3%)
10/19 10:00:40午後 searchStage_trainer.py:311 [INFO] Valid: Epoch: [5][390/391]	Step 2346	Loss 3.0346	Prec@(1,5) (24.1%, 54.4%)
10/19 10:00:40午後 searchStage_trainer.py:322 [INFO] Valid: [  5/49] Final Prec@1 24.0920%
