08/23 03:07:47PM parser.py:28 [INFO] 
08/23 03:07:47PM parser.py:29 [INFO] Parameters:
08/23 03:07:47PM parser.py:31 [INFO] DAG_PATH=results/search_stage_KD/cifar10/noSWDL/s0-BaselineBestCell/DAG
08/23 03:07:47PM parser.py:31 [INFO] T=10.0
08/23 03:07:47PM parser.py:31 [INFO] ADVANCED=False
08/23 03:07:47PM parser.py:31 [INFO] ALPHA_LR=0.0003
08/23 03:07:47PM parser.py:31 [INFO] ALPHA_WEIGHT_DECAY=0.001
08/23 03:07:47PM parser.py:31 [INFO] BATCH_SIZE=64
08/23 03:07:47PM parser.py:31 [INFO] CASCADE=False
08/23 03:07:47PM parser.py:31 [INFO] CHECKPOINT_RESET=False
08/23 03:07:47PM parser.py:31 [INFO] CUTOUT_LENGTH=0
08/23 03:07:47PM parser.py:31 [INFO] DATA_PATH=../data/
08/23 03:07:47PM parser.py:31 [INFO] DATASET=cifar10
08/23 03:07:47PM parser.py:31 [INFO] DEPTH_COEF=0.0
08/23 03:07:47PM parser.py:31 [INFO] DESCRIPTION=search_architecture_on_noKD_without_depth_loss_with_large_slidewindoe
08/23 03:07:47PM parser.py:31 [INFO] EPOCHS=50
08/23 03:07:47PM parser.py:31 [INFO] EXP_NAME=s0-BaselineBestCell
08/23 03:07:47PM parser.py:31 [INFO] GENOTYPE=Genotype3(normal1=[[('sep_conv_5x5', 0), ('sep_conv_3x3', 1)], [('sep_conv_3x3', 1), ('sep_conv_3x3', 0)], [('sep_conv_3x3', 1), ('sep_conv_3x3', 2)], [('sep_conv_3x3', 0), ('sep_conv_5x5', 4)]], normal1_concat=range(2, 6), reduce1=[[('sep_conv_3x3', 0), ('skip_connect', 1)], [('sep_conv_3x3', 1), ('max_pool_3x3', 0)], [('sep_conv_3x3', 2), ('sep_conv_3x3', 1)], [('max_pool_3x3', 0), ('dil_conv_3x3', 1)]], reduce1_concat=range(2, 6), normal2=[[('skip_connect', 0), ('sep_conv_5x5', 1)], [('skip_connect', 0), ('skip_connect', 2)], [('avg_pool_3x3', 0), ('avg_pool_3x3', 2)], [('skip_connect', 0), ('avg_pool_3x3', 2)]], normal2_concat=range(2, 6), reduce2=[[('avg_pool_3x3', 0), ('avg_pool_3x3', 1)], [('avg_pool_3x3', 0), ('skip_connect', 2)], [('skip_connect', 2), ('avg_pool_3x3', 0)], [('skip_connect', 2), ('avg_pool_3x3', 0)]], reduce2_concat=range(2, 6), normal3=[[('skip_connect', 0), ('skip_connect', 1)], [('skip_connect', 0), ('dil_conv_3x3', 1)], [('skip_connect', 0), ('skip_connect', 1)], [('skip_connect', 0), ('skip_connect', 2)]], normal3_concat=range(2, 6))
08/23 03:07:47PM parser.py:31 [INFO] GPUS=[0]
08/23 03:07:47PM parser.py:31 [INFO] INIT_CHANNELS=16
08/23 03:07:47PM parser.py:31 [INFO] L=0.5
08/23 03:07:47PM parser.py:31 [INFO] LAYERS=20
08/23 03:07:47PM parser.py:31 [INFO] LOGGER=<Logger H-DAS (INFO)>
08/23 03:07:47PM parser.py:31 [INFO] NAME=noSWDL
08/23 03:07:47PM parser.py:31 [INFO] NONKD=True
08/23 03:07:47PM parser.py:31 [INFO] PATH=results/search_stage_KD/cifar10/noSWDL/s0-BaselineBestCell
08/23 03:07:47PM parser.py:31 [INFO] PCDARTS=False
08/23 03:07:47PM parser.py:31 [INFO] PLOT_PATH=results/search_stage_KD/cifar10/noSWDL/s0-BaselineBestCell/plots
08/23 03:07:47PM parser.py:31 [INFO] PRINT_FREQ=50
08/23 03:07:47PM parser.py:31 [INFO] RESUME_PATH=None
08/23 03:07:47PM parser.py:31 [INFO] SAVE=s0-BaselineBestCell
08/23 03:07:47PM parser.py:31 [INFO] SEED=0
08/23 03:07:47PM parser.py:31 [INFO] SHARE_STAGE=False
08/23 03:07:47PM parser.py:31 [INFO] SLIDE_WINDOW=8
08/23 03:07:47PM parser.py:31 [INFO] SPEC_CELL=True
08/23 03:07:47PM parser.py:31 [INFO] TEACHER_NAME=non
08/23 03:07:47PM parser.py:31 [INFO] TEACHER_PATH=non
08/23 03:07:47PM parser.py:31 [INFO] TRAIN_PORTION=0.5
08/23 03:07:47PM parser.py:31 [INFO] W_GRAD_CLIP=5.0
08/23 03:07:47PM parser.py:31 [INFO] W_LR=0.025
08/23 03:07:47PM parser.py:31 [INFO] W_LR_MIN=0.001
08/23 03:07:47PM parser.py:31 [INFO] W_MOMENTUM=0.9
08/23 03:07:47PM parser.py:31 [INFO] W_WEIGHT_DECAY=0.0003
08/23 03:07:47PM parser.py:31 [INFO] WORKERS=4
08/23 03:07:47PM parser.py:32 [INFO] 
08/23 03:08:06PM searchStage_trainer.py:137 [INFO] --> No loaded checkpoint!
####### ALPHA #######
# Alpha - DAG
tensor([[0.2504, 0.2499, 0.2495, 0.2502],
        [0.2498, 0.2497, 0.2502, 0.2503]], device='cuda:0',
       grad_fn=<SoftmaxBackward0>)
tensor([[0.2499, 0.2500, 0.2499, 0.2501],
        [0.2498, 0.2503, 0.2498, 0.2501],
        [0.2500, 0.2503, 0.2499, 0.2498]], device='cuda:0',
       grad_fn=<SoftmaxBackward0>)
tensor([[0.2500, 0.2498, 0.2501, 0.2501],
        [0.2499, 0.2498, 0.2502, 0.2501],
        [0.2503, 0.2500, 0.2497, 0.2500],
        [0.2499, 0.2500, 0.2496, 0.2505]], device='cuda:0',
       grad_fn=<SoftmaxBackward0>)
tensor([[0.2501, 0.2500, 0.2499, 0.2499],
        [0.2499, 0.2501, 0.2499, 0.2501],
        [0.2500, 0.2502, 0.2498, 0.2500],
        [0.2498, 0.2500, 0.2501, 0.2501],
        [0.2499, 0.2506, 0.2495, 0.2500]], device='cuda:0',
       grad_fn=<SoftmaxBackward0>)
tensor([[0.2503, 0.2501, 0.2499, 0.2497],
        [0.2503, 0.2496, 0.2500, 0.2501],
        [0.2502, 0.2501, 0.2497, 0.2500],
        [0.2499, 0.2504, 0.2499, 0.2498],
        [0.2498, 0.2501, 0.2500, 0.2501],
        [0.2503, 0.2501, 0.2500, 0.2497]], device='cuda:0',
       grad_fn=<SoftmaxBackward0>)
tensor([[0.2500, 0.2500, 0.2504, 0.2496],
        [0.2503, 0.2500, 0.2502, 0.2495],
        [0.2500, 0.2498, 0.2500, 0.2501],
        [0.2502, 0.2497, 0.2501, 0.2500],
        [0.2501, 0.2498, 0.2501, 0.2500],
        [0.2500, 0.2500, 0.2499, 0.2500],
        [0.2501, 0.2499, 0.2502, 0.2498]], device='cuda:0',
       grad_fn=<SoftmaxBackward0>)
tensor([[0.2499, 0.2501, 0.2497, 0.2503],
        [0.2501, 0.2500, 0.2500, 0.2499]], device='cuda:0',
       grad_fn=<SoftmaxBackward0>)
tensor([[0.2501, 0.2502, 0.2499, 0.2498],
        [0.2502, 0.2505, 0.2497, 0.2496],
        [0.2496, 0.2505, 0.2496, 0.2503]], device='cuda:0',
       grad_fn=<SoftmaxBackward0>)
tensor([[0.2500, 0.2499, 0.2502, 0.2498],
        [0.2501, 0.2495, 0.2499, 0.2505],
        [0.2500, 0.2497, 0.2503, 0.2500],
        [0.2501, 0.2503, 0.2499, 0.2497]], device='cuda:0',
       grad_fn=<SoftmaxBackward0>)
tensor([[0.2499, 0.2505, 0.2498, 0.2499],
        [0.2500, 0.2500, 0.2499, 0.2501],
        [0.2501, 0.2499, 0.2500, 0.2500],
        [0.2505, 0.2498, 0.2498, 0.2499],
        [0.2499, 0.2503, 0.2501, 0.2498]], device='cuda:0',
       grad_fn=<SoftmaxBackward0>)
tensor([[0.2504, 0.2501, 0.2497, 0.2498],
        [0.2499, 0.2501, 0.2501, 0.2500],
        [0.2501, 0.2498, 0.2501, 0.2500],
        [0.2498, 0.2503, 0.2498, 0.2501],
        [0.2503, 0.2498, 0.2502, 0.2498],
        [0.2499, 0.2502, 0.2500, 0.2499]], device='cuda:0',
       grad_fn=<SoftmaxBackward0>)
tensor([[0.2502, 0.2499, 0.2501, 0.2499],
        [0.2498, 0.2500, 0.2505, 0.2497],
        [0.2503, 0.2499, 0.2498, 0.2499],
        [0.2499, 0.2507, 0.2497, 0.2498],
        [0.2501, 0.2499, 0.2497, 0.2503],
        [0.2507, 0.2499, 0.2496, 0.2497],
        [0.2502, 0.2498, 0.2504, 0.2497]], device='cuda:0',
       grad_fn=<SoftmaxBackward0>)
tensor([[0.2499, 0.2504, 0.2499, 0.2499],
        [0.2497, 0.2503, 0.2500, 0.2500]], device='cuda:0',
       grad_fn=<SoftmaxBackward0>)
tensor([[0.2499, 0.2502, 0.2501, 0.2499],
        [0.2499, 0.2505, 0.2497, 0.2499],
        [0.2500, 0.2502, 0.2499, 0.2499]], device='cuda:0',
       grad_fn=<SoftmaxBackward0>)
tensor([[0.2500, 0.2497, 0.2499, 0.2504],
        [0.2497, 0.2500, 0.2500, 0.2502],
        [0.2499, 0.2500, 0.2502, 0.2499],
        [0.2497, 0.2504, 0.2501, 0.2498]], device='cuda:0',
       grad_fn=<SoftmaxBackward0>)
tensor([[0.2500, 0.2497, 0.2499, 0.2504],
        [0.2497, 0.2502, 0.2499, 0.2502],
        [0.2503, 0.2501, 0.2497, 0.2499],
        [0.2498, 0.2502, 0.2498, 0.2501],
        [0.2501, 0.2500, 0.2501, 0.2498]], device='cuda:0',
       grad_fn=<SoftmaxBackward0>)
tensor([[0.2499, 0.2499, 0.2500, 0.2502],
        [0.2497, 0.2500, 0.2505, 0.2498],
        [0.2501, 0.2499, 0.2501, 0.2499],
        [0.2501, 0.2499, 0.2502, 0.2499],
        [0.2502, 0.2499, 0.2505, 0.2494],
        [0.2502, 0.2501, 0.2500, 0.2498]], device='cuda:0',
       grad_fn=<SoftmaxBackward0>)
tensor([[0.2499, 0.2502, 0.2503, 0.2495],
        [0.2501, 0.2498, 0.2500, 0.2501],
        [0.2497, 0.2504, 0.2498, 0.2501],
        [0.2499, 0.2499, 0.2499, 0.2503],
        [0.2500, 0.2499, 0.2504, 0.2497],
        [0.2498, 0.2502, 0.2497, 0.2503],
        [0.2500, 0.2502, 0.2497, 0.2501]], device='cuda:0',
       grad_fn=<SoftmaxBackward0>)
#####################
08/23 03:08:36PM searchStage_trainer.py:268 [INFO] Train: Epoch: [0][50/390]	Step 50	lr 0.025	Loss 2.1324 (2.2606)	Hard Loss 2.1324 (2.2606)	Soft Loss 2.1324 (2.2606)	Arch Loss 2.0734 (2.2720)	Arch Hard Loss 2.0734 (2.2720)	Arch Soft Loss 2.0734 (2.2720)	Arch depth Loss -0.0000 (0.0000)	Prec@(1,5) (19.5%, 70.2%)	
08/23 03:09:05PM searchStage_trainer.py:268 [INFO] Train: Epoch: [0][100/390]	Step 100	lr 0.025	Loss 1.9435 (2.1260)	Hard Loss 1.9435 (2.1260)	Soft Loss 1.9435 (2.1260)	Arch Loss 1.9075 (2.1340)	Arch Hard Loss 1.9075 (2.1340)	Arch Soft Loss 1.9075 (2.1340)	Arch depth Loss 0.0000 (0.0000)	Prec@(1,5) (22.9%, 75.4%)	
08/23 03:09:34PM searchStage_trainer.py:268 [INFO] Train: Epoch: [0][150/390]	Step 150	lr 0.025	Loss 1.8686 (2.0263)	Hard Loss 1.8686 (2.0263)	Soft Loss 1.8686 (2.0263)	Arch Loss 1.7506 (2.0365)	Arch Hard Loss 1.7506 (2.0365)	Arch Soft Loss 1.7506 (2.0365)	Arch depth Loss 0.0000 (0.0000)	Prec@(1,5) (25.4%, 78.7%)	
08/23 03:10:02PM searchStage_trainer.py:268 [INFO] Train: Epoch: [0][200/390]	Step 200	lr 0.025	Loss 1.5796 (1.9458)	Hard Loss 1.5796 (1.9458)	Soft Loss 1.5796 (1.9458)	Arch Loss 1.7503 (1.9513)	Arch Hard Loss 1.7503 (1.9513)	Arch Soft Loss 1.7503 (1.9513)	Arch depth Loss 0.0000 (0.0000)	Prec@(1,5) (27.9%, 81.2%)	
08/23 03:10:30PM searchStage_trainer.py:268 [INFO] Train: Epoch: [0][250/390]	Step 250	lr 0.025	Loss 1.6431 (1.8880)	Hard Loss 1.6431 (1.8880)	Soft Loss 1.6431 (1.8880)	Arch Loss 1.5848 (1.8943)	Arch Hard Loss 1.5848 (1.8943)	Arch Soft Loss 1.5848 (1.8943)	Arch depth Loss 0.0000 (0.0000)	Prec@(1,5) (29.7%, 82.8%)	
08/23 03:10:59PM searchStage_trainer.py:268 [INFO] Train: Epoch: [0][300/390]	Step 300	lr 0.025	Loss 1.6503 (1.8354)	Hard Loss 1.6503 (1.8354)	Soft Loss 1.6503 (1.8354)	Arch Loss 1.3098 (1.8404)	Arch Hard Loss 1.3098 (1.8404)	Arch Soft Loss 1.3098 (1.8404)	Arch depth Loss 0.0000 (0.0000)	Prec@(1,5) (31.7%, 84.0%)	
08/23 03:11:27PM searchStage_trainer.py:268 [INFO] Train: Epoch: [0][350/390]	Step 350	lr 0.025	Loss 1.4696 (1.7973)	Hard Loss 1.4696 (1.7973)	Soft Loss 1.4696 (1.7973)	Arch Loss 1.6897 (1.7993)	Arch Hard Loss 1.6897 (1.7993)	Arch Soft Loss 1.6897 (1.7993)	Arch depth Loss 0.0000 (0.0000)	Prec@(1,5) (33.0%, 85.0%)	
08/23 03:11:49PM searchStage_trainer.py:268 [INFO] Train: Epoch: [0][390/390]	Step 390	lr 0.025	Loss 1.4821 (1.7653)	Hard Loss 1.4821 (1.7653)	Soft Loss 1.4821 (1.7653)	Arch Loss 1.4074 (1.7663)	Arch Hard Loss 1.4074 (1.7663)	Arch Soft Loss 1.4074 (1.7663)	Arch depth Loss 0.0000 (0.0000)	Prec@(1,5) (34.3%, 85.7%)	
08/23 03:11:51PM searchStage_trainer.py:284 [INFO] Train: [  0/49] Final Prec@1 34.3240%
08/23 03:11:55PM searchStage_trainer.py:312 [INFO] Valid: Epoch: [0][50/391]	Step 391	Loss 1.5355	Prec@(1,5) (44.1%, 91.5%)
08/23 03:11:59PM searchStage_trainer.py:312 [INFO] Valid: Epoch: [0][100/391]	Step 391	Loss 1.5287	Prec@(1,5) (43.9%, 91.5%)
08/23 03:12:03PM searchStage_trainer.py:312 [INFO] Valid: Epoch: [0][150/391]	Step 391	Loss 1.5229	Prec@(1,5) (44.1%, 91.5%)
08/23 03:12:07PM searchStage_trainer.py:312 [INFO] Valid: Epoch: [0][200/391]	Step 391	Loss 1.5341	Prec@(1,5) (43.6%, 91.3%)
08/23 03:12:11PM searchStage_trainer.py:312 [INFO] Valid: Epoch: [0][250/391]	Step 391	Loss 1.5322	Prec@(1,5) (43.9%, 91.2%)
08/23 03:12:16PM searchStage_trainer.py:312 [INFO] Valid: Epoch: [0][300/391]	Step 391	Loss 1.5321	Prec@(1,5) (43.7%, 91.2%)
08/23 03:12:20PM searchStage_trainer.py:312 [INFO] Valid: Epoch: [0][350/391]	Step 391	Loss 1.5330	Prec@(1,5) (43.8%, 91.2%)
08/23 03:12:23PM searchStage_trainer.py:312 [INFO] Valid: Epoch: [0][390/391]	Step 391	Loss 1.5318	Prec@(1,5) (43.8%, 91.2%)
08/23 03:12:23PM searchStage_trainer.py:323 [INFO] Valid: [  0/49] Final Prec@1 43.8080%
08/23 03:12:23PM searchStage_KD_main.py:58 [INFO] DAG = Genotype2(DAG1=[[('skip_connect', 0), ('skip_connect', 1)], [('max_pool_3x3', 0), ('skip_connect', 1)], [('max_pool_3x3', 1), ('skip_connect', 0)], [('max_pool_3x3', 0), ('max_pool_3x3', 1)], [('max_pool_3x3', 0), ('max_pool_3x3', 1)], [('max_pool_3x3', 1), ('max_pool_3x3', 0)]], DAG1_concat=range(6, 8), DAG2=[[('skip_connect', 0), ('max_pool_3x3', 1)], [('skip_connect', 0), ('max_pool_3x3', 1)], [('skip_connect', 0), ('skip_connect', 1)], [('skip_connect', 1), ('skip_connect', 0)], [('max_pool_3x3', 1), ('max_pool_3x3', 0)], [('max_pool_3x3', 1), ('skip_connect', 6)]], DAG2_concat=range(6, 8), DAG3=[[('skip_connect', 0), ('skip_connect', 1)], [('skip_connect', 0), ('skip_connect', 1)], [('skip_connect', 1), ('skip_connect', 0)], [('skip_connect', 0), ('skip_connect', 2)], [('skip_connect', 1), ('skip_connect', 0)], [('skip_connect', 0), ('skip_connect', 3)]], DAG3_concat=range(6, 8))
08/23 03:12:23PM searchStage_KD_main.py:89 [INFO] Until now, best Prec@1 = 43.8080%
####### ALPHA #######
# Alpha - DAG
tensor([[0.2479, 0.2459, 0.2557, 0.2506],
        [0.2483, 0.2466, 0.2547, 0.2504]], device='cuda:0',
       grad_fn=<SoftmaxBackward0>)
tensor([[0.2533, 0.2448, 0.2528, 0.2491],
        [0.2516, 0.2468, 0.2529, 0.2487],
        [0.2510, 0.2483, 0.2482, 0.2524]], device='cuda:0',
       grad_fn=<SoftmaxBackward0>)
tensor([[0.2518, 0.2457, 0.2539, 0.2486],
        [0.2546, 0.2429, 0.2541, 0.2485],
        [0.2489, 0.2491, 0.2504, 0.2516],
        [0.2500, 0.2491, 0.2490, 0.2520]], device='cuda:0',
       grad_fn=<SoftmaxBackward0>)
tensor([[0.2573, 0.2450, 0.2512, 0.2465],
        [0.2561, 0.2448, 0.2502, 0.2490],
        [0.2522, 0.2474, 0.2493, 0.2511],
        [0.2516, 0.2487, 0.2492, 0.2505],
        [0.2510, 0.2481, 0.2487, 0.2522]], device='cuda:0',
       grad_fn=<SoftmaxBackward0>)
tensor([[0.2632, 0.2408, 0.2507, 0.2453],
        [0.2608, 0.2420, 0.2528, 0.2445],
        [0.2513, 0.2457, 0.2493, 0.2537],
        [0.2514, 0.2479, 0.2481, 0.2525],
        [0.2506, 0.2473, 0.2496, 0.2525],
        [0.2500, 0.2488, 0.2495, 0.2517]], device='cuda:0',
       grad_fn=<SoftmaxBackward0>)
tensor([[0.2656, 0.2386, 0.2480, 0.2479],
        [0.2668, 0.2378, 0.2496, 0.2459],
        [0.2582, 0.2418, 0.2495, 0.2505],
        [0.2552, 0.2463, 0.2483, 0.2502],
        [0.2541, 0.2445, 0.2492, 0.2522],
        [0.2526, 0.2482, 0.2472, 0.2520],
        [0.2513, 0.2471, 0.2488, 0.2527]], device='cuda:0',
       grad_fn=<SoftmaxBackward0>)
tensor([[0.2492, 0.2477, 0.2532, 0.2499],
        [0.2529, 0.2465, 0.2506, 0.2500]], device='cuda:0',
       grad_fn=<SoftmaxBackward0>)
tensor([[0.2517, 0.2472, 0.2522, 0.2489],
        [0.2519, 0.2465, 0.2497, 0.2518],
        [0.2486, 0.2500, 0.2519, 0.2495]], device='cuda:0',
       grad_fn=<SoftmaxBackward0>)
tensor([[0.2467, 0.2524, 0.2542, 0.2467],
        [0.2496, 0.2485, 0.2515, 0.2504],
        [0.2503, 0.2492, 0.2507, 0.2498],
        [0.2494, 0.2490, 0.2493, 0.2522]], device='cuda:0',
       grad_fn=<SoftmaxBackward0>)
tensor([[0.2487, 0.2505, 0.2521, 0.2487],
        [0.2491, 0.2506, 0.2537, 0.2466],
        [0.2482, 0.2497, 0.2501, 0.2520],
        [0.2466, 0.2515, 0.2511, 0.2508],
        [0.2490, 0.2501, 0.2502, 0.2507]], device='cuda:0',
       grad_fn=<SoftmaxBackward0>)
tensor([[0.2541, 0.2506, 0.2509, 0.2445],
        [0.2568, 0.2487, 0.2509, 0.2437],
        [0.2505, 0.2472, 0.2502, 0.2521],
        [0.2475, 0.2494, 0.2468, 0.2563],
        [0.2494, 0.2492, 0.2513, 0.2501],
        [0.2491, 0.2489, 0.2506, 0.2513]], device='cuda:0',
       grad_fn=<SoftmaxBackward0>)
tensor([[0.2529, 0.2507, 0.2526, 0.2438],
        [0.2547, 0.2477, 0.2514, 0.2462],
        [0.2523, 0.2469, 0.2490, 0.2518],
        [0.2521, 0.2466, 0.2490, 0.2523],
        [0.2494, 0.2485, 0.2474, 0.2548],
        [0.2524, 0.2474, 0.2483, 0.2519],
        [0.2519, 0.2474, 0.2543, 0.2464]], device='cuda:0',
       grad_fn=<SoftmaxBackward0>)
tensor([[0.2433, 0.2486, 0.2613, 0.2468],
        [0.2428, 0.2462, 0.2590, 0.2521]], device='cuda:0',
       grad_fn=<SoftmaxBackward0>)
tensor([[0.2467, 0.2493, 0.2583, 0.2457],
        [0.2469, 0.2465, 0.2560, 0.2506],
        [0.2458, 0.2481, 0.2531, 0.2530]], device='cuda:0',
       grad_fn=<SoftmaxBackward0>)
tensor([[0.2480, 0.2477, 0.2546, 0.2497],
        [0.2458, 0.2499, 0.2555, 0.2488],
        [0.2471, 0.2505, 0.2515, 0.2509],
        [0.2466, 0.2497, 0.2529, 0.2507]], device='cuda:0',
       grad_fn=<SoftmaxBackward0>)
tensor([[0.2487, 0.2490, 0.2535, 0.2488],
        [0.2480, 0.2492, 0.2517, 0.2511],
        [0.2464, 0.2498, 0.2537, 0.2502],
        [0.2488, 0.2483, 0.2515, 0.2515],
        [0.2471, 0.2505, 0.2520, 0.2503]], device='cuda:0',
       grad_fn=<SoftmaxBackward0>)
tensor([[0.2492, 0.2484, 0.2556, 0.2469],
        [0.2487, 0.2500, 0.2561, 0.2452],
        [0.2486, 0.2479, 0.2539, 0.2497],
        [0.2476, 0.2463, 0.2531, 0.2530],
        [0.2460, 0.2477, 0.2547, 0.2516],
        [0.2465, 0.2482, 0.2520, 0.2532]], device='cuda:0',
       grad_fn=<SoftmaxBackward0>)
tensor([[0.2492, 0.2492, 0.2559, 0.2457],
        [0.2481, 0.2475, 0.2551, 0.2493],
        [0.2468, 0.2477, 0.2546, 0.2509],
        [0.2463, 0.2478, 0.2571, 0.2488],
        [0.2453, 0.2491, 0.2551, 0.2506],
        [0.2455, 0.2484, 0.2535, 0.2526],
        [0.2450, 0.2490, 0.2515, 0.2545]], device='cuda:0',
       grad_fn=<SoftmaxBackward0>)
#####################
08/23 03:12:53午後 searchStage_trainer.py:268 [INFO] Train: Epoch: [1][50/390]	Step 441	lr 0.02498	Loss 1.3668 (1.4641)	Hard Loss 1.3668 (1.4641)	Soft Loss 1.3668 (1.4641)	Arch Loss 1.4387 (1.5110)	Arch Hard Loss 1.4387 (1.5110)	Arch Soft Loss 1.4387 (1.5110)	Arch depth Loss 0.0000 (0.0000)	Prec@(1,5) (46.2%, 91.6%)	
08/23 03:13:21午後 searchStage_trainer.py:268 [INFO] Train: Epoch: [1][100/390]	Step 491	lr 0.02498	Loss 1.3302 (1.4631)	Hard Loss 1.3302 (1.4631)	Soft Loss 1.3302 (1.4631)	Arch Loss 1.4815 (1.4663)	Arch Hard Loss 1.4815 (1.4663)	Arch Soft Loss 1.4815 (1.4663)	Arch depth Loss 0.0000 (0.0000)	Prec@(1,5) (46.0%, 92.0%)	
08/23 03:13:50午後 searchStage_trainer.py:268 [INFO] Train: Epoch: [1][150/390]	Step 541	lr 0.02498	Loss 1.4738 (1.4393)	Hard Loss 1.4738 (1.4393)	Soft Loss 1.4738 (1.4393)	Arch Loss 1.2487 (1.4509)	Arch Hard Loss 1.2487 (1.4509)	Arch Soft Loss 1.2487 (1.4509)	Arch depth Loss 0.0000 (0.0000)	Prec@(1,5) (47.1%, 92.3%)	
08/23 03:14:18午後 searchStage_trainer.py:268 [INFO] Train: Epoch: [1][200/390]	Step 591	lr 0.02498	Loss 1.4853 (1.4233)	Hard Loss 1.4853 (1.4233)	Soft Loss 1.4853 (1.4233)	Arch Loss 1.5029 (1.4459)	Arch Hard Loss 1.5029 (1.4459)	Arch Soft Loss 1.5029 (1.4459)	Arch depth Loss 0.0000 (0.0000)	Prec@(1,5) (47.7%, 92.5%)	
08/23 03:14:47午後 searchStage_trainer.py:268 [INFO] Train: Epoch: [1][250/390]	Step 641	lr 0.02498	Loss 1.3535 (1.4161)	Hard Loss 1.3535 (1.4161)	Soft Loss 1.3535 (1.4161)	Arch Loss 1.0908 (1.4256)	Arch Hard Loss 1.0908 (1.4256)	Arch Soft Loss 1.0908 (1.4256)	Arch depth Loss 0.0000 (0.0000)	Prec@(1,5) (48.0%, 92.5%)	
08/23 03:15:15午後 searchStage_trainer.py:268 [INFO] Train: Epoch: [1][300/390]	Step 691	lr 0.02498	Loss 1.1059 (1.4008)	Hard Loss 1.1059 (1.4008)	Soft Loss 1.1059 (1.4008)	Arch Loss 1.3018 (1.4119)	Arch Hard Loss 1.3018 (1.4119)	Arch Soft Loss 1.3018 (1.4119)	Arch depth Loss 0.0000 (0.0000)	Prec@(1,5) (48.7%, 92.8%)	
08/23 03:15:43午後 searchStage_trainer.py:268 [INFO] Train: Epoch: [1][350/390]	Step 741	lr 0.02498	Loss 1.3121 (1.3844)	Hard Loss 1.3121 (1.3844)	Soft Loss 1.3121 (1.3844)	Arch Loss 1.4775 (1.4007)	Arch Hard Loss 1.4775 (1.4007)	Arch Soft Loss 1.4775 (1.4007)	Arch depth Loss 0.0000 (0.0000)	Prec@(1,5) (49.4%, 93.0%)	
08/23 03:16:06午後 searchStage_trainer.py:268 [INFO] Train: Epoch: [1][390/390]	Step 781	lr 0.02498	Loss 1.3374 (1.3745)	Hard Loss 1.3374 (1.3745)	Soft Loss 1.3374 (1.3745)	Arch Loss 1.2857 (1.3861)	Arch Hard Loss 1.2857 (1.3861)	Arch Soft Loss 1.2857 (1.3861)	Arch depth Loss 0.0000 (0.0000)	Prec@(1,5) (49.7%, 93.2%)	
08/23 03:16:07午後 searchStage_trainer.py:284 [INFO] Train: [  1/49] Final Prec@1 49.7200%
08/23 03:16:11午後 searchStage_trainer.py:312 [INFO] Valid: Epoch: [1][50/391]	Step 782	Loss 1.3287	Prec@(1,5) (53.1%, 94.0%)
08/23 03:16:15午後 searchStage_trainer.py:312 [INFO] Valid: Epoch: [1][100/391]	Step 782	Loss 1.3313	Prec@(1,5) (52.9%, 93.5%)
08/23 03:16:19午後 searchStage_trainer.py:312 [INFO] Valid: Epoch: [1][150/391]	Step 782	Loss 1.3192	Prec@(1,5) (53.3%, 93.7%)
08/23 03:16:23午後 searchStage_trainer.py:312 [INFO] Valid: Epoch: [1][200/391]	Step 782	Loss 1.3205	Prec@(1,5) (53.3%, 93.7%)
08/23 03:16:27午後 searchStage_trainer.py:312 [INFO] Valid: Epoch: [1][250/391]	Step 782	Loss 1.3206	Prec@(1,5) (53.5%, 93.6%)
08/23 03:16:31午後 searchStage_trainer.py:312 [INFO] Valid: Epoch: [1][300/391]	Step 782	Loss 1.3237	Prec@(1,5) (53.1%, 93.6%)
08/23 03:16:35午後 searchStage_trainer.py:312 [INFO] Valid: Epoch: [1][350/391]	Step 782	Loss 1.3280	Prec@(1,5) (52.9%, 93.6%)
08/23 03:16:39午後 searchStage_trainer.py:312 [INFO] Valid: Epoch: [1][390/391]	Step 782	Loss 1.3266	Prec@(1,5) (53.1%, 93.7%)
08/23 03:16:39午後 searchStage_trainer.py:323 [INFO] Valid: [  1/49] Final Prec@1 53.0840%
08/23 03:16:39午後 searchStage_KD_main.py:58 [INFO] DAG = Genotype2(DAG1=[[('skip_connect', 0), ('skip_connect', 1)], [('skip_connect', 0), ('skip_connect', 1)], [('skip_connect', 0), ('skip_connect', 1)], [('max_pool_3x3', 0), ('max_pool_3x3', 1)], [('max_pool_3x3', 0), ('max_pool_3x3', 1)], [('max_pool_3x3', 1), ('max_pool_3x3', 0)]], DAG1_concat=range(6, 8), DAG2=[[('skip_connect', 0), ('skip_connect', 1)], [('skip_connect', 0), ('skip_connect', 2)], [('skip_connect', 0), ('skip_connect', 1)], [('skip_connect', 3), ('skip_connect', 1)], [('max_pool_3x3', 1), ('max_pool_3x3', 0)], [('skip_connect', 6), ('max_pool_3x3', 0)]], DAG2_concat=range(6, 8), DAG3=[[('skip_connect', 0), ('skip_connect', 1)], [('skip_connect', 0), ('skip_connect', 1)], [('skip_connect', 1), ('skip_connect', 0)], [('skip_connect', 2), ('skip_connect', 4)], [('skip_connect', 0), ('skip_connect', 4)], [('skip_connect', 0), ('skip_connect', 4)]], DAG3_concat=range(6, 8))
08/23 03:16:39午後 searchStage_KD_main.py:89 [INFO] Until now, best Prec@1 = 53.0840%
####### ALPHA #######
# Alpha - DAG
tensor([[0.2436, 0.2336, 0.2719, 0.2509],
        [0.2453, 0.2352, 0.2683, 0.2513]], device='cuda:0',
       grad_fn=<SoftmaxBackward0>)
tensor([[0.2568, 0.2369, 0.2615, 0.2447],
        [0.2562, 0.2380, 0.2574, 0.2484],
        [0.2507, 0.2457, 0.2469, 0.2567]], device='cuda:0',
       grad_fn=<SoftmaxBackward0>)
tensor([[0.2494, 0.2373, 0.2679, 0.2454],
        [0.2504, 0.2346, 0.2681, 0.2469],
        [0.2449, 0.2449, 0.2569, 0.2534],
        [0.2477, 0.2476, 0.2489, 0.2558]], device='cuda:0',
       grad_fn=<SoftmaxBackward0>)
tensor([[0.2647, 0.2357, 0.2549, 0.2447],
        [0.2614, 0.2364, 0.2539, 0.2483],
        [0.2532, 0.2428, 0.2521, 0.2518],
        [0.2484, 0.2467, 0.2506, 0.2543],
        [0.2507, 0.2464, 0.2516, 0.2513]], device='cuda:0',
       grad_fn=<SoftmaxBackward0>)
tensor([[0.2728, 0.2266, 0.2610, 0.2395],
        [0.2700, 0.2292, 0.2650, 0.2358],
        [0.2514, 0.2392, 0.2534, 0.2559],
        [0.2533, 0.2442, 0.2477, 0.2548],
        [0.2502, 0.2423, 0.2500, 0.2575],
        [0.2445, 0.2479, 0.2493, 0.2583]], device='cuda:0',
       grad_fn=<SoftmaxBackward0>)
tensor([[0.2853, 0.2232, 0.2488, 0.2427],
        [0.2853, 0.2216, 0.2526, 0.2404],
        [0.2647, 0.2334, 0.2510, 0.2509],
        [0.2594, 0.2399, 0.2462, 0.2545],
        [0.2619, 0.2358, 0.2476, 0.2548],
        [0.2561, 0.2433, 0.2431, 0.2575],
        [0.2587, 0.2409, 0.2464, 0.2541]], device='cuda:0',
       grad_fn=<SoftmaxBackward0>)
tensor([[0.2461, 0.2468, 0.2628, 0.2443],
        [0.2482, 0.2438, 0.2538, 0.2542]], device='cuda:0',
       grad_fn=<SoftmaxBackward0>)
tensor([[0.2494, 0.2489, 0.2540, 0.2477],
        [0.2495, 0.2473, 0.2513, 0.2519],
        [0.2454, 0.2511, 0.2533, 0.2502]], device='cuda:0',
       grad_fn=<SoftmaxBackward0>)
tensor([[0.2456, 0.2519, 0.2574, 0.2451],
        [0.2455, 0.2504, 0.2569, 0.2472],
        [0.2494, 0.2500, 0.2495, 0.2511],
        [0.2502, 0.2471, 0.2487, 0.2540]], device='cuda:0',
       grad_fn=<SoftmaxBackward0>)
tensor([[0.2471, 0.2467, 0.2529, 0.2533],
        [0.2483, 0.2497, 0.2535, 0.2485],
        [0.2473, 0.2498, 0.2506, 0.2523],
        [0.2468, 0.2493, 0.2565, 0.2473],
        [0.2477, 0.2506, 0.2514, 0.2504]], device='cuda:0',
       grad_fn=<SoftmaxBackward0>)
tensor([[0.2581, 0.2509, 0.2527, 0.2384],
        [0.2602, 0.2462, 0.2523, 0.2413],
        [0.2522, 0.2472, 0.2514, 0.2493],
        [0.2476, 0.2488, 0.2476, 0.2560],
        [0.2465, 0.2492, 0.2490, 0.2553],
        [0.2470, 0.2494, 0.2472, 0.2563]], device='cuda:0',
       grad_fn=<SoftmaxBackward0>)
tensor([[0.2575, 0.2503, 0.2504, 0.2418],
        [0.2568, 0.2498, 0.2523, 0.2410],
        [0.2529, 0.2466, 0.2487, 0.2518],
        [0.2501, 0.2483, 0.2509, 0.2506],
        [0.2461, 0.2472, 0.2441, 0.2626],
        [0.2508, 0.2467, 0.2448, 0.2577],
        [0.2505, 0.2499, 0.2580, 0.2415]], device='cuda:0',
       grad_fn=<SoftmaxBackward0>)
tensor([[0.2433, 0.2431, 0.2653, 0.2483],
        [0.2422, 0.2439, 0.2631, 0.2508]], device='cuda:0',
       grad_fn=<SoftmaxBackward0>)
tensor([[0.2430, 0.2467, 0.2620, 0.2483],
        [0.2460, 0.2442, 0.2581, 0.2518],
        [0.2465, 0.2485, 0.2553, 0.2497]], device='cuda:0',
       grad_fn=<SoftmaxBackward0>)
tensor([[0.2477, 0.2447, 0.2553, 0.2523],
        [0.2466, 0.2488, 0.2576, 0.2469],
        [0.2498, 0.2494, 0.2529, 0.2478],
        [0.2461, 0.2489, 0.2517, 0.2533]], device='cuda:0',
       grad_fn=<SoftmaxBackward0>)
tensor([[0.2472, 0.2484, 0.2542, 0.2502],
        [0.2459, 0.2470, 0.2526, 0.2546],
        [0.2456, 0.2491, 0.2565, 0.2488],
        [0.2484, 0.2477, 0.2527, 0.2512],
        [0.2480, 0.2498, 0.2544, 0.2478]], device='cuda:0',
       grad_fn=<SoftmaxBackward0>)
tensor([[0.2522, 0.2459, 0.2556, 0.2463],
        [0.2540, 0.2476, 0.2542, 0.2443],
        [0.2538, 0.2440, 0.2546, 0.2476],
        [0.2500, 0.2429, 0.2504, 0.2568],
        [0.2472, 0.2459, 0.2565, 0.2504],
        [0.2453, 0.2453, 0.2541, 0.2553]], device='cuda:0',
       grad_fn=<SoftmaxBackward0>)
tensor([[0.2526, 0.2450, 0.2552, 0.2472],
        [0.2529, 0.2441, 0.2544, 0.2487],
        [0.2518, 0.2440, 0.2550, 0.2492],
        [0.2504, 0.2430, 0.2550, 0.2517],
        [0.2489, 0.2457, 0.2562, 0.2492],
        [0.2451, 0.2450, 0.2569, 0.2530],
        [0.2501, 0.2466, 0.2495, 0.2538]], device='cuda:0',
       grad_fn=<SoftmaxBackward0>)
#####################
08/23 03:17:07午後 searchStage_trainer.py:268 [INFO] Train: Epoch: [2][50/390]	Step 832	lr 0.02491	Loss 1.2265 (1.2936)	Hard Loss 1.2265 (1.2936)	Soft Loss 1.2265 (1.2936)	Arch Loss 1.3229 (1.2587)	Arch Hard Loss 1.3229 (1.2587)	Arch Soft Loss 1.3229 (1.2587)	Arch depth Loss 0.0000 (0.0000)	Prec@(1,5) (53.0%, 94.2%)	
08/23 03:17:36午後 searchStage_trainer.py:268 [INFO] Train: Epoch: [2][100/390]	Step 882	lr 0.02491	Loss 1.1275 (1.2514)	Hard Loss 1.1275 (1.2514)	Soft Loss 1.1275 (1.2514)	Arch Loss 1.3938 (1.2563)	Arch Hard Loss 1.3938 (1.2563)	Arch Soft Loss 1.3938 (1.2563)	Arch depth Loss 0.0000 (0.0000)	Prec@(1,5) (53.9%, 94.6%)	
08/23 03:18:05午後 searchStage_trainer.py:268 [INFO] Train: Epoch: [2][150/390]	Step 932	lr 0.02491	Loss 1.0308 (1.2394)	Hard Loss 1.0308 (1.2394)	Soft Loss 1.0308 (1.2394)	Arch Loss 1.1890 (1.2399)	Arch Hard Loss 1.1890 (1.2399)	Arch Soft Loss 1.1890 (1.2399)	Arch depth Loss 0.0000 (0.0000)	Prec@(1,5) (54.4%, 94.8%)	
08/23 03:18:33午後 searchStage_trainer.py:268 [INFO] Train: Epoch: [2][200/390]	Step 982	lr 0.02491	Loss 1.3164 (1.2175)	Hard Loss 1.3164 (1.2175)	Soft Loss 1.3164 (1.2175)	Arch Loss 1.1249 (1.2246)	Arch Hard Loss 1.1249 (1.2246)	Arch Soft Loss 1.1249 (1.2246)	Arch depth Loss 0.0000 (0.0000)	Prec@(1,5) (55.5%, 94.8%)	
08/23 03:19:01午後 searchStage_trainer.py:268 [INFO] Train: Epoch: [2][250/390]	Step 1032	lr 0.02491	Loss 1.3715 (1.2132)	Hard Loss 1.3715 (1.2132)	Soft Loss 1.3715 (1.2132)	Arch Loss 1.3785 (1.2229)	Arch Hard Loss 1.3785 (1.2229)	Arch Soft Loss 1.3785 (1.2229)	Arch depth Loss 0.0000 (0.0000)	Prec@(1,5) (55.8%, 94.9%)	
08/23 03:19:30午後 searchStage_trainer.py:268 [INFO] Train: Epoch: [2][300/390]	Step 1082	lr 0.02491	Loss 0.9753 (1.2059)	Hard Loss 0.9753 (1.2059)	Soft Loss 0.9753 (1.2059)	Arch Loss 1.0461 (1.2155)	Arch Hard Loss 1.0461 (1.2155)	Arch Soft Loss 1.0461 (1.2155)	Arch depth Loss 0.0000 (0.0000)	Prec@(1,5) (56.2%, 94.9%)	
08/23 03:19:59午後 searchStage_trainer.py:268 [INFO] Train: Epoch: [2][350/390]	Step 1132	lr 0.02491	Loss 0.8415 (1.1954)	Hard Loss 0.8415 (1.1954)	Soft Loss 0.8415 (1.1954)	Arch Loss 1.0350 (1.2131)	Arch Hard Loss 1.0350 (1.2131)	Arch Soft Loss 1.0350 (1.2131)	Arch depth Loss 0.0000 (0.0000)	Prec@(1,5) (56.6%, 95.1%)	
08/23 03:20:21午後 searchStage_trainer.py:268 [INFO] Train: Epoch: [2][390/390]	Step 1172	lr 0.02491	Loss 1.1749 (1.1904)	Hard Loss 1.1749 (1.1904)	Soft Loss 1.1749 (1.1904)	Arch Loss 1.0795 (1.2055)	Arch Hard Loss 1.0795 (1.2055)	Arch Soft Loss 1.0795 (1.2055)	Arch depth Loss 0.0000 (0.0000)	Prec@(1,5) (56.8%, 95.1%)	
08/23 03:20:22午後 searchStage_trainer.py:284 [INFO] Train: [  2/49] Final Prec@1 56.7520%
08/23 03:20:26午後 searchStage_trainer.py:312 [INFO] Valid: Epoch: [2][50/391]	Step 1173	Loss 1.2095	Prec@(1,5) (56.7%, 95.0%)
08/23 03:20:30午後 searchStage_trainer.py:312 [INFO] Valid: Epoch: [2][100/391]	Step 1173	Loss 1.1879	Prec@(1,5) (57.3%, 95.1%)
08/23 03:20:34午後 searchStage_trainer.py:312 [INFO] Valid: Epoch: [2][150/391]	Step 1173	Loss 1.1915	Prec@(1,5) (57.3%, 95.1%)
08/23 03:20:38午後 searchStage_trainer.py:312 [INFO] Valid: Epoch: [2][200/391]	Step 1173	Loss 1.1946	Prec@(1,5) (57.3%, 95.0%)
08/23 03:20:42午後 searchStage_trainer.py:312 [INFO] Valid: Epoch: [2][250/391]	Step 1173	Loss 1.2043	Prec@(1,5) (57.1%, 94.9%)
08/23 03:20:46午後 searchStage_trainer.py:312 [INFO] Valid: Epoch: [2][300/391]	Step 1173	Loss 1.2047	Prec@(1,5) (57.1%, 94.8%)
08/23 03:20:50午後 searchStage_trainer.py:312 [INFO] Valid: Epoch: [2][350/391]	Step 1173	Loss 1.2057	Prec@(1,5) (57.1%, 94.9%)
08/23 03:20:53午後 searchStage_trainer.py:312 [INFO] Valid: Epoch: [2][390/391]	Step 1173	Loss 1.2059	Prec@(1,5) (57.1%, 94.8%)
08/23 03:20:53午後 searchStage_trainer.py:323 [INFO] Valid: [  2/49] Final Prec@1 57.0360%
08/23 03:20:53午後 searchStage_KD_main.py:58 [INFO] DAG = Genotype2(DAG1=[[('skip_connect', 0), ('skip_connect', 1)], [('skip_connect', 0), ('skip_connect', 1)], [('skip_connect', 0), ('skip_connect', 1)], [('max_pool_3x3', 0), ('skip_connect', 1)], [('skip_connect', 1), ('skip_connect', 0)], [('max_pool_3x3', 0), ('max_pool_3x3', 1)]], DAG1_concat=range(6, 8), DAG2=[[('skip_connect', 0), ('skip_connect', 1)], [('skip_connect', 0), ('skip_connect', 1)], [('skip_connect', 0), ('skip_connect', 1)], [('skip_connect', 0), ('skip_connect', 1)], [('max_pool_3x3', 0), ('max_pool_3x3', 1)], [('max_pool_3x3', 0), ('max_pool_3x3', 1)]], DAG2_concat=range(6, 8), DAG3=[[('skip_connect', 0), ('skip_connect', 1)], [('skip_connect', 0), ('skip_connect', 1)], [('skip_connect', 1), ('skip_connect', 0)], [('skip_connect', 2), ('skip_connect', 0)], [('max_pool_3x3', 2), ('max_pool_3x3', 1)], [('skip_connect', 5), ('skip_connect', 4)]], DAG3_concat=range(6, 8))
08/23 03:20:54午後 searchStage_KD_main.py:89 [INFO] Until now, best Prec@1 = 57.0360%
####### ALPHA #######
# Alpha - DAG
tensor([[0.2361, 0.2184, 0.2942, 0.2514],
        [0.2385, 0.2212, 0.2895, 0.2508]], device='cuda:0',
       grad_fn=<SoftmaxBackward0>)
tensor([[0.2547, 0.2294, 0.2746, 0.2412],
        [0.2543, 0.2296, 0.2671, 0.2490],
        [0.2510, 0.2417, 0.2482, 0.2591]], device='cuda:0',
       grad_fn=<SoftmaxBackward0>)
tensor([[0.2408, 0.2293, 0.2877, 0.2422],
        [0.2438, 0.2286, 0.2839, 0.2438],
        [0.2362, 0.2406, 0.2663, 0.2568],
        [0.2432, 0.2478, 0.2504, 0.2586]], device='cuda:0',
       grad_fn=<SoftmaxBackward0>)
tensor([[0.2635, 0.2323, 0.2596, 0.2446],
        [0.2586, 0.2326, 0.2621, 0.2467],
        [0.2536, 0.2411, 0.2538, 0.2515],
        [0.2487, 0.2460, 0.2531, 0.2522],
        [0.2460, 0.2454, 0.2533, 0.2552]], device='cuda:0',
       grad_fn=<SoftmaxBackward0>)
tensor([[0.2703, 0.2117, 0.2816, 0.2363],
        [0.2668, 0.2158, 0.2850, 0.2324],
        [0.2498, 0.2360, 0.2593, 0.2549],
        [0.2500, 0.2420, 0.2487, 0.2592],
        [0.2510, 0.2373, 0.2522, 0.2595],
        [0.2435, 0.2456, 0.2502, 0.2607]], device='cuda:0',
       grad_fn=<SoftmaxBackward0>)
tensor([[0.2979, 0.2098, 0.2576, 0.2347],
        [0.2963, 0.2092, 0.2579, 0.2366],
        [0.2688, 0.2242, 0.2567, 0.2503],
        [0.2576, 0.2363, 0.2455, 0.2606],
        [0.2608, 0.2324, 0.2514, 0.2554],
        [0.2554, 0.2399, 0.2410, 0.2636],
        [0.2580, 0.2373, 0.2477, 0.2570]], device='cuda:0',
       grad_fn=<SoftmaxBackward0>)
tensor([[0.2414, 0.2443, 0.2715, 0.2428],
        [0.2417, 0.2411, 0.2632, 0.2540]], device='cuda:0',
       grad_fn=<SoftmaxBackward0>)
tensor([[0.2476, 0.2477, 0.2571, 0.2476],
        [0.2478, 0.2489, 0.2550, 0.2482],
        [0.2477, 0.2479, 0.2518, 0.2526]], device='cuda:0',
       grad_fn=<SoftmaxBackward0>)
tensor([[0.2435, 0.2529, 0.2593, 0.2444],
        [0.2446, 0.2520, 0.2578, 0.2456],
        [0.2476, 0.2502, 0.2505, 0.2516],
        [0.2481, 0.2492, 0.2471, 0.2556]], device='cuda:0',
       grad_fn=<SoftmaxBackward0>)
tensor([[0.2461, 0.2457, 0.2555, 0.2526],
        [0.2442, 0.2493, 0.2553, 0.2512],
        [0.2487, 0.2479, 0.2495, 0.2539],
        [0.2495, 0.2493, 0.2544, 0.2468],
        [0.2504, 0.2492, 0.2536, 0.2468]], device='cuda:0',
       grad_fn=<SoftmaxBackward0>)
tensor([[0.2611, 0.2509, 0.2527, 0.2353],
        [0.2603, 0.2483, 0.2536, 0.2378],
        [0.2560, 0.2441, 0.2508, 0.2491],
        [0.2512, 0.2468, 0.2455, 0.2565],
        [0.2496, 0.2486, 0.2466, 0.2552],
        [0.2475, 0.2486, 0.2431, 0.2608]], device='cuda:0',
       grad_fn=<SoftmaxBackward0>)
tensor([[0.2596, 0.2522, 0.2541, 0.2341],
        [0.2583, 0.2531, 0.2545, 0.2340],
        [0.2553, 0.2448, 0.2487, 0.2512],
        [0.2515, 0.2474, 0.2477, 0.2534],
        [0.2451, 0.2471, 0.2426, 0.2651],
        [0.2479, 0.2479, 0.2433, 0.2608],
        [0.2480, 0.2516, 0.2561, 0.2443]], device='cuda:0',
       grad_fn=<SoftmaxBackward0>)
tensor([[0.2444, 0.2376, 0.2694, 0.2486],
        [0.2418, 0.2392, 0.2685, 0.2505]], device='cuda:0',
       grad_fn=<SoftmaxBackward0>)
tensor([[0.2438, 0.2427, 0.2626, 0.2508],
        [0.2459, 0.2404, 0.2596, 0.2541],
        [0.2481, 0.2467, 0.2591, 0.2461]], device='cuda:0',
       grad_fn=<SoftmaxBackward0>)
tensor([[0.2493, 0.2433, 0.2568, 0.2506],
        [0.2479, 0.2471, 0.2592, 0.2458],
        [0.2498, 0.2467, 0.2536, 0.2499],
        [0.2462, 0.2485, 0.2515, 0.2538]], device='cuda:0',
       grad_fn=<SoftmaxBackward0>)
tensor([[0.2470, 0.2485, 0.2546, 0.2498],
        [0.2433, 0.2487, 0.2541, 0.2540],
        [0.2461, 0.2476, 0.2565, 0.2498],
        [0.2484, 0.2491, 0.2535, 0.2490],
        [0.2482, 0.2493, 0.2542, 0.2483]], device='cuda:0',
       grad_fn=<SoftmaxBackward0>)
tensor([[0.2534, 0.2431, 0.2563, 0.2472],
        [0.2565, 0.2451, 0.2538, 0.2446],
        [0.2581, 0.2403, 0.2544, 0.2472],
        [0.2523, 0.2397, 0.2473, 0.2607],
        [0.2509, 0.2424, 0.2573, 0.2494],
        [0.2472, 0.2449, 0.2554, 0.2525]], device='cuda:0',
       grad_fn=<SoftmaxBackward0>)
tensor([[0.2561, 0.2420, 0.2541, 0.2477],
        [0.2560, 0.2423, 0.2538, 0.2479],
        [0.2551, 0.2397, 0.2539, 0.2513],
        [0.2534, 0.2394, 0.2535, 0.2537],
        [0.2524, 0.2415, 0.2577, 0.2483],
        [0.2476, 0.2422, 0.2605, 0.2497],
        [0.2538, 0.2417, 0.2494, 0.2551]], device='cuda:0',
       grad_fn=<SoftmaxBackward0>)
#####################
08/23 03:21:23午後 searchStage_trainer.py:268 [INFO] Train: Epoch: [3][50/390]	Step 1223	lr 0.02479	Loss 1.1009 (1.1143)	Hard Loss 1.1009 (1.1143)	Soft Loss 1.1009 (1.1143)	Arch Loss 1.2903 (1.1287)	Arch Hard Loss 1.2903 (1.1287)	Arch Soft Loss 1.2903 (1.1287)	Arch depth Loss 0.0000 (0.0000)	Prec@(1,5) (61.5%, 96.0%)	
08/23 03:21:52午後 searchStage_trainer.py:268 [INFO] Train: Epoch: [3][100/390]	Step 1273	lr 0.02479	Loss 1.0632 (1.0889)	Hard Loss 1.0632 (1.0889)	Soft Loss 1.0632 (1.0889)	Arch Loss 1.0118 (1.1014)	Arch Hard Loss 1.0118 (1.1014)	Arch Soft Loss 1.0118 (1.1014)	Arch depth Loss 0.0000 (0.0000)	Prec@(1,5) (62.0%, 96.2%)	
08/23 03:22:20午後 searchStage_trainer.py:268 [INFO] Train: Epoch: [3][150/390]	Step 1323	lr 0.02479	Loss 0.9342 (1.0773)	Hard Loss 0.9342 (1.0773)	Soft Loss 0.9342 (1.0773)	Arch Loss 1.0399 (1.0959)	Arch Hard Loss 1.0399 (1.0959)	Arch Soft Loss 1.0399 (1.0959)	Arch depth Loss 0.0000 (0.0000)	Prec@(1,5) (62.1%, 96.1%)	
08/23 03:22:49午後 searchStage_trainer.py:268 [INFO] Train: Epoch: [3][200/390]	Step 1373	lr 0.02479	Loss 1.0925 (1.0772)	Hard Loss 1.0925 (1.0772)	Soft Loss 1.0925 (1.0772)	Arch Loss 1.1162 (1.0851)	Arch Hard Loss 1.1162 (1.0851)	Arch Soft Loss 1.1162 (1.0851)	Arch depth Loss 0.0000 (0.0000)	Prec@(1,5) (62.0%, 96.1%)	
08/23 03:23:18午後 searchStage_trainer.py:268 [INFO] Train: Epoch: [3][250/390]	Step 1423	lr 0.02479	Loss 1.0857 (1.0685)	Hard Loss 1.0857 (1.0685)	Soft Loss 1.0857 (1.0685)	Arch Loss 0.9789 (1.0797)	Arch Hard Loss 0.9789 (1.0797)	Arch Soft Loss 0.9789 (1.0797)	Arch depth Loss 0.0000 (0.0000)	Prec@(1,5) (62.2%, 96.1%)	
08/23 03:23:47午後 searchStage_trainer.py:268 [INFO] Train: Epoch: [3][300/390]	Step 1473	lr 0.02479	Loss 1.0840 (1.0560)	Hard Loss 1.0840 (1.0560)	Soft Loss 1.0840 (1.0560)	Arch Loss 1.2641 (1.0757)	Arch Hard Loss 1.2641 (1.0757)	Arch Soft Loss 1.2641 (1.0757)	Arch depth Loss 0.0000 (0.0000)	Prec@(1,5) (62.5%, 96.2%)	
08/23 03:24:14午後 searchStage_trainer.py:268 [INFO] Train: Epoch: [3][350/390]	Step 1523	lr 0.02479	Loss 0.9802 (1.0516)	Hard Loss 0.9802 (1.0516)	Soft Loss 0.9802 (1.0516)	Arch Loss 1.0554 (1.0672)	Arch Hard Loss 1.0554 (1.0672)	Arch Soft Loss 1.0554 (1.0672)	Arch depth Loss 0.0000 (0.0000)	Prec@(1,5) (62.7%, 96.3%)	
08/23 03:24:37午後 searchStage_trainer.py:268 [INFO] Train: Epoch: [3][390/390]	Step 1563	lr 0.02479	Loss 0.9565 (1.0460)	Hard Loss 0.9565 (1.0460)	Soft Loss 0.9565 (1.0460)	Arch Loss 1.0269 (1.0640)	Arch Hard Loss 1.0269 (1.0640)	Arch Soft Loss 1.0269 (1.0640)	Arch depth Loss 0.0000 (0.0000)	Prec@(1,5) (63.0%, 96.3%)	
08/23 03:24:37午後 searchStage_trainer.py:284 [INFO] Train: [  3/49] Final Prec@1 62.9600%
08/23 03:24:42午後 searchStage_trainer.py:312 [INFO] Valid: Epoch: [3][50/391]	Step 1564	Loss 1.0478	Prec@(1,5) (62.8%, 96.7%)
08/23 03:24:46午後 searchStage_trainer.py:312 [INFO] Valid: Epoch: [3][100/391]	Step 1564	Loss 1.0217	Prec@(1,5) (63.2%, 97.2%)
08/23 03:24:50午後 searchStage_trainer.py:312 [INFO] Valid: Epoch: [3][150/391]	Step 1564	Loss 1.0444	Prec@(1,5) (62.6%, 96.8%)
08/23 03:24:54午後 searchStage_trainer.py:312 [INFO] Valid: Epoch: [3][200/391]	Step 1564	Loss 1.0325	Prec@(1,5) (63.0%, 96.9%)
08/23 03:24:58午後 searchStage_trainer.py:312 [INFO] Valid: Epoch: [3][250/391]	Step 1564	Loss 1.0354	Prec@(1,5) (63.2%, 96.8%)
08/23 03:25:02午後 searchStage_trainer.py:312 [INFO] Valid: Epoch: [3][300/391]	Step 1564	Loss 1.0308	Prec@(1,5) (63.2%, 96.7%)
08/23 03:25:06午後 searchStage_trainer.py:312 [INFO] Valid: Epoch: [3][350/391]	Step 1564	Loss 1.0275	Prec@(1,5) (63.4%, 96.7%)
08/23 03:25:09午後 searchStage_trainer.py:312 [INFO] Valid: Epoch: [3][390/391]	Step 1564	Loss 1.0313	Prec@(1,5) (63.4%, 96.7%)
08/23 03:25:09午後 searchStage_trainer.py:323 [INFO] Valid: [  3/49] Final Prec@1 63.3680%
