08/01 12:22:28AM parser.py:28 [INFO] 
08/01 12:22:28AM parser.py:29 [INFO] Parameters:
08/01 12:22:28AM parser.py:31 [INFO] DAG_PATH=results/search_cell_KD/cifar100/BASELINE/BASELINE224-20240801-002228/DAG
08/01 12:22:28AM parser.py:31 [INFO] T=3.0
08/01 12:22:28AM parser.py:31 [INFO] ADVANCED=True
08/01 12:22:28AM parser.py:31 [INFO] ALPHA_LR=0.0003
08/01 12:22:28AM parser.py:31 [INFO] ALPHA_WEIGHT_DECAY=0.001
08/01 12:22:28AM parser.py:31 [INFO] BATCH_SIZE=64
08/01 12:22:28AM parser.py:31 [INFO] CUTOUT_LENGTH=0
08/01 12:22:28AM parser.py:31 [INFO] DATA_PATH=../data/
08/01 12:22:28AM parser.py:31 [INFO] DATASET=cifar100
08/01 12:22:28AM parser.py:31 [INFO] DESCRIPTION=baseline_size224version_nonkd
08/01 12:22:28AM parser.py:31 [INFO] EPOCHS=50
08/01 12:22:28AM parser.py:31 [INFO] EXP_NAME=BASELINE224-20240801-002228
08/01 12:22:28AM parser.py:31 [INFO] GPUS=[0]
08/01 12:22:28AM parser.py:31 [INFO] INIT_CHANNELS=16
08/01 12:22:28AM parser.py:31 [INFO] L=0.6
08/01 12:22:28AM parser.py:31 [INFO] LAYERS=8
08/01 12:22:28AM parser.py:31 [INFO] LOCAL_RANK=0
08/01 12:22:28AM parser.py:31 [INFO] LOGGER=<Logger H-DAS (INFO)>
08/01 12:22:28AM parser.py:31 [INFO] NAME=BASELINE
08/01 12:22:28AM parser.py:31 [INFO] NONKD=True
08/01 12:22:28AM parser.py:31 [INFO] PATH=results/search_cell_KD/cifar100/BASELINE/BASELINE224-20240801-002228
08/01 12:22:28AM parser.py:31 [INFO] PCDARTS=False
08/01 12:22:28AM parser.py:31 [INFO] PLOT_PATH=results/search_cell_KD/cifar100/BASELINE/BASELINE224-20240801-002228/plots
08/01 12:22:28AM parser.py:31 [INFO] PRINT_FREQ=50
08/01 12:22:28AM parser.py:31 [INFO] RESUME_PATH=None
08/01 12:22:28AM parser.py:31 [INFO] SAVE=BASELINE224
08/01 12:22:28AM parser.py:31 [INFO] SEED=2
08/01 12:22:28AM parser.py:31 [INFO] TEACHER_NAME=non
08/01 12:22:28AM parser.py:31 [INFO] TEACHER_PATH=non
08/01 12:22:28AM parser.py:31 [INFO] TRAIN_PORTION=0.5
08/01 12:22:28AM parser.py:31 [INFO] W_GRAD_CLIP=5.0
08/01 12:22:28AM parser.py:31 [INFO] W_LR=0.025
08/01 12:22:28AM parser.py:31 [INFO] W_LR_MIN=0.001
08/01 12:22:28AM parser.py:31 [INFO] W_MOMENTUM=0.9
08/01 12:22:28AM parser.py:31 [INFO] W_WEIGHT_DECAY=0.0003
08/01 12:22:28AM parser.py:31 [INFO] WORKERS=4
08/01 12:22:28AM parser.py:32 [INFO] 
08/01 12:22:56AM searchCell_trainer.py:127 [INFO] --> No loaded checkpoint!
####### ALPHA #######
# Alpha - normal
tensor([[0.1249, 0.1252, 0.1249, 0.1249, 0.1249, 0.1252, 0.1249, 0.1250],
        [0.1249, 0.1251, 0.1250, 0.1250, 0.1252, 0.1249, 0.1250, 0.1250]],
       device='cuda:0', grad_fn=<SoftmaxBackward0>)
tensor([[0.1248, 0.1249, 0.1249, 0.1251, 0.1250, 0.1250, 0.1251, 0.1251],
        [0.1249, 0.1250, 0.1250, 0.1251, 0.1251, 0.1251, 0.1249, 0.1249],
        [0.1250, 0.1251, 0.1249, 0.1249, 0.1249, 0.1249, 0.1252, 0.1251]],
       device='cuda:0', grad_fn=<SoftmaxBackward0>)
tensor([[0.1251, 0.1247, 0.1249, 0.1253, 0.1248, 0.1249, 0.1251, 0.1253],
        [0.1250, 0.1250, 0.1249, 0.1251, 0.1252, 0.1250, 0.1251, 0.1249],
        [0.1251, 0.1249, 0.1252, 0.1249, 0.1250, 0.1250, 0.1249, 0.1250],
        [0.1250, 0.1251, 0.1250, 0.1249, 0.1249, 0.1251, 0.1251, 0.1250]],
       device='cuda:0', grad_fn=<SoftmaxBackward0>)
tensor([[0.1251, 0.1250, 0.1251, 0.1250, 0.1249, 0.1249, 0.1252, 0.1249],
        [0.1250, 0.1250, 0.1251, 0.1250, 0.1252, 0.1250, 0.1250, 0.1247],
        [0.1250, 0.1249, 0.1251, 0.1249, 0.1251, 0.1252, 0.1247, 0.1251],
        [0.1250, 0.1250, 0.1251, 0.1248, 0.1251, 0.1250, 0.1251, 0.1250],
        [0.1250, 0.1251, 0.1250, 0.1251, 0.1251, 0.1251, 0.1249, 0.1248]],
       device='cuda:0', grad_fn=<SoftmaxBackward0>)
tensor([[0.1251, 0.1247, 0.1249, 0.1252, 0.1252, 0.1249, 0.1251, 0.1249],
        [0.1250, 0.1250, 0.1250, 0.1251, 0.1253, 0.1249, 0.1249, 0.1248]],
       device='cuda:0', grad_fn=<SoftmaxBackward0>)
tensor([[0.1250, 0.1252, 0.1250, 0.1250, 0.1251, 0.1248, 0.1251, 0.1249],
        [0.1250, 0.1250, 0.1250, 0.1250, 0.1248, 0.1251, 0.1250, 0.1251],
        [0.1250, 0.1249, 0.1251, 0.1252, 0.1248, 0.1252, 0.1248, 0.1250]],
       device='cuda:0', grad_fn=<SoftmaxBackward0>)
tensor([[0.1249, 0.1250, 0.1251, 0.1250, 0.1249, 0.1250, 0.1251, 0.1249],
        [0.1250, 0.1250, 0.1250, 0.1250, 0.1249, 0.1252, 0.1251, 0.1249],
        [0.1249, 0.1250, 0.1250, 0.1253, 0.1251, 0.1251, 0.1247, 0.1249],
        [0.1251, 0.1251, 0.1252, 0.1249, 0.1249, 0.1251, 0.1250, 0.1249]],
       device='cuda:0', grad_fn=<SoftmaxBackward0>)
tensor([[0.1250, 0.1249, 0.1251, 0.1251, 0.1251, 0.1249, 0.1250, 0.1250],
        [0.1252, 0.1249, 0.1251, 0.1251, 0.1250, 0.1249, 0.1249, 0.1249],
        [0.1249, 0.1250, 0.1251, 0.1250, 0.1249, 0.1250, 0.1250, 0.1252],
        [0.1250, 0.1249, 0.1250, 0.1251, 0.1250, 0.1251, 0.1250, 0.1249],
        [0.1249, 0.1251, 0.1250, 0.1251, 0.1248, 0.1251, 0.1249, 0.1251]],
       device='cuda:0', grad_fn=<SoftmaxBackward0>)
tensor([[0.1250, 0.1250, 0.1249, 0.1249, 0.1249, 0.1251, 0.1252, 0.1250],
        [0.1248, 0.1250, 0.1251, 0.1249, 0.1252, 0.1252, 0.1247, 0.1251]],
       device='cuda:0', grad_fn=<SoftmaxBackward0>)
tensor([[0.1250, 0.1249, 0.1252, 0.1250, 0.1251, 0.1250, 0.1249, 0.1250],
        [0.1250, 0.1251, 0.1249, 0.1248, 0.1251, 0.1251, 0.1249, 0.1250],
        [0.1249, 0.1253, 0.1249, 0.1251, 0.1249, 0.1251, 0.1250, 0.1249]],
       device='cuda:0', grad_fn=<SoftmaxBackward0>)
tensor([[0.1252, 0.1249, 0.1250, 0.1250, 0.1249, 0.1250, 0.1250, 0.1250],
        [0.1251, 0.1250, 0.1250, 0.1248, 0.1249, 0.1252, 0.1249, 0.1251],
        [0.1252, 0.1250, 0.1250, 0.1250, 0.1250, 0.1248, 0.1250, 0.1250],
        [0.1252, 0.1250, 0.1251, 0.1251, 0.1248, 0.1249, 0.1251, 0.1249]],
       device='cuda:0', grad_fn=<SoftmaxBackward0>)
tensor([[0.1250, 0.1250, 0.1249, 0.1252, 0.1249, 0.1250, 0.1250, 0.1251],
        [0.1250, 0.1249, 0.1250, 0.1252, 0.1251, 0.1250, 0.1250, 0.1248],
        [0.1250, 0.1249, 0.1246, 0.1250, 0.1252, 0.1250, 0.1251, 0.1252],
        [0.1249, 0.1250, 0.1250, 0.1249, 0.1248, 0.1250, 0.1253, 0.1251],
        [0.1248, 0.1252, 0.1249, 0.1249, 0.1252, 0.1250, 0.1251, 0.1249]],
       device='cuda:0', grad_fn=<SoftmaxBackward0>)

# Alpha - reduce
tensor([[0.1249, 0.1249, 0.1250, 0.1251, 0.1252, 0.1250, 0.1250, 0.1250],
        [0.1252, 0.1251, 0.1249, 0.1248, 0.1251, 0.1250, 0.1250, 0.1250]],
       device='cuda:0', grad_fn=<SoftmaxBackward0>)
tensor([[0.1250, 0.1249, 0.1250, 0.1252, 0.1249, 0.1250, 0.1251, 0.1249],
        [0.1248, 0.1250, 0.1249, 0.1251, 0.1250, 0.1250, 0.1252, 0.1250],
        [0.1251, 0.1251, 0.1250, 0.1250, 0.1251, 0.1250, 0.1249, 0.1249]],
       device='cuda:0', grad_fn=<SoftmaxBackward0>)
tensor([[0.1249, 0.1252, 0.1250, 0.1250, 0.1250, 0.1250, 0.1250, 0.1249],
        [0.1251, 0.1251, 0.1250, 0.1251, 0.1249, 0.1249, 0.1249, 0.1250],
        [0.1250, 0.1249, 0.1249, 0.1250, 0.1250, 0.1252, 0.1252, 0.1249],
        [0.1250, 0.1252, 0.1251, 0.1250, 0.1250, 0.1248, 0.1250, 0.1250]],
       device='cuda:0', grad_fn=<SoftmaxBackward0>)
tensor([[0.1251, 0.1252, 0.1249, 0.1250, 0.1249, 0.1248, 0.1250, 0.1250],
        [0.1250, 0.1251, 0.1249, 0.1250, 0.1249, 0.1251, 0.1250, 0.1250],
        [0.1250, 0.1250, 0.1250, 0.1250, 0.1251, 0.1250, 0.1250, 0.1249],
        [0.1251, 0.1249, 0.1252, 0.1250, 0.1250, 0.1250, 0.1248, 0.1251],
        [0.1252, 0.1249, 0.1251, 0.1249, 0.1250, 0.1252, 0.1249, 0.1248]],
       device='cuda:0', grad_fn=<SoftmaxBackward0>)
tensor([[0.1250, 0.1251, 0.1249, 0.1249, 0.1250, 0.1250, 0.1250, 0.1251],
        [0.1248, 0.1251, 0.1249, 0.1251, 0.1251, 0.1251, 0.1249, 0.1249]],
       device='cuda:0', grad_fn=<SoftmaxBackward0>)
tensor([[0.1250, 0.1252, 0.1248, 0.1252, 0.1248, 0.1250, 0.1249, 0.1252],
        [0.1249, 0.1250, 0.1251, 0.1251, 0.1250, 0.1251, 0.1250, 0.1248],
        [0.1250, 0.1251, 0.1251, 0.1250, 0.1250, 0.1250, 0.1249, 0.1249]],
       device='cuda:0', grad_fn=<SoftmaxBackward0>)
tensor([[0.1251, 0.1251, 0.1249, 0.1251, 0.1249, 0.1250, 0.1249, 0.1250],
        [0.1251, 0.1248, 0.1251, 0.1251, 0.1250, 0.1250, 0.1249, 0.1249],
        [0.1250, 0.1250, 0.1250, 0.1249, 0.1252, 0.1251, 0.1250, 0.1248],
        [0.1250, 0.1249, 0.1252, 0.1249, 0.1249, 0.1250, 0.1251, 0.1250]],
       device='cuda:0', grad_fn=<SoftmaxBackward0>)
tensor([[0.1250, 0.1250, 0.1250, 0.1250, 0.1251, 0.1249, 0.1249, 0.1251],
        [0.1250, 0.1250, 0.1250, 0.1248, 0.1252, 0.1250, 0.1250, 0.1251],
        [0.1248, 0.1252, 0.1251, 0.1250, 0.1250, 0.1251, 0.1248, 0.1250],
        [0.1249, 0.1251, 0.1250, 0.1250, 0.1250, 0.1250, 0.1249, 0.1250],
        [0.1250, 0.1251, 0.1250, 0.1248, 0.1250, 0.1250, 0.1250, 0.1251]],
       device='cuda:0', grad_fn=<SoftmaxBackward0>)
#####################
08/01 12:23:33AM searchCell_trainer.py:217 [INFO] Train: Epoch: [0][50/390]	Step 50	lr 0.025	Loss 4.2131 (4.4983)	Hard Loss 4.2131 (4.4983)	Soft Loss 4.2131 (4.4983)	Arch Loss 4.3097 (4.5120)	Arch Hard Loss 0.0000 (0.0000)	Arch Soft Loss 0.0000 (0.0000)	Prec@(1,5) (3.2%, 12.0%)	
08/01 12:24:09AM searchCell_trainer.py:217 [INFO] Train: Epoch: [0][100/390]	Step 100	lr 0.025	Loss 4.1621 (4.3538)	Hard Loss 4.1621 (4.3538)	Soft Loss 4.1621 (4.3538)	Arch Loss 4.1017 (4.3511)	Arch Hard Loss 0.0000 (0.0000)	Arch Soft Loss 0.0000 (0.0000)	Prec@(1,5) (4.0%, 16.0%)	
08/01 12:24:44AM searchCell_trainer.py:217 [INFO] Train: Epoch: [0][150/390]	Step 150	lr 0.025	Loss 3.9735 (4.2446)	Hard Loss 3.9735 (4.2446)	Soft Loss 3.9735 (4.2446)	Arch Loss 4.0684 (4.2427)	Arch Hard Loss 0.0000 (0.0000)	Arch Soft Loss 0.0000 (0.0000)	Prec@(1,5) (5.2%, 19.4%)	
08/01 12:25:20AM searchCell_trainer.py:217 [INFO] Train: Epoch: [0][200/390]	Step 200	lr 0.025	Loss 3.7549 (4.1638)	Hard Loss 3.7549 (4.1638)	Soft Loss 3.7549 (4.1638)	Arch Loss 3.7446 (4.1530)	Arch Hard Loss 0.0000 (0.0000)	Arch Soft Loss 0.0000 (0.0000)	Prec@(1,5) (6.1%, 21.8%)	
08/01 12:25:55AM searchCell_trainer.py:217 [INFO] Train: Epoch: [0][250/390]	Step 250	lr 0.025	Loss 3.7658 (4.0952)	Hard Loss 3.7658 (4.0952)	Soft Loss 3.7658 (4.0952)	Arch Loss 3.7163 (4.0859)	Arch Hard Loss 0.0000 (0.0000)	Arch Soft Loss 0.0000 (0.0000)	Prec@(1,5) (7.1%, 24.2%)	
08/01 12:26:30AM searchCell_trainer.py:217 [INFO] Train: Epoch: [0][300/390]	Step 300	lr 0.025	Loss 3.8702 (4.0321)	Hard Loss 3.8702 (4.0321)	Soft Loss 3.8702 (4.0321)	Arch Loss 3.7585 (4.0280)	Arch Hard Loss 0.0000 (0.0000)	Arch Soft Loss 0.0000 (0.0000)	Prec@(1,5) (7.9%, 26.3%)	
08/01 12:27:05AM searchCell_trainer.py:217 [INFO] Train: Epoch: [0][350/390]	Step 350	lr 0.025	Loss 3.3841 (3.9837)	Hard Loss 3.3841 (3.9837)	Soft Loss 3.3841 (3.9837)	Arch Loss 3.4209 (3.9775)	Arch Hard Loss 0.0000 (0.0000)	Arch Soft Loss 0.0000 (0.0000)	Prec@(1,5) (8.5%, 27.8%)	
08/01 12:27:33AM searchCell_trainer.py:217 [INFO] Train: Epoch: [0][390/390]	Step 390	lr 0.025	Loss 3.4906 (3.9442)	Hard Loss 3.4906 (3.9442)	Soft Loss 3.4906 (3.9442)	Arch Loss 3.6580 (3.9369)	Arch Hard Loss 0.0000 (0.0000)	Arch Soft Loss 0.0000 (0.0000)	Prec@(1,5) (9.0%, 29.0%)	
08/01 12:27:35AM searchCell_trainer.py:232 [INFO] Train: [  0/49] Final Prec@1 9.0520%
08/01 12:27:42AM searchCell_trainer.py:260 [INFO] Valid: Epoch: [0][50/391]	Step 391	Loss 3.7210	Prec@(1,5) (13.2%, 36.7%)
08/01 12:27:48AM searchCell_trainer.py:260 [INFO] Valid: Epoch: [0][100/391]	Step 391	Loss 3.7635	Prec@(1,5) (12.6%, 36.0%)
08/01 12:27:55AM searchCell_trainer.py:260 [INFO] Valid: Epoch: [0][150/391]	Step 391	Loss 3.7598	Prec@(1,5) (12.6%, 36.3%)
08/01 12:28:01AM searchCell_trainer.py:260 [INFO] Valid: Epoch: [0][200/391]	Step 391	Loss 3.7565	Prec@(1,5) (12.6%, 36.5%)
08/01 12:28:08AM searchCell_trainer.py:260 [INFO] Valid: Epoch: [0][250/391]	Step 391	Loss 3.7544	Prec@(1,5) (12.6%, 36.4%)
08/01 12:28:14AM searchCell_trainer.py:260 [INFO] Valid: Epoch: [0][300/391]	Step 391	Loss 3.7535	Prec@(1,5) (12.6%, 36.4%)
08/01 12:28:20AM searchCell_trainer.py:260 [INFO] Valid: Epoch: [0][350/391]	Step 391	Loss 3.7548	Prec@(1,5) (12.6%, 36.3%)
08/01 12:28:26AM searchCell_trainer.py:260 [INFO] Valid: Epoch: [0][390/391]	Step 391	Loss 3.7520	Prec@(1,5) (12.7%, 36.3%)
08/01 12:28:26AM searchCell_trainer.py:267 [INFO] Valid: [  0/49] Final Prec@1 12.6720%
08/01 12:28:26AM searchCell_KD_main.py:58 [INFO] genotype = Genotype3(normal1=[[('sep_conv_3x3', 1), ('max_pool_3x3', 0)], [('max_pool_3x3', 0), ('sep_conv_5x5', 2)], [('max_pool_3x3', 0), ('dil_conv_5x5', 1)], [('dil_conv_3x3', 2), ('dil_conv_3x3', 3)]], normal1_concat=range(2, 6), reduce1=[[('dil_conv_3x3', 1), ('max_pool_3x3', 0)], [('dil_conv_5x5', 2), ('max_pool_3x3', 0)], [('sep_conv_5x5', 1), ('dil_conv_5x5', 3)], [('sep_conv_3x3', 3), ('max_pool_3x3', 0)]], reduce1_concat=range(2, 6), normal2=[[('dil_conv_5x5', 0), ('dil_conv_5x5', 1)], [('dil_conv_5x5', 1), ('max_pool_3x3', 0)], [('max_pool_3x3', 0), ('dil_conv_5x5', 1)], [('dil_conv_5x5', 3), ('max_pool_3x3', 0)]], normal2_concat=range(2, 6), reduce2=[[('dil_conv_5x5', 0), ('dil_conv_3x3', 1)], [('sep_conv_5x5', 2), ('sep_conv_5x5', 1)], [('sep_conv_5x5', 2), ('max_pool_3x3', 0)], [('sep_conv_5x5', 4), ('dil_conv_5x5', 2)]], reduce2_concat=range(2, 6), normal3=[[('dil_conv_5x5', 1), ('max_pool_3x3', 0)], [('sep_conv_5x5', 1), ('dil_conv_3x3', 2)], [('sep_conv_5x5', 3), ('sep_conv_5x5', 2)], [('dil_conv_5x5', 3), ('sep_conv_5x5', 2)]], normal3_concat=range(2, 6))
08/01 12:28:27AM searchCell_KD_main.py:92 [INFO] Until now, best Prec@1 = 12.6720%
####### ALPHA #######
# Alpha - normal
tensor([[0.1263, 0.1237, 0.1257, 0.1256, 0.1241, 0.1261, 0.1259, 0.1226],
        [0.1255, 0.1230, 0.1247, 0.1268, 0.1236, 0.1237, 0.1257, 0.1268]],
       device='cuda:0', grad_fn=<SoftmaxBackward0>)
tensor([[0.1265, 0.1234, 0.1253, 0.1253, 0.1255, 0.1237, 0.1256, 0.1247],
        [0.1257, 0.1233, 0.1247, 0.1249, 0.1257, 0.1250, 0.1251, 0.1257],
        [0.1258, 0.1226, 0.1244, 0.1243, 0.1267, 0.1253, 0.1260, 0.1249]],
       device='cuda:0', grad_fn=<SoftmaxBackward0>)
tensor([[0.1269, 0.1244, 0.1265, 0.1238, 0.1244, 0.1239, 0.1265, 0.1236],
        [0.1251, 0.1235, 0.1248, 0.1250, 0.1245, 0.1240, 0.1265, 0.1265],
        [0.1259, 0.1236, 0.1256, 0.1265, 0.1231, 0.1246, 0.1260, 0.1248],
        [0.1252, 0.1237, 0.1258, 0.1248, 0.1263, 0.1237, 0.1246, 0.1260]],
       device='cuda:0', grad_fn=<SoftmaxBackward0>)
tensor([[0.1265, 0.1247, 0.1269, 0.1243, 0.1239, 0.1235, 0.1268, 0.1233],
        [0.1248, 0.1238, 0.1254, 0.1251, 0.1227, 0.1252, 0.1264, 0.1266],
        [0.1251, 0.1230, 0.1260, 0.1229, 0.1256, 0.1281, 0.1246, 0.1247],
        [0.1233, 0.1218, 0.1245, 0.1260, 0.1262, 0.1276, 0.1260, 0.1246],
        [0.1231, 0.1216, 0.1239, 0.1267, 0.1266, 0.1253, 0.1261, 0.1267]],
       device='cuda:0', grad_fn=<SoftmaxBackward0>)
tensor([[0.1269, 0.1221, 0.1239, 0.1250, 0.1262, 0.1253, 0.1282, 0.1225],
        [0.1238, 0.1208, 0.1229, 0.1261, 0.1266, 0.1248, 0.1274, 0.1275]],
       device='cuda:0', grad_fn=<SoftmaxBackward0>)
tensor([[0.1270, 0.1234, 0.1255, 0.1250, 0.1251, 0.1259, 0.1237, 0.1244],
        [0.1229, 0.1211, 0.1228, 0.1274, 0.1269, 0.1241, 0.1280, 0.1268],
        [0.1245, 0.1236, 0.1258, 0.1258, 0.1245, 0.1258, 0.1245, 0.1257]],
       device='cuda:0', grad_fn=<SoftmaxBackward0>)
tensor([[0.1286, 0.1241, 0.1260, 0.1244, 0.1244, 0.1243, 0.1251, 0.1231],
        [0.1248, 0.1222, 0.1240, 0.1262, 0.1241, 0.1251, 0.1276, 0.1260],
        [0.1258, 0.1245, 0.1265, 0.1257, 0.1252, 0.1219, 0.1249, 0.1254],
        [0.1246, 0.1238, 0.1249, 0.1257, 0.1240, 0.1261, 0.1265, 0.1244]],
       device='cuda:0', grad_fn=<SoftmaxBackward0>)
tensor([[0.1276, 0.1223, 0.1245, 0.1222, 0.1257, 0.1256, 0.1272, 0.1250],
        [0.1241, 0.1214, 0.1232, 0.1251, 0.1265, 0.1269, 0.1278, 0.1249],
        [0.1248, 0.1235, 0.1246, 0.1247, 0.1259, 0.1257, 0.1251, 0.1257],
        [0.1240, 0.1228, 0.1241, 0.1243, 0.1249, 0.1254, 0.1295, 0.1249],
        [0.1236, 0.1222, 0.1233, 0.1254, 0.1262, 0.1256, 0.1278, 0.1259]],
       device='cuda:0', grad_fn=<SoftmaxBackward0>)
tensor([[0.1273, 0.1239, 0.1251, 0.1233, 0.1247, 0.1258, 0.1263, 0.1236],
        [0.1215, 0.1198, 0.1205, 0.1265, 0.1259, 0.1261, 0.1285, 0.1311]],
       device='cuda:0', grad_fn=<SoftmaxBackward0>)
tensor([[0.1275, 0.1236, 0.1250, 0.1234, 0.1272, 0.1234, 0.1245, 0.1255],
        [0.1212, 0.1200, 0.1202, 0.1274, 0.1276, 0.1269, 0.1271, 0.1297],
        [0.1223, 0.1210, 0.1214, 0.1266, 0.1265, 0.1276, 0.1263, 0.1283]],
       device='cuda:0', grad_fn=<SoftmaxBackward0>)
tensor([[0.1252, 0.1223, 0.1229, 0.1254, 0.1248, 0.1263, 0.1265, 0.1266],
        [0.1218, 0.1200, 0.1203, 0.1275, 0.1269, 0.1273, 0.1265, 0.1298],
        [0.1217, 0.1201, 0.1209, 0.1265, 0.1280, 0.1266, 0.1273, 0.1290],
        [0.1213, 0.1197, 0.1198, 0.1258, 0.1295, 0.1278, 0.1277, 0.1285]],
       device='cuda:0', grad_fn=<SoftmaxBackward0>)
tensor([[0.1253, 0.1228, 0.1233, 0.1243, 0.1258, 0.1259, 0.1253, 0.1274],
        [0.1218, 0.1205, 0.1207, 0.1258, 0.1276, 0.1274, 0.1277, 0.1285],
        [0.1215, 0.1206, 0.1207, 0.1254, 0.1280, 0.1269, 0.1278, 0.1290],
        [0.1211, 0.1202, 0.1204, 0.1264, 0.1259, 0.1279, 0.1286, 0.1294],
        [0.1213, 0.1208, 0.1208, 0.1275, 0.1280, 0.1266, 0.1263, 0.1288]],
       device='cuda:0', grad_fn=<SoftmaxBackward0>)

# Alpha - reduce
tensor([[0.1272, 0.1247, 0.1226, 0.1258, 0.1261, 0.1245, 0.1248, 0.1243],
        [0.1254, 0.1221, 0.1230, 0.1231, 0.1267, 0.1275, 0.1268, 0.1254]],
       device='cuda:0', grad_fn=<SoftmaxBackward0>)
tensor([[0.1273, 0.1251, 0.1255, 0.1230, 0.1233, 0.1265, 0.1244, 0.1249],
        [0.1250, 0.1227, 0.1246, 0.1263, 0.1249, 0.1242, 0.1265, 0.1257],
        [0.1254, 0.1223, 0.1244, 0.1244, 0.1263, 0.1239, 0.1283, 0.1251]],
       device='cuda:0', grad_fn=<SoftmaxBackward0>)
tensor([[0.1262, 0.1243, 0.1247, 0.1261, 0.1244, 0.1259, 0.1246, 0.1238],
        [0.1243, 0.1214, 0.1246, 0.1255, 0.1274, 0.1253, 0.1256, 0.1257],
        [0.1252, 0.1217, 0.1240, 0.1249, 0.1260, 0.1262, 0.1262, 0.1257],
        [0.1245, 0.1228, 0.1246, 0.1252, 0.1242, 0.1251, 0.1271, 0.1265]],
       device='cuda:0', grad_fn=<SoftmaxBackward0>)
tensor([[0.1272, 0.1251, 0.1249, 0.1253, 0.1253, 0.1255, 0.1228, 0.1238],
        [0.1252, 0.1228, 0.1267, 0.1238, 0.1261, 0.1241, 0.1256, 0.1258],
        [0.1263, 0.1234, 0.1255, 0.1268, 0.1247, 0.1258, 0.1233, 0.1242],
        [0.1247, 0.1220, 0.1242, 0.1274, 0.1263, 0.1257, 0.1256, 0.1240],
        [0.1266, 0.1242, 0.1263, 0.1243, 0.1223, 0.1259, 0.1250, 0.1255]],
       device='cuda:0', grad_fn=<SoftmaxBackward0>)
tensor([[0.1253, 0.1228, 0.1222, 0.1255, 0.1261, 0.1249, 0.1283, 0.1249],
        [0.1240, 0.1229, 0.1242, 0.1259, 0.1248, 0.1264, 0.1262, 0.1256]],
       device='cuda:0', grad_fn=<SoftmaxBackward0>)
tensor([[0.1255, 0.1237, 0.1248, 0.1243, 0.1260, 0.1249, 0.1247, 0.1261],
        [0.1245, 0.1236, 0.1247, 0.1257, 0.1267, 0.1250, 0.1254, 0.1245],
        [0.1242, 0.1223, 0.1238, 0.1245, 0.1290, 0.1264, 0.1250, 0.1249]],
       device='cuda:0', grad_fn=<SoftmaxBackward0>)
tensor([[0.1267, 0.1243, 0.1262, 0.1245, 0.1249, 0.1253, 0.1249, 0.1232],
        [0.1251, 0.1233, 0.1246, 0.1258, 0.1248, 0.1254, 0.1259, 0.1251],
        [0.1257, 0.1235, 0.1259, 0.1247, 0.1267, 0.1253, 0.1234, 0.1247],
        [0.1258, 0.1236, 0.1261, 0.1252, 0.1247, 0.1258, 0.1238, 0.1250]],
       device='cuda:0', grad_fn=<SoftmaxBackward0>)
tensor([[0.1256, 0.1234, 0.1243, 0.1256, 0.1248, 0.1263, 0.1256, 0.1245],
        [0.1250, 0.1237, 0.1241, 0.1260, 0.1251, 0.1249, 0.1265, 0.1247],
        [0.1238, 0.1221, 0.1243, 0.1252, 0.1254, 0.1263, 0.1277, 0.1251],
        [0.1243, 0.1220, 0.1241, 0.1262, 0.1259, 0.1266, 0.1257, 0.1253],
        [0.1238, 0.1221, 0.1243, 0.1251, 0.1284, 0.1244, 0.1255, 0.1264]],
       device='cuda:0', grad_fn=<SoftmaxBackward0>)
#####################
08/01 12:29:04午前 searchCell_trainer.py:217 [INFO] Train: Epoch: [1][50/390]	Step 441	lr 0.02498	Loss 3.4652 (3.4739)	Hard Loss 3.4652 (3.4739)	Soft Loss 3.4652 (3.4739)	Arch Loss 3.5072 (3.5349)	Arch Hard Loss 0.0000 (0.0000)	Arch Soft Loss 0.0000 (0.0000)	Prec@(1,5) (16.5%, 42.8%)	
08/01 12:29:40午前 searchCell_trainer.py:217 [INFO] Train: Epoch: [1][100/390]	Step 491	lr 0.02498	Loss 3.7865 (3.5121)	Hard Loss 3.7865 (3.5121)	Soft Loss 3.7865 (3.5121)	Arch Loss 3.8912 (3.5038)	Arch Hard Loss 0.0000 (0.0000)	Arch Soft Loss 0.0000 (0.0000)	Prec@(1,5) (16.1%, 41.6%)	
08/01 12:30:15午前 searchCell_trainer.py:217 [INFO] Train: Epoch: [1][150/390]	Step 541	lr 0.02498	Loss 3.5624 (3.4912)	Hard Loss 3.5624 (3.4912)	Soft Loss 3.5624 (3.4912)	Arch Loss 3.2267 (3.4862)	Arch Hard Loss 0.0000 (0.0000)	Arch Soft Loss 0.0000 (0.0000)	Prec@(1,5) (16.3%, 42.1%)	
08/01 12:30:51午前 searchCell_trainer.py:217 [INFO] Train: Epoch: [1][200/390]	Step 591	lr 0.02498	Loss 3.4523 (3.4571)	Hard Loss 3.4523 (3.4571)	Soft Loss 3.4523 (3.4571)	Arch Loss 3.3333 (3.4605)	Arch Hard Loss 0.0000 (0.0000)	Arch Soft Loss 0.0000 (0.0000)	Prec@(1,5) (16.6%, 43.1%)	
08/01 12:31:26午前 searchCell_trainer.py:217 [INFO] Train: Epoch: [1][250/390]	Step 641	lr 0.02498	Loss 3.5598 (3.4328)	Hard Loss 3.5598 (3.4328)	Soft Loss 3.5598 (3.4328)	Arch Loss 3.0729 (3.4323)	Arch Hard Loss 0.0000 (0.0000)	Arch Soft Loss 0.0000 (0.0000)	Prec@(1,5) (17.0%, 43.9%)	
08/01 12:32:02午前 searchCell_trainer.py:217 [INFO] Train: Epoch: [1][300/390]	Step 691	lr 0.02498	Loss 2.9667 (3.4096)	Hard Loss 2.9667 (3.4096)	Soft Loss 2.9667 (3.4096)	Arch Loss 3.0894 (3.4085)	Arch Hard Loss 0.0000 (0.0000)	Arch Soft Loss 0.0000 (0.0000)	Prec@(1,5) (17.4%, 44.6%)	
08/01 12:32:37午前 searchCell_trainer.py:217 [INFO] Train: Epoch: [1][350/390]	Step 741	lr 0.02498	Loss 3.3892 (3.3873)	Hard Loss 3.3892 (3.3873)	Soft Loss 3.3892 (3.3873)	Arch Loss 3.4364 (3.3915)	Arch Hard Loss 0.0000 (0.0000)	Arch Soft Loss 0.0000 (0.0000)	Prec@(1,5) (17.9%, 45.3%)	
08/01 12:33:05午前 searchCell_trainer.py:217 [INFO] Train: Epoch: [1][390/390]	Step 781	lr 0.02498	Loss 3.5628 (3.3681)	Hard Loss 3.5628 (3.3681)	Soft Loss 3.5628 (3.3681)	Arch Loss 3.2457 (3.3767)	Arch Hard Loss 0.0000 (0.0000)	Arch Soft Loss 0.0000 (0.0000)	Prec@(1,5) (18.4%, 45.8%)	
08/01 12:33:05午前 searchCell_trainer.py:232 [INFO] Train: [  1/49] Final Prec@1 18.4320%
08/01 12:33:12午前 searchCell_trainer.py:260 [INFO] Valid: Epoch: [1][50/391]	Step 782	Loss 3.2339	Prec@(1,5) (20.6%, 49.7%)
08/01 12:33:18午前 searchCell_trainer.py:260 [INFO] Valid: Epoch: [1][100/391]	Step 782	Loss 3.2449	Prec@(1,5) (20.5%, 49.8%)
08/01 12:33:24午前 searchCell_trainer.py:260 [INFO] Valid: Epoch: [1][150/391]	Step 782	Loss 3.2282	Prec@(1,5) (20.7%, 50.0%)
08/01 12:33:30午前 searchCell_trainer.py:260 [INFO] Valid: Epoch: [1][200/391]	Step 782	Loss 3.2259	Prec@(1,5) (20.7%, 50.0%)
08/01 12:33:36午前 searchCell_trainer.py:260 [INFO] Valid: Epoch: [1][250/391]	Step 782	Loss 3.2248	Prec@(1,5) (20.8%, 50.1%)
08/01 12:33:42午前 searchCell_trainer.py:260 [INFO] Valid: Epoch: [1][300/391]	Step 782	Loss 3.2206	Prec@(1,5) (21.0%, 50.2%)
08/01 12:33:49午前 searchCell_trainer.py:260 [INFO] Valid: Epoch: [1][350/391]	Step 782	Loss 3.2199	Prec@(1,5) (21.1%, 50.2%)
08/01 12:33:53午前 searchCell_trainer.py:260 [INFO] Valid: Epoch: [1][390/391]	Step 782	Loss 3.2140	Prec@(1,5) (21.3%, 50.3%)
08/01 12:33:54午前 searchCell_trainer.py:267 [INFO] Valid: [  1/49] Final Prec@1 21.2720%
08/01 12:33:54午前 searchCell_KD_main.py:58 [INFO] genotype = Genotype3(normal1=[[('skip_connect', 0), ('sep_conv_3x3', 1)], [('max_pool_3x3', 0), ('sep_conv_5x5', 2)], [('skip_connect', 0), ('sep_conv_5x5', 3)], [('skip_connect', 0), ('dil_conv_3x3', 2)]], normal1_concat=range(2, 6), reduce1=[[('dil_conv_3x3', 1), ('max_pool_3x3', 0)], [('dil_conv_5x5', 2), ('dil_conv_3x3', 0)], [('dil_conv_5x5', 3), ('sep_conv_5x5', 1)], [('sep_conv_3x3', 2), ('sep_conv_3x3', 3)]], reduce1_concat=range(2, 6), normal2=[[('dil_conv_5x5', 1), ('dil_conv_5x5', 0)], [('dil_conv_5x5', 1), ('max_pool_3x3', 0)], [('max_pool_3x3', 0), ('dil_conv_5x5', 1)], [('dil_conv_5x5', 3), ('dil_conv_5x5', 1)]], normal2_concat=range(2, 6), reduce2=[[('sep_conv_5x5', 0), ('sep_conv_5x5', 1)], [('sep_conv_5x5', 2), ('sep_conv_5x5', 1)], [('sep_conv_5x5', 2), ('max_pool_3x3', 0)], [('sep_conv_5x5', 4), ('dil_conv_5x5', 2)]], reduce2_concat=range(2, 6), normal3=[[('dil_conv_5x5', 1), ('max_pool_3x3', 0)], [('sep_conv_5x5', 1), ('max_pool_3x3', 0)], [('sep_conv_5x5', 3), ('dil_conv_3x3', 1)], [('dil_conv_5x5', 1), ('sep_conv_5x5', 2)]], normal3_concat=range(2, 6))
08/01 12:33:55午前 searchCell_KD_main.py:92 [INFO] Until now, best Prec@1 = 21.2720%
####### ALPHA #######
# Alpha - normal
tensor([[0.1283, 0.1240, 0.1284, 0.1273, 0.1215, 0.1261, 0.1240, 0.1204],
        [0.1253, 0.1221, 0.1257, 0.1276, 0.1232, 0.1229, 0.1240, 0.1293]],
       device='cuda:0', grad_fn=<SoftmaxBackward0>)
tensor([[0.1298, 0.1246, 0.1288, 0.1239, 0.1254, 0.1215, 0.1243, 0.1219],
        [0.1246, 0.1209, 0.1245, 0.1250, 0.1274, 0.1245, 0.1254, 0.1277],
        [0.1234, 0.1190, 0.1243, 0.1248, 0.1283, 0.1267, 0.1262, 0.1273]],
       device='cuda:0', grad_fn=<SoftmaxBackward0>)
tensor([[0.1311, 0.1269, 0.1314, 0.1233, 0.1221, 0.1208, 0.1250, 0.1195],
        [0.1244, 0.1215, 0.1247, 0.1254, 0.1236, 0.1253, 0.1276, 0.1274],
        [0.1252, 0.1222, 0.1274, 0.1258, 0.1212, 0.1263, 0.1261, 0.1260],
        [0.1230, 0.1215, 0.1266, 0.1272, 0.1287, 0.1231, 0.1241, 0.1257]],
       device='cuda:0', grad_fn=<SoftmaxBackward0>)
tensor([[0.1302, 0.1265, 0.1309, 0.1220, 0.1226, 0.1218, 0.1260, 0.1199],
        [0.1235, 0.1211, 0.1246, 0.1267, 0.1233, 0.1254, 0.1274, 0.1279],
        [0.1237, 0.1206, 0.1271, 0.1230, 0.1247, 0.1300, 0.1250, 0.1258],
        [0.1205, 0.1183, 0.1241, 0.1283, 0.1280, 0.1300, 0.1254, 0.1256],
        [0.1211, 0.1199, 0.1247, 0.1260, 0.1271, 0.1240, 0.1271, 0.1301]],
       device='cuda:0', grad_fn=<SoftmaxBackward0>)
tensor([[0.1282, 0.1199, 0.1239, 0.1255, 0.1281, 0.1232, 0.1301, 0.1210],
        [0.1205, 0.1156, 0.1191, 0.1287, 0.1283, 0.1265, 0.1322, 0.1291]],
       device='cuda:0', grad_fn=<SoftmaxBackward0>)
tensor([[0.1300, 0.1222, 0.1265, 0.1246, 0.1257, 0.1258, 0.1231, 0.1220],
        [0.1196, 0.1159, 0.1195, 0.1302, 0.1305, 0.1222, 0.1314, 0.1307],
        [0.1231, 0.1207, 0.1253, 0.1267, 0.1249, 0.1278, 0.1261, 0.1254]],
       device='cuda:0', grad_fn=<SoftmaxBackward0>)
tensor([[0.1319, 0.1232, 0.1269, 0.1240, 0.1241, 0.1237, 0.1253, 0.1209],
        [0.1224, 0.1180, 0.1214, 0.1274, 0.1271, 0.1242, 0.1303, 0.1292],
        [0.1247, 0.1223, 0.1261, 0.1271, 0.1254, 0.1215, 0.1282, 0.1249],
        [0.1229, 0.1218, 0.1245, 0.1289, 0.1262, 0.1245, 0.1274, 0.1238]],
       device='cuda:0', grad_fn=<SoftmaxBackward0>)
tensor([[0.1301, 0.1206, 0.1246, 0.1208, 0.1260, 0.1242, 0.1298, 0.1239],
        [0.1206, 0.1155, 0.1190, 0.1261, 0.1294, 0.1299, 0.1331, 0.1264],
        [0.1238, 0.1213, 0.1250, 0.1253, 0.1268, 0.1251, 0.1255, 0.1272],
        [0.1217, 0.1198, 0.1231, 0.1254, 0.1248, 0.1263, 0.1340, 0.1249],
        [0.1213, 0.1189, 0.1221, 0.1273, 0.1261, 0.1243, 0.1330, 0.1270]],
       device='cuda:0', grad_fn=<SoftmaxBackward0>)
tensor([[0.1307, 0.1233, 0.1253, 0.1221, 0.1265, 0.1248, 0.1266, 0.1206],
        [0.1198, 0.1158, 0.1170, 0.1268, 0.1271, 0.1266, 0.1317, 0.1352]],
       device='cuda:0', grad_fn=<SoftmaxBackward0>)
tensor([[0.1315, 0.1235, 0.1257, 0.1215, 0.1281, 0.1210, 0.1237, 0.1249],
        [0.1200, 0.1167, 0.1174, 0.1271, 0.1313, 0.1280, 0.1254, 0.1340],
        [0.1237, 0.1195, 0.1196, 0.1283, 0.1258, 0.1283, 0.1267, 0.1281]],
       device='cuda:0', grad_fn=<SoftmaxBackward0>)
tensor([[0.1287, 0.1220, 0.1231, 0.1219, 0.1243, 0.1271, 0.1275, 0.1252],
        [0.1206, 0.1167, 0.1173, 0.1285, 0.1284, 0.1290, 0.1267, 0.1328],
        [0.1227, 0.1184, 0.1186, 0.1264, 0.1288, 0.1278, 0.1280, 0.1293],
        [0.1211, 0.1173, 0.1170, 0.1257, 0.1329, 0.1287, 0.1280, 0.1292]],
       device='cuda:0', grad_fn=<SoftmaxBackward0>)
tensor([[0.1289, 0.1227, 0.1237, 0.1244, 0.1247, 0.1248, 0.1240, 0.1268],
        [0.1212, 0.1176, 0.1182, 0.1245, 0.1291, 0.1271, 0.1309, 0.1315],
        [0.1226, 0.1195, 0.1197, 0.1227, 0.1306, 0.1277, 0.1276, 0.1295],
        [0.1212, 0.1183, 0.1182, 0.1279, 0.1248, 0.1294, 0.1299, 0.1304],
        [0.1218, 0.1194, 0.1194, 0.1281, 0.1288, 0.1273, 0.1263, 0.1289]],
       device='cuda:0', grad_fn=<SoftmaxBackward0>)

# Alpha - reduce
tensor([[0.1276, 0.1232, 0.1222, 0.1267, 0.1258, 0.1234, 0.1247, 0.1265],
        [0.1264, 0.1198, 0.1227, 0.1235, 0.1273, 0.1297, 0.1283, 0.1223]],
       device='cuda:0', grad_fn=<SoftmaxBackward0>)
tensor([[0.1281, 0.1245, 0.1251, 0.1229, 0.1214, 0.1288, 0.1238, 0.1254],
        [0.1246, 0.1197, 0.1241, 0.1273, 0.1263, 0.1245, 0.1276, 0.1260],
        [0.1255, 0.1207, 0.1244, 0.1248, 0.1279, 0.1208, 0.1310, 0.1249]],
       device='cuda:0', grad_fn=<SoftmaxBackward0>)
tensor([[0.1266, 0.1237, 0.1249, 0.1278, 0.1239, 0.1258, 0.1235, 0.1237],
        [0.1233, 0.1182, 0.1247, 0.1261, 0.1297, 0.1262, 0.1264, 0.1255],
        [0.1240, 0.1189, 0.1230, 0.1271, 0.1260, 0.1262, 0.1294, 0.1254],
        [0.1214, 0.1188, 0.1229, 0.1269, 0.1247, 0.1276, 0.1313, 0.1264]],
       device='cuda:0', grad_fn=<SoftmaxBackward0>)
tensor([[0.1274, 0.1240, 0.1252, 0.1263, 0.1257, 0.1266, 0.1223, 0.1226],
        [0.1253, 0.1205, 0.1269, 0.1236, 0.1254, 0.1237, 0.1276, 0.1270],
        [0.1259, 0.1213, 0.1263, 0.1281, 0.1251, 0.1248, 0.1233, 0.1252],
        [0.1224, 0.1193, 0.1243, 0.1285, 0.1280, 0.1253, 0.1267, 0.1255],
        [0.1242, 0.1216, 0.1265, 0.1254, 0.1227, 0.1277, 0.1247, 0.1272]],
       device='cuda:0', grad_fn=<SoftmaxBackward0>)
tensor([[0.1266, 0.1214, 0.1188, 0.1258, 0.1320, 0.1233, 0.1296, 0.1225],
        [0.1220, 0.1190, 0.1214, 0.1243, 0.1294, 0.1273, 0.1280, 0.1285]],
       device='cuda:0', grad_fn=<SoftmaxBackward0>)
tensor([[0.1266, 0.1218, 0.1237, 0.1243, 0.1281, 0.1251, 0.1262, 0.1242],
        [0.1219, 0.1192, 0.1253, 0.1272, 0.1308, 0.1240, 0.1264, 0.1252],
        [0.1225, 0.1169, 0.1212, 0.1270, 0.1321, 0.1275, 0.1262, 0.1267]],
       device='cuda:0', grad_fn=<SoftmaxBackward0>)
tensor([[0.1290, 0.1238, 0.1249, 0.1259, 0.1273, 0.1251, 0.1224, 0.1216],
        [0.1231, 0.1192, 0.1251, 0.1267, 0.1274, 0.1246, 0.1272, 0.1267],
        [0.1253, 0.1187, 0.1239, 0.1244, 0.1291, 0.1270, 0.1272, 0.1244],
        [0.1277, 0.1202, 0.1250, 0.1239, 0.1265, 0.1280, 0.1242, 0.1246]],
       device='cuda:0', grad_fn=<SoftmaxBackward0>)
tensor([[0.1265, 0.1214, 0.1244, 0.1277, 0.1254, 0.1248, 0.1261, 0.1236],
        [0.1230, 0.1196, 0.1244, 0.1255, 0.1276, 0.1251, 0.1276, 0.1272],
        [0.1233, 0.1174, 0.1219, 0.1259, 0.1273, 0.1283, 0.1299, 0.1259],
        [0.1254, 0.1176, 0.1218, 0.1265, 0.1284, 0.1265, 0.1286, 0.1253],
        [0.1237, 0.1170, 0.1219, 0.1273, 0.1304, 0.1266, 0.1268, 0.1264]],
       device='cuda:0', grad_fn=<SoftmaxBackward0>)
#####################
08/01 12:34:33午前 searchCell_trainer.py:217 [INFO] Train: Epoch: [2][50/390]	Step 832	lr 0.02491	Loss 2.8514 (3.1015)	Hard Loss 2.8514 (3.1015)	Soft Loss 2.8514 (3.1015)	Arch Loss 3.2420 (3.1953)	Arch Hard Loss 0.0000 (0.0000)	Arch Soft Loss 0.0000 (0.0000)	Prec@(1,5) (22.9%, 52.8%)	
08/01 12:35:09午前 searchCell_trainer.py:217 [INFO] Train: Epoch: [2][100/390]	Step 882	lr 0.02491	Loss 3.2365 (3.1260)	Hard Loss 3.2365 (3.1260)	Soft Loss 3.2365 (3.1260)	Arch Loss 3.1221 (3.1735)	Arch Hard Loss 0.0000 (0.0000)	Arch Soft Loss 0.0000 (0.0000)	Prec@(1,5) (22.5%, 52.4%)	
08/01 12:35:45午前 searchCell_trainer.py:217 [INFO] Train: Epoch: [2][150/390]	Step 932	lr 0.02491	Loss 3.0749 (3.0933)	Hard Loss 3.0749 (3.0933)	Soft Loss 3.0749 (3.0933)	Arch Loss 3.4918 (3.1665)	Arch Hard Loss 0.0000 (0.0000)	Arch Soft Loss 0.0000 (0.0000)	Prec@(1,5) (22.7%, 53.3%)	
08/01 12:36:21午前 searchCell_trainer.py:217 [INFO] Train: Epoch: [2][200/390]	Step 982	lr 0.02491	Loss 3.0692 (3.0895)	Hard Loss 3.0692 (3.0895)	Soft Loss 3.0692 (3.0895)	Arch Loss 3.2872 (3.1539)	Arch Hard Loss 0.0000 (0.0000)	Arch Soft Loss 0.0000 (0.0000)	Prec@(1,5) (22.9%, 53.6%)	
08/01 12:36:58午前 searchCell_trainer.py:217 [INFO] Train: Epoch: [2][250/390]	Step 1032	lr 0.02491	Loss 3.1189 (3.0776)	Hard Loss 3.1189 (3.0776)	Soft Loss 3.1189 (3.0776)	Arch Loss 3.0043 (3.1340)	Arch Hard Loss 0.0000 (0.0000)	Arch Soft Loss 0.0000 (0.0000)	Prec@(1,5) (23.0%, 53.8%)	
08/01 12:37:34午前 searchCell_trainer.py:217 [INFO] Train: Epoch: [2][300/390]	Step 1082	lr 0.02491	Loss 2.8985 (3.0616)	Hard Loss 2.8985 (3.0616)	Soft Loss 2.8985 (3.0616)	Arch Loss 3.0765 (3.1129)	Arch Hard Loss 0.0000 (0.0000)	Arch Soft Loss 0.0000 (0.0000)	Prec@(1,5) (23.3%, 54.2%)	
08/01 12:38:10午前 searchCell_trainer.py:217 [INFO] Train: Epoch: [2][350/390]	Step 1132	lr 0.02491	Loss 3.1996 (3.0538)	Hard Loss 3.1996 (3.0538)	Soft Loss 3.1996 (3.0538)	Arch Loss 2.8843 (3.0955)	Arch Hard Loss 0.0000 (0.0000)	Arch Soft Loss 0.0000 (0.0000)	Prec@(1,5) (23.6%, 54.5%)	
08/01 12:38:39午前 searchCell_trainer.py:217 [INFO] Train: Epoch: [2][390/390]	Step 1172	lr 0.02491	Loss 3.0994 (3.0486)	Hard Loss 3.0994 (3.0486)	Soft Loss 3.0994 (3.0486)	Arch Loss 3.0059 (3.0757)	Arch Hard Loss 0.0000 (0.0000)	Arch Soft Loss 0.0000 (0.0000)	Prec@(1,5) (23.9%, 54.6%)	
08/01 12:38:40午前 searchCell_trainer.py:232 [INFO] Train: [  2/49] Final Prec@1 23.8600%
08/01 12:38:46午前 searchCell_trainer.py:260 [INFO] Valid: Epoch: [2][50/391]	Step 1173	Loss 2.9349	Prec@(1,5) (26.9%, 56.7%)
08/01 12:38:53午前 searchCell_trainer.py:260 [INFO] Valid: Epoch: [2][100/391]	Step 1173	Loss 2.9271	Prec@(1,5) (26.8%, 56.8%)
08/01 12:38:59午前 searchCell_trainer.py:260 [INFO] Valid: Epoch: [2][150/391]	Step 1173	Loss 2.9389	Prec@(1,5) (26.4%, 56.8%)
08/01 12:39:06午前 searchCell_trainer.py:260 [INFO] Valid: Epoch: [2][200/391]	Step 1173	Loss 2.9452	Prec@(1,5) (26.6%, 56.8%)
08/01 12:39:12午前 searchCell_trainer.py:260 [INFO] Valid: Epoch: [2][250/391]	Step 1173	Loss 2.9430	Prec@(1,5) (26.7%, 56.9%)
08/01 12:39:19午前 searchCell_trainer.py:260 [INFO] Valid: Epoch: [2][300/391]	Step 1173	Loss 2.9472	Prec@(1,5) (26.6%, 56.7%)
08/01 12:39:25午前 searchCell_trainer.py:260 [INFO] Valid: Epoch: [2][350/391]	Step 1173	Loss 2.9513	Prec@(1,5) (26.5%, 56.6%)
08/01 12:39:30午前 searchCell_trainer.py:260 [INFO] Valid: Epoch: [2][390/391]	Step 1173	Loss 2.9478	Prec@(1,5) (26.6%, 56.7%)
08/01 12:39:30午前 searchCell_trainer.py:267 [INFO] Valid: [  2/49] Final Prec@1 26.6160%
08/01 12:39:30午前 searchCell_KD_main.py:58 [INFO] genotype = Genotype3(normal1=[[('max_pool_3x3', 0), ('sep_conv_3x3', 1)], [('max_pool_3x3', 0), ('dil_conv_3x3', 2)], [('max_pool_3x3', 0), ('sep_conv_5x5', 3)], [('max_pool_3x3', 0), ('dil_conv_3x3', 2)]], normal1_concat=range(2, 6), reduce1=[[('dil_conv_3x3', 1), ('max_pool_3x3', 0)], [('dil_conv_5x5', 2), ('max_pool_3x3', 0)], [('dil_conv_5x5', 3), ('dil_conv_5x5', 2)], [('max_pool_3x3', 0), ('sep_conv_5x5', 3)]], reduce1_concat=range(2, 6), normal2=[[('dil_conv_5x5', 1), ('dil_conv_5x5', 0)], [('sep_conv_3x3', 1), ('max_pool_3x3', 0)], [('max_pool_3x3', 0), ('dil_conv_5x5', 1)], [('dil_conv_5x5', 4), ('dil_conv_5x5', 3)]], normal2_concat=range(2, 6), reduce2=[[('sep_conv_5x5', 0), ('dil_conv_5x5', 1)], [('sep_conv_5x5', 2), ('sep_conv_5x5', 1)], [('sep_conv_5x5', 2), ('max_pool_3x3', 0)], [('sep_conv_5x5', 4), ('dil_conv_5x5', 2)]], reduce2_concat=range(2, 6), normal3=[[('dil_conv_5x5', 1), ('max_pool_3x3', 0)], [('sep_conv_5x5', 1), ('max_pool_3x3', 0)], [('sep_conv_5x5', 3), ('sep_conv_5x5', 2)], [('dil_conv_5x5', 1), ('sep_conv_5x5', 2)]], normal3_concat=range(2, 6))
08/01 12:39:31午前 searchCell_KD_main.py:92 [INFO] Until now, best Prec@1 = 26.6160%
####### ALPHA #######
# Alpha - normal
tensor([[0.1303, 0.1231, 0.1302, 0.1292, 0.1203, 0.1266, 0.1209, 0.1194],
        [0.1247, 0.1203, 0.1265, 0.1283, 0.1229, 0.1240, 0.1225, 0.1310]],
       device='cuda:0', grad_fn=<SoftmaxBackward0>)
tensor([[0.1329, 0.1241, 0.1309, 0.1242, 0.1241, 0.1200, 0.1236, 0.1202],
        [0.1243, 0.1193, 0.1255, 0.1250, 0.1278, 0.1252, 0.1241, 0.1287],
        [0.1216, 0.1141, 0.1242, 0.1284, 0.1285, 0.1290, 0.1263, 0.1279]],
       device='cuda:0', grad_fn=<SoftmaxBackward0>)
tensor([[0.1339, 0.1265, 0.1335, 0.1219, 0.1223, 0.1203, 0.1245, 0.1170],
        [0.1236, 0.1194, 0.1246, 0.1258, 0.1226, 0.1267, 0.1288, 0.1285],
        [0.1233, 0.1181, 0.1275, 0.1270, 0.1213, 0.1280, 0.1276, 0.1272],
        [0.1217, 0.1186, 0.1272, 0.1289, 0.1316, 0.1227, 0.1230, 0.1262]],
       device='cuda:0', grad_fn=<SoftmaxBackward0>)
tensor([[0.1338, 0.1262, 0.1330, 0.1210, 0.1229, 0.1214, 0.1243, 0.1175],
        [0.1226, 0.1185, 0.1238, 0.1278, 0.1217, 0.1269, 0.1277, 0.1309],
        [0.1229, 0.1157, 0.1265, 0.1258, 0.1251, 0.1310, 0.1267, 0.1264],
        [0.1191, 0.1142, 0.1230, 0.1302, 0.1298, 0.1318, 0.1264, 0.1255],
        [0.1195, 0.1163, 0.1243, 0.1268, 0.1293, 0.1243, 0.1281, 0.1314]],
       device='cuda:0', grad_fn=<SoftmaxBackward0>)
tensor([[0.1308, 0.1194, 0.1252, 0.1247, 0.1283, 0.1222, 0.1314, 0.1179],
        [0.1169, 0.1111, 0.1158, 0.1318, 0.1306, 0.1280, 0.1336, 0.1321]],
       device='cuda:0', grad_fn=<SoftmaxBackward0>)
tensor([[0.1340, 0.1219, 0.1283, 0.1247, 0.1250, 0.1248, 0.1233, 0.1180],
        [0.1155, 0.1107, 0.1155, 0.1354, 0.1315, 0.1224, 0.1349, 0.1342],
        [0.1238, 0.1188, 0.1256, 0.1266, 0.1251, 0.1290, 0.1260, 0.1250]],
       device='cuda:0', grad_fn=<SoftmaxBackward0>)
tensor([[0.1359, 0.1236, 0.1292, 0.1227, 0.1245, 0.1219, 0.1239, 0.1182],
        [0.1189, 0.1138, 0.1185, 0.1295, 0.1296, 0.1248, 0.1322, 0.1326],
        [0.1248, 0.1208, 0.1264, 0.1276, 0.1275, 0.1201, 0.1283, 0.1245],
        [0.1222, 0.1206, 0.1251, 0.1290, 0.1267, 0.1235, 0.1283, 0.1246]],
       device='cuda:0', grad_fn=<SoftmaxBackward0>)
tensor([[0.1337, 0.1204, 0.1262, 0.1200, 0.1250, 0.1236, 0.1295, 0.1216],
        [0.1169, 0.1108, 0.1155, 0.1260, 0.1328, 0.1309, 0.1367, 0.1304],
        [0.1228, 0.1185, 0.1245, 0.1247, 0.1270, 0.1260, 0.1279, 0.1285],
        [0.1207, 0.1180, 0.1231, 0.1247, 0.1245, 0.1268, 0.1373, 0.1249],
        [0.1198, 0.1160, 0.1213, 0.1264, 0.1259, 0.1242, 0.1375, 0.1290]],
       device='cuda:0', grad_fn=<SoftmaxBackward0>)
tensor([[0.1329, 0.1218, 0.1248, 0.1212, 0.1285, 0.1247, 0.1282, 0.1180],
        [0.1178, 0.1121, 0.1140, 0.1270, 0.1275, 0.1273, 0.1338, 0.1404]],
       device='cuda:0', grad_fn=<SoftmaxBackward0>)
tensor([[0.1339, 0.1227, 0.1259, 0.1207, 0.1294, 0.1197, 0.1230, 0.1246],
        [0.1178, 0.1130, 0.1142, 0.1280, 0.1351, 0.1292, 0.1245, 0.1381],
        [0.1234, 0.1168, 0.1184, 0.1291, 0.1264, 0.1277, 0.1279, 0.1303]],
       device='cuda:0', grad_fn=<SoftmaxBackward0>)
tensor([[0.1310, 0.1209, 0.1226, 0.1204, 0.1242, 0.1277, 0.1285, 0.1247],
        [0.1188, 0.1133, 0.1145, 0.1288, 0.1297, 0.1300, 0.1279, 0.1370],
        [0.1217, 0.1151, 0.1153, 0.1259, 0.1327, 0.1289, 0.1294, 0.1309],
        [0.1195, 0.1141, 0.1136, 0.1267, 0.1363, 0.1299, 0.1289, 0.1311]],
       device='cuda:0', grad_fn=<SoftmaxBackward0>)
tensor([[0.1305, 0.1213, 0.1228, 0.1256, 0.1249, 0.1243, 0.1233, 0.1272],
        [0.1193, 0.1143, 0.1155, 0.1231, 0.1311, 0.1273, 0.1339, 0.1354],
        [0.1218, 0.1169, 0.1172, 0.1216, 0.1340, 0.1293, 0.1279, 0.1313],
        [0.1192, 0.1150, 0.1147, 0.1288, 0.1263, 0.1324, 0.1306, 0.1330],
        [0.1205, 0.1166, 0.1165, 0.1300, 0.1303, 0.1287, 0.1267, 0.1307]],
       device='cuda:0', grad_fn=<SoftmaxBackward0>)

# Alpha - reduce
tensor([[0.1300, 0.1242, 0.1221, 0.1265, 0.1262, 0.1222, 0.1225, 0.1263],
        [0.1267, 0.1178, 0.1211, 0.1242, 0.1275, 0.1328, 0.1278, 0.1221]],
       device='cuda:0', grad_fn=<SoftmaxBackward0>)
tensor([[0.1304, 0.1257, 0.1255, 0.1228, 0.1209, 0.1289, 0.1210, 0.1249],
        [0.1258, 0.1185, 0.1235, 0.1266, 0.1273, 0.1231, 0.1282, 0.1271],
        [0.1249, 0.1191, 0.1258, 0.1260, 0.1265, 0.1199, 0.1323, 0.1255]],
       device='cuda:0', grad_fn=<SoftmaxBackward0>)
tensor([[0.1294, 0.1255, 0.1231, 0.1282, 0.1243, 0.1249, 0.1227, 0.1219],
        [0.1242, 0.1163, 0.1252, 0.1263, 0.1294, 0.1271, 0.1271, 0.1245],
        [0.1231, 0.1160, 0.1222, 0.1283, 0.1267, 0.1262, 0.1319, 0.1257],
        [0.1194, 0.1161, 0.1224, 0.1285, 0.1244, 0.1296, 0.1320, 0.1277]],
       device='cuda:0', grad_fn=<SoftmaxBackward0>)
tensor([[0.1313, 0.1266, 0.1253, 0.1244, 0.1245, 0.1261, 0.1210, 0.1208],
