11/13 12:14:31AM parser.py:28 [INFO] 
11/13 12:14:31AM parser.py:29 [INFO] Parameters:
11/13 12:14:31AM parser.py:31 [INFO] DAG_PATH=results/search_stage_KD/cifar100/noDepthLoss/s2-L32/DAG
11/13 12:14:31AM parser.py:31 [INFO] T=10.0
11/13 12:14:31AM parser.py:31 [INFO] ADVANCED=1
11/13 12:14:31AM parser.py:31 [INFO] ALPHA_LR=0.0003
11/13 12:14:31AM parser.py:31 [INFO] ALPHA_WEIGHT_DECAY=0.001
11/13 12:14:31AM parser.py:31 [INFO] ARCH_CRITERION=none
11/13 12:14:31AM parser.py:31 [INFO] BATCH_SIZE=64
11/13 12:14:31AM parser.py:31 [INFO] CASCADE=0
11/13 12:14:31AM parser.py:31 [INFO] CHECKPOINT_RESET=False
11/13 12:14:31AM parser.py:31 [INFO] CUTOUT_LENGTH=0
11/13 12:14:31AM parser.py:31 [INFO] DATA_PATH=../data/
11/13 12:14:31AM parser.py:31 [INFO] DATASET=cifar100
11/13 12:14:31AM parser.py:31 [INFO] DEPTH_COEF=0.0
11/13 12:14:31AM parser.py:31 [INFO] DESCRIPTION=search_stage_32-layer-network
11/13 12:14:31AM parser.py:31 [INFO] DISCRETE=0
11/13 12:14:31AM parser.py:31 [INFO] EPOCHS=50
11/13 12:14:31AM parser.py:31 [INFO] EVAL_EPOCHS=100
11/13 12:14:31AM parser.py:31 [INFO] EXP_NAME=s2-L32
11/13 12:14:31AM parser.py:31 [INFO] FINAL_L=0.0
11/13 12:14:31AM parser.py:31 [INFO] G=0.0
11/13 12:14:31AM parser.py:31 [INFO] GENOTYPE=Genotype3(normal1=[[('sep_conv_5x5', 0), ('sep_conv_3x3', 1)], [('sep_conv_3x3', 1), ('sep_conv_3x3', 0)], [('sep_conv_3x3', 1), ('sep_conv_3x3', 2)], [('sep_conv_3x3', 0), ('sep_conv_5x5', 4)]], normal1_concat=range(2, 6), reduce1=[[('sep_conv_3x3', 0), ('skip_connect', 1)], [('sep_conv_3x3', 1), ('max_pool_3x3', 0)], [('sep_conv_3x3', 2), ('sep_conv_3x3', 1)], [('max_pool_3x3', 0), ('dil_conv_3x3', 1)]], reduce1_concat=range(2, 6), normal2=[[('skip_connect', 0), ('sep_conv_5x5', 1)], [('skip_connect', 0), ('skip_connect', 2)], [('avg_pool_3x3', 0), ('avg_pool_3x3', 2)], [('skip_connect', 0), ('avg_pool_3x3', 2)]], normal2_concat=range(2, 6), reduce2=[[('avg_pool_3x3', 0), ('avg_pool_3x3', 1)], [('avg_pool_3x3', 0), ('skip_connect', 2)], [('skip_connect', 2), ('avg_pool_3x3', 0)], [('skip_connect', 2), ('avg_pool_3x3', 0)]], reduce2_concat=range(2, 6), normal3=[[('skip_connect', 0), ('skip_connect', 1)], [('skip_connect', 0), ('dil_conv_3x3', 1)], [('skip_connect', 0), ('skip_connect', 1)], [('skip_connect', 0), ('skip_connect', 2)]], normal3_concat=range(2, 6))
11/13 12:14:31AM parser.py:31 [INFO] GPUS=[0]
11/13 12:14:31AM parser.py:31 [INFO] HINT_EPOCHS=[16, 32]
11/13 12:14:31AM parser.py:31 [INFO] INIT_CHANNELS=16
11/13 12:14:31AM parser.py:31 [INFO] L=0.0
11/13 12:14:31AM parser.py:31 [INFO] LAYERS=32
11/13 12:14:31AM parser.py:31 [INFO] LOGGER=<Logger H-DAS (INFO)>
11/13 12:14:31AM parser.py:31 [INFO] NAME=noDepthLoss
11/13 12:14:31AM parser.py:31 [INFO] NONKD=1
11/13 12:14:31AM parser.py:31 [INFO] PATH=results/search_stage_KD/cifar100/noDepthLoss/s2-L32
11/13 12:14:31AM parser.py:31 [INFO] PCDARTS=0
11/13 12:14:31AM parser.py:31 [INFO] PLOT_PATH=results/search_stage_KD/cifar100/noDepthLoss/s2-L32/plots
11/13 12:14:31AM parser.py:31 [INFO] PRINT_FREQ=100
11/13 12:14:31AM parser.py:31 [INFO] RESET=0
11/13 12:14:31AM parser.py:31 [INFO] RESUME_PATH=None
11/13 12:14:31AM parser.py:31 [INFO] SAVE=s2-L32
11/13 12:14:31AM parser.py:31 [INFO] SEED=2
11/13 12:14:31AM parser.py:31 [INFO] SHARE_STAGE=0
11/13 12:14:31AM parser.py:31 [INFO] SLIDE_WINDOW=3
11/13 12:14:31AM parser.py:31 [INFO] SPEC_CELL=1
11/13 12:14:31AM parser.py:31 [INFO] STAGE_MACS=[8.18, 2.49, 1.88]
11/13 12:14:31AM parser.py:31 [INFO] TEACHER_NAME=none
11/13 12:14:31AM parser.py:31 [INFO] TEACHER_PATH=none
11/13 12:14:31AM parser.py:31 [INFO] TRAIN_PORTION=0.5
11/13 12:14:31AM parser.py:31 [INFO] TYPE=KD
11/13 12:14:31AM parser.py:31 [INFO] W_GRAD_CLIP=5.0
11/13 12:14:31AM parser.py:31 [INFO] W_LR=0.025
11/13 12:14:31AM parser.py:31 [INFO] W_LR_MIN=0.001
11/13 12:14:31AM parser.py:31 [INFO] W_MOMENTUM=0.9
11/13 12:14:31AM parser.py:31 [INFO] W_WEIGHT_DECAY=0.0003
11/13 12:14:31AM parser.py:31 [INFO] WORKERS=4
11/13 12:14:31AM parser.py:32 [INFO] 
11/13 12:14:57AM searchStage_trainer.py:134 [INFO] --> No loaded checkpoint!
####### ALPHA #######
# Alpha - DAG
tensor([[0.2502, 0.2500, 0.2500, 0.2498],
        [0.2502, 0.2497, 0.2500, 0.2500]], device='cuda:0',
       grad_fn=<SoftmaxBackward0>)
tensor([[0.2499, 0.2497, 0.2503, 0.2501],
        [0.2499, 0.2499, 0.2502, 0.2500],
        [0.2502, 0.2499, 0.2500, 0.2499]], device='cuda:0',
       grad_fn=<SoftmaxBackward0>)
tensor([[0.2502, 0.2498, 0.2503, 0.2498],
        [0.2499, 0.2501, 0.2501, 0.2500],
        [0.2500, 0.2501, 0.2500, 0.2499]], device='cuda:0',
       grad_fn=<SoftmaxBackward0>)
tensor([[0.2499, 0.2501, 0.2501, 0.2499],
        [0.2497, 0.2504, 0.2499, 0.2501],
        [0.2501, 0.2501, 0.2501, 0.2497]], device='cuda:0',
       grad_fn=<SoftmaxBackward0>)
tensor([[0.2498, 0.2501, 0.2499, 0.2502],
        [0.2502, 0.2499, 0.2499, 0.2500],
        [0.2498, 0.2501, 0.2502, 0.2499]], device='cuda:0',
       grad_fn=<SoftmaxBackward0>)
tensor([[0.2500, 0.2502, 0.2496, 0.2502],
        [0.2504, 0.2499, 0.2499, 0.2498],
        [0.2501, 0.2501, 0.2497, 0.2502]], device='cuda:0',
       grad_fn=<SoftmaxBackward0>)
tensor([[0.2495, 0.2500, 0.2501, 0.2503],
        [0.2501, 0.2498, 0.2503, 0.2498],
        [0.2497, 0.2497, 0.2503, 0.2502]], device='cuda:0',
       grad_fn=<SoftmaxBackward0>)
tensor([[0.2497, 0.2501, 0.2500, 0.2502],
        [0.2504, 0.2500, 0.2498, 0.2499],
        [0.2496, 0.2502, 0.2500, 0.2502]], device='cuda:0',
       grad_fn=<SoftmaxBackward0>)
tensor([[0.2500, 0.2503, 0.2497, 0.2499],
        [0.2497, 0.2498, 0.2502, 0.2503],
        [0.2499, 0.2503, 0.2498, 0.2500]], device='cuda:0',
       grad_fn=<SoftmaxBackward0>)
tensor([[0.2497, 0.2501, 0.2501, 0.2501],
        [0.2498, 0.2499, 0.2500, 0.2503],
        [0.2499, 0.2499, 0.2502, 0.2501]], device='cuda:0',
       grad_fn=<SoftmaxBackward0>)
tensor([[0.2503, 0.2500, 0.2499, 0.2498],
        [0.2502, 0.2501, 0.2497, 0.2500]], device='cuda:0',
       grad_fn=<SoftmaxBackward0>)
tensor([[0.2497, 0.2499, 0.2505, 0.2499],
        [0.2497, 0.2500, 0.2501, 0.2501],
        [0.2501, 0.2503, 0.2496, 0.2499]], device='cuda:0',
       grad_fn=<SoftmaxBackward0>)
tensor([[0.2500, 0.2497, 0.2502, 0.2501],
        [0.2497, 0.2500, 0.2502, 0.2501],
        [0.2498, 0.2498, 0.2502, 0.2502]], device='cuda:0',
       grad_fn=<SoftmaxBackward0>)
tensor([[0.2500, 0.2500, 0.2498, 0.2502],
        [0.2496, 0.2503, 0.2503, 0.2499],
        [0.2501, 0.2500, 0.2502, 0.2498]], device='cuda:0',
       grad_fn=<SoftmaxBackward0>)
tensor([[0.2497, 0.2498, 0.2504, 0.2501],
        [0.2501, 0.2500, 0.2499, 0.2500],
        [0.2502, 0.2503, 0.2497, 0.2498]], device='cuda:0',
       grad_fn=<SoftmaxBackward0>)
tensor([[0.2501, 0.2495, 0.2503, 0.2500],
        [0.2499, 0.2502, 0.2501, 0.2499],
        [0.2502, 0.2501, 0.2499, 0.2498]], device='cuda:0',
       grad_fn=<SoftmaxBackward0>)
tensor([[0.2502, 0.2500, 0.2496, 0.2502],
        [0.2498, 0.2502, 0.2500, 0.2499],
        [0.2500, 0.2499, 0.2499, 0.2502]], device='cuda:0',
       grad_fn=<SoftmaxBackward0>)
tensor([[0.2499, 0.2504, 0.2497, 0.2500],
        [0.2497, 0.2500, 0.2501, 0.2502],
        [0.2499, 0.2496, 0.2501, 0.2504]], device='cuda:0',
       grad_fn=<SoftmaxBackward0>)
tensor([[0.2502, 0.2501, 0.2497, 0.2500],
        [0.2502, 0.2500, 0.2500, 0.2498],
        [0.2502, 0.2499, 0.2499, 0.2500]], device='cuda:0',
       grad_fn=<SoftmaxBackward0>)
tensor([[0.2499, 0.2503, 0.2498, 0.2501],
        [0.2498, 0.2502, 0.2501, 0.2500],
        [0.2495, 0.2500, 0.2501, 0.2504]], device='cuda:0',
       grad_fn=<SoftmaxBackward0>)
tensor([[0.2500, 0.2502, 0.2501, 0.2496],
        [0.2497, 0.2500, 0.2500, 0.2503]], device='cuda:0',
       grad_fn=<SoftmaxBackward0>)
tensor([[0.2501, 0.2499, 0.2501, 0.2499],
        [0.2499, 0.2500, 0.2502, 0.2500],
        [0.2499, 0.2501, 0.2501, 0.2499]], device='cuda:0',
       grad_fn=<SoftmaxBackward0>)
tensor([[0.2499, 0.2499, 0.2500, 0.2502],
        [0.2501, 0.2498, 0.2497, 0.2503],
        [0.2495, 0.2504, 0.2502, 0.2499]], device='cuda:0',
       grad_fn=<SoftmaxBackward0>)
tensor([[0.2497, 0.2497, 0.2504, 0.2501],
        [0.2501, 0.2502, 0.2501, 0.2496],
        [0.2501, 0.2498, 0.2501, 0.2500]], device='cuda:0',
       grad_fn=<SoftmaxBackward0>)
tensor([[0.2503, 0.2502, 0.2498, 0.2496],
        [0.2500, 0.2500, 0.2499, 0.2501],
        [0.2498, 0.2503, 0.2498, 0.2501]], device='cuda:0',
       grad_fn=<SoftmaxBackward0>)
tensor([[0.2497, 0.2501, 0.2500, 0.2502],
        [0.2497, 0.2498, 0.2504, 0.2502],
        [0.2499, 0.2500, 0.2503, 0.2498]], device='cuda:0',
       grad_fn=<SoftmaxBackward0>)
tensor([[0.2500, 0.2497, 0.2500, 0.2503],
        [0.2501, 0.2500, 0.2501, 0.2499],
        [0.2498, 0.2498, 0.2502, 0.2501]], device='cuda:0',
       grad_fn=<SoftmaxBackward0>)
tensor([[0.2499, 0.2499, 0.2501, 0.2501],
        [0.2502, 0.2497, 0.2503, 0.2497],
        [0.2505, 0.2502, 0.2497, 0.2497]], device='cuda:0',
       grad_fn=<SoftmaxBackward0>)
tensor([[0.2499, 0.2501, 0.2498, 0.2502],
        [0.2497, 0.2498, 0.2504, 0.2500],
        [0.2500, 0.2500, 0.2500, 0.2500]], device='cuda:0',
       grad_fn=<SoftmaxBackward0>)
tensor([[0.2501, 0.2500, 0.2498, 0.2501],
        [0.2498, 0.2498, 0.2504, 0.2499],
        [0.2495, 0.2497, 0.2506, 0.2502]], device='cuda:0',
       grad_fn=<SoftmaxBackward0>)
#####################
11/13 12:15:39AM searchStage_trainer.py:265 [INFO] Train: Epoch: [0][100/390]	Step 100	lr 0.025	Loss 4.5369 (4.7106)	Hard Loss 4.5369 (4.7106)	Soft Loss 4.5369 (4.7106)	Arch Loss 4.5691 (4.7115)	Arch Hard Loss 4.5691 (4.7115)	Arch Soft Loss 4.5691 (4.7115)	Arch depth Loss 0.0000 (0.0000)	Prec@(1,5) (1.4%, 6.3%)	
11/13 12:16:17AM searchStage_trainer.py:265 [INFO] Train: Epoch: [0][200/390]	Step 200	lr 0.025	Loss 4.3241 (4.5787)	Hard Loss 4.3241 (4.5787)	Soft Loss 4.3241 (4.5787)	Arch Loss 4.3693 (4.5846)	Arch Hard Loss 4.3693 (4.5846)	Arch Soft Loss 4.3693 (4.5846)	Arch depth Loss 0.0000 (0.0000)	Prec@(1,5) (2.3%, 8.7%)	
11/13 12:16:56AM searchStage_trainer.py:265 [INFO] Train: Epoch: [0][300/390]	Step 300	lr 0.025	Loss 4.2492 (4.4982)	Hard Loss 4.2492 (4.4982)	Soft Loss 4.2492 (4.4982)	Arch Loss 4.3138 (4.4967)	Arch Hard Loss 4.3138 (4.4967)	Arch Soft Loss 4.3138 (4.4967)	Arch depth Loss 0.0000 (0.0000)	Prec@(1,5) (2.8%, 10.8%)	
11/13 12:17:31AM searchStage_trainer.py:265 [INFO] Train: Epoch: [0][390/390]	Step 390	lr 0.025	Loss 4.2047 (4.4357)	Hard Loss 4.2047 (4.4357)	Soft Loss 4.2047 (4.4357)	Arch Loss 3.9925 (4.4303)	Arch Hard Loss 3.9925 (4.4303)	Arch Soft Loss 3.9925 (4.4303)	Arch depth Loss 0.0000 (0.0000)	Prec@(1,5) (3.3%, 12.6%)	
11/13 12:17:32AM searchStage_trainer.py:281 [INFO] Train: [  0/49] Final Prec@1 3.3040%
11/13 12:17:39AM searchStage_trainer.py:309 [INFO] Valid: Epoch: [0][100/391]	Step 391	Loss 4.1667	Prec@(1,5) (5.3%, 20.5%)
11/13 12:17:45AM searchStage_trainer.py:309 [INFO] Valid: Epoch: [0][200/391]	Step 391	Loss 4.1783	Prec@(1,5) (5.0%, 19.9%)
11/13 12:17:51AM searchStage_trainer.py:309 [INFO] Valid: Epoch: [0][300/391]	Step 391	Loss 4.1749	Prec@(1,5) (5.1%, 19.8%)
11/13 12:17:56AM searchStage_trainer.py:309 [INFO] Valid: Epoch: [0][390/391]	Step 391	Loss 4.1710	Prec@(1,5) (5.1%, 20.0%)
11/13 12:17:56AM searchStage_trainer.py:320 [INFO] Valid: [  0/49] Final Prec@1 5.0760%
11/13 12:17:56AM trainer_runner.py:74 [INFO] DAG = Genotype2(DAG1=[[('avg_pool_3x3', 0), ('skip_connect', 1)], [('max_pool_3x3', 2), ('max_pool_3x3', 0)], [('avg_pool_3x3', 2), ('skip_connect', 1)], [('max_pool_3x3', 4), ('skip_connect', 2)], [('skip_connect', 5), ('max_pool_3x3', 4)], [('avg_pool_3x3', 4), ('max_pool_3x3', 6)], [('avg_pool_3x3', 5), ('max_pool_3x3', 7)], [('skip_connect', 6), ('max_pool_3x3', 7)], [('max_pool_3x3', 8), ('avg_pool_3x3', 9)], [('avg_pool_3x3', 8), ('max_pool_3x3', 10)]], DAG1_concat=range(10, 12), DAG2=[[('avg_pool_3x3', 0), ('max_pool_3x3', 1)], [('skip_connect', 0), ('avg_pool_3x3', 2)], [('max_pool_3x3', 1), ('avg_pool_3x3', 3)], [('skip_connect', 2), ('skip_connect', 4)], [('skip_connect', 3), ('avg_pool_3x3', 5)], [('skip_connect', 4), ('skip_connect', 5)], [('skip_connect', 5), ('skip_connect', 7)], [('avg_pool_3x3', 6), ('avg_pool_3x3', 8)], [('skip_connect', 8), ('skip_connect', 7)], [('skip_connect', 9), ('skip_connect', 10)]], DAG2_concat=range(10, 12), DAG3=[[('skip_connect', 1), ('skip_connect', 0)], [('skip_connect', 1), ('skip_connect', 0)], [('skip_connect', 1), ('skip_connect', 3)], [('skip_connect', 2), ('skip_connect', 4)], [('skip_connect', 3), ('skip_connect', 4)], [('skip_connect', 4), ('skip_connect', 6)], [('skip_connect', 6), ('skip_connect', 5)], [('skip_connect', 6), ('skip_connect', 7)], [('skip_connect', 9), ('skip_connect', 8)], [('skip_connect', 9), ('skip_connect', 8)]], DAG3_concat=range(10, 12))
11/13 12:17:57AM trainer_runner.py:105 [INFO] Until now, best Prec@1 = 5.0760%
####### ALPHA #######
# Alpha - DAG
tensor([[0.2501, 0.2505, 0.2498, 0.2497],
        [0.2500, 0.2499, 0.2500, 0.2501]], device='cuda:0',
       grad_fn=<SoftmaxBackward0>)
tensor([[0.2504, 0.2492, 0.2499, 0.2505],
        [0.2502, 0.2496, 0.2500, 0.2502],
        [0.2508, 0.2500, 0.2498, 0.2494]], device='cuda:0',
       grad_fn=<SoftmaxBackward0>)
tensor([[0.2499, 0.2500, 0.2508, 0.2492],
        [0.2497, 0.2508, 0.2505, 0.2490],
        [0.2500, 0.2498, 0.2491, 0.2511]], device='cuda:0',
       grad_fn=<SoftmaxBackward0>)
tensor([[0.2501, 0.2503, 0.2503, 0.2493],
        [0.2499, 0.2501, 0.2498, 0.2503],
        [0.2508, 0.2497, 0.2494, 0.2501]], device='cuda:0',
       grad_fn=<SoftmaxBackward0>)
tensor([[0.2501, 0.2499, 0.2502, 0.2498],
        [0.2504, 0.2501, 0.2495, 0.2500],
        [0.2489, 0.2501, 0.2508, 0.2502]], device='cuda:0',
       grad_fn=<SoftmaxBackward0>)
tensor([[0.2500, 0.2506, 0.2499, 0.2495],
        [0.2502, 0.2496, 0.2498, 0.2504],
        [0.2502, 0.2501, 0.2494, 0.2504]], device='cuda:0',
       grad_fn=<SoftmaxBackward0>)
tensor([[0.2493, 0.2509, 0.2502, 0.2497],
        [0.2500, 0.2493, 0.2499, 0.2508],
        [0.2504, 0.2496, 0.2503, 0.2496]], device='cuda:0',
       grad_fn=<SoftmaxBackward0>)
tensor([[0.2505, 0.2489, 0.2506, 0.2500],
        [0.2507, 0.2493, 0.2498, 0.2502],
        [0.2499, 0.2499, 0.2501, 0.2502]], device='cuda:0',
       grad_fn=<SoftmaxBackward0>)
tensor([[0.2499, 0.2500, 0.2502, 0.2500],
        [0.2501, 0.2498, 0.2495, 0.2505],
        [0.2503, 0.2503, 0.2499, 0.2495]], device='cuda:0',
       grad_fn=<SoftmaxBackward0>)
tensor([[0.2499, 0.2505, 0.2497, 0.2499],
        [0.2500, 0.2491, 0.2503, 0.2505],
        [0.2505, 0.2491, 0.2502, 0.2501]], device='cuda:0',
       grad_fn=<SoftmaxBackward0>)
tensor([[0.2500, 0.2504, 0.2502, 0.2493],
        [0.2501, 0.2498, 0.2498, 0.2504]], device='cuda:0',
       grad_fn=<SoftmaxBackward0>)
tensor([[0.2499, 0.2503, 0.2510, 0.2489],
        [0.2493, 0.2485, 0.2497, 0.2525],
        [0.2496, 0.2509, 0.2501, 0.2494]], device='cuda:0',
       grad_fn=<SoftmaxBackward0>)
tensor([[0.2512, 0.2494, 0.2506, 0.2488],
        [0.2489, 0.2500, 0.2500, 0.2511],
        [0.2485, 0.2506, 0.2505, 0.2504]], device='cuda:0',
       grad_fn=<SoftmaxBackward0>)
tensor([[0.2504, 0.2488, 0.2509, 0.2499],
        [0.2498, 0.2493, 0.2505, 0.2505],
        [0.2495, 0.2493, 0.2509, 0.2503]], device='cuda:0',
       grad_fn=<SoftmaxBackward0>)
tensor([[0.2492, 0.2501, 0.2516, 0.2491],
        [0.2491, 0.2502, 0.2489, 0.2518],
        [0.2484, 0.2513, 0.2511, 0.2491]], device='cuda:0',
       grad_fn=<SoftmaxBackward0>)
tensor([[0.2494, 0.2486, 0.2523, 0.2498],
        [0.2487, 0.2493, 0.2514, 0.2505],
        [0.2484, 0.2511, 0.2503, 0.2503]], device='cuda:0',
       grad_fn=<SoftmaxBackward0>)
tensor([[0.2489, 0.2498, 0.2515, 0.2498],
        [0.2498, 0.2494, 0.2495, 0.2512],
        [0.2490, 0.2498, 0.2511, 0.2502]], device='cuda:0',
       grad_fn=<SoftmaxBackward0>)
tensor([[0.2474, 0.2518, 0.2504, 0.2504],
        [0.2489, 0.2502, 0.2510, 0.2498],
        [0.2484, 0.2510, 0.2502, 0.2504]], device='cuda:0',
       grad_fn=<SoftmaxBackward0>)
tensor([[0.2501, 0.2497, 0.2505, 0.2498],
        [0.2484, 0.2506, 0.2506, 0.2504],
        [0.2502, 0.2489, 0.2504, 0.2505]], device='cuda:0',
       grad_fn=<SoftmaxBackward0>)
tensor([[0.2493, 0.2490, 0.2494, 0.2522],
        [0.2491, 0.2503, 0.2523, 0.2483],
        [0.2494, 0.2498, 0.2500, 0.2507]], device='cuda:0',
       grad_fn=<SoftmaxBackward0>)
tensor([[0.2476, 0.2483, 0.2533, 0.2509],
        [0.2485, 0.2493, 0.2535, 0.2487]], device='cuda:0',
       grad_fn=<SoftmaxBackward0>)
tensor([[0.2491, 0.2481, 0.2532, 0.2496],
        [0.2476, 0.2494, 0.2539, 0.2490],
        [0.2480, 0.2495, 0.2514, 0.2511]], device='cuda:0',
       grad_fn=<SoftmaxBackward0>)
tensor([[0.2480, 0.2487, 0.2554, 0.2479],
        [0.2465, 0.2493, 0.2516, 0.2526],
        [0.2465, 0.2508, 0.2527, 0.2499]], device='cuda:0',
       grad_fn=<SoftmaxBackward0>)
tensor([[0.2457, 0.2491, 0.2557, 0.2496],
        [0.2491, 0.2490, 0.2514, 0.2506],
        [0.2478, 0.2484, 0.2528, 0.2511]], device='cuda:0',
       grad_fn=<SoftmaxBackward0>)
tensor([[0.2480, 0.2505, 0.2522, 0.2493],
        [0.2474, 0.2489, 0.2527, 0.2511],
        [0.2474, 0.2498, 0.2517, 0.2511]], device='cuda:0',
       grad_fn=<SoftmaxBackward0>)
tensor([[0.2454, 0.2503, 0.2552, 0.2491],
        [0.2461, 0.2482, 0.2511, 0.2545],
        [0.2461, 0.2500, 0.2548, 0.2491]], device='cuda:0',
       grad_fn=<SoftmaxBackward0>)
tensor([[0.2475, 0.2476, 0.2540, 0.2509],
        [0.2461, 0.2499, 0.2536, 0.2504],
        [0.2480, 0.2473, 0.2532, 0.2514]], device='cuda:0',
       grad_fn=<SoftmaxBackward0>)
tensor([[0.2467, 0.2505, 0.2538, 0.2490],
        [0.2458, 0.2502, 0.2538, 0.2502],
        [0.2454, 0.2496, 0.2529, 0.2522]], device='cuda:0',
       grad_fn=<SoftmaxBackward0>)
tensor([[0.2465, 0.2503, 0.2519, 0.2513],
        [0.2459, 0.2474, 0.2547, 0.2520],
        [0.2469, 0.2477, 0.2555, 0.2499]], device='cuda:0',
       grad_fn=<SoftmaxBackward0>)
tensor([[0.2463, 0.2489, 0.2546, 0.2503],
        [0.2444, 0.2493, 0.2555, 0.2508],
        [0.2463, 0.2504, 0.2521, 0.2511]], device='cuda:0',
       grad_fn=<SoftmaxBackward0>)
#####################
11/13 12:18:38AM searchStage_trainer.py:265 [INFO] Train: Epoch: [1][100/390]	Step 491	lr 0.02498	Loss 4.3308 (4.0995)	Hard Loss 4.3308 (4.0995)	Soft Loss 4.3308 (4.0995)	Arch Loss 3.9675 (4.0811)	Arch Hard Loss 3.9675 (4.0811)	Arch Soft Loss 3.9675 (4.0811)	Arch depth Loss 0.0000 (0.0000)	Prec@(1,5) (5.8%, 22.6%)	
11/13 12:19:17AM searchStage_trainer.py:265 [INFO] Train: Epoch: [1][200/390]	Step 591	lr 0.02498	Loss 4.0304 (4.0785)	Hard Loss 4.0304 (4.0785)	Soft Loss 4.0304 (4.0785)	Arch Loss 3.9586 (4.0591)	Arch Hard Loss 3.9586 (4.0591)	Arch Soft Loss 3.9586 (4.0591)	Arch depth Loss 0.0000 (0.0000)	Prec@(1,5) (6.0%, 23.3%)	
11/13 12:19:56AM searchStage_trainer.py:265 [INFO] Train: Epoch: [1][300/390]	Step 691	lr 0.02498	Loss 3.6715 (4.0497)	Hard Loss 3.6715 (4.0497)	Soft Loss 3.6715 (4.0497)	Arch Loss 3.8424 (4.0276)	Arch Hard Loss 3.8424 (4.0276)	Arch Soft Loss 3.8424 (4.0276)	Arch depth Loss 0.0000 (0.0000)	Prec@(1,5) (6.5%, 23.9%)	
11/13 12:20:30AM searchStage_trainer.py:265 [INFO] Train: Epoch: [1][390/390]	Step 781	lr 0.02498	Loss 3.7518 (4.0237)	Hard Loss 3.7518 (4.0237)	Soft Loss 3.7518 (4.0237)	Arch Loss 3.9088 (4.0033)	Arch Hard Loss 3.9088 (4.0033)	Arch Soft Loss 3.9088 (4.0033)	Arch depth Loss 0.0000 (0.0000)	Prec@(1,5) (6.9%, 24.7%)	
11/13 12:20:31AM searchStage_trainer.py:281 [INFO] Train: [  1/49] Final Prec@1 6.9440%
11/13 12:20:38AM searchStage_trainer.py:309 [INFO] Valid: Epoch: [1][100/391]	Step 782	Loss 3.9117	Prec@(1,5) (8.7%, 28.3%)
11/13 12:20:44AM searchStage_trainer.py:309 [INFO] Valid: Epoch: [1][200/391]	Step 782	Loss 3.9164	Prec@(1,5) (8.6%, 28.2%)
11/13 12:20:50AM searchStage_trainer.py:309 [INFO] Valid: Epoch: [1][300/391]	Step 782	Loss 3.9166	Prec@(1,5) (8.6%, 28.3%)
11/13 12:20:55AM searchStage_trainer.py:309 [INFO] Valid: Epoch: [1][390/391]	Step 782	Loss 3.9167	Prec@(1,5) (8.7%, 28.3%)
11/13 12:20:56AM searchStage_trainer.py:320 [INFO] Valid: [  1/49] Final Prec@1 8.7200%
11/13 12:20:56AM trainer_runner.py:74 [INFO] DAG = Genotype2(DAG1=[[('skip_connect', 1), ('max_pool_3x3', 0)], [('max_pool_3x3', 2), ('max_pool_3x3', 0)], [('skip_connect', 1), ('avg_pool_3x3', 2)], [('max_pool_3x3', 4), ('max_pool_3x3', 2)], [('skip_connect', 3), ('skip_connect', 5)], [('avg_pool_3x3', 4), ('skip_connect', 5)], [('skip_connect', 7), ('skip_connect', 5)], [('skip_connect', 6), ('max_pool_3x3', 7)], [('skip_connect', 7), ('avg_pool_3x3', 8)], [('skip_connect', 9), ('skip_connect', 8)]], DAG1_concat=range(10, 12), DAG2=[[('skip_connect', 0), ('skip_connect', 1)], [('skip_connect', 0), ('skip_connect', 2)], [('skip_connect', 1), ('avg_pool_3x3', 3)], [('skip_connect', 2), ('skip_connect', 3)], [('skip_connect', 3), ('skip_connect', 5)], [('skip_connect', 4), ('skip_connect', 5)], [('skip_connect', 5), ('skip_connect', 7)], [('skip_connect', 6), ('skip_connect', 7)], [('skip_connect', 7), ('skip_connect', 8)], [('skip_connect', 9), ('skip_connect', 8)]], DAG2_concat=range(10, 12), DAG3=[[('skip_connect', 0), ('skip_connect', 1)], [('skip_connect', 1), ('skip_connect', 0)], [('skip_connect', 1), ('skip_connect', 3)], [('skip_connect', 2), ('skip_connect', 4)], [('skip_connect', 3), ('skip_connect', 4)], [('skip_connect', 4), ('skip_connect', 5)], [('skip_connect', 5), ('skip_connect', 6)], [('skip_connect', 6), ('skip_connect', 7)], [('max_pool_3x3', 7), ('max_pool_3x3', 8)], [('max_pool_3x3', 8), ('max_pool_3x3', 10)]], DAG3_concat=range(10, 12))
11/13 12:20:56AM trainer_runner.py:105 [INFO] Until now, best Prec@1 = 8.7200%
####### ALPHA #######
# Alpha - DAG
tensor([[0.2502, 0.2502, 0.2500, 0.2496],
        [0.2500, 0.2496, 0.2502, 0.2501]], device='cuda:0',
       grad_fn=<SoftmaxBackward0>)
tensor([[0.2507, 0.2488, 0.2501, 0.2504],
        [0.2506, 0.2493, 0.2500, 0.2501],
        [0.2509, 0.2499, 0.2497, 0.2495]], device='cuda:0',
       grad_fn=<SoftmaxBackward0>)
tensor([[0.2503, 0.2501, 0.2519, 0.2476],
        [0.2496, 0.2504, 0.2503, 0.2498],
        [0.2499, 0.2496, 0.2487, 0.2518]], device='cuda:0',
       grad_fn=<SoftmaxBackward0>)
tensor([[0.2504, 0.2500, 0.2502, 0.2494],
        [0.2503, 0.2496, 0.2498, 0.2504],
        [0.2512, 0.2493, 0.2495, 0.2501]], device='cuda:0',
       grad_fn=<SoftmaxBackward0>)
tensor([[0.2506, 0.2495, 0.2510, 0.2489],
        [0.2505, 0.2498, 0.2498, 0.2500],
        [0.2488, 0.2494, 0.2507, 0.2510]], device='cuda:0',
       grad_fn=<SoftmaxBackward0>)
tensor([[0.2503, 0.2506, 0.2504, 0.2487],
        [0.2495, 0.2494, 0.2503, 0.2508],
        [0.2498, 0.2499, 0.2494, 0.2508]], device='cuda:0',
       grad_fn=<SoftmaxBackward0>)
tensor([[0.2496, 0.2504, 0.2504, 0.2496],
        [0.2495, 0.2493, 0.2503, 0.2509],
        [0.2504, 0.2493, 0.2506, 0.2497]], device='cuda:0',
       grad_fn=<SoftmaxBackward0>)
tensor([[0.2502, 0.2487, 0.2509, 0.2501],
        [0.2504, 0.2494, 0.2502, 0.2500],
        [0.2499, 0.2497, 0.2500, 0.2504]], device='cuda:0',
       grad_fn=<SoftmaxBackward0>)
tensor([[0.2504, 0.2498, 0.2518, 0.2480],
        [0.2496, 0.2497, 0.2495, 0.2512],
        [0.2496, 0.2495, 0.2495, 0.2513]], device='cuda:0',
       grad_fn=<SoftmaxBackward0>)
tensor([[0.2492, 0.2504, 0.2505, 0.2498],
        [0.2498, 0.2493, 0.2507, 0.2502],
        [0.2505, 0.2489, 0.2499, 0.2506]], device='cuda:0',
       grad_fn=<SoftmaxBackward0>)
tensor([[0.2466, 0.2501, 0.2530, 0.2503],
        [0.2486, 0.2496, 0.2530, 0.2488]], device='cuda:0',
       grad_fn=<SoftmaxBackward0>)
tensor([[0.2483, 0.2502, 0.2532, 0.2482],
        [0.2496, 0.2480, 0.2509, 0.2515],
        [0.2472, 0.2510, 0.2512, 0.2506]], device='cuda:0',
       grad_fn=<SoftmaxBackward0>)
tensor([[0.2496, 0.2518, 0.2550, 0.2437],
        [0.2464, 0.2490, 0.2501, 0.2546],
        [0.2467, 0.2509, 0.2507, 0.2518]], device='cuda:0',
       grad_fn=<SoftmaxBackward0>)
tensor([[0.2482, 0.2489, 0.2549, 0.2480],
        [0.2484, 0.2489, 0.2521, 0.2506],
        [0.2469, 0.2497, 0.2504, 0.2530]], device='cuda:0',
       grad_fn=<SoftmaxBackward0>)
tensor([[0.2480, 0.2491, 0.2546, 0.2483],
        [0.2477, 0.2504, 0.2492, 0.2527],
        [0.2475, 0.2512, 0.2516, 0.2497]], device='cuda:0',
       grad_fn=<SoftmaxBackward0>)
tensor([[0.2492, 0.2473, 0.2558, 0.2476],
        [0.2478, 0.2492, 0.2510, 0.2520],
        [0.2487, 0.2497, 0.2502, 0.2515]], device='cuda:0',
       grad_fn=<SoftmaxBackward0>)
tensor([[0.2463, 0.2506, 0.2538, 0.2492],
        [0.2470, 0.2501, 0.2511, 0.2518],
        [0.2468, 0.2507, 0.2516, 0.2510]], device='cuda:0',
       grad_fn=<SoftmaxBackward0>)
tensor([[0.2435, 0.2535, 0.2549, 0.2480],
        [0.2469, 0.2502, 0.2532, 0.2497],
        [0.2467, 0.2491, 0.2497, 0.2544]], device='cuda:0',
       grad_fn=<SoftmaxBackward0>)
tensor([[0.2512, 0.2482, 0.2545, 0.2461],
        [0.2492, 0.2481, 0.2501, 0.2526],
        [0.2491, 0.2482, 0.2495, 0.2533]], device='cuda:0',
       grad_fn=<SoftmaxBackward0>)
tensor([[0.2478, 0.2485, 0.2534, 0.2503],
        [0.2501, 0.2477, 0.2553, 0.2469],
        [0.2479, 0.2484, 0.2488, 0.2549]], device='cuda:0',
       grad_fn=<SoftmaxBackward0>)
tensor([[0.2502, 0.2429, 0.2571, 0.2498],
        [0.2511, 0.2431, 0.2558, 0.2501]], device='cuda:0',
       grad_fn=<SoftmaxBackward0>)
tensor([[0.2490, 0.2460, 0.2551, 0.2499],
        [0.2497, 0.2461, 0.2561, 0.2481],
        [0.2511, 0.2467, 0.2506, 0.2516]], device='cuda:0',
       grad_fn=<SoftmaxBackward0>)
tensor([[0.2542, 0.2448, 0.2568, 0.2442],
        [0.2504, 0.2434, 0.2525, 0.2538],
        [0.2464, 0.2479, 0.2525, 0.2531]], device='cuda:0',
       grad_fn=<SoftmaxBackward0>)
tensor([[0.2514, 0.2454, 0.2547, 0.2485],
        [0.2517, 0.2476, 0.2507, 0.2501],
        [0.2502, 0.2435, 0.2535, 0.2528]], device='cuda:0',
       grad_fn=<SoftmaxBackward0>)
tensor([[0.2477, 0.2522, 0.2560, 0.2441],
        [0.2481, 0.2492, 0.2540, 0.2487],
        [0.2447, 0.2460, 0.2498, 0.2595]], device='cuda:0',
       grad_fn=<SoftmaxBackward0>)
tensor([[0.2502, 0.2456, 0.2570, 0.2471],
        [0.2508, 0.2435, 0.2523, 0.2535],
        [0.2485, 0.2476, 0.2517, 0.2521]], device='cuda:0',
       grad_fn=<SoftmaxBackward0>)
tensor([[0.2527, 0.2463, 0.2572, 0.2439],
        [0.2502, 0.2471, 0.2515, 0.2513],
        [0.2520, 0.2426, 0.2480, 0.2574]], device='cuda:0',
       grad_fn=<SoftmaxBackward0>)
tensor([[0.2462, 0.2509, 0.2560, 0.2469],
        [0.2487, 0.2471, 0.2519, 0.2523],
        [0.2483, 0.2486, 0.2510, 0.2521]], device='cuda:0',
       grad_fn=<SoftmaxBackward0>)
tensor([[0.2561, 0.2489, 0.2506, 0.2444],
        [0.2533, 0.2465, 0.2496, 0.2507],
        [0.2518, 0.2447, 0.2455, 0.2580]], device='cuda:0',
       grad_fn=<SoftmaxBackward0>)
tensor([[0.2549, 0.2496, 0.2513, 0.2442],
        [0.2469, 0.2473, 0.2508, 0.2551],
        [0.2513, 0.2483, 0.2486, 0.2518]], device='cuda:0',
       grad_fn=<SoftmaxBackward0>)
#####################
11/13 12:21:35AM searchStage_trainer.py:265 [INFO] Train: Epoch: [2][100/390]	Step 882	lr 0.02491	Loss 3.8365 (3.8932)	Hard Loss 3.8365 (3.8932)	Soft Loss 3.8365 (3.8932)	Arch Loss 3.8766 (3.8927)	Arch Hard Loss 3.8766 (3.8927)	Arch Soft Loss 3.8766 (3.8927)	Arch depth Loss 0.0000 (0.0000)	Prec@(1,5) (9.1%, 29.6%)	
11/13 12:22:13AM searchStage_trainer.py:265 [INFO] Train: Epoch: [2][200/390]	Step 982	lr 0.02491	Loss 3.9995 (3.8685)	Hard Loss 3.9995 (3.8685)	Soft Loss 3.9995 (3.8685)	Arch Loss 3.7086 (3.8708)	Arch Hard Loss 3.7086 (3.8708)	Arch Soft Loss 3.7086 (3.8708)	Arch depth Loss 0.0000 (0.0000)	Prec@(1,5) (9.6%, 30.1%)	
11/13 12:22:51AM searchStage_trainer.py:265 [INFO] Train: Epoch: [2][300/390]	Step 1082	lr 0.02491	Loss 3.7125 (3.8525)	Hard Loss 3.7125 (3.8525)	Soft Loss 3.7125 (3.8525)	Arch Loss 3.6888 (3.8471)	Arch Hard Loss 3.6888 (3.8471)	Arch Soft Loss 3.6888 (3.8471)	Arch depth Loss 0.0000 (0.0000)	Prec@(1,5) (9.6%, 30.6%)	
11/13 12:23:26AM searchStage_trainer.py:265 [INFO] Train: Epoch: [2][390/390]	Step 1172	lr 0.02491	Loss 3.9096 (3.8323)	Hard Loss 3.9096 (3.8323)	Soft Loss 3.9096 (3.8323)	Arch Loss 3.9797 (3.8296)	Arch Hard Loss 3.9797 (3.8296)	Arch Soft Loss 3.9797 (3.8296)	Arch depth Loss 0.0000 (0.0000)	Prec@(1,5) (9.8%, 31.3%)	
11/13 12:23:27AM searchStage_trainer.py:281 [INFO] Train: [  2/49] Final Prec@1 9.8360%
11/13 12:23:33AM searchStage_trainer.py:309 [INFO] Valid: Epoch: [2][100/391]	Step 1173	Loss 3.7620	Prec@(1,5) (10.1%, 33.2%)
11/13 12:23:39AM searchStage_trainer.py:309 [INFO] Valid: Epoch: [2][200/391]	Step 1173	Loss 3.7711	Prec@(1,5) (10.0%, 33.3%)
11/13 12:23:45AM searchStage_trainer.py:309 [INFO] Valid: Epoch: [2][300/391]	Step 1173	Loss 3.7684	Prec@(1,5) (10.2%, 33.3%)
11/13 12:23:50AM searchStage_trainer.py:309 [INFO] Valid: Epoch: [2][390/391]	Step 1173	Loss 3.7658	Prec@(1,5) (10.3%, 33.4%)
11/13 12:23:50AM searchStage_trainer.py:320 [INFO] Valid: [  2/49] Final Prec@1 10.2920%
11/13 12:23:50AM trainer_runner.py:74 [INFO] DAG = Genotype2(DAG1=[[('skip_connect', 1), ('max_pool_3x3', 0)], [('max_pool_3x3', 0), ('max_pool_3x3', 2)], [('skip_connect', 1), ('avg_pool_3x3', 2)], [('max_pool_3x3', 4), ('skip_connect', 2)], [('skip_connect', 3), ('max_pool_3x3', 4)], [('skip_connect', 4), ('skip_connect', 5)], [('skip_connect', 6), ('skip_connect', 5)], [('skip_connect', 6), ('max_pool_3x3', 7)], [('skip_connect', 7), ('skip_connect', 8)], [('skip_connect', 9), ('skip_connect', 8)]], DAG1_concat=range(10, 12), DAG2=[[('skip_connect', 0), ('skip_connect', 1)], [('skip_connect', 0), ('skip_connect', 1)], [('skip_connect', 1), ('skip_connect', 3)], [('skip_connect', 2), ('skip_connect', 3)], [('skip_connect', 3), ('skip_connect', 5)], [('skip_connect', 4), ('skip_connect', 5)], [('skip_connect', 5), ('skip_connect', 6)], [('skip_connect', 6), ('skip_connect', 7)], [('skip_connect', 9), ('skip_connect', 8)], [('skip_connect', 9), ('skip_connect', 8)]], DAG2_concat=range(10, 12), DAG3=[[('skip_connect', 0), ('skip_connect', 1)], [('skip_connect', 1), ('skip_connect', 0)], [('skip_connect', 1), ('skip_connect', 3)], [('skip_connect', 2), ('skip_connect', 3)], [('skip_connect', 3), ('skip_connect', 4)], [('skip_connect', 4), ('max_pool_3x3', 5)], [('skip_connect', 5), ('max_pool_3x3', 7)], [('skip_connect', 6), ('skip_connect', 7)], [('max_pool_3x3', 7), ('max_pool_3x3', 8)], [('max_pool_3x3', 8), ('max_pool_3x3', 10)]], DAG3_concat=range(10, 12))
11/13 12:23:51AM trainer_runner.py:105 [INFO] Until now, best Prec@1 = 10.2920%
####### ALPHA #######
# Alpha - DAG
tensor([[0.2504, 0.2498, 0.2502, 0.2497],
        [0.2500, 0.2492, 0.2507, 0.2501]], device='cuda:0',
       grad_fn=<SoftmaxBackward0>)
tensor([[0.2514, 0.2485, 0.2509, 0.2491],
        [0.2507, 0.2486, 0.2501, 0.2506],
        [0.2510, 0.2494, 0.2494, 0.2502]], device='cuda:0',
       grad_fn=<SoftmaxBackward0>)
tensor([[0.2514, 0.2494, 0.2531, 0.2461],
        [0.2493, 0.2501, 0.2499, 0.2507],
        [0.2497, 0.2494, 0.2487, 0.2522]], device='cuda:0',
       grad_fn=<SoftmaxBackward0>)
tensor([[0.2501, 0.2500, 0.2513, 0.2486],
        [0.2500, 0.2493, 0.2504, 0.2503],
        [0.2517, 0.2479, 0.2495, 0.2510]], device='cuda:0',
       grad_fn=<SoftmaxBackward0>)
tensor([[0.2507, 0.2494, 0.2523, 0.2477],
        [0.2508, 0.2492, 0.2500, 0.2500],
        [0.2487, 0.2487, 0.2505, 0.2521]], device='cuda:0',
       grad_fn=<SoftmaxBackward0>)
tensor([[0.2510, 0.2504, 0.2515, 0.2470],
        [0.2484, 0.2490, 0.2505, 0.2521],
        [0.2496, 0.2496, 0.2494, 0.2515]], device='cuda:0',
       grad_fn=<SoftmaxBackward0>)
tensor([[0.2498, 0.2496, 0.2512, 0.2494],
        [0.2497, 0.2489, 0.2515, 0.2498],
        [0.2507, 0.2477, 0.2501, 0.2514]], device='cuda:0',
       grad_fn=<SoftmaxBackward0>)
tensor([[0.2496, 0.2488, 0.2515, 0.2501],
        [0.2513, 0.2485, 0.2497, 0.2505],
        [0.2499, 0.2500, 0.2502, 0.2499]], device='cuda:0',
       grad_fn=<SoftmaxBackward0>)
tensor([[0.2501, 0.2499, 0.2548, 0.2452],
        [0.2485, 0.2491, 0.2504, 0.2520],
        [0.2473, 0.2491, 0.2493, 0.2542]], device='cuda:0',
       grad_fn=<SoftmaxBackward0>)
tensor([[0.2480, 0.2505, 0.2507, 0.2507],
        [0.2500, 0.2490, 0.2516, 0.2495],
        [0.2502, 0.2490, 0.2503, 0.2505]], device='cuda:0',
       grad_fn=<SoftmaxBackward0>)
tensor([[0.2466, 0.2455, 0.2581, 0.2497],
        [0.2480, 0.2460, 0.2577, 0.2483]], device='cuda:0',
       grad_fn=<SoftmaxBackward0>)
tensor([[0.2509, 0.2471, 0.2580, 0.2441],
        [0.2498, 0.2458, 0.2558, 0.2486],
        [0.2472, 0.2464, 0.2499, 0.2565]], device='cuda:0',
       grad_fn=<SoftmaxBackward0>)
tensor([[0.2498, 0.2519, 0.2632, 0.2350],
        [0.2459, 0.2437, 0.2495, 0.2609],
        [0.2492, 0.2436, 0.2514, 0.2558]], device='cuda:0',
       grad_fn=<SoftmaxBackward0>)
tensor([[0.2453, 0.2472, 0.2631, 0.2443],
        [0.2476, 0.2456, 0.2550, 0.2519],
        [0.2462, 0.2476, 0.2487, 0.2575]], device='cuda:0',
       grad_fn=<SoftmaxBackward0>)
tensor([[0.2481, 0.2442, 0.2584, 0.2493],
        [0.2468, 0.2467, 0.2494, 0.2571],
        [0.2464, 0.2497, 0.2570, 0.2469]], device='cuda:0',
       grad_fn=<SoftmaxBackward0>)
tensor([[0.2484, 0.2435, 0.2597, 0.2484],
        [0.2457, 0.2460, 0.2543, 0.2540],
        [0.2488, 0.2477, 0.2524, 0.2511]], device='cuda:0',
       grad_fn=<SoftmaxBackward0>)
tensor([[0.2468, 0.2483, 0.2587, 0.2463],
        [0.2468, 0.2460, 0.2539, 0.2533],
        [0.2446, 0.2494, 0.2515, 0.2544]], device='cuda:0',
       grad_fn=<SoftmaxBackward0>)
tensor([[0.2443, 0.2500, 0.2598, 0.2460],
        [0.2447, 0.2492, 0.2554, 0.2507],
        [0.2440, 0.2489, 0.2502, 0.2568]], device='cuda:0',
       grad_fn=<SoftmaxBackward0>)
tensor([[0.2489, 0.2424, 0.2530, 0.2556],
        [0.2499, 0.2462, 0.2533, 0.2506],
        [0.2495, 0.2486, 0.2559, 0.2460]], device='cuda:0',
       grad_fn=<SoftmaxBackward0>)
tensor([[0.2469, 0.2461, 0.2558, 0.2512],
        [0.2478, 0.2476, 0.2584, 0.2462],
        [0.2476, 0.2481, 0.2491, 0.2551]], device='cuda:0',
       grad_fn=<SoftmaxBackward0>)
tensor([[0.2484, 0.2359, 0.2676, 0.2481],
        [0.2503, 0.2353, 0.2632, 0.2512]], device='cuda:0',
       grad_fn=<SoftmaxBackward0>)
tensor([[0.2509, 0.2411, 0.2601, 0.2480],
        [0.2516, 0.2405, 0.2621, 0.2458],
        [0.2487, 0.2452, 0.2508, 0.2554]], device='cuda:0',
       grad_fn=<SoftmaxBackward0>)
tensor([[0.2597, 0.2400, 0.2623, 0.2380],
        [0.2517, 0.2360, 0.2485, 0.2638],
        [0.2473, 0.2482, 0.2531, 0.2514]], device='cuda:0',
       grad_fn=<SoftmaxBackward0>)
tensor([[0.2535, 0.2396, 0.2566, 0.2503],
        [0.2527, 0.2451, 0.2550, 0.2472],
        [0.2505, 0.2409, 0.2540, 0.2546]], device='cuda:0',
       grad_fn=<SoftmaxBackward0>)
tensor([[0.2491, 0.2504, 0.2623, 0.2382],
        [0.2482, 0.2456, 0.2544, 0.2518],
        [0.2440, 0.2430, 0.2493, 0.2638]], device='cuda:0',
       grad_fn=<SoftmaxBackward0>)
tensor([[0.2533, 0.2419, 0.2596, 0.2452],
        [0.2549, 0.2398, 0.2528, 0.2525],
        [0.2545, 0.2440, 0.2468, 0.2548]], device='cuda:0',
       grad_fn=<SoftmaxBackward0>)
tensor([[0.2539, 0.2458, 0.2621, 0.2381],
        [0.2518, 0.2436, 0.2509, 0.2536],
        [0.2527, 0.2382, 0.2466, 0.2625]], device='cuda:0',
       grad_fn=<SoftmaxBackward0>)
tensor([[0.2477, 0.2499, 0.2598, 0.2426],
        [0.2500, 0.2444, 0.2515, 0.2541],
        [0.2479, 0.2465, 0.2503, 0.2553]], device='cuda:0',
       grad_fn=<SoftmaxBackward0>)
tensor([[0.2636, 0.2462, 0.2534, 0.2368],
        [0.2551, 0.2432, 0.2492, 0.2526],
        [0.2519, 0.2403, 0.2419, 0.2660]], device='cuda:0',
       grad_fn=<SoftmaxBackward0>)
tensor([[0.2581, 0.2468, 0.2502, 0.2449],
        [0.2488, 0.2430, 0.2513, 0.2569],
        [0.2570, 0.2470, 0.2463, 0.2497]], device='cuda:0',
       grad_fn=<SoftmaxBackward0>)
#####################
11/13 12:24:31AM searchStage_trainer.py:265 [INFO] Train: Epoch: [3][100/390]	Step 1273	lr 0.02479	Loss 3.8033 (3.7348)	Hard Loss 3.8033 (3.7348)	Soft Loss 3.8033 (3.7348)	Arch Loss 3.8263 (3.7411)	Arch Hard Loss 3.8263 (3.7411)	Arch Soft Loss 3.8263 (3.7411)	Arch depth Loss 0.0000 (0.0000)	Prec@(1,5) (11.1%, 34.2%)	
11/13 12:25:10AM searchStage_trainer.py:265 [INFO] Train: Epoch: [3][200/390]	Step 1373	lr 0.02479	Loss 3.7072 (3.7221)	Hard Loss 3.7072 (3.7221)	Soft Loss 3.7072 (3.7221)	Arch Loss 3.7702 (3.7221)	Arch Hard Loss 3.7702 (3.7221)	Arch Soft Loss 3.7702 (3.7221)	Arch depth Loss 0.0000 (0.0000)	Prec@(1,5) (11.4%, 34.7%)	
11/13 12:25:49AM searchStage_trainer.py:265 [INFO] Train: Epoch: [3][300/390]	Step 1473	lr 0.02479	Loss 3.7510 (3.7039)	Hard Loss 3.7510 (3.7039)	Soft Loss 3.7510 (3.7039)	Arch Loss 3.5467 (3.6961)	Arch Hard Loss 3.5467 (3.6961)	Arch Soft Loss 3.5467 (3.6961)	Arch depth Loss 0.0000 (0.0000)	Prec@(1,5) (11.8%, 35.6%)	
11/13 12:26:23AM searchStage_trainer.py:265 [INFO] Train: Epoch: [3][390/390]	Step 1563	lr 0.02479	Loss 3.5265 (3.6864)	Hard Loss 3.5265 (3.6864)	Soft Loss 3.5265 (3.6864)	Arch Loss 3.4744 (3.6805)	Arch Hard Loss 3.4744 (3.6805)	Arch Soft Loss 3.4744 (3.6805)	Arch depth Loss 0.0000 (0.0000)	Prec@(1,5) (12.4%, 36.1%)	
11/13 12:26:24AM searchStage_trainer.py:281 [INFO] Train: [  3/49] Final Prec@1 12.3560%
11/13 12:26:31AM searchStage_trainer.py:309 [INFO] Valid: Epoch: [3][100/391]	Step 1564	Loss 3.5801	Prec@(1,5) (13.7%, 39.0%)
11/13 12:26:37AM searchStage_trainer.py:309 [INFO] Valid: Epoch: [3][200/391]	Step 1564	Loss 3.5777	Prec@(1,5) (13.8%, 39.1%)
11/13 12:26:43AM searchStage_trainer.py:309 [INFO] Valid: Epoch: [3][300/391]	Step 1564	Loss 3.5756	Prec@(1,5) (13.8%, 39.4%)
11/13 12:26:48AM searchStage_trainer.py:309 [INFO] Valid: Epoch: [3][390/391]	Step 1564	Loss 3.5722	Prec@(1,5) (13.8%, 39.3%)
11/13 12:26:49AM searchStage_trainer.py:320 [INFO] Valid: [  3/49] Final Prec@1 13.8200%
11/13 12:26:49AM trainer_runner.py:74 [INFO] DAG = Genotype2(DAG1=[[('skip_connect', 1), ('skip_connect', 0)], [('skip_connect', 0), ('max_pool_3x3', 1)], [('skip_connect', 1), ('skip_connect', 2)], [('skip_connect', 2), ('skip_connect', 3)], [('skip_connect', 3), ('skip_connect', 5)], [('skip_connect', 4), ('skip_connect', 5)], [('skip_connect', 5), ('skip_connect', 6)], [('skip_connect', 6), ('max_pool_3x3', 7)], [('skip_connect', 7), ('skip_connect', 8)], [('skip_connect', 8), ('skip_connect', 9)]], DAG1_concat=range(10, 12), DAG2=[[('skip_connect', 0), ('skip_connect', 1)], [('skip_connect', 0), ('skip_connect', 1)], [('skip_connect', 1), ('skip_connect', 2)], [('skip_connect', 2), ('skip_connect', 3)], [('skip_connect', 3), ('skip_connect', 5)], [('skip_connect', 4), ('skip_connect', 6)], [('skip_connect', 5), ('skip_connect', 6)], [('skip_connect', 6), ('skip_connect', 7)], [('skip_connect', 9), ('skip_connect', 7)], [('skip_connect', 9), ('skip_connect', 8)]], DAG2_concat=range(10, 12), DAG3=[[('skip_connect', 0), ('skip_connect', 1)], [('skip_connect', 1), ('skip_connect', 0)], [('skip_connect', 1), ('max_pool_3x3', 3)], [('skip_connect', 3), ('skip_connect', 2)], [('skip_connect', 3), ('skip_connect', 4)], [('skip_connect', 4), ('max_pool_3x3', 6)], [('skip_connect', 5), ('max_pool_3x3', 6)], [('skip_connect', 6), ('skip_connect', 7)], [('max_pool_3x3', 7), ('max_pool_3x3', 8)], [('max_pool_3x3', 10), ('max_pool_3x3', 8)]], DAG3_concat=range(10, 12))
11/13 12:26:49AM trainer_runner.py:105 [INFO] Until now, best Prec@1 = 13.8200%
####### ALPHA #######
# Alpha - DAG
tensor([[0.2502, 0.2490, 0.2508, 0.2499],
        [0.2500, 0.2488, 0.2514, 0.2498]], device='cuda:0',
       grad_fn=<SoftmaxBackward0>)
tensor([[0.2521, 0.2478, 0.2522, 0.2479],
        [0.2510, 0.2478, 0.2510, 0.2502],
        [0.2509, 0.2489, 0.2486, 0.2516]], device='cuda:0',
       grad_fn=<SoftmaxBackward0>)
tensor([[0.2526, 0.2483, 0.2567, 0.2423],
        [0.2494, 0.2495, 0.2500, 0.2511],
        [0.2493, 0.2482, 0.2472, 0.2554]], device='cuda:0',
       grad_fn=<SoftmaxBackward0>)
tensor([[0.2493, 0.2504, 0.2547, 0.2455],
        [0.2495, 0.2483, 0.2514, 0.2508],
        [0.2499, 0.2467, 0.2496, 0.2538]], device='cuda:0',
