08/23 12:19:51AM parser.py:28 [INFO] 
08/23 12:19:51AM parser.py:29 [INFO] Parameters:
08/23 12:19:51AM parser.py:31 [INFO] DAG_PATH=results/search_stage_KD/cifar100/noDepthLoss/s1-BaselineBestCell/DAG
08/23 12:19:51AM parser.py:31 [INFO] T=10.0
08/23 12:19:51AM parser.py:31 [INFO] ADVANCED=True
08/23 12:19:51AM parser.py:31 [INFO] ALPHA_LR=0.0003
08/23 12:19:51AM parser.py:31 [INFO] ALPHA_WEIGHT_DECAY=0.001
08/23 12:19:51AM parser.py:31 [INFO] BATCH_SIZE=64
08/23 12:19:51AM parser.py:31 [INFO] CASCADE=False
08/23 12:19:51AM parser.py:31 [INFO] CHECKPOINT_RESET=False
08/23 12:19:51AM parser.py:31 [INFO] CUTOUT_LENGTH=0
08/23 12:19:51AM parser.py:31 [INFO] DATA_PATH=../data/
08/23 12:19:51AM parser.py:31 [INFO] DATASET=cifar100
08/23 12:19:51AM parser.py:31 [INFO] DEPTH_COEF=0.0
08/23 12:19:51AM parser.py:31 [INFO] DESCRIPTION=BASELINE_on_noKD_without_depth_loss
08/23 12:19:51AM parser.py:31 [INFO] EPOCHS=50
08/23 12:19:51AM parser.py:31 [INFO] EXP_NAME=s1-BaselineBestCell
08/23 12:19:51AM parser.py:31 [INFO] GENOTYPE=Genotype3(normal1=[[('sep_conv_5x5', 0), ('sep_conv_3x3', 1)], [('sep_conv_3x3', 1), ('sep_conv_3x3', 0)], [('sep_conv_3x3', 1), ('sep_conv_3x3', 2)], [('sep_conv_3x3', 0), ('sep_conv_5x5', 4)]], normal1_concat=range(2, 6), reduce1=[[('sep_conv_3x3', 0), ('skip_connect', 1)], [('sep_conv_3x3', 1), ('max_pool_3x3', 0)], [('sep_conv_3x3', 2), ('sep_conv_3x3', 1)], [('max_pool_3x3', 0), ('dil_conv_3x3', 1)]], reduce1_concat=range(2, 6), normal2=[[('skip_connect', 0), ('sep_conv_5x5', 1)], [('skip_connect', 0), ('skip_connect', 2)], [('avg_pool_3x3', 0), ('avg_pool_3x3', 2)], [('skip_connect', 0), ('avg_pool_3x3', 2)]], normal2_concat=range(2, 6), reduce2=[[('avg_pool_3x3', 0), ('avg_pool_3x3', 1)], [('avg_pool_3x3', 0), ('skip_connect', 2)], [('skip_connect', 2), ('avg_pool_3x3', 0)], [('skip_connect', 2), ('avg_pool_3x3', 0)]], reduce2_concat=range(2, 6), normal3=[[('skip_connect', 0), ('skip_connect', 1)], [('skip_connect', 0), ('dil_conv_3x3', 1)], [('skip_connect', 0), ('skip_connect', 1)], [('skip_connect', 0), ('skip_connect', 2)]], normal3_concat=range(2, 6))
08/23 12:19:51AM parser.py:31 [INFO] GPUS=[0]
08/23 12:19:51AM parser.py:31 [INFO] INIT_CHANNELS=16
08/23 12:19:51AM parser.py:31 [INFO] L=0.5
08/23 12:19:51AM parser.py:31 [INFO] LAYERS=20
08/23 12:19:51AM parser.py:31 [INFO] LOGGER=<Logger H-DAS (INFO)>
08/23 12:19:51AM parser.py:31 [INFO] NAME=noDepthLoss
08/23 12:19:51AM parser.py:31 [INFO] NONKD=True
08/23 12:19:51AM parser.py:31 [INFO] PATH=results/search_stage_KD/cifar100/noDepthLoss/s1-BaselineBestCell
08/23 12:19:51AM parser.py:31 [INFO] PCDARTS=False
08/23 12:19:51AM parser.py:31 [INFO] PLOT_PATH=results/search_stage_KD/cifar100/noDepthLoss/s1-BaselineBestCell/plots
08/23 12:19:51AM parser.py:31 [INFO] PRINT_FREQ=50
08/23 12:19:51AM parser.py:31 [INFO] RESUME_PATH=None
08/23 12:19:51AM parser.py:31 [INFO] SAVE=s1-BaselineBestCell
08/23 12:19:51AM parser.py:31 [INFO] SEED=1
08/23 12:19:51AM parser.py:31 [INFO] SHARE_STAGE=False
08/23 12:19:51AM parser.py:31 [INFO] SPEC_CELL=True
08/23 12:19:51AM parser.py:31 [INFO] TEACHER_NAME=non
08/23 12:19:51AM parser.py:31 [INFO] TEACHER_PATH=non
08/23 12:19:51AM parser.py:31 [INFO] TRAIN_PORTION=0.5
08/23 12:19:51AM parser.py:31 [INFO] W_GRAD_CLIP=5.0
08/23 12:19:51AM parser.py:31 [INFO] W_LR=0.025
08/23 12:19:51AM parser.py:31 [INFO] W_LR_MIN=0.001
08/23 12:19:51AM parser.py:31 [INFO] W_MOMENTUM=0.9
08/23 12:19:51AM parser.py:31 [INFO] W_WEIGHT_DECAY=0.0003
08/23 12:19:51AM parser.py:31 [INFO] WORKERS=4
08/23 12:19:51AM parser.py:32 [INFO] 
08/23 12:20:07AM searchStage_trainer.py:137 [INFO] --> No loaded checkpoint!
####### ALPHA #######
# Alpha - DAG
tensor([[0.2501, 0.2500, 0.2499, 0.2501],
        [0.2500, 0.2501, 0.2497, 0.2502]], device='cuda:0',
       grad_fn=<SoftmaxBackward0>)
tensor([[0.2499, 0.2500, 0.2499, 0.2501],
        [0.2500, 0.2498, 0.2501, 0.2501],
        [0.2501, 0.2500, 0.2498, 0.2501]], device='cuda:0',
       grad_fn=<SoftmaxBackward0>)
tensor([[0.2508, 0.2494, 0.2503, 0.2496],
        [0.2498, 0.2496, 0.2501, 0.2504],
        [0.2502, 0.2498, 0.2498, 0.2502]], device='cuda:0',
       grad_fn=<SoftmaxBackward0>)
tensor([[0.2501, 0.2495, 0.2503, 0.2501],
        [0.2502, 0.2499, 0.2498, 0.2501],
        [0.2500, 0.2501, 0.2498, 0.2501]], device='cuda:0',
       grad_fn=<SoftmaxBackward0>)
tensor([[0.2499, 0.2502, 0.2501, 0.2498],
        [0.2499, 0.2502, 0.2500, 0.2499],
        [0.2497, 0.2503, 0.2501, 0.2499]], device='cuda:0',
       grad_fn=<SoftmaxBackward0>)
tensor([[0.2501, 0.2498, 0.2501, 0.2500],
        [0.2495, 0.2498, 0.2503, 0.2503],
        [0.2499, 0.2503, 0.2497, 0.2501]], device='cuda:0',
       grad_fn=<SoftmaxBackward0>)
tensor([[0.2498, 0.2499, 0.2501, 0.2502],
        [0.2500, 0.2503, 0.2496, 0.2501]], device='cuda:0',
       grad_fn=<SoftmaxBackward0>)
tensor([[0.2500, 0.2502, 0.2500, 0.2498],
        [0.2501, 0.2499, 0.2502, 0.2498],
        [0.2504, 0.2499, 0.2502, 0.2495]], device='cuda:0',
       grad_fn=<SoftmaxBackward0>)
tensor([[0.2499, 0.2498, 0.2503, 0.2500],
        [0.2498, 0.2502, 0.2502, 0.2498],
        [0.2502, 0.2502, 0.2502, 0.2494]], device='cuda:0',
       grad_fn=<SoftmaxBackward0>)
tensor([[0.2502, 0.2499, 0.2497, 0.2502],
        [0.2500, 0.2498, 0.2499, 0.2503],
        [0.2502, 0.2498, 0.2503, 0.2497]], device='cuda:0',
       grad_fn=<SoftmaxBackward0>)
tensor([[0.2500, 0.2499, 0.2500, 0.2501],
        [0.2501, 0.2498, 0.2500, 0.2502],
        [0.2500, 0.2497, 0.2503, 0.2500]], device='cuda:0',
       grad_fn=<SoftmaxBackward0>)
tensor([[0.2497, 0.2501, 0.2500, 0.2501],
        [0.2499, 0.2505, 0.2498, 0.2498],
        [0.2502, 0.2500, 0.2500, 0.2499]], device='cuda:0',
       grad_fn=<SoftmaxBackward0>)
tensor([[0.2502, 0.2499, 0.2499, 0.2500],
        [0.2501, 0.2502, 0.2499, 0.2497]], device='cuda:0',
       grad_fn=<SoftmaxBackward0>)
tensor([[0.2499, 0.2501, 0.2499, 0.2501],
        [0.2499, 0.2504, 0.2494, 0.2504],
        [0.2499, 0.2501, 0.2501, 0.2499]], device='cuda:0',
       grad_fn=<SoftmaxBackward0>)
tensor([[0.2500, 0.2503, 0.2498, 0.2499],
        [0.2501, 0.2503, 0.2499, 0.2497],
        [0.2500, 0.2500, 0.2499, 0.2500]], device='cuda:0',
       grad_fn=<SoftmaxBackward0>)
tensor([[0.2499, 0.2499, 0.2503, 0.2498],
        [0.2498, 0.2502, 0.2498, 0.2502],
        [0.2499, 0.2500, 0.2505, 0.2497]], device='cuda:0',
       grad_fn=<SoftmaxBackward0>)
tensor([[0.2500, 0.2499, 0.2500, 0.2500],
        [0.2499, 0.2499, 0.2500, 0.2501],
        [0.2499, 0.2500, 0.2500, 0.2501]], device='cuda:0',
       grad_fn=<SoftmaxBackward0>)
tensor([[0.2497, 0.2500, 0.2500, 0.2503],
        [0.2495, 0.2498, 0.2503, 0.2504],
        [0.2498, 0.2498, 0.2501, 0.2503]], device='cuda:0',
       grad_fn=<SoftmaxBackward0>)
#####################
08/23 12:20:22AM searchStage_trainer.py:268 [INFO] Train: Epoch: [0][50/390]	Step 50	lr 0.025	Loss 4.5871 (4.7320)	Hard Loss 4.5871 (4.7320)	Soft Loss 4.5871 (4.7320)	Arch Loss 4.5200 (4.7136)	Arch Hard Loss 4.5200 (4.7136)	Arch Soft Loss 4.5200 (4.7136)	Arch depth Loss 0.0000 (0.0000)	Prec@(1,5) (2.0%, 7.7%)	
08/23 12:20:34AM searchStage_trainer.py:268 [INFO] Train: Epoch: [0][100/390]	Step 100	lr 0.025	Loss 4.3005 (4.6093)	Hard Loss 4.3005 (4.6093)	Soft Loss 4.3005 (4.6093)	Arch Loss 4.4053 (4.6021)	Arch Hard Loss 4.4053 (4.6021)	Arch Soft Loss 4.4053 (4.6021)	Arch depth Loss 0.0000 (0.0000)	Prec@(1,5) (2.4%, 10.2%)	
08/23 12:20:47AM searchStage_trainer.py:268 [INFO] Train: Epoch: [0][150/390]	Step 150	lr 0.025	Loss 4.3772 (4.5210)	Hard Loss 4.3772 (4.5210)	Soft Loss 4.3772 (4.5210)	Arch Loss 4.2094 (4.5043)	Arch Hard Loss 4.2094 (4.5043)	Arch Soft Loss 4.2094 (4.5043)	Arch depth Loss 0.0000 (0.0000)	Prec@(1,5) (2.8%, 11.9%)	
08/23 12:20:59AM searchStage_trainer.py:268 [INFO] Train: Epoch: [0][200/390]	Step 200	lr 0.025	Loss 4.0653 (4.4447)	Hard Loss 4.0653 (4.4447)	Soft Loss 4.0653 (4.4447)	Arch Loss 4.0177 (4.4349)	Arch Hard Loss 4.0177 (4.4349)	Arch Soft Loss 4.0177 (4.4349)	Arch depth Loss 0.0000 (0.0000)	Prec@(1,5) (3.3%, 13.7%)	
08/23 12:21:11AM searchStage_trainer.py:268 [INFO] Train: Epoch: [0][250/390]	Step 250	lr 0.025	Loss 4.2562 (4.3914)	Hard Loss 4.2562 (4.3914)	Soft Loss 4.2562 (4.3914)	Arch Loss 4.0057 (4.3773)	Arch Hard Loss 4.0057 (4.3773)	Arch Soft Loss 4.0057 (4.3773)	Arch depth Loss 0.0000 (0.0000)	Prec@(1,5) (3.6%, 14.9%)	
08/23 12:21:23AM searchStage_trainer.py:268 [INFO] Train: Epoch: [0][300/390]	Step 300	lr 0.025	Loss 3.9732 (4.3393)	Hard Loss 3.9732 (4.3393)	Soft Loss 3.9732 (4.3393)	Arch Loss 4.0753 (4.3266)	Arch Hard Loss 4.0753 (4.3266)	Arch Soft Loss 4.0753 (4.3266)	Arch depth Loss 0.0000 (0.0000)	Prec@(1,5) (4.0%, 16.1%)	
08/23 12:21:35AM searchStage_trainer.py:268 [INFO] Train: Epoch: [0][350/390]	Step 350	lr 0.025	Loss 4.0579 (4.3008)	Hard Loss 4.0579 (4.3008)	Soft Loss 4.0579 (4.3008)	Arch Loss 3.8387 (4.2860)	Arch Hard Loss 3.8387 (4.2860)	Arch Soft Loss 3.8387 (4.2860)	Arch depth Loss 0.0000 (0.0000)	Prec@(1,5) (4.3%, 17.0%)	
08/23 12:21:45AM searchStage_trainer.py:268 [INFO] Train: Epoch: [0][390/390]	Step 390	lr 0.025	Loss 4.0292 (4.2744)	Hard Loss 4.0292 (4.2744)	Soft Loss 4.0292 (4.2744)	Arch Loss 4.0647 (4.2561)	Arch Hard Loss 4.0647 (4.2561)	Arch Soft Loss 4.0647 (4.2561)	Arch depth Loss 0.0000 (0.0000)	Prec@(1,5) (4.5%, 17.6%)	
08/23 12:21:46AM searchStage_trainer.py:284 [INFO] Train: [  0/49] Final Prec@1 4.4680%
08/23 12:21:48AM searchStage_trainer.py:312 [INFO] Valid: Epoch: [0][50/391]	Step 391	Loss 4.0589	Prec@(1,5) (6.4%, 24.5%)
08/23 12:21:50AM searchStage_trainer.py:312 [INFO] Valid: Epoch: [0][100/391]	Step 391	Loss 4.0505	Prec@(1,5) (6.6%, 24.3%)
08/23 12:21:52AM searchStage_trainer.py:312 [INFO] Valid: Epoch: [0][150/391]	Step 391	Loss 4.0428	Prec@(1,5) (6.8%, 24.7%)
08/23 12:21:54AM searchStage_trainer.py:312 [INFO] Valid: Epoch: [0][200/391]	Step 391	Loss 4.0332	Prec@(1,5) (6.6%, 24.7%)
08/23 12:21:56AM searchStage_trainer.py:312 [INFO] Valid: Epoch: [0][250/391]	Step 391	Loss 4.0330	Prec@(1,5) (6.5%, 24.5%)
08/23 12:21:58AM searchStage_trainer.py:312 [INFO] Valid: Epoch: [0][300/391]	Step 391	Loss 4.0346	Prec@(1,5) (6.5%, 24.4%)
08/23 12:22:00AM searchStage_trainer.py:312 [INFO] Valid: Epoch: [0][350/391]	Step 391	Loss 4.0324	Prec@(1,5) (6.6%, 24.5%)
08/23 12:22:01AM searchStage_trainer.py:312 [INFO] Valid: Epoch: [0][390/391]	Step 391	Loss 4.0307	Prec@(1,5) (6.5%, 24.6%)
08/23 12:22:01AM searchStage_trainer.py:323 [INFO] Valid: [  0/49] Final Prec@1 6.4960%
08/23 12:22:01AM searchStage_KD_main.py:58 [INFO] DAG = Genotype2(DAG1=[[('skip_connect', 0), ('skip_connect', 1)], [('max_pool_3x3', 2), ('max_pool_3x3', 1)], [('max_pool_3x3', 1), ('max_pool_3x3', 2)], [('max_pool_3x3', 3), ('max_pool_3x3', 4)], [('max_pool_3x3', 3), ('avg_pool_3x3', 4)], [('skip_connect', 4), ('skip_connect', 5)]], DAG1_concat=range(6, 8), DAG2=[[('skip_connect', 1), ('skip_connect', 0)], [('skip_connect', 0), ('max_pool_3x3', 1)], [('max_pool_3x3', 1), ('skip_connect', 2)], [('skip_connect', 2), ('skip_connect', 3)], [('skip_connect', 3), ('avg_pool_3x3', 4)], [('skip_connect', 5), ('skip_connect', 4)]], DAG2_concat=range(6, 8), DAG3=[[('skip_connect', 1), ('skip_connect', 0)], [('skip_connect', 1), ('skip_connect', 0)], [('skip_connect', 1), ('skip_connect', 3)], [('skip_connect', 2), ('skip_connect', 3)], [('skip_connect', 3), ('skip_connect', 4)], [('skip_connect', 5), ('skip_connect', 4)]], DAG3_concat=range(6, 8))
08/23 12:22:02AM searchStage_KD_main.py:89 [INFO] Until now, best Prec@1 = 6.4960%
####### ALPHA #######
# Alpha - DAG
tensor([[0.2500, 0.2496, 0.2513, 0.2492],
        [0.2495, 0.2493, 0.2502, 0.2510]], device='cuda:0',
       grad_fn=<SoftmaxBackward0>)
tensor([[0.2506, 0.2488, 0.2496, 0.2509],
        [0.2507, 0.2490, 0.2505, 0.2498],
        [0.2509, 0.2501, 0.2491, 0.2499]], device='cuda:0',
       grad_fn=<SoftmaxBackward0>)
tensor([[0.2516, 0.2483, 0.2511, 0.2490],
        [0.2512, 0.2488, 0.2506, 0.2494],
        [0.2498, 0.2494, 0.2492, 0.2516]], device='cuda:0',
       grad_fn=<SoftmaxBackward0>)
tensor([[0.2512, 0.2487, 0.2500, 0.2502],
        [0.2517, 0.2498, 0.2493, 0.2491],
        [0.2513, 0.2488, 0.2490, 0.2509]], device='cuda:0',
       grad_fn=<SoftmaxBackward0>)
tensor([[0.2515, 0.2494, 0.2486, 0.2506],
        [0.2503, 0.2504, 0.2498, 0.2495],
        [0.2502, 0.2502, 0.2501, 0.2495]], device='cuda:0',
       grad_fn=<SoftmaxBackward0>)
tensor([[0.2503, 0.2476, 0.2518, 0.2502],
        [0.2510, 0.2479, 0.2512, 0.2499],
        [0.2489, 0.2502, 0.2501, 0.2508]], device='cuda:0',
       grad_fn=<SoftmaxBackward0>)
tensor([[0.2480, 0.2487, 0.2514, 0.2520],
        [0.2499, 0.2509, 0.2512, 0.2479]], device='cuda:0',
       grad_fn=<SoftmaxBackward0>)
tensor([[0.2505, 0.2489, 0.2531, 0.2474],
        [0.2515, 0.2477, 0.2515, 0.2494],
        [0.2482, 0.2503, 0.2501, 0.2515]], device='cuda:0',
       grad_fn=<SoftmaxBackward0>)
tensor([[0.2512, 0.2484, 0.2500, 0.2503],
        [0.2499, 0.2504, 0.2511, 0.2486],
        [0.2467, 0.2504, 0.2515, 0.2514]], device='cuda:0',
       grad_fn=<SoftmaxBackward0>)
tensor([[0.2490, 0.2509, 0.2537, 0.2464],
        [0.2465, 0.2496, 0.2527, 0.2513],
        [0.2454, 0.2504, 0.2496, 0.2546]], device='cuda:0',
       grad_fn=<SoftmaxBackward0>)
tensor([[0.2467, 0.2512, 0.2554, 0.2467],
        [0.2473, 0.2517, 0.2498, 0.2511],
        [0.2472, 0.2500, 0.2490, 0.2538]], device='cuda:0',
       grad_fn=<SoftmaxBackward0>)
tensor([[0.2491, 0.2498, 0.2512, 0.2499],
        [0.2479, 0.2499, 0.2528, 0.2493],
        [0.2492, 0.2491, 0.2500, 0.2517]], device='cuda:0',
       grad_fn=<SoftmaxBackward0>)
tensor([[0.2419, 0.2487, 0.2596, 0.2498],
        [0.2422, 0.2485, 0.2608, 0.2486]], device='cuda:0',
       grad_fn=<SoftmaxBackward0>)
tensor([[0.2440, 0.2491, 0.2577, 0.2491],
        [0.2428, 0.2486, 0.2598, 0.2488],
        [0.2455, 0.2515, 0.2519, 0.2511]], device='cuda:0',
       grad_fn=<SoftmaxBackward0>)
tensor([[0.2472, 0.2507, 0.2570, 0.2450],
        [0.2475, 0.2485, 0.2511, 0.2529],
        [0.2440, 0.2510, 0.2538, 0.2513]], device='cuda:0',
       grad_fn=<SoftmaxBackward0>)
tensor([[0.2441, 0.2496, 0.2564, 0.2499],
        [0.2431, 0.2515, 0.2549, 0.2505],
        [0.2442, 0.2515, 0.2532, 0.2511]], device='cuda:0',
       grad_fn=<SoftmaxBackward0>)
tensor([[0.2461, 0.2519, 0.2545, 0.2476],
        [0.2445, 0.2518, 0.2534, 0.2503],
        [0.2427, 0.2501, 0.2528, 0.2544]], device='cuda:0',
       grad_fn=<SoftmaxBackward0>)
tensor([[0.2460, 0.2522, 0.2531, 0.2487],
        [0.2460, 0.2506, 0.2532, 0.2501],
        [0.2466, 0.2487, 0.2506, 0.2541]], device='cuda:0',
       grad_fn=<SoftmaxBackward0>)
#####################
08/23 12:22:15午前 searchStage_trainer.py:268 [INFO] Train: Epoch: [1][50/390]	Step 441	lr 0.02498	Loss 3.6844 (3.9836)	Hard Loss 3.6844 (3.9836)	Soft Loss 3.6844 (3.9836)	Arch Loss 3.9632 (3.9903)	Arch Hard Loss 3.9632 (3.9903)	Arch Soft Loss 3.9632 (3.9903)	Arch depth Loss 0.0000 (0.0000)	Prec@(1,5) (7.1%, 25.7%)	
08/23 12:22:27午前 searchStage_trainer.py:268 [INFO] Train: Epoch: [1][100/390]	Step 491	lr 0.02498	Loss 4.0778 (3.9614)	Hard Loss 4.0778 (3.9614)	Soft Loss 4.0778 (3.9614)	Arch Loss 4.0407 (3.9626)	Arch Hard Loss 4.0407 (3.9626)	Arch Soft Loss 4.0407 (3.9626)	Arch depth Loss 0.0000 (0.0000)	Prec@(1,5) (7.1%, 25.6%)	
08/23 12:22:39午前 searchStage_trainer.py:268 [INFO] Train: Epoch: [1][150/390]	Step 541	lr 0.02498	Loss 3.7871 (3.9540)	Hard Loss 3.7871 (3.9540)	Soft Loss 3.7871 (3.9540)	Arch Loss 3.6812 (3.9498)	Arch Hard Loss 3.6812 (3.9498)	Arch Soft Loss 3.6812 (3.9498)	Arch depth Loss 0.0000 (0.0000)	Prec@(1,5) (7.4%, 26.3%)	
08/23 12:22:52午前 searchStage_trainer.py:268 [INFO] Train: Epoch: [1][200/390]	Step 591	lr 0.02498	Loss 3.9763 (3.9401)	Hard Loss 3.9763 (3.9401)	Soft Loss 3.9763 (3.9401)	Arch Loss 3.9951 (3.9351)	Arch Hard Loss 3.9951 (3.9351)	Arch Soft Loss 3.9951 (3.9351)	Arch depth Loss 0.0000 (0.0000)	Prec@(1,5) (7.8%, 26.9%)	
08/23 12:23:03午前 searchStage_trainer.py:268 [INFO] Train: Epoch: [1][250/390]	Step 641	lr 0.02498	Loss 3.8975 (3.9228)	Hard Loss 3.8975 (3.9228)	Soft Loss 3.8975 (3.9228)	Arch Loss 3.8137 (3.9151)	Arch Hard Loss 3.8137 (3.9151)	Arch Soft Loss 3.8137 (3.9151)	Arch depth Loss 0.0000 (0.0000)	Prec@(1,5) (8.0%, 27.5%)	
08/23 12:23:15午前 searchStage_trainer.py:268 [INFO] Train: Epoch: [1][300/390]	Step 691	lr 0.02498	Loss 3.7372 (3.9094)	Hard Loss 3.7372 (3.9094)	Soft Loss 3.7372 (3.9094)	Arch Loss 3.8096 (3.9008)	Arch Hard Loss 3.8096 (3.9008)	Arch Soft Loss 3.8096 (3.9008)	Arch depth Loss 0.0000 (0.0000)	Prec@(1,5) (8.2%, 28.0%)	
08/23 12:23:27午前 searchStage_trainer.py:268 [INFO] Train: Epoch: [1][350/390]	Step 741	lr 0.02498	Loss 4.0062 (3.9000)	Hard Loss 4.0062 (3.9000)	Soft Loss 4.0062 (3.9000)	Arch Loss 3.7148 (3.8887)	Arch Hard Loss 3.7148 (3.8887)	Arch Soft Loss 3.7148 (3.8887)	Arch depth Loss 0.0000 (0.0000)	Prec@(1,5) (8.6%, 28.6%)	
08/23 12:23:36午前 searchStage_trainer.py:268 [INFO] Train: Epoch: [1][390/390]	Step 781	lr 0.02498	Loss 3.5850 (3.8896)	Hard Loss 3.5850 (3.8896)	Soft Loss 3.5850 (3.8896)	Arch Loss 3.6233 (3.8754)	Arch Hard Loss 3.6233 (3.8754)	Arch Soft Loss 3.6233 (3.8754)	Arch depth Loss 0.0000 (0.0000)	Prec@(1,5) (8.8%, 29.0%)	
08/23 12:23:37午前 searchStage_trainer.py:284 [INFO] Train: [  1/49] Final Prec@1 8.8080%
08/23 12:23:39午前 searchStage_trainer.py:312 [INFO] Valid: Epoch: [1][50/391]	Step 782	Loss 3.7446	Prec@(1,5) (11.2%, 33.3%)
08/23 12:23:41午前 searchStage_trainer.py:312 [INFO] Valid: Epoch: [1][100/391]	Step 782	Loss 3.7644	Prec@(1,5) (10.9%, 33.4%)
08/23 12:23:43午前 searchStage_trainer.py:312 [INFO] Valid: Epoch: [1][150/391]	Step 782	Loss 3.7542	Prec@(1,5) (11.0%, 33.5%)
08/23 12:23:44午前 searchStage_trainer.py:312 [INFO] Valid: Epoch: [1][200/391]	Step 782	Loss 3.7556	Prec@(1,5) (11.0%, 33.4%)
08/23 12:23:46午前 searchStage_trainer.py:312 [INFO] Valid: Epoch: [1][250/391]	Step 782	Loss 3.7678	Prec@(1,5) (10.8%, 33.1%)
08/23 12:23:48午前 searchStage_trainer.py:312 [INFO] Valid: Epoch: [1][300/391]	Step 782	Loss 3.7692	Prec@(1,5) (10.7%, 32.8%)
08/23 12:23:50午前 searchStage_trainer.py:312 [INFO] Valid: Epoch: [1][350/391]	Step 782	Loss 3.7719	Prec@(1,5) (10.6%, 32.8%)
08/23 12:23:51午前 searchStage_trainer.py:312 [INFO] Valid: Epoch: [1][390/391]	Step 782	Loss 3.7690	Prec@(1,5) (10.7%, 32.9%)
08/23 12:23:51午前 searchStage_trainer.py:323 [INFO] Valid: [  1/49] Final Prec@1 10.7120%
08/23 12:23:51午前 searchStage_KD_main.py:58 [INFO] DAG = Genotype2(DAG1=[[('skip_connect', 0), ('skip_connect', 1)], [('skip_connect', 1), ('max_pool_3x3', 0)], [('max_pool_3x3', 1), ('skip_connect', 2)], [('max_pool_3x3', 3), ('skip_connect', 2)], [('skip_connect', 4), ('skip_connect', 5)], [('skip_connect', 4), ('skip_connect', 5)]], DAG1_concat=range(6, 8), DAG2=[[('skip_connect', 0), ('skip_connect', 1)], [('skip_connect', 0), ('skip_connect', 1)], [('max_pool_3x3', 1), ('skip_connect', 3)], [('skip_connect', 2), ('skip_connect', 3)], [('skip_connect', 3), ('skip_connect', 4)], [('skip_connect', 5), ('skip_connect', 6)]], DAG2_concat=range(6, 8), DAG3=[[('skip_connect', 1), ('skip_connect', 0)], [('skip_connect', 1), ('skip_connect', 0)], [('skip_connect', 1), ('skip_connect', 3)], [('skip_connect', 2), ('skip_connect', 3)], [('skip_connect', 3), ('avg_pool_3x3', 4)], [('avg_pool_3x3', 4), ('max_pool_3x3', 6)]], DAG3_concat=range(6, 8))
08/23 12:23:52午前 searchStage_KD_main.py:89 [INFO] Until now, best Prec@1 = 10.7120%
####### ALPHA #######
# Alpha - DAG
tensor([[0.2510, 0.2467, 0.2538, 0.2485],
        [0.2503, 0.2462, 0.2518, 0.2517]], device='cuda:0',
       grad_fn=<SoftmaxBackward0>)
tensor([[0.2526, 0.2469, 0.2509, 0.2496],
        [0.2516, 0.2462, 0.2524, 0.2498],
        [0.2506, 0.2498, 0.2487, 0.2509]], device='cuda:0',
       grad_fn=<SoftmaxBackward0>)
tensor([[0.2545, 0.2445, 0.2535, 0.2475],
        [0.2505, 0.2492, 0.2524, 0.2480],
        [0.2494, 0.2478, 0.2476, 0.2551]], device='cuda:0',
       grad_fn=<SoftmaxBackward0>)
tensor([[0.2509, 0.2470, 0.2523, 0.2497],
        [0.2532, 0.2479, 0.2494, 0.2496],
        [0.2501, 0.2486, 0.2500, 0.2513]], device='cuda:0',
       grad_fn=<SoftmaxBackward0>)
tensor([[0.2495, 0.2500, 0.2492, 0.2513],
        [0.2500, 0.2504, 0.2532, 0.2464],
        [0.2470, 0.2496, 0.2510, 0.2524]], device='cuda:0',
       grad_fn=<SoftmaxBackward0>)
tensor([[0.2529, 0.2459, 0.2535, 0.2478],
        [0.2532, 0.2462, 0.2536, 0.2469],
        [0.2453, 0.2477, 0.2502, 0.2568]], device='cuda:0',
       grad_fn=<SoftmaxBackward0>)
tensor([[0.2441, 0.2453, 0.2588, 0.2518],
        [0.2476, 0.2479, 0.2579, 0.2466]], device='cuda:0',
       grad_fn=<SoftmaxBackward0>)
tensor([[0.2462, 0.2496, 0.2625, 0.2417],
        [0.2462, 0.2465, 0.2585, 0.2487],
        [0.2435, 0.2487, 0.2519, 0.2560]], device='cuda:0',
       grad_fn=<SoftmaxBackward0>)
tensor([[0.2536, 0.2486, 0.2535, 0.2442],
        [0.2490, 0.2476, 0.2500, 0.2534],
        [0.2467, 0.2469, 0.2535, 0.2529]], device='cuda:0',
       grad_fn=<SoftmaxBackward0>)
tensor([[0.2491, 0.2496, 0.2565, 0.2447],
        [0.2444, 0.2496, 0.2539, 0.2520],
        [0.2405, 0.2509, 0.2520, 0.2566]], device='cuda:0',
       grad_fn=<SoftmaxBackward0>)
tensor([[0.2425, 0.2501, 0.2612, 0.2462],
        [0.2457, 0.2497, 0.2521, 0.2525],
        [0.2429, 0.2492, 0.2525, 0.2554]], device='cuda:0',
       grad_fn=<SoftmaxBackward0>)
tensor([[0.2442, 0.2497, 0.2525, 0.2536],
        [0.2438, 0.2496, 0.2606, 0.2460],
        [0.2441, 0.2482, 0.2546, 0.2531]], device='cuda:0',
       grad_fn=<SoftmaxBackward0>)
tensor([[0.2359, 0.2416, 0.2712, 0.2513],
        [0.2368, 0.2438, 0.2733, 0.2460]], device='cuda:0',
       grad_fn=<SoftmaxBackward0>)
tensor([[0.2426, 0.2456, 0.2631, 0.2488],
        [0.2440, 0.2405, 0.2655, 0.2501],
        [0.2474, 0.2502, 0.2521, 0.2503]], device='cuda:0',
       grad_fn=<SoftmaxBackward0>)
tensor([[0.2547, 0.2501, 0.2584, 0.2367],
        [0.2493, 0.2457, 0.2447, 0.2603],
        [0.2440, 0.2502, 0.2552, 0.2506]], device='cuda:0',
       grad_fn=<SoftmaxBackward0>)
tensor([[0.2463, 0.2484, 0.2581, 0.2472],
        [0.2446, 0.2489, 0.2552, 0.2513],
        [0.2464, 0.2499, 0.2509, 0.2528]], device='cuda:0',
       grad_fn=<SoftmaxBackward0>)
tensor([[0.2517, 0.2547, 0.2549, 0.2388],
        [0.2488, 0.2536, 0.2485, 0.2491],
        [0.2455, 0.2479, 0.2439, 0.2627]], device='cuda:0',
       grad_fn=<SoftmaxBackward0>)
tensor([[0.2534, 0.2549, 0.2458, 0.2459],
        [0.2524, 0.2496, 0.2434, 0.2547],
        [0.2552, 0.2505, 0.2447, 0.2496]], device='cuda:0',
       grad_fn=<SoftmaxBackward0>)
#####################
08/23 12:24:05午前 searchStage_trainer.py:268 [INFO] Train: Epoch: [2][50/390]	Step 832	lr 0.02491	Loss 3.3583 (3.6945)	Hard Loss 3.3583 (3.6945)	Soft Loss 3.3583 (3.6945)	Arch Loss 3.7164 (3.7082)	Arch Hard Loss 3.7164 (3.7082)	Arch Soft Loss 3.7164 (3.7082)	Arch depth Loss 0.0000 (0.0000)	Prec@(1,5) (11.8%, 34.4%)	
08/23 12:24:17午前 searchStage_trainer.py:268 [INFO] Train: Epoch: [2][100/390]	Step 882	lr 0.02491	Loss 3.5631 (3.6846)	Hard Loss 3.5631 (3.6846)	Soft Loss 3.5631 (3.6846)	Arch Loss 3.5836 (3.6957)	Arch Hard Loss 3.5836 (3.6957)	Arch Soft Loss 3.5836 (3.6957)	Arch depth Loss 0.0000 (0.0000)	Prec@(1,5) (12.5%, 35.4%)	
08/23 12:24:30午前 searchStage_trainer.py:268 [INFO] Train: Epoch: [2][150/390]	Step 932	lr 0.02491	Loss 3.5617 (3.6876)	Hard Loss 3.5617 (3.6876)	Soft Loss 3.5617 (3.6876)	Arch Loss 3.4608 (3.6864)	Arch Hard Loss 3.4608 (3.6864)	Arch Soft Loss 3.4608 (3.6864)	Arch depth Loss 0.0000 (0.0000)	Prec@(1,5) (12.4%, 35.4%)	
08/23 12:24:42午前 searchStage_trainer.py:268 [INFO] Train: Epoch: [2][200/390]	Step 982	lr 0.02491	Loss 3.8894 (3.6812)	Hard Loss 3.8894 (3.6812)	Soft Loss 3.8894 (3.6812)	Arch Loss 3.7137 (3.6824)	Arch Hard Loss 3.7137 (3.6824)	Arch Soft Loss 3.7137 (3.6824)	Arch depth Loss 0.0000 (0.0000)	Prec@(1,5) (12.4%, 35.5%)	
08/23 12:24:54午前 searchStage_trainer.py:268 [INFO] Train: Epoch: [2][250/390]	Step 1032	lr 0.02491	Loss 3.4553 (3.6683)	Hard Loss 3.4553 (3.6683)	Soft Loss 3.4553 (3.6683)	Arch Loss 3.5028 (3.6776)	Arch Hard Loss 3.5028 (3.6776)	Arch Soft Loss 3.5028 (3.6776)	Arch depth Loss 0.0000 (0.0000)	Prec@(1,5) (12.5%, 36.0%)	
08/23 12:25:07午前 searchStage_trainer.py:268 [INFO] Train: Epoch: [2][300/390]	Step 1082	lr 0.02491	Loss 3.7860 (3.6494)	Hard Loss 3.7860 (3.6494)	Soft Loss 3.7860 (3.6494)	Arch Loss 3.5873 (3.6564)	Arch Hard Loss 3.5873 (3.6564)	Arch Soft Loss 3.5873 (3.6564)	Arch depth Loss 0.0000 (0.0000)	Prec@(1,5) (12.8%, 36.7%)	
08/23 12:25:19午前 searchStage_trainer.py:268 [INFO] Train: Epoch: [2][350/390]	Step 1132	lr 0.02491	Loss 3.7187 (3.6456)	Hard Loss 3.7187 (3.6456)	Soft Loss 3.7187 (3.6456)	Arch Loss 3.3068 (3.6391)	Arch Hard Loss 3.3068 (3.6391)	Arch Soft Loss 3.3068 (3.6391)	Arch depth Loss 0.0000 (0.0000)	Prec@(1,5) (12.9%, 36.9%)	
08/23 12:25:29午前 searchStage_trainer.py:268 [INFO] Train: Epoch: [2][390/390]	Step 1172	lr 0.02491	Loss 3.6216 (3.6316)	Hard Loss 3.6216 (3.6316)	Soft Loss 3.6216 (3.6316)	Arch Loss 3.4865 (3.6288)	Arch Hard Loss 3.4865 (3.6288)	Arch Soft Loss 3.4865 (3.6288)	Arch depth Loss 0.0000 (0.0000)	Prec@(1,5) (13.1%, 37.5%)	
08/23 12:25:29午前 searchStage_trainer.py:284 [INFO] Train: [  2/49] Final Prec@1 13.0680%
08/23 12:25:32午前 searchStage_trainer.py:312 [INFO] Valid: Epoch: [2][50/391]	Step 1173	Loss 3.9805	Prec@(1,5) (10.4%, 33.7%)
08/23 12:25:33午前 searchStage_trainer.py:312 [INFO] Valid: Epoch: [2][100/391]	Step 1173	Loss 3.9801	Prec@(1,5) (10.2%, 33.8%)
08/23 12:25:35午前 searchStage_trainer.py:312 [INFO] Valid: Epoch: [2][150/391]	Step 1173	Loss 3.9575	Prec@(1,5) (10.7%, 34.4%)
08/23 12:25:37午前 searchStage_trainer.py:312 [INFO] Valid: Epoch: [2][200/391]	Step 1173	Loss 3.9535	Prec@(1,5) (10.8%, 34.4%)
08/23 12:25:39午前 searchStage_trainer.py:312 [INFO] Valid: Epoch: [2][250/391]	Step 1173	Loss 3.9544	Prec@(1,5) (10.6%, 34.3%)
08/23 12:25:41午前 searchStage_trainer.py:312 [INFO] Valid: Epoch: [2][300/391]	Step 1173	Loss 3.9557	Prec@(1,5) (10.6%, 34.3%)
08/23 12:25:43午前 searchStage_trainer.py:312 [INFO] Valid: Epoch: [2][350/391]	Step 1173	Loss 3.9512	Prec@(1,5) (10.6%, 34.4%)
08/23 12:25:44午前 searchStage_trainer.py:312 [INFO] Valid: Epoch: [2][390/391]	Step 1173	Loss 3.9472	Prec@(1,5) (10.6%, 34.6%)
08/23 12:25:45午前 searchStage_trainer.py:323 [INFO] Valid: [  2/49] Final Prec@1 10.6360%
08/23 12:25:45午前 searchStage_KD_main.py:58 [INFO] DAG = Genotype2(DAG1=[[('skip_connect', 0), ('skip_connect', 1)], [('skip_connect', 1), ('skip_connect', 0)], [('skip_connect', 1), ('skip_connect', 2)], [('skip_connect', 2), ('max_pool_3x3', 3)], [('skip_connect', 4), ('skip_connect', 3)], [('max_pool_3x3', 5), ('skip_connect', 4)]], DAG1_concat=range(6, 8), DAG2=[[('skip_connect', 0), ('skip_connect', 1)], [('skip_connect', 0), ('skip_connect', 1)], [('skip_connect', 1), ('skip_connect', 2)], [('skip_connect', 2), ('skip_connect', 3)], [('skip_connect', 3), ('skip_connect', 4)], [('skip_connect', 5), ('skip_connect', 4)]], DAG2_concat=range(6, 8), DAG3=[[('skip_connect', 1), ('skip_connect', 0)], [('skip_connect', 0), ('skip_connect', 1)], [('max_pool_3x3', 1), ('max_pool_3x3', 2)], [('skip_connect', 2), ('skip_connect', 3)], [('max_pool_3x3', 3), ('avg_pool_3x3', 4)], [('max_pool_3x3', 4), ('max_pool_3x3', 6)]], DAG3_concat=range(6, 8))
08/23 12:25:45午前 searchStage_KD_main.py:89 [INFO] Until now, best Prec@1 = 10.7120%
####### ALPHA #######
# Alpha - DAG
tensor([[0.2509, 0.2440, 0.2586, 0.2465],
        [0.2491, 0.2431, 0.2542, 0.2536]], device='cuda:0',
       grad_fn=<SoftmaxBackward0>)
tensor([[0.2534, 0.2446, 0.2554, 0.2467],
        [0.2518, 0.2429, 0.2571, 0.2483],
        [0.2498, 0.2482, 0.2482, 0.2539]], device='cuda:0',
       grad_fn=<SoftmaxBackward0>)
tensor([[0.2536, 0.2438, 0.2607, 0.2419],
        [0.2432, 0.2507, 0.2548, 0.2513],
        [0.2468, 0.2459, 0.2486, 0.2587]], device='cuda:0',
       grad_fn=<SoftmaxBackward0>)
tensor([[0.2533, 0.2432, 0.2550, 0.2485],
        [0.2545, 0.2432, 0.2511, 0.2512],
        [0.2497, 0.2459, 0.2522, 0.2522]], device='cuda:0',
       grad_fn=<SoftmaxBackward0>)
tensor([[0.2482, 0.2471, 0.2534, 0.2514],
        [0.2512, 0.2491, 0.2569, 0.2428],
        [0.2434, 0.2463, 0.2528, 0.2574]], device='cuda:0',
       grad_fn=<SoftmaxBackward0>)
tensor([[0.2561, 0.2423, 0.2569, 0.2446],
        [0.2579, 0.2416, 0.2571, 0.2434],
        [0.2438, 0.2427, 0.2479, 0.2656]], device='cuda:0',
       grad_fn=<SoftmaxBackward0>)
tensor([[0.2439, 0.2413, 0.2680, 0.2467],
        [0.2420, 0.2423, 0.2653, 0.2504]], device='cuda:0',
       grad_fn=<SoftmaxBackward0>)
tensor([[0.2504, 0.2447, 0.2704, 0.2345],
        [0.2463, 0.2438, 0.2681, 0.2418],
        [0.2432, 0.2412, 0.2472, 0.2685]], device='cuda:0',
       grad_fn=<SoftmaxBackward0>)
tensor([[0.2563, 0.2489, 0.2608, 0.2340],
        [0.2481, 0.2432, 0.2534, 0.2552],
        [0.2456, 0.2418, 0.2506, 0.2619]], device='cuda:0',
       grad_fn=<SoftmaxBackward0>)
tensor([[0.2519, 0.2450, 0.2649, 0.2382],
        [0.2470, 0.2446, 0.2522, 0.2562],
        [0.2395, 0.2494, 0.2504, 0.2606]], device='cuda:0',
       grad_fn=<SoftmaxBackward0>)
tensor([[0.2443, 0.2439, 0.2760, 0.2358],
        [0.2443, 0.2459, 0.2526, 0.2572],
        [0.2405, 0.2442, 0.2466, 0.2687]], device='cuda:0',
       grad_fn=<SoftmaxBackward0>)
tensor([[0.2440, 0.2499, 0.2565, 0.2496],
        [0.2470, 0.2446, 0.2603, 0.2482],
        [0.2404, 0.2475, 0.2554, 0.2567]], device='cuda:0',
       grad_fn=<SoftmaxBackward0>)
tensor([[0.2363, 0.2335, 0.2803, 0.2499],
        [0.2345, 0.2342, 0.2845, 0.2468]], device='cuda:0',
       grad_fn=<SoftmaxBackward0>)
tensor([[0.2456, 0.2390, 0.2694, 0.2460],
        [0.2469, 0.2330, 0.2688, 0.2512],
        [0.2538, 0.2452, 0.2494, 0.2516]], device='cuda:0',
       grad_fn=<SoftmaxBackward0>)
tensor([[0.2671, 0.2465, 0.2590, 0.2275],
        [0.2539, 0.2394, 0.2422, 0.2645],
        [0.2507, 0.2427, 0.2506, 0.2560]], device='cuda:0',
       grad_fn=<SoftmaxBackward0>)
tensor([[0.2503, 0.2435, 0.2626, 0.2436],
        [0.2416, 0.2455, 0.2559, 0.2570],
        [0.2467, 0.2496, 0.2516, 0.2521]], device='cuda:0',
       grad_fn=<SoftmaxBackward0>)
tensor([[0.2573, 0.2544, 0.2570, 0.2313],
        [0.2539, 0.2540, 0.2450, 0.2471],
        [0.2457, 0.2431, 0.2387, 0.2725]], device='cuda:0',
       grad_fn=<SoftmaxBackward0>)
tensor([[0.2631, 0.2557, 0.2434, 0.2378],
        [0.2558, 0.2465, 0.2387, 0.2590],
        [0.2589, 0.2473, 0.2422, 0.2516]], device='cuda:0',
       grad_fn=<SoftmaxBackward0>)
#####################
08/23 12:25:59午前 searchStage_trainer.py:268 [INFO] Train: Epoch: [3][50/390]	Step 1223	lr 0.02479	Loss 3.4517 (3.4738)	Hard Loss 3.4517 (3.4738)	Soft Loss 3.4517 (3.4738)	Arch Loss 3.4222 (3.5419)	Arch Hard Loss 3.4222 (3.5419)	Arch Soft Loss 3.4222 (3.5419)	Arch depth Loss 0.0000 (0.0000)	Prec@(1,5) (16.1%, 42.0%)	
08/23 12:26:11午前 searchStage_trainer.py:268 [INFO] Train: Epoch: [3][100/390]	Step 1273	lr 0.02479	Loss 3.3650 (3.4961)	Hard Loss 3.3650 (3.4961)	Soft Loss 3.3650 (3.4961)	Arch Loss 3.5103 (3.4948)	Arch Hard Loss 3.5103 (3.4948)	Arch Soft Loss 3.5103 (3.4948)	Arch depth Loss 0.0000 (0.0000)	Prec@(1,5) (15.9%, 41.3%)	
08/23 12:26:24午前 searchStage_trainer.py:268 [INFO] Train: Epoch: [3][150/390]	Step 1323	lr 0.02479	Loss 3.2920 (3.4887)	Hard Loss 3.2920 (3.4887)	Soft Loss 3.2920 (3.4887)	Arch Loss 3.2338 (3.4671)	Arch Hard Loss 3.2338 (3.4671)	Arch Soft Loss 3.2338 (3.4671)	Arch depth Loss 0.0000 (0.0000)	Prec@(1,5) (16.0%, 41.4%)	
08/23 12:26:36午前 searchStage_trainer.py:268 [INFO] Train: Epoch: [3][200/390]	Step 1373	lr 0.02479	Loss 3.7676 (3.4765)	Hard Loss 3.7676 (3.4765)	Soft Loss 3.7676 (3.4765)	Arch Loss 3.6987 (3.4625)	Arch Hard Loss 3.6987 (3.4625)	Arch Soft Loss 3.6987 (3.4625)	Arch depth Loss 0.0000 (0.0000)	Prec@(1,5) (16.1%, 41.8%)	
08/23 12:26:48午前 searchStage_trainer.py:268 [INFO] Train: Epoch: [3][250/390]	Step 1423	lr 0.02479	Loss 3.5556 (3.4537)	Hard Loss 3.5556 (3.4537)	Soft Loss 3.5556 (3.4537)	Arch Loss 3.3697 (3.4509)	Arch Hard Loss 3.3697 (3.4509)	Arch Soft Loss 3.3697 (3.4509)	Arch depth Loss 0.0000 (0.0000)	Prec@(1,5) (16.5%, 42.6%)	
08/23 12:27:00午前 searchStage_trainer.py:268 [INFO] Train: Epoch: [3][300/390]	Step 1473	lr 0.02479	Loss 3.0812 (3.4439)	Hard Loss 3.0812 (3.4439)	Soft Loss 3.0812 (3.4439)	Arch Loss 3.1730 (3.4400)	Arch Hard Loss 3.1730 (3.4400)	Arch Soft Loss 3.1730 (3.4400)	Arch depth Loss 0.0000 (0.0000)	Prec@(1,5) (16.5%, 43.1%)	
08/23 12:27:13午前 searchStage_trainer.py:268 [INFO] Train: Epoch: [3][350/390]	Step 1523	lr 0.02479	Loss 3.4551 (3.4238)	Hard Loss 3.4551 (3.4238)	Soft Loss 3.4551 (3.4238)	Arch Loss 3.1426 (3.4353)	Arch Hard Loss 3.1426 (3.4353)	Arch Soft Loss 3.1426 (3.4353)	Arch depth Loss 0.0000 (0.0000)	Prec@(1,5) (16.6%, 43.9%)	
08/23 12:27:23午前 searchStage_trainer.py:268 [INFO] Train: Epoch: [3][390/390]	Step 1563	lr 0.02479	Loss 3.0188 (3.4152)	Hard Loss 3.0188 (3.4152)	Soft Loss 3.0188 (3.4152)	Arch Loss 3.3708 (3.4310)	Arch Hard Loss 3.3708 (3.4310)	Arch Soft Loss 3.3708 (3.4310)	Arch depth Loss 0.0000 (0.0000)	Prec@(1,5) (16.8%, 44.1%)	
08/23 12:27:23午前 searchStage_trainer.py:284 [INFO] Train: [  3/49] Final Prec@1 16.8120%
08/23 12:27:25午前 searchStage_trainer.py:312 [INFO] Valid: Epoch: [3][50/391]	Step 1564	Loss 3.4053	Prec@(1,5) (17.7%, 44.9%)
08/23 12:27:27午前 searchStage_trainer.py:312 [INFO] Valid: Epoch: [3][100/391]	Step 1564	Loss 3.3882	Prec@(1,5) (17.5%, 45.5%)
08/23 12:27:29午前 searchStage_trainer.py:312 [INFO] Valid: Epoch: [3][150/391]	Step 1564	Loss 3.3880	Prec@(1,5) (18.0%, 45.5%)
08/23 12:27:31午前 searchStage_trainer.py:312 [INFO] Valid: Epoch: [3][200/391]	Step 1564	Loss 3.3957	Prec@(1,5) (17.9%, 45.3%)
08/23 12:27:32午前 searchStage_trainer.py:312 [INFO] Valid: Epoch: [3][250/391]	Step 1564	Loss 3.3870	Prec@(1,5) (18.1%, 45.6%)
08/23 12:27:34午前 searchStage_trainer.py:312 [INFO] Valid: Epoch: [3][300/391]	Step 1564	Loss 3.3872	Prec@(1,5) (17.9%, 45.5%)
08/23 12:27:36午前 searchStage_trainer.py:312 [INFO] Valid: Epoch: [3][350/391]	Step 1564	Loss 3.3842	Prec@(1,5) (18.0%, 45.6%)
08/23 12:27:37午前 searchStage_trainer.py:312 [INFO] Valid: Epoch: [3][390/391]	Step 1564	Loss 3.3833	Prec@(1,5) (17.9%, 45.7%)
08/23 12:27:37午前 searchStage_trainer.py:323 [INFO] Valid: [  3/49] Final Prec@1 17.9120%
08/23 12:27:37午前 searchStage_KD_main.py:58 [INFO] DAG = Genotype2(DAG1=[[('skip_connect', 0), ('skip_connect', 1)], [('skip_connect', 0), ('skip_connect', 1)], [('skip_connect', 1), ('skip_connect', 2)], [('skip_connect', 2), ('skip_connect', 3)], [('skip_connect', 4), ('skip_connect', 3)], [('max_pool_3x3', 4), ('max_pool_3x3', 5)]], DAG1_concat=range(6, 8), DAG2=[[('skip_connect', 1), ('skip_connect', 0)], [('skip_connect', 0), ('skip_connect', 1)], [('skip_connect', 1), ('skip_connect', 2)], [('skip_connect', 2), ('skip_connect', 3)], [('skip_connect', 3), ('skip_connect', 4)], [('skip_connect', 5), ('skip_connect', 4)]], DAG2_concat=range(6, 8), DAG3=[[('skip_connect', 1), ('skip_connect', 0)], [('skip_connect', 0), ('skip_connect', 1)], [('max_pool_3x3', 1), ('max_pool_3x3', 2)], [('skip_connect', 2), ('skip_connect', 3)], [('max_pool_3x3', 3), ('max_pool_3x3', 4)], [('max_pool_3x3', 4), ('max_pool_3x3', 5)]], DAG3_concat=range(6, 8))
08/23 12:27:38午前 searchStage_KD_main.py:89 [INFO] Until now, best Prec@1 = 17.9120%
####### ALPHA #######
# Alpha - DAG
tensor([[0.2454, 0.2432, 0.2677, 0.2437],
        [0.2433, 0.2400, 0.2610, 0.2558]], device='cuda:0',
       grad_fn=<SoftmaxBackward0>)
tensor([[0.2511, 0.2427, 0.2634, 0.2429],
        [0.2492, 0.2388, 0.2630, 0.2489],
        [0.2463, 0.2490, 0.2493, 0.2554]], device='cuda:0',
       grad_fn=<SoftmaxBackward0>)
tensor([[0.2466, 0.2413, 0.2748, 0.2373],
        [0.2430, 0.2480, 0.2549, 0.2541],
        [0.2478, 0.2418, 0.2480, 0.2624]], device='cuda:0',
       grad_fn=<SoftmaxBackward0>)
tensor([[0.2495, 0.2441, 0.2614, 0.2450],
        [0.2483, 0.2439, 0.2569, 0.2509],
        [0.2451, 0.2429, 0.2555, 0.2565]], device='cuda:0',
       grad_fn=<SoftmaxBackward0>)
tensor([[0.2483, 0.2468, 0.2581, 0.2469],
        [0.2469, 0.2479, 0.2639, 0.2413],
        [0.2359, 0.2456, 0.2540, 0.2645]], device='cuda:0',
       grad_fn=<SoftmaxBackward0>)
tensor([[0.2629, 0.2360, 0.2628, 0.2384],
        [0.2608, 0.2390, 0.2583, 0.2419],
        [0.2454, 0.2338, 0.2438, 0.2770]], device='cuda:0',
       grad_fn=<SoftmaxBackward0>)
tensor([[0.2408, 0.2330, 0.2762, 0.2500],
        [0.2386, 0.2373, 0.2788, 0.2454]], device='cuda:0',
       grad_fn=<SoftmaxBackward0>)
tensor([[0.2448, 0.2376, 0.2849, 0.2328],
        [0.2405, 0.2392, 0.2838, 0.2365],
        [0.2431, 0.2383, 0.2456, 0.2730]], device='cuda:0',
       grad_fn=<SoftmaxBackward0>)
tensor([[0.2569, 0.2446, 0.2722, 0.2263],
        [0.2511, 0.2382, 0.2594, 0.2514],
        [0.2456, 0.2358, 0.2442, 0.2744]], device='cuda:0',
       grad_fn=<SoftmaxBackward0>)
tensor([[0.2542, 0.2416, 0.2701, 0.2341],
        [0.2479, 0.2405, 0.2528, 0.2589],
        [0.2436, 0.2432, 0.2494, 0.2638]], device='cuda:0',
       grad_fn=<SoftmaxBackward0>)
tensor([[0.2437, 0.2387, 0.2864, 0.2312],
        [0.2428, 0.2435, 0.2547, 0.2591],
        [0.2393, 0.2393, 0.2448, 0.2765]], device='cuda:0',
       grad_fn=<SoftmaxBackward0>)
tensor([[0.2479, 0.2448, 0.2573, 0.2500],
        [0.2496, 0.2421, 0.2636, 0.2448],
        [0.2394, 0.2470, 0.2538, 0.2598]], device='cuda:0',
       grad_fn=<SoftmaxBackward0>)
tensor([[0.2312, 0.2261, 0.2902, 0.2525],
        [0.2331, 0.2274, 0.2963, 0.2431]], device='cuda:0',
       grad_fn=<SoftmaxBackward0>)
tensor([[0.2469, 0.2320, 0.2783, 0.2428],
        [0.2473, 0.2239, 0.2753, 0.2535],
        [0.2580, 0.2423, 0.2477, 0.2520]], device='cuda:0',
       grad_fn=<SoftmaxBackward0>)
tensor([[0.2705, 0.2427, 0.2663, 0.2205],
        [0.2560, 0.2386, 0.2420, 0.2634],
        [0.2519, 0.2376, 0.2451, 0.2655]], device='cuda:0',
       grad_fn=<SoftmaxBackward0>)
tensor([[0.2522, 0.2403, 0.2661, 0.2413],
        [0.2433, 0.2419, 0.2590, 0.2558],
        [0.2499, 0.2457, 0.2484, 0.2560]], device='cuda:0',
       grad_fn=<SoftmaxBackward0>)
tensor([[0.2637, 0.2532, 0.2565, 0.2265],
        [0.2598, 0.2529, 0.2432, 0.2442],
        [0.2464, 0.2374, 0.2350, 0.2812]], device='cuda:0',
       grad_fn=<SoftmaxBackward0>)
tensor([[0.2713, 0.2545, 0.2435, 0.2308],
        [0.2568, 0.2437, 0.2377, 0.2618],
        [0.2565, 0.2436, 0.2443, 0.2556]], device='cuda:0',
       grad_fn=<SoftmaxBackward0>)
#####################
08/23 12:27:51午前 searchStage_trainer.py:268 [INFO] Train: Epoch: [4][50/390]	Step 1614	lr 0.02462	Loss 3.2508 (3.2939)	Hard Loss 3.2508 (3.2939)	Soft Loss 3.2508 (3.2939)	Arch Loss 3.3084 (3.3081)	Arch Hard Loss 3.3084 (3.3081)	Arch Soft Loss 3.3084 (3.3081)	Arch depth Loss 0.0000 (0.0000)	Prec@(1,5) (19.1%, 47.4%)	
08/23 12:28:04午前 searchStage_trainer.py:268 [INFO] Train: Epoch: [4][100/390]	Step 1664	lr 0.02462	Loss 3.3486 (3.2982)	Hard Loss 3.3486 (3.2982)	Soft Loss 3.3486 (3.2982)	Arch Loss 3.4070 (3.3023)	Arch Hard Loss 3.4070 (3.3023)	Arch Soft Loss 3.4070 (3.3023)	Arch depth Loss 0.0000 (0.0000)	Prec@(1,5) (19.4%, 47.0%)	
08/23 12:28:17午前 searchStage_trainer.py:268 [INFO] Train: Epoch: [4][150/390]	Step 1714	lr 0.02462	Loss 3.3726 (3.2874)	Hard Loss 3.3726 (3.2874)	Soft Loss 3.3726 (3.2874)	Arch Loss 3.7464 (3.2932)	Arch Hard Loss 3.7464 (3.2932)	Arch Soft Loss 3.7464 (3.2932)	Arch depth Loss 0.0000 (0.0000)	Prec@(1,5) (19.5%, 47.2%)	
08/23 12:28:29午前 searchStage_trainer.py:268 [INFO] Train: Epoch: [4][200/390]	Step 1764	lr 0.02462	Loss 3.3353 (3.2743)	Hard Loss 3.3353 (3.2743)	Soft Loss 3.3353 (3.2743)	Arch Loss 3.5657 (3.2900)	Arch Hard Loss 3.5657 (3.2900)	Arch Soft Loss 3.5657 (3.2900)	Arch depth Loss 0.0000 (0.0000)	Prec@(1,5) (19.7%, 47.7%)	
