08/27 09:48:51PM parser.py:28 [INFO] 
08/27 09:48:51PM parser.py:29 [INFO] Parameters:
08/27 09:48:51PM parser.py:31 [INFO] DAG_PATH=results/search_stage_KD/cifar100/noSWDL/s1-BaselineBestCell/DAG
08/27 09:48:51PM parser.py:31 [INFO] T=10.0
08/27 09:48:51PM parser.py:31 [INFO] ADVANCED=True
08/27 09:48:51PM parser.py:31 [INFO] ALPHA_LR=0.0003
08/27 09:48:51PM parser.py:31 [INFO] ALPHA_WEIGHT_DECAY=0.001
08/27 09:48:51PM parser.py:31 [INFO] BATCH_SIZE=64
08/27 09:48:51PM parser.py:31 [INFO] CASCADE=False
08/27 09:48:51PM parser.py:31 [INFO] CHECKPOINT_RESET=False
08/27 09:48:51PM parser.py:31 [INFO] CUTOUT_LENGTH=0
08/27 09:48:51PM parser.py:31 [INFO] DATA_PATH=../data/
08/27 09:48:51PM parser.py:31 [INFO] DATASET=cifar100
08/27 09:48:51PM parser.py:31 [INFO] DEPTH_COEF=0.0
08/27 09:48:51PM parser.py:31 [INFO] DESCRIPTION=search_architecture_on_noKD_without_depth_loss_with_large_slidewindoe
08/27 09:48:51PM parser.py:31 [INFO] EPOCHS=50
08/27 09:48:51PM parser.py:31 [INFO] EXP_NAME=s1-BaselineBestCell
08/27 09:48:51PM parser.py:31 [INFO] GENOTYPE=Genotype3(normal1=[[('sep_conv_5x5', 0), ('sep_conv_3x3', 1)], [('sep_conv_3x3', 1), ('sep_conv_3x3', 0)], [('sep_conv_3x3', 1), ('sep_conv_3x3', 2)], [('sep_conv_3x3', 0), ('sep_conv_5x5', 4)]], normal1_concat=range(2, 6), reduce1=[[('sep_conv_3x3', 0), ('skip_connect', 1)], [('sep_conv_3x3', 1), ('max_pool_3x3', 0)], [('sep_conv_3x3', 2), ('sep_conv_3x3', 1)], [('max_pool_3x3', 0), ('dil_conv_3x3', 1)]], reduce1_concat=range(2, 6), normal2=[[('skip_connect', 0), ('sep_conv_5x5', 1)], [('skip_connect', 0), ('skip_connect', 2)], [('avg_pool_3x3', 0), ('avg_pool_3x3', 2)], [('skip_connect', 0), ('avg_pool_3x3', 2)]], normal2_concat=range(2, 6), reduce2=[[('avg_pool_3x3', 0), ('avg_pool_3x3', 1)], [('avg_pool_3x3', 0), ('skip_connect', 2)], [('skip_connect', 2), ('avg_pool_3x3', 0)], [('skip_connect', 2), ('avg_pool_3x3', 0)]], reduce2_concat=range(2, 6), normal3=[[('skip_connect', 0), ('skip_connect', 1)], [('skip_connect', 0), ('dil_conv_3x3', 1)], [('skip_connect', 0), ('skip_connect', 1)], [('skip_connect', 0), ('skip_connect', 2)]], normal3_concat=range(2, 6))
08/27 09:48:51PM parser.py:31 [INFO] GPUS=[0]
08/27 09:48:51PM parser.py:31 [INFO] INIT_CHANNELS=16
08/27 09:48:51PM parser.py:31 [INFO] L=0.5
08/27 09:48:51PM parser.py:31 [INFO] LAYERS=20
08/27 09:48:51PM parser.py:31 [INFO] LOGGER=<Logger H-DAS (INFO)>
08/27 09:48:51PM parser.py:31 [INFO] NAME=noSWDL
08/27 09:48:51PM parser.py:31 [INFO] NONKD=True
08/27 09:48:51PM parser.py:31 [INFO] PATH=results/search_stage_KD/cifar100/noSWDL/s1-BaselineBestCell
08/27 09:48:51PM parser.py:31 [INFO] PCDARTS=False
08/27 09:48:51PM parser.py:31 [INFO] PLOT_PATH=results/search_stage_KD/cifar100/noSWDL/s1-BaselineBestCell/plots
08/27 09:48:51PM parser.py:31 [INFO] PRINT_FREQ=50
08/27 09:48:51PM parser.py:31 [INFO] RESUME_PATH=None
08/27 09:48:51PM parser.py:31 [INFO] SAVE=s1-BaselineBestCell
08/27 09:48:51PM parser.py:31 [INFO] SEED=1
08/27 09:48:51PM parser.py:31 [INFO] SHARE_STAGE=False
08/27 09:48:51PM parser.py:31 [INFO] SLIDE_WINDOW=8
08/27 09:48:51PM parser.py:31 [INFO] SPEC_CELL=True
08/27 09:48:51PM parser.py:31 [INFO] TEACHER_NAME=non
08/27 09:48:51PM parser.py:31 [INFO] TEACHER_PATH=non
08/27 09:48:51PM parser.py:31 [INFO] TRAIN_PORTION=0.5
08/27 09:48:51PM parser.py:31 [INFO] W_GRAD_CLIP=5.0
08/27 09:48:51PM parser.py:31 [INFO] W_LR=0.025
08/27 09:48:51PM parser.py:31 [INFO] W_LR_MIN=0.001
08/27 09:48:51PM parser.py:31 [INFO] W_MOMENTUM=0.9
08/27 09:48:51PM parser.py:31 [INFO] W_WEIGHT_DECAY=0.0003
08/27 09:48:51PM parser.py:31 [INFO] WORKERS=4
08/27 09:48:51PM parser.py:32 [INFO] 
08/27 09:49:09PM searchStage_trainer.py:137 [INFO] --> No loaded checkpoint!
####### ALPHA #######
# Alpha - DAG
tensor([[0.2501, 0.2500, 0.2499, 0.2501],
        [0.2500, 0.2501, 0.2497, 0.2502]], device='cuda:0',
       grad_fn=<SoftmaxBackward0>)
tensor([[0.2499, 0.2500, 0.2499, 0.2501],
        [0.2500, 0.2498, 0.2501, 0.2501],
        [0.2501, 0.2500, 0.2498, 0.2501]], device='cuda:0',
       grad_fn=<SoftmaxBackward0>)
tensor([[0.2496, 0.2499, 0.2506, 0.2500],
        [0.2500, 0.2496, 0.2501, 0.2502],
        [0.2503, 0.2498, 0.2498, 0.2500],
        [0.2498, 0.2503, 0.2500, 0.2498]], device='cuda:0',
       grad_fn=<SoftmaxBackward0>)
tensor([[0.2503, 0.2501, 0.2498, 0.2499],
        [0.2500, 0.2500, 0.2499, 0.2501],
        [0.2499, 0.2500, 0.2499, 0.2502],
        [0.2497, 0.2505, 0.2501, 0.2497],
        [0.2501, 0.2499, 0.2498, 0.2502]], device='cuda:0',
       grad_fn=<SoftmaxBackward0>)
tensor([[0.2503, 0.2497, 0.2500, 0.2500],
        [0.2501, 0.2502, 0.2501, 0.2497],
        [0.2500, 0.2500, 0.2501, 0.2499],
        [0.2499, 0.2502, 0.2502, 0.2497],
        [0.2495, 0.2504, 0.2500, 0.2501],
        [0.2497, 0.2498, 0.2507, 0.2498]], device='cuda:0',
       grad_fn=<SoftmaxBackward0>)
tensor([[0.2501, 0.2497, 0.2503, 0.2499],
        [0.2499, 0.2499, 0.2501, 0.2501],
        [0.2504, 0.2500, 0.2502, 0.2494],
        [0.2502, 0.2500, 0.2499, 0.2500],
        [0.2498, 0.2497, 0.2502, 0.2502],
        [0.2500, 0.2503, 0.2502, 0.2495],
        [0.2500, 0.2499, 0.2501, 0.2501]], device='cuda:0',
       grad_fn=<SoftmaxBackward0>)
tensor([[0.2499, 0.2498, 0.2503, 0.2500],
        [0.2498, 0.2502, 0.2502, 0.2498]], device='cuda:0',
       grad_fn=<SoftmaxBackward0>)
tensor([[0.2502, 0.2502, 0.2502, 0.2494],
        [0.2502, 0.2499, 0.2497, 0.2502],
        [0.2500, 0.2498, 0.2499, 0.2503]], device='cuda:0',
       grad_fn=<SoftmaxBackward0>)
tensor([[0.2499, 0.2500, 0.2498, 0.2503],
        [0.2499, 0.2504, 0.2497, 0.2499],
        [0.2497, 0.2503, 0.2503, 0.2497],
        [0.2499, 0.2499, 0.2501, 0.2501]], device='cuda:0',
       grad_fn=<SoftmaxBackward0>)
tensor([[0.2507, 0.2498, 0.2499, 0.2496],
        [0.2501, 0.2501, 0.2498, 0.2500],
        [0.2497, 0.2502, 0.2500, 0.2502],
        [0.2499, 0.2498, 0.2503, 0.2500],
        [0.2497, 0.2504, 0.2497, 0.2502]], device='cuda:0',
       grad_fn=<SoftmaxBackward0>)
tensor([[0.2506, 0.2498, 0.2500, 0.2496],
        [0.2498, 0.2498, 0.2503, 0.2500],
        [0.2499, 0.2500, 0.2500, 0.2501],
        [0.2498, 0.2499, 0.2502, 0.2502],
        [0.2501, 0.2502, 0.2497, 0.2500],
        [0.2500, 0.2502, 0.2500, 0.2498]], device='cuda:0',
       grad_fn=<SoftmaxBackward0>)
tensor([[0.2498, 0.2502, 0.2501, 0.2499],
        [0.2501, 0.2500, 0.2498, 0.2502],
        [0.2505, 0.2496, 0.2499, 0.2500],
        [0.2500, 0.2500, 0.2500, 0.2501],
        [0.2503, 0.2501, 0.2501, 0.2495],
        [0.2499, 0.2499, 0.2501, 0.2501],
        [0.2501, 0.2502, 0.2500, 0.2496]], device='cuda:0',
       grad_fn=<SoftmaxBackward0>)
tensor([[0.2499, 0.2500, 0.2505, 0.2497],
        [0.2500, 0.2499, 0.2500, 0.2500]], device='cuda:0',
       grad_fn=<SoftmaxBackward0>)
tensor([[0.2499, 0.2499, 0.2500, 0.2501],
        [0.2499, 0.2500, 0.2500, 0.2501],
        [0.2497, 0.2500, 0.2500, 0.2503]], device='cuda:0',
       grad_fn=<SoftmaxBackward0>)
tensor([[0.2501, 0.2502, 0.2493, 0.2504],
        [0.2495, 0.2503, 0.2500, 0.2502],
        [0.2502, 0.2498, 0.2499, 0.2501],
        [0.2500, 0.2498, 0.2503, 0.2500]], device='cuda:0',
       grad_fn=<SoftmaxBackward0>)
tensor([[0.2502, 0.2501, 0.2499, 0.2497],
        [0.2500, 0.2497, 0.2502, 0.2501],
        [0.2500, 0.2501, 0.2501, 0.2498],
        [0.2499, 0.2501, 0.2500, 0.2500],
        [0.2502, 0.2499, 0.2500, 0.2499]], device='cuda:0',
       grad_fn=<SoftmaxBackward0>)
tensor([[0.2502, 0.2495, 0.2501, 0.2501],
        [0.2499, 0.2500, 0.2500, 0.2500],
        [0.2502, 0.2499, 0.2498, 0.2501],
        [0.2500, 0.2503, 0.2497, 0.2500],
        [0.2501, 0.2499, 0.2498, 0.2502],
        [0.2496, 0.2508, 0.2499, 0.2497]], device='cuda:0',
       grad_fn=<SoftmaxBackward0>)
tensor([[0.2501, 0.2501, 0.2499, 0.2499],
        [0.2501, 0.2499, 0.2501, 0.2498],
        [0.2497, 0.2504, 0.2502, 0.2497],
        [0.2500, 0.2502, 0.2498, 0.2499],
        [0.2500, 0.2502, 0.2500, 0.2498],
        [0.2500, 0.2504, 0.2496, 0.2500],
        [0.2501, 0.2501, 0.2498, 0.2499]], device='cuda:0',
       grad_fn=<SoftmaxBackward0>)
#####################
08/27 09:49:26PM searchStage_trainer.py:268 [INFO] Train: Epoch: [0][50/390]	Step 50	lr 0.025	Loss 4.6835 (4.6865)	Hard Loss 4.6835 (4.6865)	Soft Loss 4.6835 (4.6865)	Arch Loss 4.6312 (4.6955)	Arch Hard Loss 4.6312 (4.6955)	Arch Soft Loss 4.6312 (4.6955)	Arch depth Loss -0.0000 (0.0000)	Prec@(1,5) (1.9%, 8.2%)	
08/27 09:49:41PM searchStage_trainer.py:268 [INFO] Train: Epoch: [0][100/390]	Step 100	lr 0.025	Loss 4.4057 (4.5649)	Hard Loss 4.4057 (4.5649)	Soft Loss 4.4057 (4.5649)	Arch Loss 4.3218 (4.5804)	Arch Hard Loss 4.3218 (4.5804)	Arch Soft Loss 4.3218 (4.5804)	Arch depth Loss 0.0000 (0.0000)	Prec@(1,5) (2.6%, 11.0%)	
08/27 09:49:56PM searchStage_trainer.py:268 [INFO] Train: Epoch: [0][150/390]	Step 150	lr 0.025	Loss 4.0604 (4.4534)	Hard Loss 4.0604 (4.4534)	Soft Loss 4.0604 (4.4534)	Arch Loss 4.1298 (4.4661)	Arch Hard Loss 4.1298 (4.4661)	Arch Soft Loss 4.1298 (4.4661)	Arch depth Loss 0.0000 (0.0000)	Prec@(1,5) (3.3%, 13.9%)	
08/27 09:50:11PM searchStage_trainer.py:268 [INFO] Train: Epoch: [0][200/390]	Step 200	lr 0.025	Loss 3.9912 (4.3775)	Hard Loss 3.9912 (4.3775)	Soft Loss 3.9912 (4.3775)	Arch Loss 4.1773 (4.3847)	Arch Hard Loss 4.1773 (4.3847)	Arch Soft Loss 4.1773 (4.3847)	Arch depth Loss 0.0000 (0.0000)	Prec@(1,5) (3.9%, 15.6%)	
08/27 09:50:25PM searchStage_trainer.py:268 [INFO] Train: Epoch: [0][250/390]	Step 250	lr 0.025	Loss 3.8865 (4.3165)	Hard Loss 3.8865 (4.3165)	Soft Loss 3.8865 (4.3165)	Arch Loss 4.0017 (4.3255)	Arch Hard Loss 4.0017 (4.3255)	Arch Soft Loss 4.0017 (4.3255)	Arch depth Loss 0.0000 (0.0000)	Prec@(1,5) (4.4%, 17.1%)	
08/27 09:50:40PM searchStage_trainer.py:268 [INFO] Train: Epoch: [0][300/390]	Step 300	lr 0.025	Loss 3.9476 (4.2617)	Hard Loss 3.9476 (4.2617)	Soft Loss 3.9476 (4.2617)	Arch Loss 3.9437 (4.2644)	Arch Hard Loss 3.9437 (4.2644)	Arch Soft Loss 3.9437 (4.2644)	Arch depth Loss 0.0000 (0.0000)	Prec@(1,5) (4.9%, 18.7%)	
08/27 09:50:55PM searchStage_trainer.py:268 [INFO] Train: Epoch: [0][350/390]	Step 350	lr 0.025	Loss 3.4113 (4.2152)	Hard Loss 3.4113 (4.2152)	Soft Loss 3.4113 (4.2152)	Arch Loss 3.8315 (4.2165)	Arch Hard Loss 3.8315 (4.2165)	Arch Soft Loss 3.8315 (4.2165)	Arch depth Loss 0.0000 (0.0000)	Prec@(1,5) (5.5%, 20.3%)	
08/27 09:51:07PM searchStage_trainer.py:268 [INFO] Train: Epoch: [0][390/390]	Step 390	lr 0.025	Loss 4.0723 (4.1841)	Hard Loss 4.0723 (4.1841)	Soft Loss 4.0723 (4.1841)	Arch Loss 4.0041 (4.1828)	Arch Hard Loss 4.0041 (4.1828)	Arch Soft Loss 4.0041 (4.1828)	Arch depth Loss 0.0000 (0.0000)	Prec@(1,5) (5.8%, 21.2%)	
08/27 09:51:08PM searchStage_trainer.py:284 [INFO] Train: [  0/49] Final Prec@1 5.7760%
08/27 09:51:10PM searchStage_trainer.py:312 [INFO] Valid: Epoch: [0][50/391]	Step 391	Loss 3.8662	Prec@(1,5) (8.5%, 30.0%)
08/27 09:51:12PM searchStage_trainer.py:312 [INFO] Valid: Epoch: [0][100/391]	Step 391	Loss 3.8649	Prec@(1,5) (8.6%, 30.8%)
08/27 09:51:15PM searchStage_trainer.py:312 [INFO] Valid: Epoch: [0][150/391]	Step 391	Loss 3.8740	Prec@(1,5) (8.8%, 30.4%)
08/27 09:51:17PM searchStage_trainer.py:312 [INFO] Valid: Epoch: [0][200/391]	Step 391	Loss 3.8638	Prec@(1,5) (9.1%, 30.8%)
08/27 09:51:19PM searchStage_trainer.py:312 [INFO] Valid: Epoch: [0][250/391]	Step 391	Loss 3.8721	Prec@(1,5) (8.9%, 30.2%)
08/27 09:51:22PM searchStage_trainer.py:312 [INFO] Valid: Epoch: [0][300/391]	Step 391	Loss 3.8740	Prec@(1,5) (9.0%, 30.1%)
08/27 09:51:24PM searchStage_trainer.py:312 [INFO] Valid: Epoch: [0][350/391]	Step 391	Loss 3.8744	Prec@(1,5) (9.0%, 30.1%)
08/27 09:51:26PM searchStage_trainer.py:312 [INFO] Valid: Epoch: [0][390/391]	Step 391	Loss 3.8766	Prec@(1,5) (8.9%, 30.0%)
08/27 09:51:26PM searchStage_trainer.py:323 [INFO] Valid: [  0/49] Final Prec@1 8.9320%
08/27 09:51:26PM searchStage_KD_main.py:58 [INFO] DAG = Genotype2(DAG1=[[('skip_connect', 0), ('skip_connect', 1)], [('max_pool_3x3', 0), ('skip_connect', 1)], [('max_pool_3x3', 2), ('skip_connect', 0)], [('max_pool_3x3', 0), ('max_pool_3x3', 1)], [('max_pool_3x3', 0), ('max_pool_3x3', 1)], [('max_pool_3x3', 3), ('max_pool_3x3', 4)]], DAG1_concat=range(6, 8), DAG2=[[('skip_connect', 0), ('skip_connect', 1)], [('skip_connect', 0), ('max_pool_3x3', 1)], [('skip_connect', 0), ('skip_connect', 1)], [('skip_connect', 3), ('max_pool_3x3', 0)], [('max_pool_3x3', 0), ('skip_connect', 1)], [('max_pool_3x3', 1), ('max_pool_3x3', 0)]], DAG2_concat=range(6, 8), DAG3=[[('skip_connect', 1), ('skip_connect', 0)], [('skip_connect', 1), ('skip_connect', 0)], [('skip_connect', 0), ('skip_connect', 1)], [('max_pool_3x3', 0), ('skip_connect', 1)], [('max_pool_3x3', 1), ('max_pool_3x3', 0)], [('max_pool_3x3', 1), ('max_pool_3x3', 0)]], DAG3_concat=range(6, 8))
08/27 09:51:26PM searchStage_KD_main.py:89 [INFO] Until now, best Prec@1 = 8.9320%
####### ALPHA #######
# Alpha - DAG
tensor([[0.2494, 0.2495, 0.2508, 0.2503],
        [0.2496, 0.2501, 0.2504, 0.2500]], device='cuda:0',
       grad_fn=<SoftmaxBackward0>)
tensor([[0.2507, 0.2493, 0.2506, 0.2495],
        [0.2503, 0.2489, 0.2504, 0.2504],
        [0.2502, 0.2495, 0.2497, 0.2505]], device='cuda:0',
       grad_fn=<SoftmaxBackward0>)
tensor([[0.2504, 0.2494, 0.2513, 0.2489],
        [0.2503, 0.2486, 0.2507, 0.2503],
        [0.2518, 0.2483, 0.2497, 0.2501],
        [0.2505, 0.2490, 0.2494, 0.2510]], device='cuda:0',
       grad_fn=<SoftmaxBackward0>)
tensor([[0.2517, 0.2503, 0.2506, 0.2474],
        [0.2513, 0.2499, 0.2503, 0.2485],
        [0.2502, 0.2491, 0.2491, 0.2516],
        [0.2506, 0.2497, 0.2485, 0.2512],
        [0.2507, 0.2493, 0.2493, 0.2506]], device='cuda:0',
       grad_fn=<SoftmaxBackward0>)
tensor([[0.2569, 0.2471, 0.2516, 0.2445],
        [0.2568, 0.2467, 0.2504, 0.2461],
        [0.2541, 0.2465, 0.2476, 0.2518],
        [0.2529, 0.2453, 0.2490, 0.2529],
        [0.2538, 0.2471, 0.2489, 0.2502],
        [0.2517, 0.2463, 0.2490, 0.2530]], device='cuda:0',
       grad_fn=<SoftmaxBackward0>)
tensor([[0.2513, 0.2494, 0.2511, 0.2482],
        [0.2507, 0.2512, 0.2517, 0.2464],
        [0.2522, 0.2464, 0.2489, 0.2524],
        [0.2535, 0.2466, 0.2492, 0.2507],
        [0.2521, 0.2486, 0.2486, 0.2507],
        [0.2511, 0.2486, 0.2489, 0.2513],
        [0.2505, 0.2503, 0.2503, 0.2489]], device='cuda:0',
       grad_fn=<SoftmaxBackward0>)
tensor([[0.2500, 0.2477, 0.2545, 0.2479],
        [0.2495, 0.2454, 0.2538, 0.2513]], device='cuda:0',
       grad_fn=<SoftmaxBackward0>)
tensor([[0.2520, 0.2461, 0.2531, 0.2488],
        [0.2531, 0.2446, 0.2508, 0.2515],
        [0.2503, 0.2484, 0.2511, 0.2502]], device='cuda:0',
       grad_fn=<SoftmaxBackward0>)
tensor([[0.2515, 0.2482, 0.2516, 0.2487],
        [0.2497, 0.2491, 0.2515, 0.2497],
        [0.2484, 0.2502, 0.2504, 0.2510],
        [0.2489, 0.2492, 0.2510, 0.2509]], device='cuda:0',
       grad_fn=<SoftmaxBackward0>)
tensor([[0.2534, 0.2465, 0.2501, 0.2501],
        [0.2505, 0.2480, 0.2502, 0.2513],
        [0.2489, 0.2503, 0.2489, 0.2520],
        [0.2492, 0.2490, 0.2538, 0.2480],
        [0.2501, 0.2497, 0.2508, 0.2494]], device='cuda:0',
       grad_fn=<SoftmaxBackward0>)
tensor([[0.2553, 0.2480, 0.2512, 0.2454],
        [0.2529, 0.2473, 0.2532, 0.2465],
        [0.2499, 0.2470, 0.2527, 0.2504],
        [0.2488, 0.2486, 0.2490, 0.2536],
        [0.2470, 0.2511, 0.2498, 0.2522],
        [0.2465, 0.2515, 0.2511, 0.2509]], device='cuda:0',
       grad_fn=<SoftmaxBackward0>)
tensor([[0.2542, 0.2468, 0.2507, 0.2484],
        [0.2540, 0.2479, 0.2517, 0.2464],
        [0.2495, 0.2491, 0.2503, 0.2511],
        [0.2485, 0.2483, 0.2477, 0.2554],
        [0.2469, 0.2525, 0.2497, 0.2509],
        [0.2482, 0.2499, 0.2511, 0.2508],
        [0.2482, 0.2522, 0.2520, 0.2476]], device='cuda:0',
       grad_fn=<SoftmaxBackward0>)
tensor([[0.2501, 0.2416, 0.2583, 0.2500],
        [0.2492, 0.2431, 0.2583, 0.2494]], device='cuda:0',
       grad_fn=<SoftmaxBackward0>)
tensor([[0.2509, 0.2398, 0.2572, 0.2521],
        [0.2514, 0.2425, 0.2577, 0.2484],
        [0.2491, 0.2480, 0.2523, 0.2506]], device='cuda:0',
       grad_fn=<SoftmaxBackward0>)
tensor([[0.2465, 0.2452, 0.2549, 0.2534],
        [0.2521, 0.2469, 0.2540, 0.2470],
        [0.2462, 0.2512, 0.2517, 0.2509],
        [0.2485, 0.2492, 0.2527, 0.2495]], device='cuda:0',
       grad_fn=<SoftmaxBackward0>)
tensor([[0.2547, 0.2445, 0.2523, 0.2485],
        [0.2525, 0.2450, 0.2530, 0.2496],
        [0.2499, 0.2493, 0.2519, 0.2488],
        [0.2515, 0.2479, 0.2509, 0.2497],
        [0.2463, 0.2508, 0.2493, 0.2535]], device='cuda:0',
       grad_fn=<SoftmaxBackward0>)
tensor([[0.2553, 0.2449, 0.2530, 0.2469],
        [0.2568, 0.2477, 0.2523, 0.2432],
        [0.2525, 0.2469, 0.2515, 0.2491],
        [0.2513, 0.2455, 0.2493, 0.2539],
        [0.2485, 0.2468, 0.2500, 0.2547],
        [0.2481, 0.2464, 0.2521, 0.2534]], device='cuda:0',
       grad_fn=<SoftmaxBackward0>)
tensor([[0.2587, 0.2442, 0.2489, 0.2483],
        [0.2609, 0.2449, 0.2489, 0.2453],
        [0.2552, 0.2477, 0.2489, 0.2482],
        [0.2544, 0.2457, 0.2491, 0.2508],
        [0.2525, 0.2474, 0.2478, 0.2522],
        [0.2519, 0.2458, 0.2508, 0.2515],
        [0.2509, 0.2475, 0.2483, 0.2532]], device='cuda:0',
       grad_fn=<SoftmaxBackward0>)
#####################
08/27 09:51:43午後 searchStage_trainer.py:268 [INFO] Train: Epoch: [1][50/390]	Step 441	lr 0.02498	Loss 3.9906 (3.8674)	Hard Loss 3.9906 (3.8674)	Soft Loss 3.9906 (3.8674)	Arch Loss 3.9571 (3.8465)	Arch Hard Loss 3.9571 (3.8465)	Arch Soft Loss 3.9571 (3.8465)	Arch depth Loss 0.0000 (0.0000)	Prec@(1,5) (9.5%, 29.9%)	
08/27 09:51:58午後 searchStage_trainer.py:268 [INFO] Train: Epoch: [1][100/390]	Step 491	lr 0.02498	Loss 3.7029 (3.8393)	Hard Loss 3.7029 (3.8393)	Soft Loss 3.7029 (3.8393)	Arch Loss 3.5226 (3.7985)	Arch Hard Loss 3.5226 (3.7985)	Arch Soft Loss 3.5226 (3.7985)	Arch depth Loss 0.0000 (0.0000)	Prec@(1,5) (10.1%, 30.8%)	
08/27 09:52:13午後 searchStage_trainer.py:268 [INFO] Train: Epoch: [1][150/390]	Step 541	lr 0.02498	Loss 3.7054 (3.8145)	Hard Loss 3.7054 (3.8145)	Soft Loss 3.7054 (3.8145)	Arch Loss 3.7505 (3.7834)	Arch Hard Loss 3.7505 (3.7834)	Arch Soft Loss 3.7505 (3.7834)	Arch depth Loss 0.0000 (0.0000)	Prec@(1,5) (10.1%, 32.0%)	
08/27 09:52:28午後 searchStage_trainer.py:268 [INFO] Train: Epoch: [1][200/390]	Step 591	lr 0.02498	Loss 3.7080 (3.7919)	Hard Loss 3.7080 (3.7919)	Soft Loss 3.7080 (3.7919)	Arch Loss 3.5019 (3.7738)	Arch Hard Loss 3.5019 (3.7738)	Arch Soft Loss 3.5019 (3.7738)	Arch depth Loss 0.0000 (0.0000)	Prec@(1,5) (10.3%, 32.8%)	
08/27 09:52:43午後 searchStage_trainer.py:268 [INFO] Train: Epoch: [1][250/390]	Step 641	lr 0.02498	Loss 3.7485 (3.7605)	Hard Loss 3.7485 (3.7605)	Soft Loss 3.7485 (3.7605)	Arch Loss 3.2759 (3.7457)	Arch Hard Loss 3.2759 (3.7457)	Arch Soft Loss 3.2759 (3.7457)	Arch depth Loss 0.0000 (0.0000)	Prec@(1,5) (10.8%, 33.6%)	
08/27 09:52:57午後 searchStage_trainer.py:268 [INFO] Train: Epoch: [1][300/390]	Step 691	lr 0.02498	Loss 3.4544 (3.7375)	Hard Loss 3.4544 (3.7375)	Soft Loss 3.4544 (3.7375)	Arch Loss 3.4678 (3.7240)	Arch Hard Loss 3.4678 (3.7240)	Arch Soft Loss 3.4678 (3.7240)	Arch depth Loss 0.0000 (0.0000)	Prec@(1,5) (11.2%, 34.3%)	
08/27 09:53:12午後 searchStage_trainer.py:268 [INFO] Train: Epoch: [1][350/390]	Step 741	lr 0.02498	Loss 3.4295 (3.7154)	Hard Loss 3.4295 (3.7154)	Soft Loss 3.4295 (3.7154)	Arch Loss 3.6791 (3.7046)	Arch Hard Loss 3.6791 (3.7046)	Arch Soft Loss 3.6791 (3.7046)	Arch depth Loss 0.0000 (0.0000)	Prec@(1,5) (11.5%, 34.9%)	
08/27 09:53:24午後 searchStage_trainer.py:268 [INFO] Train: Epoch: [1][390/390]	Step 781	lr 0.02498	Loss 3.8053 (3.7001)	Hard Loss 3.8053 (3.7001)	Soft Loss 3.8053 (3.7001)	Arch Loss 3.5346 (3.6850)	Arch Hard Loss 3.5346 (3.6850)	Arch Soft Loss 3.5346 (3.6850)	Arch depth Loss 0.0000 (0.0000)	Prec@(1,5) (11.7%, 35.3%)	
08/27 09:53:25午後 searchStage_trainer.py:284 [INFO] Train: [  1/49] Final Prec@1 11.6680%
08/27 09:53:27午後 searchStage_trainer.py:312 [INFO] Valid: Epoch: [1][50/391]	Step 782	Loss 3.6066	Prec@(1,5) (14.1%, 39.1%)
08/27 09:53:29午後 searchStage_trainer.py:312 [INFO] Valid: Epoch: [1][100/391]	Step 782	Loss 3.5947	Prec@(1,5) (13.9%, 39.3%)
08/27 09:53:32午後 searchStage_trainer.py:312 [INFO] Valid: Epoch: [1][150/391]	Step 782	Loss 3.5976	Prec@(1,5) (13.5%, 39.0%)
08/27 09:53:34午後 searchStage_trainer.py:312 [INFO] Valid: Epoch: [1][200/391]	Step 782	Loss 3.5921	Prec@(1,5) (13.7%, 39.0%)
08/27 09:53:36午後 searchStage_trainer.py:312 [INFO] Valid: Epoch: [1][250/391]	Step 782	Loss 3.5951	Prec@(1,5) (13.6%, 38.8%)
08/27 09:53:38午後 searchStage_trainer.py:312 [INFO] Valid: Epoch: [1][300/391]	Step 782	Loss 3.5956	Prec@(1,5) (13.5%, 38.9%)
08/27 09:53:40午後 searchStage_trainer.py:312 [INFO] Valid: Epoch: [1][350/391]	Step 782	Loss 3.5943	Prec@(1,5) (13.5%, 38.8%)
08/27 09:53:42午後 searchStage_trainer.py:312 [INFO] Valid: Epoch: [1][390/391]	Step 782	Loss 3.5982	Prec@(1,5) (13.5%, 38.7%)
08/27 09:53:42午後 searchStage_trainer.py:323 [INFO] Valid: [  1/49] Final Prec@1 13.4680%
08/27 09:53:42午後 searchStage_KD_main.py:58 [INFO] DAG = Genotype2(DAG1=[[('skip_connect', 0), ('skip_connect', 1)], [('skip_connect', 0), ('skip_connect', 1)], [('skip_connect', 0), ('skip_connect', 1)], [('skip_connect', 0), ('skip_connect', 1)], [('max_pool_3x3', 1), ('max_pool_3x3', 0)], [('skip_connect', 1), ('skip_connect', 0)]], DAG1_concat=range(6, 8), DAG2=[[('skip_connect', 0), ('skip_connect', 1)], [('skip_connect', 0), ('skip_connect', 1)], [('skip_connect', 0), ('skip_connect', 2)], [('skip_connect', 3), ('avg_pool_3x3', 4)], [('skip_connect', 1), ('skip_connect', 0)], [('max_pool_3x3', 0), ('max_pool_3x3', 1)]], DAG2_concat=range(6, 8), DAG3=[[('max_pool_3x3', 0), ('max_pool_3x3', 1)], [('skip_connect', 1), ('skip_connect', 0)], [('max_pool_3x3', 1), ('skip_connect', 0)], [('max_pool_3x3', 0), ('max_pool_3x3', 3)], [('max_pool_3x3', 1), ('max_pool_3x3', 0)], [('max_pool_3x3', 1), ('max_pool_3x3', 0)]], DAG3_concat=range(6, 8))
08/27 09:53:42午後 searchStage_KD_main.py:89 [INFO] Until now, best Prec@1 = 13.4680%
####### ALPHA #######
# Alpha - DAG
tensor([[0.2461, 0.2481, 0.2556, 0.2502],
        [0.2475, 0.2491, 0.2532, 0.2501]], device='cuda:0',
       grad_fn=<SoftmaxBackward0>)
tensor([[0.2484, 0.2475, 0.2552, 0.2488],
        [0.2495, 0.2466, 0.2544, 0.2494],
        [0.2493, 0.2489, 0.2499, 0.2519]], device='cuda:0',
       grad_fn=<SoftmaxBackward0>)
tensor([[0.2506, 0.2470, 0.2545, 0.2480],
        [0.2508, 0.2470, 0.2539, 0.2482],
        [0.2496, 0.2488, 0.2507, 0.2509],
        [0.2511, 0.2479, 0.2480, 0.2530]], device='cuda:0',
       grad_fn=<SoftmaxBackward0>)
tensor([[0.2510, 0.2499, 0.2531, 0.2460],
        [0.2499, 0.2495, 0.2528, 0.2478],
        [0.2493, 0.2490, 0.2512, 0.2505],
        [0.2494, 0.2486, 0.2462, 0.2559],
        [0.2518, 0.2491, 0.2500, 0.2490]], device='cuda:0',
       grad_fn=<SoftmaxBackward0>)
tensor([[0.2598, 0.2425, 0.2593, 0.2384],
        [0.2647, 0.2421, 0.2545, 0.2387],
        [0.2590, 0.2390, 0.2476, 0.2544],
        [0.2558, 0.2395, 0.2503, 0.2544],
        [0.2552, 0.2397, 0.2468, 0.2583],
        [0.2539, 0.2412, 0.2490, 0.2559]], device='cuda:0',
       grad_fn=<SoftmaxBackward0>)
tensor([[0.2538, 0.2503, 0.2567, 0.2393],
        [0.2538, 0.2541, 0.2576, 0.2345],
        [0.2502, 0.2416, 0.2471, 0.2611],
        [0.2521, 0.2427, 0.2495, 0.2556],
        [0.2488, 0.2472, 0.2517, 0.2523],
        [0.2483, 0.2430, 0.2519, 0.2568],
        [0.2471, 0.2499, 0.2519, 0.2511]], device='cuda:0',
       grad_fn=<SoftmaxBackward0>)
tensor([[0.2467, 0.2421, 0.2614, 0.2498],
        [0.2493, 0.2429, 0.2597, 0.2481]], device='cuda:0',
       grad_fn=<SoftmaxBackward0>)
tensor([[0.2532, 0.2403, 0.2571, 0.2494],
        [0.2536, 0.2401, 0.2544, 0.2519],
        [0.2505, 0.2476, 0.2527, 0.2492]], device='cuda:0',
       grad_fn=<SoftmaxBackward0>)
tensor([[0.2504, 0.2460, 0.2546, 0.2490],
        [0.2488, 0.2457, 0.2534, 0.2521],
        [0.2479, 0.2500, 0.2546, 0.2475],
        [0.2500, 0.2485, 0.2498, 0.2516]], device='cuda:0',
       grad_fn=<SoftmaxBackward0>)
tensor([[0.2496, 0.2466, 0.2520, 0.2518],
        [0.2480, 0.2476, 0.2513, 0.2532],
        [0.2482, 0.2515, 0.2518, 0.2486],
        [0.2500, 0.2485, 0.2533, 0.2482],
        [0.2469, 0.2526, 0.2518, 0.2487]], device='cuda:0',
       grad_fn=<SoftmaxBackward0>)
tensor([[0.2562, 0.2488, 0.2594, 0.2356],
        [0.2541, 0.2481, 0.2608, 0.2369],
        [0.2451, 0.2454, 0.2549, 0.2546],
        [0.2504, 0.2425, 0.2475, 0.2596],
        [0.2456, 0.2504, 0.2531, 0.2509],
        [0.2429, 0.2507, 0.2473, 0.2592]], device='cuda:0',
       grad_fn=<SoftmaxBackward0>)
tensor([[0.2614, 0.2444, 0.2505, 0.2438],
        [0.2593, 0.2463, 0.2538, 0.2406],
        [0.2538, 0.2443, 0.2518, 0.2501],
        [0.2528, 0.2422, 0.2445, 0.2605],
        [0.2504, 0.2497, 0.2474, 0.2525],
        [0.2472, 0.2482, 0.2502, 0.2544],
        [0.2508, 0.2484, 0.2511, 0.2497]], device='cuda:0',
       grad_fn=<SoftmaxBackward0>)
tensor([[0.2606, 0.2301, 0.2583, 0.2510],
        [0.2588, 0.2327, 0.2588, 0.2497]], device='cuda:0',
       grad_fn=<SoftmaxBackward0>)
tensor([[0.2546, 0.2301, 0.2586, 0.2568],
        [0.2577, 0.2339, 0.2601, 0.2483],
        [0.2526, 0.2476, 0.2519, 0.2479]], device='cuda:0',
       grad_fn=<SoftmaxBackward0>)
tensor([[0.2518, 0.2407, 0.2543, 0.2532],
        [0.2584, 0.2405, 0.2543, 0.2467],
        [0.2485, 0.2494, 0.2505, 0.2516],
        [0.2496, 0.2486, 0.2521, 0.2498]], device='cuda:0',
       grad_fn=<SoftmaxBackward0>)
tensor([[0.2650, 0.2387, 0.2493, 0.2470],
        [0.2554, 0.2386, 0.2542, 0.2518],
        [0.2558, 0.2457, 0.2513, 0.2473],
        [0.2582, 0.2463, 0.2484, 0.2471],
        [0.2451, 0.2485, 0.2485, 0.2579]], device='cuda:0',
       grad_fn=<SoftmaxBackward0>)
tensor([[0.2758, 0.2413, 0.2438, 0.2391],
        [0.2777, 0.2427, 0.2439, 0.2357],
        [0.2668, 0.2448, 0.2446, 0.2438],
        [0.2627, 0.2413, 0.2398, 0.2561],
        [0.2516, 0.2415, 0.2412, 0.2657],
        [0.2549, 0.2415, 0.2431, 0.2605]], device='cuda:0',
       grad_fn=<SoftmaxBackward0>)
tensor([[0.2811, 0.2392, 0.2389, 0.2409],
        [0.2816, 0.2396, 0.2403, 0.2385],
        [0.2693, 0.2456, 0.2421, 0.2430],
        [0.2626, 0.2409, 0.2418, 0.2547],
        [0.2575, 0.2424, 0.2412, 0.2589],
        [0.2613, 0.2392, 0.2422, 0.2572],
        [0.2561, 0.2440, 0.2433, 0.2566]], device='cuda:0',
       grad_fn=<SoftmaxBackward0>)
#####################
08/27 09:53:58午後 searchStage_trainer.py:268 [INFO] Train: Epoch: [2][50/390]	Step 832	lr 0.02491	Loss 3.4224 (3.4508)	Hard Loss 3.4224 (3.4508)	Soft Loss 3.4224 (3.4508)	Arch Loss 3.2851 (3.5417)	Arch Hard Loss 3.2851 (3.5417)	Arch Soft Loss 3.2851 (3.5417)	Arch depth Loss 0.0000 (0.0000)	Prec@(1,5) (15.5%, 42.8%)	
08/27 09:54:13午後 searchStage_trainer.py:268 [INFO] Train: Epoch: [2][100/390]	Step 882	lr 0.02491	Loss 3.3205 (3.4559)	Hard Loss 3.3205 (3.4559)	Soft Loss 3.3205 (3.4559)	Arch Loss 3.5153 (3.5252)	Arch Hard Loss 3.5153 (3.5252)	Arch Soft Loss 3.5153 (3.5252)	Arch depth Loss 0.0000 (0.0000)	Prec@(1,5) (15.5%, 43.1%)	
08/27 09:54:28午後 searchStage_trainer.py:268 [INFO] Train: Epoch: [2][150/390]	Step 932	lr 0.02491	Loss 3.5608 (3.4675)	Hard Loss 3.5608 (3.4675)	Soft Loss 3.5608 (3.4675)	Arch Loss 3.3043 (3.4984)	Arch Hard Loss 3.3043 (3.4984)	Arch Soft Loss 3.3043 (3.4984)	Arch depth Loss 0.0000 (0.0000)	Prec@(1,5) (15.7%, 42.8%)	
08/27 09:54:43午後 searchStage_trainer.py:268 [INFO] Train: Epoch: [2][200/390]	Step 982	lr 0.02491	Loss 3.6232 (3.4484)	Hard Loss 3.6232 (3.4484)	Soft Loss 3.6232 (3.4484)	Arch Loss 3.5032 (3.4707)	Arch Hard Loss 3.5032 (3.4707)	Arch Soft Loss 3.5032 (3.4707)	Arch depth Loss 0.0000 (0.0000)	Prec@(1,5) (16.0%, 43.2%)	
08/27 09:54:57午後 searchStage_trainer.py:268 [INFO] Train: Epoch: [2][250/390]	Step 1032	lr 0.02491	Loss 3.2313 (3.4443)	Hard Loss 3.2313 (3.4443)	Soft Loss 3.2313 (3.4443)	Arch Loss 3.4611 (3.4549)	Arch Hard Loss 3.4611 (3.4549)	Arch Soft Loss 3.4611 (3.4549)	Arch depth Loss 0.0000 (0.0000)	Prec@(1,5) (16.3%, 43.5%)	
08/27 09:55:12午後 searchStage_trainer.py:268 [INFO] Train: Epoch: [2][300/390]	Step 1082	lr 0.02491	Loss 2.9915 (3.4263)	Hard Loss 2.9915 (3.4263)	Soft Loss 2.9915 (3.4263)	Arch Loss 3.0574 (3.4395)	Arch Hard Loss 3.0574 (3.4395)	Arch Soft Loss 3.0574 (3.4395)	Arch depth Loss 0.0000 (0.0000)	Prec@(1,5) (16.6%, 44.0%)	
08/27 09:55:27午後 searchStage_trainer.py:268 [INFO] Train: Epoch: [2][350/390]	Step 1132	lr 0.02491	Loss 3.5340 (3.4164)	Hard Loss 3.5340 (3.4164)	Soft Loss 3.5340 (3.4164)	Arch Loss 3.7665 (3.4315)	Arch Hard Loss 3.7665 (3.4315)	Arch Soft Loss 3.7665 (3.4315)	Arch depth Loss 0.0000 (0.0000)	Prec@(1,5) (16.8%, 44.2%)	
08/27 09:55:39午後 searchStage_trainer.py:268 [INFO] Train: Epoch: [2][390/390]	Step 1172	lr 0.02491	Loss 3.5053 (3.4031)	Hard Loss 3.5053 (3.4031)	Soft Loss 3.5053 (3.4031)	Arch Loss 3.1714 (3.4114)	Arch Hard Loss 3.1714 (3.4114)	Arch Soft Loss 3.1714 (3.4114)	Arch depth Loss 0.0000 (0.0000)	Prec@(1,5) (16.9%, 44.4%)	
08/27 09:55:39午後 searchStage_trainer.py:284 [INFO] Train: [  2/49] Final Prec@1 16.8920%
08/27 09:55:42午後 searchStage_trainer.py:312 [INFO] Valid: Epoch: [2][50/391]	Step 1173	Loss 3.3131	Prec@(1,5) (18.0%, 46.2%)
08/27 09:55:44午後 searchStage_trainer.py:312 [INFO] Valid: Epoch: [2][100/391]	Step 1173	Loss 3.3250	Prec@(1,5) (17.4%, 46.4%)
08/27 09:55:46午後 searchStage_trainer.py:312 [INFO] Valid: Epoch: [2][150/391]	Step 1173	Loss 3.3114	Prec@(1,5) (17.9%, 47.0%)
08/27 09:55:48午後 searchStage_trainer.py:312 [INFO] Valid: Epoch: [2][200/391]	Step 1173	Loss 3.3074	Prec@(1,5) (18.2%, 47.3%)
08/27 09:55:51午後 searchStage_trainer.py:312 [INFO] Valid: Epoch: [2][250/391]	Step 1173	Loss 3.3057	Prec@(1,5) (18.3%, 47.2%)
08/27 09:55:53午後 searchStage_trainer.py:312 [INFO] Valid: Epoch: [2][300/391]	Step 1173	Loss 3.3084	Prec@(1,5) (18.2%, 47.2%)
08/27 09:55:55午後 searchStage_trainer.py:312 [INFO] Valid: Epoch: [2][350/391]	Step 1173	Loss 3.3073	Prec@(1,5) (18.2%, 47.0%)
08/27 09:55:57午後 searchStage_trainer.py:312 [INFO] Valid: Epoch: [2][390/391]	Step 1173	Loss 3.3063	Prec@(1,5) (18.3%, 47.1%)
08/27 09:55:57午後 searchStage_trainer.py:323 [INFO] Valid: [  2/49] Final Prec@1 18.3280%
08/27 09:55:57午後 searchStage_KD_main.py:58 [INFO] DAG = Genotype2(DAG1=[[('skip_connect', 0), ('skip_connect', 1)], [('skip_connect', 0), ('skip_connect', 1)], [('skip_connect', 0), ('skip_connect', 1)], [('skip_connect', 1), ('skip_connect', 0)], [('skip_connect', 0), ('max_pool_3x3', 1)], [('skip_connect', 1), ('skip_connect', 0)]], DAG1_concat=range(6, 8), DAG2=[[('skip_connect', 0), ('skip_connect', 1)], [('skip_connect', 0), ('skip_connect', 1)], [('skip_connect', 0), ('skip_connect', 1)], [('skip_connect', 3), ('skip_connect', 2)], [('skip_connect', 1), ('skip_connect', 0)], [('max_pool_3x3', 0), ('skip_connect', 1)]], DAG2_concat=range(6, 8), DAG3=[[('skip_connect', 1), ('skip_connect', 0)], [('skip_connect', 1), ('skip_connect', 0)], [('max_pool_3x3', 1), ('skip_connect', 0)], [('max_pool_3x3', 0), ('max_pool_3x3', 3)], [('max_pool_3x3', 1), ('max_pool_3x3', 0)], [('max_pool_3x3', 0), ('max_pool_3x3', 1)]], DAG3_concat=range(6, 8))
08/27 09:55:57午後 searchStage_KD_main.py:89 [INFO] Until now, best Prec@1 = 18.3280%
####### ALPHA #######
# Alpha - DAG
tensor([[0.2441, 0.2438, 0.2610, 0.2510],
        [0.2459, 0.2468, 0.2578, 0.2495]], device='cuda:0',
       grad_fn=<SoftmaxBackward0>)
tensor([[0.2452, 0.2435, 0.2630, 0.2482],
        [0.2476, 0.2415, 0.2611, 0.2499],
        [0.2467, 0.2484, 0.2527, 0.2523]], device='cuda:0',
       grad_fn=<SoftmaxBackward0>)
tensor([[0.2461, 0.2430, 0.2642, 0.2468],
        [0.2465, 0.2412, 0.2624, 0.2499],
        [0.2451, 0.2495, 0.2539, 0.2515],
        [0.2486, 0.2480, 0.2510, 0.2524]], device='cuda:0',
       grad_fn=<SoftmaxBackward0>)
tensor([[0.2466, 0.2470, 0.2602, 0.2461],
        [0.2464, 0.2482, 0.2609, 0.2444],
        [0.2454, 0.2488, 0.2535, 0.2523],
        [0.2456, 0.2490, 0.2487, 0.2567],
        [0.2488, 0.2501, 0.2516, 0.2495]], device='cuda:0',
       grad_fn=<SoftmaxBackward0>)
tensor([[0.2594, 0.2391, 0.2711, 0.2303],
        [0.2661, 0.2382, 0.2657, 0.2299],
        [0.2557, 0.2351, 0.2461, 0.2631],
        [0.2557, 0.2367, 0.2531, 0.2545],
        [0.2535, 0.2375, 0.2510, 0.2580],
        [0.2500, 0.2353, 0.2466, 0.2682]], device='cuda:0',
       grad_fn=<SoftmaxBackward0>)
tensor([[0.2583, 0.2456, 0.2618, 0.2343],
        [0.2587, 0.2506, 0.2644, 0.2264],
        [0.2509, 0.2361, 0.2477, 0.2653],
        [0.2493, 0.2430, 0.2532, 0.2546],
        [0.2468, 0.2432, 0.2545, 0.2554],
        [0.2466, 0.2391, 0.2502, 0.2641],
        [0.2467, 0.2474, 0.2500, 0.2560]], device='cuda:0',
       grad_fn=<SoftmaxBackward0>)
tensor([[0.2405, 0.2392, 0.2711, 0.2492],
        [0.2448, 0.2378, 0.2703, 0.2471]], device='cuda:0',
       grad_fn=<SoftmaxBackward0>)
tensor([[0.2474, 0.2387, 0.2640, 0.2499],
        [0.2517, 0.2378, 0.2604, 0.2502],
        [0.2467, 0.2495, 0.2551, 0.2487]], device='cuda:0',
       grad_fn=<SoftmaxBackward0>)
tensor([[0.2471, 0.2430, 0.2586, 0.2512],
        [0.2478, 0.2480, 0.2568, 0.2473],
        [0.2486, 0.2483, 0.2519, 0.2513],
        [0.2495, 0.2517, 0.2497, 0.2492]], device='cuda:0',
       grad_fn=<SoftmaxBackward0>)
tensor([[0.2494, 0.2445, 0.2524, 0.2537],
        [0.2469, 0.2465, 0.2527, 0.2539],
        [0.2495, 0.2493, 0.2532, 0.2480],
        [0.2527, 0.2477, 0.2534, 0.2462],
        [0.2486, 0.2519, 0.2506, 0.2489]], device='cuda:0',
       grad_fn=<SoftmaxBackward0>)
tensor([[0.2579, 0.2502, 0.2644, 0.2275],
        [0.2571, 0.2501, 0.2659, 0.2268],
        [0.2450, 0.2444, 0.2566, 0.2541],
        [0.2438, 0.2444, 0.2427, 0.2691],
        [0.2402, 0.2518, 0.2528, 0.2552],
        [0.2400, 0.2518, 0.2443, 0.2639]], device='cuda:0',
       grad_fn=<SoftmaxBackward0>)
tensor([[0.2615, 0.2425, 0.2542, 0.2418],
        [0.2579, 0.2444, 0.2591, 0.2385],
        [0.2531, 0.2424, 0.2520, 0.2525],
        [0.2457, 0.2453, 0.2418, 0.2673],
        [0.2464, 0.2511, 0.2517, 0.2508],
        [0.2460, 0.2490, 0.2541, 0.2509],
        [0.2499, 0.2488, 0.2518, 0.2495]], device='cuda:0',
       grad_fn=<SoftmaxBackward0>)
tensor([[0.2626, 0.2250, 0.2663, 0.2461],
        [0.2534, 0.2253, 0.2673, 0.2540]], device='cuda:0',
       grad_fn=<SoftmaxBackward0>)
tensor([[0.2508, 0.2263, 0.2677, 0.2551],
        [0.2552, 0.2293, 0.2678, 0.2477],
        [0.2507, 0.2470, 0.2538, 0.2485]], device='cuda:0',
       grad_fn=<SoftmaxBackward0>)
tensor([[0.2531, 0.2367, 0.2592, 0.2510],
        [0.2612, 0.2366, 0.2557, 0.2465],
        [0.2437, 0.2474, 0.2572, 0.2517],
        [0.2442, 0.2489, 0.2553, 0.2516]], device='cuda:0',
       grad_fn=<SoftmaxBackward0>)
tensor([[0.2710, 0.2353, 0.2508, 0.2429],
        [0.2580, 0.2342, 0.2550, 0.2528],
        [0.2556, 0.2428, 0.2534, 0.2483],
        [0.2587, 0.2444, 0.2478, 0.2492],
        [0.2439, 0.2468, 0.2508, 0.2584]], device='cuda:0',
       grad_fn=<SoftmaxBackward0>)
tensor([[0.2886, 0.2366, 0.2422, 0.2326],
        [0.2893, 0.2364, 0.2426, 0.2317],
        [0.2724, 0.2401, 0.2429, 0.2446],
        [0.2671, 0.2357, 0.2383, 0.2590],
        [0.2527, 0.2386, 0.2388, 0.2698],
        [0.2577, 0.2359, 0.2410, 0.2653]], device='cuda:0',
       grad_fn=<SoftmaxBackward0>)
tensor([[0.3000, 0.2314, 0.2338, 0.2348],
        [0.2981, 0.2329, 0.2365, 0.2325],
        [0.2756, 0.2412, 0.2428, 0.2404],
        [0.2634, 0.2335, 0.2392, 0.2638],
        [0.2596, 0.2386, 0.2415, 0.2603],
        [0.2627, 0.2326, 0.2397, 0.2650],
        [0.2594, 0.2394, 0.2435, 0.2577]], device='cuda:0',
       grad_fn=<SoftmaxBackward0>)
#####################
08/27 09:56:13午後 searchStage_trainer.py:268 [INFO] Train: Epoch: [3][50/390]	Step 1223	lr 0.02479	Loss 3.2439 (3.2151)	Hard Loss 3.2439 (3.2151)	Soft Loss 3.2439 (3.2151)	Arch Loss 3.0370 (3.2976)	Arch Hard Loss 3.0370 (3.2976)	Arch Soft Loss 3.0370 (3.2976)	Arch depth Loss 0.0000 (0.0000)	Prec@(1,5) (20.2%, 49.7%)	
08/27 09:56:28午後 searchStage_trainer.py:268 [INFO] Train: Epoch: [3][100/390]	Step 1273	lr 0.02479	Loss 2.9604 (3.2360)	Hard Loss 2.9604 (3.2360)	Soft Loss 2.9604 (3.2360)	Arch Loss 3.0142 (3.2751)	Arch Hard Loss 3.0142 (3.2751)	Arch Soft Loss 3.0142 (3.2751)	Arch depth Loss 0.0000 (0.0000)	Prec@(1,5) (19.7%, 49.0%)	
08/27 09:56:42午後 searchStage_trainer.py:268 [INFO] Train: Epoch: [3][150/390]	Step 1323	lr 0.02479	Loss 3.4098 (3.2405)	Hard Loss 3.4098 (3.2405)	Soft Loss 3.4098 (3.2405)	Arch Loss 3.0857 (3.2666)	Arch Hard Loss 3.0857 (3.2666)	Arch Soft Loss 3.0857 (3.2666)	Arch depth Loss 0.0000 (0.0000)	Prec@(1,5) (19.9%, 48.7%)	
08/27 09:56:56午後 searchStage_trainer.py:268 [INFO] Train: Epoch: [3][200/390]	Step 1373	lr 0.02479	Loss 3.0494 (3.2309)	Hard Loss 3.0494 (3.2309)	Soft Loss 3.0494 (3.2309)	Arch Loss 3.2514 (3.2541)	Arch Hard Loss 3.2514 (3.2541)	Arch Soft Loss 3.2514 (3.2541)	Arch depth Loss 0.0000 (0.0000)	Prec@(1,5) (20.1%, 48.9%)	
08/27 09:57:11午後 searchStage_trainer.py:268 [INFO] Train: Epoch: [3][250/390]	Step 1423	lr 0.02479	Loss 3.1786 (3.2147)	Hard Loss 3.1786 (3.2147)	Soft Loss 3.1786 (3.2147)	Arch Loss 3.0033 (3.2339)	Arch Hard Loss 3.0033 (3.2339)	Arch Soft Loss 3.0033 (3.2339)	Arch depth Loss 0.0000 (0.0000)	Prec@(1,5) (20.3%, 49.4%)	
08/27 09:57:26午後 searchStage_trainer.py:268 [INFO] Train: Epoch: [3][300/390]	Step 1473	lr 0.02479	Loss 3.4198 (3.2103)	Hard Loss 3.4198 (3.2103)	Soft Loss 3.4198 (3.2103)	Arch Loss 3.4149 (3.2271)	Arch Hard Loss 3.4149 (3.2271)	Arch Soft Loss 3.4149 (3.2271)	Arch depth Loss 0.0000 (0.0000)	Prec@(1,5) (20.5%, 49.5%)	
08/27 09:57:41午後 searchStage_trainer.py:268 [INFO] Train: Epoch: [3][350/390]	Step 1523	lr 0.02479	Loss 2.9881 (3.2007)	Hard Loss 2.9881 (3.2007)	Soft Loss 2.9881 (3.2007)	Arch Loss 3.1781 (3.2158)	Arch Hard Loss 3.1781 (3.2158)	Arch Soft Loss 3.1781 (3.2158)	Arch depth Loss 0.0000 (0.0000)	Prec@(1,5) (20.6%, 49.8%)	
08/27 09:57:52午後 searchStage_trainer.py:268 [INFO] Train: Epoch: [3][390/390]	Step 1563	lr 0.02479	Loss 3.0587 (3.1889)	Hard Loss 3.0587 (3.1889)	Soft Loss 3.0587 (3.1889)	Arch Loss 3.5350 (3.2110)	Arch Hard Loss 3.5350 (3.2110)	Arch Soft Loss 3.5350 (3.2110)	Arch depth Loss 0.0000 (0.0000)	Prec@(1,5) (20.8%, 50.1%)	
08/27 09:57:53午後 searchStage_trainer.py:284 [INFO] Train: [  3/49] Final Prec@1 20.7720%
08/27 09:57:55午後 searchStage_trainer.py:312 [INFO] Valid: Epoch: [3][50/391]	Step 1564	Loss 3.2235	Prec@(1,5) (20.7%, 50.1%)
08/27 09:57:58午後 searchStage_trainer.py:312 [INFO] Valid: Epoch: [3][100/391]	Step 1564	Loss 3.2287	Prec@(1,5) (20.2%, 49.7%)
08/27 09:58:00午後 searchStage_trainer.py:312 [INFO] Valid: Epoch: [3][150/391]	Step 1564	Loss 3.2069	Prec@(1,5) (20.8%, 50.4%)
08/27 09:58:02午後 searchStage_trainer.py:312 [INFO] Valid: Epoch: [3][200/391]	Step 1564	Loss 3.2144	Prec@(1,5) (20.6%, 50.2%)
08/27 09:58:04午後 searchStage_trainer.py:312 [INFO] Valid: Epoch: [3][250/391]	Step 1564	Loss 3.2130	Prec@(1,5) (20.7%, 50.0%)
08/27 09:58:06午後 searchStage_trainer.py:312 [INFO] Valid: Epoch: [3][300/391]	Step 1564	Loss 3.2075	Prec@(1,5) (21.1%, 50.3%)
08/27 09:58:08午後 searchStage_trainer.py:312 [INFO] Valid: Epoch: [3][350/391]	Step 1564	Loss 3.1996	Prec@(1,5) (21.1%, 50.5%)
08/27 09:58:10午後 searchStage_trainer.py:312 [INFO] Valid: Epoch: [3][390/391]	Step 1564	Loss 3.2005	Prec@(1,5) (20.9%, 50.6%)
08/27 09:58:10午後 searchStage_trainer.py:323 [INFO] Valid: [  3/49] Final Prec@1 20.9200%
