11/12 07:09:56PM parser.py:28 [INFO] 
11/12 07:09:56PM parser.py:29 [INFO] Parameters:
11/12 07:09:56PM parser.py:31 [INFO] DAG_PATH=results/search_stage_KD/cifar100/noDepthLoss/s0-L32/DAG
11/12 07:09:56PM parser.py:31 [INFO] T=10.0
11/12 07:09:56PM parser.py:31 [INFO] ADVANCED=1
11/12 07:09:56PM parser.py:31 [INFO] ALPHA_LR=0.0003
11/12 07:09:56PM parser.py:31 [INFO] ALPHA_WEIGHT_DECAY=0.001
11/12 07:09:56PM parser.py:31 [INFO] ARCH_CRITERION=none
11/12 07:09:56PM parser.py:31 [INFO] BATCH_SIZE=64
11/12 07:09:56PM parser.py:31 [INFO] CASCADE=0
11/12 07:09:56PM parser.py:31 [INFO] CHECKPOINT_RESET=False
11/12 07:09:56PM parser.py:31 [INFO] CUTOUT_LENGTH=0
11/12 07:09:56PM parser.py:31 [INFO] DATA_PATH=../data/
11/12 07:09:56PM parser.py:31 [INFO] DATASET=cifar100
11/12 07:09:56PM parser.py:31 [INFO] DEPTH_COEF=0.0
11/12 07:09:56PM parser.py:31 [INFO] DESCRIPTION=search_stage_32-layer-network
11/12 07:09:56PM parser.py:31 [INFO] DISCRETE=0
11/12 07:09:56PM parser.py:31 [INFO] EPOCHS=50
11/12 07:09:56PM parser.py:31 [INFO] EVAL_EPOCHS=100
11/12 07:09:56PM parser.py:31 [INFO] EXP_NAME=s0-L32
11/12 07:09:56PM parser.py:31 [INFO] FINAL_L=0.0
11/12 07:09:56PM parser.py:31 [INFO] G=0.0
11/12 07:09:56PM parser.py:31 [INFO] GENOTYPE=Genotype3(normal1=[[('sep_conv_5x5', 0), ('sep_conv_3x3', 1)], [('sep_conv_3x3', 1), ('sep_conv_3x3', 0)], [('sep_conv_3x3', 1), ('sep_conv_3x3', 2)], [('sep_conv_3x3', 0), ('sep_conv_5x5', 4)]], normal1_concat=range(2, 6), reduce1=[[('sep_conv_3x3', 0), ('skip_connect', 1)], [('sep_conv_3x3', 1), ('max_pool_3x3', 0)], [('sep_conv_3x3', 2), ('sep_conv_3x3', 1)], [('max_pool_3x3', 0), ('dil_conv_3x3', 1)]], reduce1_concat=range(2, 6), normal2=[[('skip_connect', 0), ('sep_conv_5x5', 1)], [('skip_connect', 0), ('skip_connect', 2)], [('avg_pool_3x3', 0), ('avg_pool_3x3', 2)], [('skip_connect', 0), ('avg_pool_3x3', 2)]], normal2_concat=range(2, 6), reduce2=[[('avg_pool_3x3', 0), ('avg_pool_3x3', 1)], [('avg_pool_3x3', 0), ('skip_connect', 2)], [('skip_connect', 2), ('avg_pool_3x3', 0)], [('skip_connect', 2), ('avg_pool_3x3', 0)]], reduce2_concat=range(2, 6), normal3=[[('skip_connect', 0), ('skip_connect', 1)], [('skip_connect', 0), ('dil_conv_3x3', 1)], [('skip_connect', 0), ('skip_connect', 1)], [('skip_connect', 0), ('skip_connect', 2)]], normal3_concat=range(2, 6))
11/12 07:09:56PM parser.py:31 [INFO] GPUS=[0]
11/12 07:09:56PM parser.py:31 [INFO] HINT_EPOCHS=[16, 32]
11/12 07:09:56PM parser.py:31 [INFO] INIT_CHANNELS=16
11/12 07:09:56PM parser.py:31 [INFO] L=0.0
11/12 07:09:56PM parser.py:31 [INFO] LAYERS=32
11/12 07:09:56PM parser.py:31 [INFO] LOGGER=<Logger H-DAS (INFO)>
11/12 07:09:56PM parser.py:31 [INFO] NAME=noDepthLoss
11/12 07:09:56PM parser.py:31 [INFO] NONKD=1
11/12 07:09:56PM parser.py:31 [INFO] PATH=results/search_stage_KD/cifar100/noDepthLoss/s0-L32
11/12 07:09:56PM parser.py:31 [INFO] PCDARTS=0
11/12 07:09:56PM parser.py:31 [INFO] PLOT_PATH=results/search_stage_KD/cifar100/noDepthLoss/s0-L32/plots
11/12 07:09:56PM parser.py:31 [INFO] PRINT_FREQ=100
11/12 07:09:56PM parser.py:31 [INFO] RESET=0
11/12 07:09:56PM parser.py:31 [INFO] RESUME_PATH=None
11/12 07:09:56PM parser.py:31 [INFO] SAVE=s0-L32
11/12 07:09:56PM parser.py:31 [INFO] SEED=0
11/12 07:09:56PM parser.py:31 [INFO] SHARE_STAGE=0
11/12 07:09:56PM parser.py:31 [INFO] SLIDE_WINDOW=3
11/12 07:09:56PM parser.py:31 [INFO] SPEC_CELL=1
11/12 07:09:56PM parser.py:31 [INFO] STAGE_MACS=[8.18, 2.49, 1.88]
11/12 07:09:56PM parser.py:31 [INFO] TEACHER_NAME=none
11/12 07:09:56PM parser.py:31 [INFO] TEACHER_PATH=none
11/12 07:09:56PM parser.py:31 [INFO] TRAIN_PORTION=0.5
11/12 07:09:56PM parser.py:31 [INFO] TYPE=KD
11/12 07:09:56PM parser.py:31 [INFO] W_GRAD_CLIP=5.0
11/12 07:09:56PM parser.py:31 [INFO] W_LR=0.025
11/12 07:09:56PM parser.py:31 [INFO] W_LR_MIN=0.001
11/12 07:09:56PM parser.py:31 [INFO] W_MOMENTUM=0.9
11/12 07:09:56PM parser.py:31 [INFO] W_WEIGHT_DECAY=0.0003
11/12 07:09:56PM parser.py:31 [INFO] WORKERS=4
11/12 07:09:56PM parser.py:32 [INFO] 
11/12 07:10:24PM searchStage_trainer.py:134 [INFO] --> No loaded checkpoint!
####### ALPHA #######
# Alpha - DAG
tensor([[0.2504, 0.2499, 0.2495, 0.2502],
        [0.2498, 0.2497, 0.2502, 0.2503]], device='cuda:0',
       grad_fn=<SoftmaxBackward0>)
tensor([[0.2499, 0.2500, 0.2499, 0.2501],
        [0.2498, 0.2503, 0.2498, 0.2501],
        [0.2500, 0.2503, 0.2499, 0.2498]], device='cuda:0',
       grad_fn=<SoftmaxBackward0>)
tensor([[0.2499, 0.2501, 0.2500, 0.2500],
        [0.2501, 0.2504, 0.2497, 0.2498],
        [0.2501, 0.2499, 0.2502, 0.2498]], device='cuda:0',
       grad_fn=<SoftmaxBackward0>)
tensor([[0.2501, 0.2502, 0.2495, 0.2501],
        [0.2499, 0.2500, 0.2502, 0.2499],
        [0.2500, 0.2501, 0.2500, 0.2498]], device='cuda:0',
       grad_fn=<SoftmaxBackward0>)
tensor([[0.2498, 0.2500, 0.2501, 0.2500],
        [0.2504, 0.2499, 0.2499, 0.2497],
        [0.2501, 0.2505, 0.2498, 0.2496]], device='cuda:0',
       grad_fn=<SoftmaxBackward0>)
tensor([[0.2497, 0.2499, 0.2504, 0.2501],
        [0.2496, 0.2497, 0.2502, 0.2505],
        [0.2500, 0.2500, 0.2497, 0.2504]], device='cuda:0',
       grad_fn=<SoftmaxBackward0>)
tensor([[0.2503, 0.2502, 0.2500, 0.2495],
        [0.2496, 0.2502, 0.2502, 0.2500],
        [0.2500, 0.2501, 0.2498, 0.2500]], device='cuda:0',
       grad_fn=<SoftmaxBackward0>)
tensor([[0.2500, 0.2502, 0.2498, 0.2500],
        [0.2499, 0.2503, 0.2499, 0.2499],
        [0.2499, 0.2501, 0.2497, 0.2503]], device='cuda:0',
       grad_fn=<SoftmaxBackward0>)
tensor([[0.2501, 0.2500, 0.2500, 0.2499],
        [0.2501, 0.2502, 0.2499, 0.2498],
        [0.2502, 0.2505, 0.2497, 0.2496]], device='cuda:0',
       grad_fn=<SoftmaxBackward0>)
tensor([[0.2496, 0.2505, 0.2496, 0.2503],
        [0.2502, 0.2500, 0.2500, 0.2498],
        [0.2499, 0.2500, 0.2500, 0.2500]], device='cuda:0',
       grad_fn=<SoftmaxBackward0>)
tensor([[0.2498, 0.2501, 0.2502, 0.2499],
        [0.2496, 0.2501, 0.2503, 0.2500]], device='cuda:0',
       grad_fn=<SoftmaxBackward0>)
tensor([[0.2503, 0.2500, 0.2497, 0.2501],
        [0.2501, 0.2500, 0.2500, 0.2499],
        [0.2496, 0.2502, 0.2500, 0.2502]], device='cuda:0',
       grad_fn=<SoftmaxBackward0>)
tensor([[0.2500, 0.2504, 0.2496, 0.2499],
        [0.2503, 0.2503, 0.2498, 0.2497],
        [0.2501, 0.2500, 0.2499, 0.2500]], device='cuda:0',
       grad_fn=<SoftmaxBackward0>)
tensor([[0.2499, 0.2495, 0.2504, 0.2501],
        [0.2503, 0.2498, 0.2499, 0.2500],
        [0.2497, 0.2502, 0.2503, 0.2498]], device='cuda:0',
       grad_fn=<SoftmaxBackward0>)
tensor([[0.2498, 0.2504, 0.2500, 0.2498],
        [0.2502, 0.2497, 0.2501, 0.2500],
        [0.2501, 0.2499, 0.2500, 0.2499]], device='cuda:0',
       grad_fn=<SoftmaxBackward0>)
tensor([[0.2498, 0.2500, 0.2499, 0.2503],
        [0.2499, 0.2504, 0.2499, 0.2499],
        [0.2497, 0.2503, 0.2500, 0.2500]], device='cuda:0',
       grad_fn=<SoftmaxBackward0>)
tensor([[0.2499, 0.2502, 0.2501, 0.2499],
        [0.2499, 0.2505, 0.2497, 0.2499],
        [0.2500, 0.2502, 0.2499, 0.2499]], device='cuda:0',
       grad_fn=<SoftmaxBackward0>)
tensor([[0.2502, 0.2496, 0.2504, 0.2499],
        [0.2501, 0.2502, 0.2499, 0.2499],
        [0.2497, 0.2500, 0.2500, 0.2502]], device='cuda:0',
       grad_fn=<SoftmaxBackward0>)
tensor([[0.2501, 0.2498, 0.2500, 0.2501],
        [0.2501, 0.2499, 0.2499, 0.2501],
        [0.2498, 0.2502, 0.2505, 0.2495]], device='cuda:0',
       grad_fn=<SoftmaxBackward0>)
tensor([[0.2500, 0.2500, 0.2499, 0.2501],
        [0.2500, 0.2501, 0.2501, 0.2498],
        [0.2498, 0.2501, 0.2501, 0.2499]], device='cuda:0',
       grad_fn=<SoftmaxBackward0>)
tensor([[0.2499, 0.2502, 0.2502, 0.2497],
        [0.2500, 0.2503, 0.2497, 0.2499]], device='cuda:0',
       grad_fn=<SoftmaxBackward0>)
tensor([[0.2501, 0.2503, 0.2497, 0.2498],
        [0.2500, 0.2500, 0.2501, 0.2499],
        [0.2499, 0.2499, 0.2501, 0.2501]], device='cuda:0',
       grad_fn=<SoftmaxBackward0>)
tensor([[0.2499, 0.2502, 0.2503, 0.2496],
        [0.2500, 0.2499, 0.2501, 0.2500],
        [0.2501, 0.2503, 0.2498, 0.2498]], device='cuda:0',
       grad_fn=<SoftmaxBackward0>)
tensor([[0.2505, 0.2496, 0.2503, 0.2496],
        [0.2502, 0.2499, 0.2500, 0.2499],
        [0.2499, 0.2501, 0.2499, 0.2501]], device='cuda:0',
       grad_fn=<SoftmaxBackward0>)
tensor([[0.2502, 0.2497, 0.2500, 0.2501],
        [0.2502, 0.2501, 0.2498, 0.2499],
        [0.2502, 0.2502, 0.2501, 0.2496]], device='cuda:0',
       grad_fn=<SoftmaxBackward0>)
tensor([[0.2499, 0.2498, 0.2503, 0.2499],
        [0.2499, 0.2496, 0.2502, 0.2503],
        [0.2498, 0.2504, 0.2497, 0.2500]], device='cuda:0',
       grad_fn=<SoftmaxBackward0>)
tensor([[0.2499, 0.2499, 0.2500, 0.2502],
        [0.2502, 0.2499, 0.2497, 0.2501],
        [0.2500, 0.2497, 0.2501, 0.2502]], device='cuda:0',
       grad_fn=<SoftmaxBackward0>)
tensor([[0.2502, 0.2498, 0.2498, 0.2502],
        [0.2500, 0.2503, 0.2494, 0.2504],
        [0.2500, 0.2499, 0.2498, 0.2503]], device='cuda:0',
       grad_fn=<SoftmaxBackward0>)
tensor([[0.2501, 0.2499, 0.2498, 0.2503],
        [0.2498, 0.2498, 0.2505, 0.2499],
        [0.2498, 0.2502, 0.2501, 0.2499]], device='cuda:0',
       grad_fn=<SoftmaxBackward0>)
tensor([[0.2499, 0.2503, 0.2496, 0.2502],
        [0.2498, 0.2501, 0.2502, 0.2499],
        [0.2503, 0.2500, 0.2498, 0.2499]], device='cuda:0',
       grad_fn=<SoftmaxBackward0>)
#####################
11/12 07:11:33PM searchStage_trainer.py:265 [INFO] Train: Epoch: [0][100/390]	Step 100	lr 0.025	Loss 4.4740 (4.6740)	Hard Loss 4.4740 (4.6740)	Soft Loss 4.4740 (4.6740)	Arch Loss 4.5038 (4.6528)	Arch Hard Loss 4.5038 (4.6528)	Arch Soft Loss 4.5038 (4.6528)	Arch depth Loss 0.0000 (0.0000)	Prec@(1,5) (1.7%, 7.6%)	
11/12 07:12:37PM searchStage_trainer.py:265 [INFO] Train: Epoch: [0][200/390]	Step 200	lr 0.025	Loss 4.2700 (4.5386)	Hard Loss 4.2700 (4.5386)	Soft Loss 4.2700 (4.5386)	Arch Loss 4.3491 (4.5302)	Arch Hard Loss 4.3491 (4.5302)	Arch Soft Loss 4.3491 (4.5302)	Arch depth Loss 0.0000 (0.0000)	Prec@(1,5) (2.5%, 10.3%)	
11/12 07:13:42PM searchStage_trainer.py:265 [INFO] Train: Epoch: [0][300/390]	Step 300	lr 0.025	Loss 4.5098 (4.4596)	Hard Loss 4.5098 (4.4596)	Soft Loss 4.5098 (4.4596)	Arch Loss 4.3871 (4.4548)	Arch Hard Loss 4.3871 (4.4548)	Arch Soft Loss 4.3871 (4.4548)	Arch depth Loss 0.0000 (0.0000)	Prec@(1,5) (2.8%, 11.6%)	
11/12 07:14:41PM searchStage_trainer.py:265 [INFO] Train: Epoch: [0][390/390]	Step 390	lr 0.025	Loss 4.3582 (4.4074)	Hard Loss 4.3582 (4.4074)	Soft Loss 4.3582 (4.4074)	Arch Loss 4.1621 (4.3995)	Arch Hard Loss 4.1621 (4.3995)	Arch Soft Loss 4.1621 (4.3995)	Arch depth Loss 0.0000 (0.0000)	Prec@(1,5) (3.1%, 12.8%)	
11/12 07:14:43PM searchStage_trainer.py:281 [INFO] Train: [  0/49] Final Prec@1 3.0800%
11/12 07:14:52PM searchStage_trainer.py:309 [INFO] Valid: Epoch: [0][100/391]	Step 391	Loss 4.1921	Prec@(1,5) (4.5%, 18.7%)
11/12 07:15:00PM searchStage_trainer.py:309 [INFO] Valid: Epoch: [0][200/391]	Step 391	Loss 4.1896	Prec@(1,5) (4.4%, 18.7%)
11/12 07:15:08PM searchStage_trainer.py:309 [INFO] Valid: Epoch: [0][300/391]	Step 391	Loss 4.1844	Prec@(1,5) (4.5%, 18.9%)
11/12 07:15:15PM searchStage_trainer.py:309 [INFO] Valid: Epoch: [0][390/391]	Step 391	Loss 4.1824	Prec@(1,5) (4.5%, 19.0%)
11/12 07:15:16PM searchStage_trainer.py:320 [INFO] Valid: [  0/49] Final Prec@1 4.4840%
11/12 07:15:16PM trainer_runner.py:74 [INFO] DAG = Genotype2(DAG1=[[('skip_connect', 1), ('max_pool_3x3', 0)], [('avg_pool_3x3', 2), ('avg_pool_3x3', 1)], [('avg_pool_3x3', 1), ('max_pool_3x3', 2)], [('avg_pool_3x3', 2), ('skip_connect', 4)], [('max_pool_3x3', 4), ('avg_pool_3x3', 5)], [('skip_connect', 5), ('skip_connect', 4)], [('avg_pool_3x3', 5), ('avg_pool_3x3', 7)], [('avg_pool_3x3', 7), ('max_pool_3x3', 6)], [('avg_pool_3x3', 9), ('max_pool_3x3', 8)], [('avg_pool_3x3', 8), ('avg_pool_3x3', 10)]], DAG1_concat=range(10, 12), DAG2=[[('avg_pool_3x3', 1), ('skip_connect', 0)], [('skip_connect', 2), ('skip_connect', 1)], [('avg_pool_3x3', 3), ('skip_connect', 1)], [('skip_connect', 2), ('avg_pool_3x3', 4)], [('skip_connect', 3), ('skip_connect', 5)], [('avg_pool_3x3', 5), ('avg_pool_3x3', 6)], [('avg_pool_3x3', 5), ('avg_pool_3x3', 6)], [('skip_connect', 6), ('skip_connect', 7)], [('skip_connect', 7), ('skip_connect', 8)], [('skip_connect', 8), ('avg_pool_3x3', 9)]], DAG2_concat=range(10, 12), DAG3=[[('skip_connect', 1), ('skip_connect', 0)], [('skip_connect', 0), ('skip_connect', 1)], [('skip_connect', 1), ('skip_connect', 3)], [('skip_connect', 3), ('skip_connect', 4)], [('skip_connect', 3), ('skip_connect', 4)], [('skip_connect', 6), ('skip_connect', 4)], [('skip_connect', 5), ('skip_connect', 7)], [('skip_connect', 6), ('skip_connect', 8)], [('skip_connect', 8), ('skip_connect', 7)], [('skip_connect', 8), ('skip_connect', 9)]], DAG3_concat=range(10, 12))
11/12 07:15:16PM trainer_runner.py:105 [INFO] Until now, best Prec@1 = 4.4840%
####### ALPHA #######
# Alpha - DAG
tensor([[0.2500, 0.2500, 0.2492, 0.2508],
        [0.2496, 0.2497, 0.2510, 0.2497]], device='cuda:0',
       grad_fn=<SoftmaxBackward0>)
tensor([[0.2502, 0.2499, 0.2501, 0.2498],
        [0.2496, 0.2504, 0.2499, 0.2501],
        [0.2499, 0.2506, 0.2497, 0.2498]], device='cuda:0',
       grad_fn=<SoftmaxBackward0>)
tensor([[0.2499, 0.2505, 0.2500, 0.2497],
        [0.2503, 0.2501, 0.2500, 0.2495],
        [0.2503, 0.2497, 0.2498, 0.2502]], device='cuda:0',
       grad_fn=<SoftmaxBackward0>)
tensor([[0.2497, 0.2509, 0.2500, 0.2495],
        [0.2497, 0.2495, 0.2499, 0.2508],
        [0.2500, 0.2503, 0.2504, 0.2493]], device='cuda:0',
       grad_fn=<SoftmaxBackward0>)
tensor([[0.2495, 0.2507, 0.2503, 0.2494],
        [0.2510, 0.2492, 0.2505, 0.2494],
        [0.2503, 0.2506, 0.2487, 0.2504]], device='cuda:0',
       grad_fn=<SoftmaxBackward0>)
tensor([[0.2495, 0.2502, 0.2504, 0.2500],
        [0.2492, 0.2492, 0.2507, 0.2509],
        [0.2490, 0.2504, 0.2503, 0.2502]], device='cuda:0',
       grad_fn=<SoftmaxBackward0>)
tensor([[0.2496, 0.2510, 0.2506, 0.2488],
        [0.2494, 0.2494, 0.2504, 0.2507],
        [0.2500, 0.2505, 0.2495, 0.2500]], device='cuda:0',
       grad_fn=<SoftmaxBackward0>)
tensor([[0.2502, 0.2499, 0.2498, 0.2501],
        [0.2494, 0.2507, 0.2496, 0.2504],
        [0.2502, 0.2503, 0.2496, 0.2499]], device='cuda:0',
       grad_fn=<SoftmaxBackward0>)
tensor([[0.2502, 0.2490, 0.2499, 0.2510],
        [0.2504, 0.2500, 0.2497, 0.2499],
        [0.2511, 0.2511, 0.2492, 0.2487]], device='cuda:0',
       grad_fn=<SoftmaxBackward0>)
tensor([[0.2492, 0.2512, 0.2505, 0.2491],
        [0.2497, 0.2504, 0.2491, 0.2508],
        [0.2493, 0.2506, 0.2497, 0.2504]], device='cuda:0',
       grad_fn=<SoftmaxBackward0>)
tensor([[0.2495, 0.2495, 0.2501, 0.2509],
        [0.2499, 0.2509, 0.2503, 0.2489]], device='cuda:0',
       grad_fn=<SoftmaxBackward0>)
tensor([[0.2494, 0.2490, 0.2496, 0.2520],
        [0.2498, 0.2499, 0.2507, 0.2495],
        [0.2491, 0.2503, 0.2515, 0.2491]], device='cuda:0',
       grad_fn=<SoftmaxBackward0>)
tensor([[0.2499, 0.2496, 0.2502, 0.2503],
        [0.2496, 0.2503, 0.2499, 0.2502],
        [0.2488, 0.2513, 0.2506, 0.2494]], device='cuda:0',
       grad_fn=<SoftmaxBackward0>)
tensor([[0.2490, 0.2506, 0.2511, 0.2493],
        [0.2501, 0.2500, 0.2496, 0.2503],
        [0.2485, 0.2508, 0.2505, 0.2503]], device='cuda:0',
       grad_fn=<SoftmaxBackward0>)
tensor([[0.2487, 0.2504, 0.2516, 0.2492],
        [0.2503, 0.2496, 0.2492, 0.2509],
        [0.2498, 0.2500, 0.2507, 0.2495]], device='cuda:0',
       grad_fn=<SoftmaxBackward0>)
tensor([[0.2492, 0.2502, 0.2494, 0.2512],
        [0.2486, 0.2510, 0.2508, 0.2496],
        [0.2494, 0.2506, 0.2502, 0.2498]], device='cuda:0',
       grad_fn=<SoftmaxBackward0>)
tensor([[0.2489, 0.2513, 0.2501, 0.2497],
        [0.2485, 0.2513, 0.2512, 0.2490],
        [0.2490, 0.2508, 0.2493, 0.2509]], device='cuda:0',
       grad_fn=<SoftmaxBackward0>)
tensor([[0.2492, 0.2503, 0.2510, 0.2494],
        [0.2502, 0.2499, 0.2502, 0.2497],
        [0.2490, 0.2499, 0.2500, 0.2511]], device='cuda:0',
       grad_fn=<SoftmaxBackward0>)
tensor([[0.2496, 0.2500, 0.2512, 0.2492],
        [0.2495, 0.2500, 0.2503, 0.2503],
        [0.2496, 0.2496, 0.2504, 0.2504]], device='cuda:0',
       grad_fn=<SoftmaxBackward0>)
tensor([[0.2499, 0.2499, 0.2521, 0.2481],
        [0.2493, 0.2506, 0.2495, 0.2506],
        [0.2500, 0.2499, 0.2492, 0.2509]], device='cuda:0',
       grad_fn=<SoftmaxBackward0>)
tensor([[0.2479, 0.2472, 0.2545, 0.2505],
        [0.2481, 0.2483, 0.2549, 0.2487]], device='cuda:0',
       grad_fn=<SoftmaxBackward0>)
tensor([[0.2488, 0.2489, 0.2543, 0.2481],
        [0.2485, 0.2479, 0.2522, 0.2514],
        [0.2500, 0.2477, 0.2518, 0.2504]], device='cuda:0',
       grad_fn=<SoftmaxBackward0>)
tensor([[0.2481, 0.2495, 0.2558, 0.2465],
        [0.2482, 0.2480, 0.2510, 0.2528],
        [0.2460, 0.2510, 0.2529, 0.2501]], device='cuda:0',
       grad_fn=<SoftmaxBackward0>)
tensor([[0.2498, 0.2477, 0.2515, 0.2510],
        [0.2461, 0.2495, 0.2539, 0.2506],
        [0.2467, 0.2492, 0.2542, 0.2499]], device='cuda:0',
       grad_fn=<SoftmaxBackward0>)
tensor([[0.2466, 0.2499, 0.2560, 0.2475],
        [0.2467, 0.2489, 0.2515, 0.2529],
        [0.2477, 0.2492, 0.2514, 0.2517]], device='cuda:0',
       grad_fn=<SoftmaxBackward0>)
tensor([[0.2467, 0.2509, 0.2542, 0.2483],
        [0.2448, 0.2501, 0.2522, 0.2529],
        [0.2455, 0.2497, 0.2547, 0.2501]], device='cuda:0',
       grad_fn=<SoftmaxBackward0>)
tensor([[0.2465, 0.2481, 0.2558, 0.2496],
        [0.2466, 0.2485, 0.2525, 0.2525],
        [0.2452, 0.2498, 0.2546, 0.2505]], device='cuda:0',
       grad_fn=<SoftmaxBackward0>)
tensor([[0.2452, 0.2512, 0.2550, 0.2486],
        [0.2449, 0.2496, 0.2530, 0.2525],
        [0.2453, 0.2489, 0.2539, 0.2519]], device='cuda:0',
       grad_fn=<SoftmaxBackward0>)
tensor([[0.2443, 0.2510, 0.2553, 0.2493],
        [0.2442, 0.2467, 0.2577, 0.2514],
        [0.2453, 0.2472, 0.2551, 0.2524]], device='cuda:0',
       grad_fn=<SoftmaxBackward0>)
tensor([[0.2470, 0.2471, 0.2579, 0.2479],
        [0.2469, 0.2457, 0.2583, 0.2492],
        [0.2464, 0.2469, 0.2503, 0.2565]], device='cuda:0',
       grad_fn=<SoftmaxBackward0>)
#####################
11/12 07:16:23PM searchStage_trainer.py:265 [INFO] Train: Epoch: [1][100/390]	Step 491	lr 0.02498	Loss 4.1430 (4.1151)	Hard Loss 4.1430 (4.1151)	Soft Loss 4.1430 (4.1151)	Arch Loss 4.0585 (4.1075)	Arch Hard Loss 4.0585 (4.1075)	Arch Soft Loss 4.0585 (4.1075)	Arch depth Loss 0.0000 (0.0000)	Prec@(1,5) (5.5%, 21.3%)	
11/12 07:17:26PM searchStage_trainer.py:265 [INFO] Train: Epoch: [1][200/390]	Step 591	lr 0.02498	Loss 4.1350 (4.0912)	Hard Loss 4.1350 (4.0912)	Soft Loss 4.1350 (4.0912)	Arch Loss 4.0042 (4.0658)	Arch Hard Loss 4.0042 (4.0658)	Arch Soft Loss 4.0042 (4.0658)	Arch depth Loss 0.0000 (0.0000)	Prec@(1,5) (5.5%, 21.4%)	
11/12 07:18:32PM searchStage_trainer.py:265 [INFO] Train: Epoch: [1][300/390]	Step 691	lr 0.02498	Loss 4.0645 (4.0585)	Hard Loss 4.0645 (4.0585)	Soft Loss 4.0645 (4.0585)	Arch Loss 3.7774 (4.0366)	Arch Hard Loss 3.7774 (4.0366)	Arch Soft Loss 3.7774 (4.0366)	Arch depth Loss 0.0000 (0.0000)	Prec@(1,5) (6.1%, 22.9%)	
11/12 07:19:31PM searchStage_trainer.py:265 [INFO] Train: Epoch: [1][390/390]	Step 781	lr 0.02498	Loss 4.1590 (4.0371)	Hard Loss 4.1590 (4.0371)	Soft Loss 4.1590 (4.0371)	Arch Loss 4.1174 (4.0223)	Arch Hard Loss 4.1174 (4.0223)	Arch Soft Loss 4.1174 (4.0223)	Arch depth Loss 0.0000 (0.0000)	Prec@(1,5) (6.5%, 23.8%)	
11/12 07:19:32PM searchStage_trainer.py:281 [INFO] Train: [  1/49] Final Prec@1 6.5000%
11/12 07:19:40PM searchStage_trainer.py:309 [INFO] Valid: Epoch: [1][100/391]	Step 782	Loss 3.9107	Prec@(1,5) (8.0%, 27.9%)
11/12 07:19:48PM searchStage_trainer.py:309 [INFO] Valid: Epoch: [1][200/391]	Step 782	Loss 3.9054	Prec@(1,5) (8.4%, 28.4%)
11/12 07:19:57PM searchStage_trainer.py:309 [INFO] Valid: Epoch: [1][300/391]	Step 782	Loss 3.9104	Prec@(1,5) (8.5%, 28.3%)
11/12 07:20:04PM searchStage_trainer.py:309 [INFO] Valid: Epoch: [1][390/391]	Step 782	Loss 3.9071	Prec@(1,5) (8.6%, 28.3%)
11/12 07:20:04PM searchStage_trainer.py:320 [INFO] Valid: [  1/49] Final Prec@1 8.6000%
11/12 07:20:04PM trainer_runner.py:74 [INFO] DAG = Genotype2(DAG1=[[('skip_connect', 1), ('max_pool_3x3', 0)], [('max_pool_3x3', 0), ('avg_pool_3x3', 2)], [('max_pool_3x3', 2), ('avg_pool_3x3', 1)], [('skip_connect', 4), ('avg_pool_3x3', 2)], [('avg_pool_3x3', 5), ('max_pool_3x3', 4)], [('skip_connect', 5), ('skip_connect', 4)], [('skip_connect', 5), ('skip_connect', 6)], [('max_pool_3x3', 6), ('avg_pool_3x3', 7)], [('skip_connect', 7), ('avg_pool_3x3', 9)], [('avg_pool_3x3', 8), ('avg_pool_3x3', 9)]], DAG1_concat=range(10, 12), DAG2=[[('skip_connect', 1), ('skip_connect', 0)], [('skip_connect', 1), ('skip_connect', 2)], [('skip_connect', 1), ('skip_connect', 2)], [('skip_connect', 2), ('max_pool_3x3', 3)], [('skip_connect', 3), ('skip_connect', 5)], [('skip_connect', 5), ('skip_connect', 4)], [('skip_connect', 5), ('skip_connect', 6)], [('skip_connect', 6), ('skip_connect', 8)], [('skip_connect', 7), ('skip_connect', 8)], [('skip_connect', 8), ('avg_pool_3x3', 10)]], DAG2_concat=range(10, 12), DAG3=[[('skip_connect', 0), ('skip_connect', 1)], [('skip_connect', 0), ('skip_connect', 1)], [('skip_connect', 1), ('skip_connect', 3)], [('skip_connect', 2), ('skip_connect', 4)], [('skip_connect', 3), ('skip_connect', 4)], [('skip_connect', 4), ('max_pool_3x3', 6)], [('skip_connect', 5), ('skip_connect', 7)], [('skip_connect', 6), ('skip_connect', 8)], [('max_pool_3x3', 9), ('max_pool_3x3', 7)], [('max_pool_3x3', 9), ('max_pool_3x3', 8)]], DAG3_concat=range(10, 12))
11/12 07:20:05PM trainer_runner.py:105 [INFO] Until now, best Prec@1 = 8.6000%
####### ALPHA #######
# Alpha - DAG
tensor([[0.2502, 0.2496, 0.2494, 0.2508],
        [0.2500, 0.2492, 0.2510, 0.2498]], device='cuda:0',
       grad_fn=<SoftmaxBackward0>)
tensor([[0.2506, 0.2493, 0.2500, 0.2501],
        [0.2499, 0.2501, 0.2499, 0.2501],
        [0.2500, 0.2505, 0.2498, 0.2496]], device='cuda:0',
       grad_fn=<SoftmaxBackward0>)
tensor([[0.2504, 0.2504, 0.2502, 0.2491],
        [0.2507, 0.2498, 0.2498, 0.2498],
        [0.2504, 0.2495, 0.2496, 0.2504]], device='cuda:0',
       grad_fn=<SoftmaxBackward0>)
tensor([[0.2497, 0.2506, 0.2504, 0.2493],
        [0.2497, 0.2491, 0.2501, 0.2511],
        [0.2500, 0.2502, 0.2505, 0.2493]], device='cuda:0',
       grad_fn=<SoftmaxBackward0>)
tensor([[0.2497, 0.2508, 0.2507, 0.2488],
        [0.2510, 0.2488, 0.2501, 0.2501],
        [0.2502, 0.2507, 0.2487, 0.2503]], device='cuda:0',
       grad_fn=<SoftmaxBackward0>)
tensor([[0.2503, 0.2503, 0.2506, 0.2488],
        [0.2491, 0.2491, 0.2510, 0.2508],
        [0.2485, 0.2501, 0.2500, 0.2514]], device='cuda:0',
       grad_fn=<SoftmaxBackward0>)
tensor([[0.2494, 0.2510, 0.2511, 0.2485],
        [0.2494, 0.2495, 0.2509, 0.2502],
        [0.2498, 0.2501, 0.2492, 0.2509]], device='cuda:0',
       grad_fn=<SoftmaxBackward0>)
tensor([[0.2505, 0.2498, 0.2502, 0.2496],
        [0.2491, 0.2506, 0.2496, 0.2507],
        [0.2498, 0.2502, 0.2498, 0.2502]], device='cuda:0',
       grad_fn=<SoftmaxBackward0>)
tensor([[0.2503, 0.2492, 0.2512, 0.2493],
        [0.2502, 0.2496, 0.2499, 0.2503],
        [0.2501, 0.2510, 0.2490, 0.2499]], device='cuda:0',
       grad_fn=<SoftmaxBackward0>)
tensor([[0.2499, 0.2512, 0.2511, 0.2478],
        [0.2489, 0.2504, 0.2500, 0.2507],
        [0.2488, 0.2502, 0.2492, 0.2519]], device='cuda:0',
       grad_fn=<SoftmaxBackward0>)
tensor([[0.2490, 0.2487, 0.2512, 0.2511],
        [0.2494, 0.2499, 0.2522, 0.2486]], device='cuda:0',
       grad_fn=<SoftmaxBackward0>)
tensor([[0.2502, 0.2490, 0.2501, 0.2507],
        [0.2494, 0.2491, 0.2526, 0.2489],
        [0.2498, 0.2482, 0.2513, 0.2507]], device='cuda:0',
       grad_fn=<SoftmaxBackward0>)
tensor([[0.2495, 0.2497, 0.2536, 0.2472],
        [0.2486, 0.2490, 0.2522, 0.2501],
        [0.2477, 0.2501, 0.2500, 0.2522]], device='cuda:0',
       grad_fn=<SoftmaxBackward0>)
tensor([[0.2502, 0.2487, 0.2543, 0.2468],
        [0.2511, 0.2486, 0.2501, 0.2503],
        [0.2482, 0.2487, 0.2492, 0.2539]], device='cuda:0',
       grad_fn=<SoftmaxBackward0>)
tensor([[0.2489, 0.2498, 0.2543, 0.2471],
        [0.2491, 0.2475, 0.2492, 0.2542],
        [0.2508, 0.2480, 0.2516, 0.2496]], device='cuda:0',
       grad_fn=<SoftmaxBackward0>)
tensor([[0.2476, 0.2500, 0.2530, 0.2494],
        [0.2474, 0.2499, 0.2532, 0.2494],
        [0.2472, 0.2496, 0.2502, 0.2530]], device='cuda:0',
       grad_fn=<SoftmaxBackward0>)
tensor([[0.2500, 0.2500, 0.2563, 0.2437],
        [0.2483, 0.2488, 0.2510, 0.2518],
        [0.2477, 0.2485, 0.2478, 0.2560]], device='cuda:0',
       grad_fn=<SoftmaxBackward0>)
tensor([[0.2514, 0.2485, 0.2538, 0.2463],
        [0.2478, 0.2490, 0.2500, 0.2533],
        [0.2482, 0.2497, 0.2507, 0.2514]], device='cuda:0',
       grad_fn=<SoftmaxBackward0>)
tensor([[0.2491, 0.2492, 0.2547, 0.2470],
        [0.2490, 0.2487, 0.2505, 0.2518],
        [0.2493, 0.2491, 0.2497, 0.2519]], device='cuda:0',
       grad_fn=<SoftmaxBackward0>)
tensor([[0.2501, 0.2485, 0.2595, 0.2419],
        [0.2485, 0.2477, 0.2494, 0.2544],
        [0.2482, 0.2498, 0.2476, 0.2545]], device='cuda:0',
       grad_fn=<SoftmaxBackward0>)
tensor([[0.2479, 0.2437, 0.2581, 0.2502],
        [0.2490, 0.2451, 0.2568, 0.2490]], device='cuda:0',
       grad_fn=<SoftmaxBackward0>)
tensor([[0.2490, 0.2464, 0.2583, 0.2463],
        [0.2484, 0.2466, 0.2571, 0.2478],
        [0.2491, 0.2450, 0.2509, 0.2550]], device='cuda:0',
       grad_fn=<SoftmaxBackward0>)
tensor([[0.2502, 0.2491, 0.2648, 0.2360],
        [0.2480, 0.2448, 0.2491, 0.2580],
        [0.2461, 0.2471, 0.2502, 0.2566]], device='cuda:0',
       grad_fn=<SoftmaxBackward0>)
tensor([[0.2497, 0.2471, 0.2568, 0.2464],
        [0.2483, 0.2439, 0.2530, 0.2548],
        [0.2474, 0.2459, 0.2551, 0.2517]], device='cuda:0',
       grad_fn=<SoftmaxBackward0>)
tensor([[0.2466, 0.2471, 0.2630, 0.2433],
        [0.2486, 0.2440, 0.2525, 0.2549],
        [0.2487, 0.2466, 0.2490, 0.2557]], device='cuda:0',
       grad_fn=<SoftmaxBackward0>)
tensor([[0.2522, 0.2505, 0.2558, 0.2415],
        [0.2483, 0.2492, 0.2483, 0.2542],
        [0.2511, 0.2463, 0.2481, 0.2545]], device='cuda:0',
       grad_fn=<SoftmaxBackward0>)
tensor([[0.2530, 0.2463, 0.2557, 0.2450],
        [0.2507, 0.2444, 0.2500, 0.2549],
        [0.2487, 0.2454, 0.2538, 0.2521]], device='cuda:0',
       grad_fn=<SoftmaxBackward0>)
tensor([[0.2496, 0.2474, 0.2581, 0.2449],
        [0.2494, 0.2439, 0.2507, 0.2560],
        [0.2486, 0.2453, 0.2542, 0.2519]], device='cuda:0',
       grad_fn=<SoftmaxBackward0>)
tensor([[0.2535, 0.2517, 0.2504, 0.2444],
        [0.2527, 0.2446, 0.2493, 0.2534],
        [0.2548, 0.2445, 0.2475, 0.2532]], device='cuda:0',
       grad_fn=<SoftmaxBackward0>)
tensor([[0.2578, 0.2433, 0.2491, 0.2498],
        [0.2585, 0.2427, 0.2494, 0.2494],
        [0.2569, 0.2483, 0.2431, 0.2516]], device='cuda:0',
       grad_fn=<SoftmaxBackward0>)
#####################
11/12 07:21:11PM searchStage_trainer.py:265 [INFO] Train: Epoch: [2][100/390]	Step 882	lr 0.02491	Loss 3.8751 (3.9160)	Hard Loss 3.8751 (3.9160)	Soft Loss 3.8751 (3.9160)	Arch Loss 3.7135 (3.9122)	Arch Hard Loss 3.7135 (3.9122)	Arch Soft Loss 3.7135 (3.9122)	Arch depth Loss 0.0000 (0.0000)	Prec@(1,5) (8.8%, 28.1%)	
11/12 07:22:15PM searchStage_trainer.py:265 [INFO] Train: Epoch: [2][200/390]	Step 982	lr 0.02491	Loss 3.8325 (3.8928)	Hard Loss 3.8325 (3.8928)	Soft Loss 3.8325 (3.8928)	Arch Loss 3.8513 (3.8918)	Arch Hard Loss 3.8513 (3.8918)	Arch Soft Loss 3.8513 (3.8918)	Arch depth Loss 0.0000 (0.0000)	Prec@(1,5) (8.8%, 28.6%)	
11/12 07:23:20PM searchStage_trainer.py:265 [INFO] Train: Epoch: [2][300/390]	Step 1082	lr 0.02491	Loss 3.8329 (3.8732)	Hard Loss 3.8329 (3.8732)	Soft Loss 3.8329 (3.8732)	Arch Loss 3.9369 (3.8646)	Arch Hard Loss 3.9369 (3.8646)	Arch Soft Loss 3.9369 (3.8646)	Arch depth Loss 0.0000 (0.0000)	Prec@(1,5) (9.0%, 29.3%)	
11/12 07:24:19PM searchStage_trainer.py:265 [INFO] Train: Epoch: [2][390/390]	Step 1172	lr 0.02491	Loss 3.5620 (3.8560)	Hard Loss 3.5620 (3.8560)	Soft Loss 3.5620 (3.8560)	Arch Loss 3.7555 (3.8455)	Arch Hard Loss 3.7555 (3.8455)	Arch Soft Loss 3.7555 (3.8455)	Arch depth Loss 0.0000 (0.0000)	Prec@(1,5) (9.4%, 30.0%)	
11/12 07:24:20PM searchStage_trainer.py:281 [INFO] Train: [  2/49] Final Prec@1 9.3680%
11/12 07:24:28PM searchStage_trainer.py:309 [INFO] Valid: Epoch: [2][100/391]	Step 1173	Loss 3.7554	Prec@(1,5) (11.1%, 33.5%)
11/12 07:24:37PM searchStage_trainer.py:309 [INFO] Valid: Epoch: [2][200/391]	Step 1173	Loss 3.7600	Prec@(1,5) (10.8%, 33.0%)
11/12 07:24:45PM searchStage_trainer.py:309 [INFO] Valid: Epoch: [2][300/391]	Step 1173	Loss 3.7683	Prec@(1,5) (10.8%, 32.7%)
11/12 07:24:52PM searchStage_trainer.py:309 [INFO] Valid: Epoch: [2][390/391]	Step 1173	Loss 3.7785	Prec@(1,5) (10.5%, 32.3%)
11/12 07:24:52PM searchStage_trainer.py:320 [INFO] Valid: [  2/49] Final Prec@1 10.5480%
11/12 07:24:52PM trainer_runner.py:74 [INFO] DAG = Genotype2(DAG1=[[('skip_connect', 1), ('max_pool_3x3', 0)], [('max_pool_3x3', 0), ('skip_connect', 1)], [('max_pool_3x3', 1), ('max_pool_3x3', 2)], [('skip_connect', 2), ('skip_connect', 3)], [('skip_connect', 3), ('max_pool_3x3', 4)], [('skip_connect', 4), ('skip_connect', 5)], [('skip_connect', 5), ('skip_connect', 6)], [('skip_connect', 6), ('avg_pool_3x3', 7)], [('skip_connect', 7), ('avg_pool_3x3', 9)], [('skip_connect', 8), ('skip_connect', 9)]], DAG1_concat=range(10, 12), DAG2=[[('skip_connect', 1), ('skip_connect', 0)], [('skip_connect', 1), ('skip_connect', 0)], [('skip_connect', 1), ('skip_connect', 2)], [('skip_connect', 2), ('skip_connect', 3)], [('skip_connect', 3), ('skip_connect', 5)], [('skip_connect', 4), ('skip_connect', 5)], [('skip_connect', 5), ('skip_connect', 6)], [('skip_connect', 6), ('skip_connect', 8)], [('skip_connect', 7), ('skip_connect', 9)], [('skip_connect', 8), ('skip_connect', 9)]], DAG2_concat=range(10, 12), DAG3=[[('skip_connect', 0), ('skip_connect', 1)], [('skip_connect', 0), ('skip_connect', 1)], [('skip_connect', 1), ('skip_connect', 2)], [('skip_connect', 2), ('skip_connect', 3)], [('skip_connect', 3), ('skip_connect', 4)], [('skip_connect', 4), ('skip_connect', 5)], [('skip_connect', 5), ('max_pool_3x3', 6)], [('skip_connect', 6), ('skip_connect', 8)], [('max_pool_3x3', 7), ('max_pool_3x3', 9)], [('max_pool_3x3', 9), ('max_pool_3x3', 8)]], DAG3_concat=range(10, 12))
11/12 07:24:53PM trainer_runner.py:105 [INFO] Until now, best Prec@1 = 10.5480%
####### ALPHA #######
# Alpha - DAG
tensor([[0.2502, 0.2490, 0.2498, 0.2510],
        [0.2502, 0.2487, 0.2514, 0.2496]], device='cuda:0',
       grad_fn=<SoftmaxBackward0>)
tensor([[0.2513, 0.2487, 0.2512, 0.2488],
        [0.2502, 0.2498, 0.2505, 0.2495],
        [0.2493, 0.2496, 0.2497, 0.2514]], device='cuda:0',
       grad_fn=<SoftmaxBackward0>)
tensor([[0.2514, 0.2502, 0.2508, 0.2476],
        [0.2509, 0.2496, 0.2493, 0.2501],
        [0.2507, 0.2485, 0.2493, 0.2515]], device='cuda:0',
       grad_fn=<SoftmaxBackward0>)
tensor([[0.2502, 0.2497, 0.2514, 0.2486],
        [0.2499, 0.2483, 0.2508, 0.2510],
        [0.2495, 0.2498, 0.2504, 0.2503]], device='cuda:0',
       grad_fn=<SoftmaxBackward0>)
tensor([[0.2499, 0.2507, 0.2519, 0.2476],
        [0.2514, 0.2481, 0.2501, 0.2504],
        [0.2504, 0.2498, 0.2485, 0.2512]], device='cuda:0',
       grad_fn=<SoftmaxBackward0>)
tensor([[0.2502, 0.2504, 0.2518, 0.2476],
        [0.2485, 0.2492, 0.2508, 0.2515],
        [0.2480, 0.2500, 0.2501, 0.2518]], device='cuda:0',
       grad_fn=<SoftmaxBackward0>)
tensor([[0.2486, 0.2509, 0.2526, 0.2479],
        [0.2479, 0.2495, 0.2525, 0.2501],
        [0.2479, 0.2500, 0.2499, 0.2522]], device='cuda:0',
       grad_fn=<SoftmaxBackward0>)
tensor([[0.2501, 0.2499, 0.2518, 0.2482],
        [0.2491, 0.2506, 0.2502, 0.2501],
        [0.2493, 0.2484, 0.2494, 0.2529]], device='cuda:0',
       grad_fn=<SoftmaxBackward0>)
tensor([[0.2502, 0.2496, 0.2538, 0.2464],
        [0.2495, 0.2479, 0.2508, 0.2518],
        [0.2473, 0.2508, 0.2501, 0.2518]], device='cuda:0',
       grad_fn=<SoftmaxBackward0>)
tensor([[0.2516, 0.2513, 0.2548, 0.2423],
        [0.2484, 0.2488, 0.2497, 0.2531],
        [0.2482, 0.2480, 0.2480, 0.2558]], device='cuda:0',
       grad_fn=<SoftmaxBackward0>)
tensor([[0.2466, 0.2474, 0.2553, 0.2506],
        [0.2464, 0.2486, 0.2569, 0.2481]], device='cuda:0',
       grad_fn=<SoftmaxBackward0>)
tensor([[0.2506, 0.2472, 0.2538, 0.2484],
        [0.2508, 0.2478, 0.2571, 0.2443],
        [0.2487, 0.2461, 0.2495, 0.2557]], device='cuda:0',
       grad_fn=<SoftmaxBackward0>)
tensor([[0.2471, 0.2516, 0.2614, 0.2398],
        [0.2472, 0.2459, 0.2532, 0.2537],
        [0.2463, 0.2470, 0.2509, 0.2558]], device='cuda:0',
       grad_fn=<SoftmaxBackward0>)
tensor([[0.2505, 0.2474, 0.2583, 0.2438],
        [0.2524, 0.2444, 0.2535, 0.2497],
        [0.2479, 0.2453, 0.2477, 0.2592]], device='cuda:0',
       grad_fn=<SoftmaxBackward0>)
tensor([[0.2489, 0.2471, 0.2583, 0.2458],
        [0.2489, 0.2447, 0.2498, 0.2566],
        [0.2501, 0.2469, 0.2531, 0.2499]], device='cuda:0',
       grad_fn=<SoftmaxBackward0>)
tensor([[0.2469, 0.2501, 0.2620, 0.2410],
        [0.2446, 0.2484, 0.2541, 0.2529],
        [0.2451, 0.2475, 0.2474, 0.2600]], device='cuda:0',
       grad_fn=<SoftmaxBackward0>)
tensor([[0.2512, 0.2466, 0.2622, 0.2400],
        [0.2494, 0.2461, 0.2512, 0.2534],
        [0.2442, 0.2478, 0.2478, 0.2602]], device='cuda:0',
       grad_fn=<SoftmaxBackward0>)
tensor([[0.2527, 0.2475, 0.2562, 0.2435],
        [0.2456, 0.2477, 0.2492, 0.2574],
        [0.2470, 0.2493, 0.2530, 0.2508]], device='cuda:0',
       grad_fn=<SoftmaxBackward0>)
tensor([[0.2471, 0.2483, 0.2601, 0.2445],
        [0.2472, 0.2476, 0.2491, 0.2561],
        [0.2466, 0.2496, 0.2525, 0.2514]], device='cuda:0',
       grad_fn=<SoftmaxBackward0>)
tensor([[0.2491, 0.2461, 0.2624, 0.2424],
        [0.2490, 0.2471, 0.2516, 0.2523],
        [0.2462, 0.2495, 0.2474, 0.2570]], device='cuda:0',
       grad_fn=<SoftmaxBackward0>)
tensor([[0.2425, 0.2404, 0.2693, 0.2478],
        [0.2431, 0.2395, 0.2671, 0.2503]], device='cuda:0',
       grad_fn=<SoftmaxBackward0>)
tensor([[0.2441, 0.2449, 0.2676, 0.2434],
        [0.2452, 0.2438, 0.2669, 0.2441],
        [0.2449, 0.2439, 0.2513, 0.2599]], device='cuda:0',
       grad_fn=<SoftmaxBackward0>)
tensor([[0.2492, 0.2472, 0.2747, 0.2289],
        [0.2454, 0.2423, 0.2516, 0.2607],
        [0.2403, 0.2464, 0.2498, 0.2635]], device='cuda:0',
       grad_fn=<SoftmaxBackward0>)
tensor([[0.2452, 0.2481, 0.2616, 0.2452],
        [0.2436, 0.2425, 0.2580, 0.2559],
        [0.2464, 0.2436, 0.2577, 0.2523]], device='cuda:0',
       grad_fn=<SoftmaxBackward0>)
tensor([[0.2484, 0.2458, 0.2674, 0.2383],
        [0.2528, 0.2411, 0.2535, 0.2525],
        [0.2444, 0.2432, 0.2483, 0.2641]], device='cuda:0',
       grad_fn=<SoftmaxBackward0>)
tensor([[0.2579, 0.2477, 0.2614, 0.2329],
        [0.2488, 0.2483, 0.2505, 0.2525],
        [0.2505, 0.2409, 0.2424, 0.2662]], device='cuda:0',
       grad_fn=<SoftmaxBackward0>)
tensor([[0.2536, 0.2452, 0.2588, 0.2424],
        [0.2526, 0.2445, 0.2503, 0.2526],
        [0.2479, 0.2446, 0.2508, 0.2567]], device='cuda:0',
       grad_fn=<SoftmaxBackward0>)
tensor([[0.2498, 0.2467, 0.2610, 0.2425],
        [0.2492, 0.2436, 0.2481, 0.2591],
        [0.2501, 0.2455, 0.2534, 0.2510]], device='cuda:0',
       grad_fn=<SoftmaxBackward0>)
tensor([[0.2582, 0.2510, 0.2515, 0.2392],
        [0.2572, 0.2437, 0.2442, 0.2550],
        [0.2585, 0.2417, 0.2428, 0.2570]], device='cuda:0',
       grad_fn=<SoftmaxBackward0>)
tensor([[0.2632, 0.2406, 0.2456, 0.2506],
        [0.2649, 0.2412, 0.2457, 0.2482],
        [0.2626, 0.2474, 0.2391, 0.2509]], device='cuda:0',
       grad_fn=<SoftmaxBackward0>)
#####################
11/12 07:25:58PM searchStage_trainer.py:265 [INFO] Train: Epoch: [3][100/390]	Step 1273	lr 0.02479	Loss 3.6429 (3.7747)	Hard Loss 3.6429 (3.7747)	Soft Loss 3.6429 (3.7747)	Arch Loss 3.5129 (3.7547)	Arch Hard Loss 3.5129 (3.7547)	Arch Soft Loss 3.5129 (3.7547)	Arch depth Loss 0.0000 (0.0000)	Prec@(1,5) (10.5%, 32.1%)	
11/12 07:26:58PM searchStage_trainer.py:265 [INFO] Train: Epoch: [3][200/390]	Step 1373	lr 0.02479	Loss 3.7258 (3.7493)	Hard Loss 3.7258 (3.7493)	Soft Loss 3.7258 (3.7493)	Arch Loss 3.7683 (3.7345)	Arch Hard Loss 3.7683 (3.7345)	Arch Soft Loss 3.7683 (3.7345)	Arch depth Loss 0.0000 (0.0000)	Prec@(1,5) (11.0%, 33.6%)	
11/12 07:27:36PM searchStage_trainer.py:265 [INFO] Train: Epoch: [3][300/390]	Step 1473	lr 0.02479	Loss 3.6147 (3.7375)	Hard Loss 3.6147 (3.7375)	Soft Loss 3.6147 (3.7375)	Arch Loss 3.3560 (3.7168)	Arch Hard Loss 3.3560 (3.7168)	Arch Soft Loss 3.3560 (3.7168)	Arch depth Loss 0.0000 (0.0000)	Prec@(1,5) (11.6%, 34.1%)	
11/12 07:28:10PM searchStage_trainer.py:265 [INFO] Train: Epoch: [3][390/390]	Step 1563	lr 0.02479	Loss 3.6499 (3.7187)	Hard Loss 3.6499 (3.7187)	Soft Loss 3.6499 (3.7187)	Arch Loss 3.8899 (3.7030)	Arch Hard Loss 3.8899 (3.7030)	Arch Soft Loss 3.8899 (3.7030)	Arch depth Loss 0.0000 (0.0000)	Prec@(1,5) (11.8%, 34.6%)	
11/12 07:28:10PM searchStage_trainer.py:281 [INFO] Train: [  3/49] Final Prec@1 11.7960%
11/12 07:28:17PM searchStage_trainer.py:309 [INFO] Valid: Epoch: [3][100/391]	Step 1564	Loss 3.5914	Prec@(1,5) (13.1%, 38.0%)
11/12 07:28:23PM searchStage_trainer.py:309 [INFO] Valid: Epoch: [3][200/391]	Step 1564	Loss 3.5877	Prec@(1,5) (13.3%, 38.1%)
11/12 07:28:29PM searchStage_trainer.py:309 [INFO] Valid: Epoch: [3][300/391]	Step 1564	Loss 3.6068	Prec@(1,5) (12.9%, 37.6%)
11/12 07:28:34PM searchStage_trainer.py:309 [INFO] Valid: Epoch: [3][390/391]	Step 1564	Loss 3.6040	Prec@(1,5) (13.1%, 37.7%)
11/12 07:28:34PM searchStage_trainer.py:320 [INFO] Valid: [  3/49] Final Prec@1 13.0760%
11/12 07:28:34PM trainer_runner.py:74 [INFO] DAG = Genotype2(DAG1=[[('skip_connect', 1), ('max_pool_3x3', 0)], [('skip_connect', 0), ('skip_connect', 1)], [('max_pool_3x3', 1), ('max_pool_3x3', 2)], [('skip_connect', 2), ('skip_connect', 3)], [('skip_connect', 3), ('max_pool_3x3', 4)], [('skip_connect', 4), ('skip_connect', 5)], [('skip_connect', 5), ('skip_connect', 6)], [('skip_connect', 6), ('skip_connect', 7)], [('skip_connect', 7), ('skip_connect', 8)], [('skip_connect', 8), ('max_pool_3x3', 10)]], DAG1_concat=range(10, 12), DAG2=[[('skip_connect', 1), ('skip_connect', 0)], [('skip_connect', 1), ('skip_connect', 0)], [('skip_connect', 1), ('skip_connect', 2)], [('skip_connect', 2), ('skip_connect', 3)], [('skip_connect', 3), ('skip_connect', 5)], [('skip_connect', 4), ('skip_connect', 5)], [('skip_connect', 5), ('skip_connect', 6)], [('skip_connect', 6), ('skip_connect', 8)], [('skip_connect', 7), ('skip_connect', 8)], [('skip_connect', 8), ('max_pool_3x3', 9)]], DAG2_concat=range(10, 12), DAG3=[[('skip_connect', 0), ('skip_connect', 1)], [('skip_connect', 1), ('skip_connect', 0)], [('skip_connect', 1), ('skip_connect', 2)], [('skip_connect', 2), ('skip_connect', 3)], [('skip_connect', 3), ('skip_connect', 4)], [('skip_connect', 4), ('skip_connect', 5)], [('skip_connect', 5), ('max_pool_3x3', 6)], [('skip_connect', 6), ('skip_connect', 8)], [('max_pool_3x3', 7), ('max_pool_3x3', 9)], [('max_pool_3x3', 9), ('max_pool_3x3', 8)]], DAG3_concat=range(10, 12))
11/12 07:28:35PM trainer_runner.py:105 [INFO] Until now, best Prec@1 = 13.0760%
####### ALPHA #######
# Alpha - DAG
tensor([[0.2510, 0.2475, 0.2502, 0.2513],
        [0.2515, 0.2473, 0.2518, 0.2494]], device='cuda:0',
       grad_fn=<SoftmaxBackward0>)
tensor([[0.2521, 0.2470, 0.2532, 0.2477],
        [0.2506, 0.2486, 0.2515, 0.2493],
        [0.2483, 0.2491, 0.2498, 0.2528]], device='cuda:0',
       grad_fn=<SoftmaxBackward0>)
tensor([[0.2531, 0.2500, 0.2519, 0.2450],
        [0.2510, 0.2490, 0.2483, 0.2517],
        [0.2513, 0.2476, 0.2487, 0.2525]], device='cuda:0',
       grad_fn=<SoftmaxBackward0>)
tensor([[0.2495, 0.2503, 0.2527, 0.2474],
        [0.2493, 0.2476, 0.2527, 0.2505],
        [0.2479, 0.2499, 0.2497, 0.2524]], device='cuda:0',
