06/29 03:46:00PM parser.py:28 [INFO] 
06/29 03:46:00PM parser.py:29 [INFO] Parameters:
06/29 03:46:00PM parser.py:31 [INFO] DAG_PATH=results/search_cell_KD/cifar10/ONLY_Weight/l0.7T7-20240629-154600/DAG
06/29 03:46:00PM parser.py:31 [INFO] T=7.0
06/29 03:46:00PM parser.py:31 [INFO] ALPHA_LR=0.0003
06/29 03:46:00PM parser.py:31 [INFO] ALPHA_WEIGHT_DECAY=0.001
06/29 03:46:00PM parser.py:31 [INFO] BATCH_SIZE=64
06/29 03:46:00PM parser.py:31 [INFO] CUTOUT_LENGTH=0
06/29 03:46:00PM parser.py:31 [INFO] DATA_PATH=../data/
06/29 03:46:00PM parser.py:31 [INFO] DATASET=cifar10
06/29 03:46:00PM parser.py:31 [INFO] EPOCHS=50
06/29 03:46:00PM parser.py:31 [INFO] EXP_NAME=l0.7T7-20240629-154600
06/29 03:46:00PM parser.py:31 [INFO] GPUS=[0]
06/29 03:46:00PM parser.py:31 [INFO] INIT_CHANNELS=16
06/29 03:46:00PM parser.py:31 [INFO] L=0.7
06/29 03:46:00PM parser.py:31 [INFO] LAYERS=8
06/29 03:46:00PM parser.py:31 [INFO] LOCAL_RANK=0
06/29 03:46:00PM parser.py:31 [INFO] LOGGER=<Logger H-DAS (INFO)>
06/29 03:46:00PM parser.py:31 [INFO] NAME=ONLY_Weight
06/29 03:46:00PM parser.py:31 [INFO] PATH=results/search_cell_KD/cifar10/ONLY_Weight/l0.7T7-20240629-154600
06/29 03:46:00PM parser.py:31 [INFO] PLOT_PATH=results/search_cell_KD/cifar10/ONLY_Weight/l0.7T7-20240629-154600/plots
06/29 03:46:00PM parser.py:31 [INFO] PRINT_FREQ=50
06/29 03:46:00PM parser.py:31 [INFO] RESUME_PATH=None
06/29 03:46:00PM parser.py:31 [INFO] SAVE=l0.7T7
06/29 03:46:00PM parser.py:31 [INFO] SEED=0
06/29 03:46:00PM parser.py:31 [INFO] TEACHER_NAME=densenet121
06/29 03:46:00PM parser.py:31 [INFO] TEACHER_PATH=/home/miura/lab/KD-hdas/results/teacher/cifar10/densenet121/FINETUNE/E25-20240626-151440/best.pth.tar
06/29 03:46:00PM parser.py:31 [INFO] TRAIN_PORTION=0.1
06/29 03:46:00PM parser.py:31 [INFO] W_GRAD_CLIP=5.0
06/29 03:46:00PM parser.py:31 [INFO] W_LR=0.025
06/29 03:46:00PM parser.py:31 [INFO] W_LR_MIN=0.001
06/29 03:46:00PM parser.py:31 [INFO] W_MOMENTUM=0.9
06/29 03:46:00PM parser.py:31 [INFO] W_WEIGHT_DECAY=0.0003
06/29 03:46:00PM parser.py:31 [INFO] WORKERS=4
06/29 03:46:00PM parser.py:32 [INFO] 
06/29 03:46:02PM searchCell_trainer.py:130 [INFO] --> Loaded teacher model 'densenet121' and Freezed parameters)
06/29 03:46:38PM searchCell_trainer.py:136 [INFO] --> No loaded checkpoint!
####### ALPHA #######
# Alpha - normal
tensor([[0.1249, 0.1249, 0.1250, 0.1250, 0.1252, 0.1251, 0.1250, 0.1248],
        [0.1250, 0.1248, 0.1250, 0.1250, 0.1250, 0.1251, 0.1251, 0.1249]],
       device='cuda:0', grad_fn=<SoftmaxBackward0>)
tensor([[0.1248, 0.1248, 0.1251, 0.1251, 0.1251, 0.1248, 0.1250, 0.1252],
        [0.1250, 0.1249, 0.1251, 0.1250, 0.1250, 0.1249, 0.1251, 0.1251],
        [0.1252, 0.1250, 0.1249, 0.1250, 0.1249, 0.1250, 0.1248, 0.1252]],
       device='cuda:0', grad_fn=<SoftmaxBackward0>)
tensor([[0.1250, 0.1249, 0.1249, 0.1249, 0.1251, 0.1252, 0.1251, 0.1249],
        [0.1249, 0.1250, 0.1250, 0.1250, 0.1248, 0.1250, 0.1251, 0.1252],
        [0.1251, 0.1252, 0.1251, 0.1252, 0.1248, 0.1249, 0.1248, 0.1249],
        [0.1251, 0.1249, 0.1248, 0.1250, 0.1249, 0.1250, 0.1251, 0.1251]],
       device='cuda:0', grad_fn=<SoftmaxBackward0>)
tensor([[0.1249, 0.1249, 0.1251, 0.1250, 0.1252, 0.1250, 0.1249, 0.1249],
        [0.1248, 0.1250, 0.1251, 0.1252, 0.1250, 0.1248, 0.1250, 0.1251],
        [0.1250, 0.1252, 0.1251, 0.1251, 0.1249, 0.1249, 0.1249, 0.1249],
        [0.1249, 0.1249, 0.1249, 0.1251, 0.1251, 0.1251, 0.1252, 0.1249],
        [0.1250, 0.1251, 0.1250, 0.1249, 0.1250, 0.1249, 0.1250, 0.1251]],
       device='cuda:0', grad_fn=<SoftmaxBackward0>)
tensor([[0.1249, 0.1250, 0.1250, 0.1251, 0.1250, 0.1250, 0.1249, 0.1250],
        [0.1251, 0.1249, 0.1248, 0.1251, 0.1249, 0.1251, 0.1251, 0.1251]],
       device='cuda:0', grad_fn=<SoftmaxBackward0>)
tensor([[0.1251, 0.1248, 0.1250, 0.1250, 0.1251, 0.1249, 0.1251, 0.1250],
        [0.1252, 0.1248, 0.1251, 0.1250, 0.1250, 0.1249, 0.1251, 0.1248],
        [0.1251, 0.1249, 0.1250, 0.1251, 0.1250, 0.1247, 0.1252, 0.1250]],
       device='cuda:0', grad_fn=<SoftmaxBackward0>)
tensor([[0.1251, 0.1249, 0.1251, 0.1251, 0.1250, 0.1249, 0.1250, 0.1249],
        [0.1249, 0.1249, 0.1250, 0.1251, 0.1250, 0.1252, 0.1250, 0.1249],
        [0.1251, 0.1250, 0.1252, 0.1250, 0.1250, 0.1247, 0.1248, 0.1252],
        [0.1250, 0.1249, 0.1252, 0.1250, 0.1251, 0.1251, 0.1249, 0.1249]],
       device='cuda:0', grad_fn=<SoftmaxBackward0>)
tensor([[0.1249, 0.1252, 0.1249, 0.1249, 0.1250, 0.1250, 0.1250, 0.1251],
        [0.1249, 0.1248, 0.1252, 0.1250, 0.1248, 0.1250, 0.1250, 0.1251],
        [0.1251, 0.1249, 0.1249, 0.1250, 0.1250, 0.1250, 0.1250, 0.1250],
        [0.1250, 0.1251, 0.1251, 0.1251, 0.1248, 0.1251, 0.1250, 0.1249],
        [0.1250, 0.1252, 0.1251, 0.1250, 0.1249, 0.1250, 0.1251, 0.1249]],
       device='cuda:0', grad_fn=<SoftmaxBackward0>)
tensor([[0.1251, 0.1251, 0.1250, 0.1249, 0.1250, 0.1249, 0.1250, 0.1250],
        [0.1249, 0.1251, 0.1249, 0.1251, 0.1252, 0.1249, 0.1251, 0.1249]],
       device='cuda:0', grad_fn=<SoftmaxBackward0>)
tensor([[0.1250, 0.1250, 0.1250, 0.1251, 0.1251, 0.1249, 0.1250, 0.1249],
        [0.1251, 0.1251, 0.1251, 0.1250, 0.1247, 0.1249, 0.1251, 0.1250],
        [0.1248, 0.1250, 0.1250, 0.1250, 0.1253, 0.1252, 0.1250, 0.1248]],
       device='cuda:0', grad_fn=<SoftmaxBackward0>)
tensor([[0.1250, 0.1250, 0.1249, 0.1250, 0.1250, 0.1251, 0.1251, 0.1249],
        [0.1251, 0.1248, 0.1250, 0.1249, 0.1252, 0.1249, 0.1252, 0.1249],
        [0.1250, 0.1249, 0.1249, 0.1251, 0.1251, 0.1249, 0.1252, 0.1249],
        [0.1250, 0.1250, 0.1250, 0.1247, 0.1251, 0.1253, 0.1250, 0.1250]],
       device='cuda:0', grad_fn=<SoftmaxBackward0>)
tensor([[0.1249, 0.1253, 0.1251, 0.1251, 0.1249, 0.1250, 0.1249, 0.1248],
        [0.1248, 0.1251, 0.1248, 0.1248, 0.1253, 0.1249, 0.1250, 0.1253],
        [0.1250, 0.1249, 0.1249, 0.1252, 0.1249, 0.1250, 0.1250, 0.1251],
        [0.1250, 0.1251, 0.1248, 0.1252, 0.1249, 0.1249, 0.1251, 0.1249],
        [0.1249, 0.1250, 0.1251, 0.1252, 0.1251, 0.1249, 0.1251, 0.1248]],
       device='cuda:0', grad_fn=<SoftmaxBackward0>)

# Alpha - reduce
tensor([[0.1252, 0.1251, 0.1249, 0.1250, 0.1251, 0.1250, 0.1249, 0.1249],
        [0.1250, 0.1250, 0.1250, 0.1249, 0.1250, 0.1249, 0.1252, 0.1249]],
       device='cuda:0', grad_fn=<SoftmaxBackward0>)
tensor([[0.1248, 0.1249, 0.1252, 0.1248, 0.1254, 0.1249, 0.1249, 0.1252],
        [0.1251, 0.1249, 0.1251, 0.1249, 0.1249, 0.1251, 0.1250, 0.1250],
        [0.1252, 0.1251, 0.1251, 0.1250, 0.1250, 0.1249, 0.1249, 0.1248]],
       device='cuda:0', grad_fn=<SoftmaxBackward0>)
tensor([[0.1250, 0.1249, 0.1250, 0.1251, 0.1251, 0.1250, 0.1249, 0.1250],
        [0.1251, 0.1252, 0.1250, 0.1250, 0.1251, 0.1250, 0.1248, 0.1249],
        [0.1249, 0.1251, 0.1250, 0.1250, 0.1251, 0.1249, 0.1251, 0.1249],
        [0.1252, 0.1251, 0.1249, 0.1248, 0.1251, 0.1249, 0.1249, 0.1251]],
       device='cuda:0', grad_fn=<SoftmaxBackward0>)
tensor([[0.1248, 0.1250, 0.1251, 0.1250, 0.1250, 0.1250, 0.1252, 0.1248],
        [0.1249, 0.1251, 0.1249, 0.1249, 0.1250, 0.1250, 0.1252, 0.1249],
        [0.1249, 0.1250, 0.1250, 0.1248, 0.1249, 0.1251, 0.1251, 0.1251],
        [0.1250, 0.1250, 0.1251, 0.1250, 0.1249, 0.1251, 0.1248, 0.1251],
        [0.1250, 0.1249, 0.1250, 0.1248, 0.1251, 0.1253, 0.1250, 0.1249]],
       device='cuda:0', grad_fn=<SoftmaxBackward0>)
tensor([[0.1249, 0.1250, 0.1249, 0.1249, 0.1251, 0.1251, 0.1250, 0.1252],
        [0.1251, 0.1251, 0.1249, 0.1247, 0.1250, 0.1250, 0.1251, 0.1251]],
       device='cuda:0', grad_fn=<SoftmaxBackward0>)
tensor([[0.1250, 0.1249, 0.1251, 0.1252, 0.1250, 0.1249, 0.1250, 0.1249],
        [0.1249, 0.1251, 0.1253, 0.1249, 0.1251, 0.1247, 0.1251, 0.1250],
        [0.1251, 0.1251, 0.1249, 0.1251, 0.1250, 0.1250, 0.1248, 0.1250]],
       device='cuda:0', grad_fn=<SoftmaxBackward0>)
tensor([[0.1251, 0.1249, 0.1249, 0.1249, 0.1251, 0.1250, 0.1250, 0.1252],
        [0.1252, 0.1249, 0.1248, 0.1250, 0.1251, 0.1250, 0.1251, 0.1249],
        [0.1250, 0.1251, 0.1250, 0.1250, 0.1248, 0.1250, 0.1251, 0.1251],
        [0.1249, 0.1249, 0.1252, 0.1249, 0.1252, 0.1250, 0.1249, 0.1250]],
       device='cuda:0', grad_fn=<SoftmaxBackward0>)
tensor([[0.1249, 0.1249, 0.1250, 0.1253, 0.1250, 0.1248, 0.1251, 0.1250],
        [0.1251, 0.1248, 0.1249, 0.1249, 0.1251, 0.1251, 0.1250, 0.1251],
        [0.1250, 0.1249, 0.1249, 0.1250, 0.1251, 0.1252, 0.1248, 0.1250],
        [0.1251, 0.1251, 0.1252, 0.1248, 0.1249, 0.1248, 0.1251, 0.1251],
        [0.1250, 0.1250, 0.1250, 0.1252, 0.1250, 0.1248, 0.1249, 0.1250]],
       device='cuda:0', grad_fn=<SoftmaxBackward0>)
#####################
06/29 03:47:18PM searchCell_trainer.py:216 [INFO] Train: Epoch: [0][50/78]	Step 50	lr 0.025	Loss 65.2653 (68.3275)	Hard Loss 1.9025 (1.9918)	Soft Loss 0.0288 (0.0315)	Arch Loss 2.2894 (2.3252)	Arch Hard Loss 0.0000 (0.0000)	Arch Soft Loss 0.0000 (0.0000)	Prec@(1,5) (27.3%, 80.8%)	
06/29 03:47:39PM searchCell_trainer.py:216 [INFO] Train: Epoch: [0][78/78]	Step 78	lr 0.025	Loss 68.3615 (66.6526)	Hard Loss 1.9928 (1.9430)	Soft Loss 0.0287 (0.0308)	Arch Loss 2.3276 (2.3237)	Arch Hard Loss 0.0000 (0.0000)	Arch Soft Loss 0.0000 (0.0000)	Prec@(1,5) (29.1%, 83.1%)	
06/29 03:47:41PM searchCell_trainer.py:231 [INFO] Train: [  0/49] Final Prec@1 29.0600%
06/29 03:47:48PM searchCell_trainer.py:259 [INFO] Valid: Epoch: [0][50/79]	Step 79	Loss 2.9484	Prec@(1,5) (27.1%, 81.5%)
06/29 03:47:52PM searchCell_trainer.py:259 [INFO] Valid: Epoch: [0][78/79]	Step 79	Loss 2.9604	Prec@(1,5) (27.6%, 82.5%)
06/29 03:47:52PM searchCell_trainer.py:266 [INFO] Valid: [  0/49] Final Prec@1 27.6200%
06/29 03:47:52PM searchCell_KD_main.py:59 [INFO] genotype = Genotype3(normal1=[[('dil_conv_5x5', 1), ('sep_conv_3x3', 0)], [('dil_conv_3x3', 1), ('skip_connect', 0)], [('dil_conv_3x3', 2), ('dil_conv_5x5', 3)], [('sep_conv_5x5', 2), ('dil_conv_3x3', 1)]], normal1_concat=range(2, 6), reduce1=[[('sep_conv_5x5', 0), ('dil_conv_3x3', 1)], [('max_pool_3x3', 2), ('dil_conv_3x3', 0)], [('sep_conv_3x3', 0), ('max_pool_3x3', 3)], [('sep_conv_5x5', 1), ('dil_conv_3x3', 3)]], reduce1_concat=range(2, 6), normal2=[[('max_pool_3x3', 1), ('sep_conv_3x3', 0)], [('sep_conv_5x5', 0), ('sep_conv_3x3', 2)], [('skip_connect', 1), ('max_pool_3x3', 2)], [('dil_conv_3x3', 0), ('sep_conv_3x3', 3)]], normal2_concat=range(2, 6), reduce2=[[('sep_conv_3x3', 1), ('max_pool_3x3', 0)], [('dil_conv_5x5', 1), ('dil_conv_5x5', 0)], [('sep_conv_5x5', 1), ('skip_connect', 3)], [('dil_conv_3x3', 3), ('dil_conv_3x3', 0)]], reduce2_concat=range(2, 6), normal3=[[('dil_conv_3x3', 1), ('sep_conv_5x5', 0)], [('dil_conv_3x3', 1), ('dil_conv_5x5', 0)], [('dil_conv_3x3', 0), ('dil_conv_3x3', 1)], [('sep_conv_3x3', 3), ('sep_conv_5x5', 4)]], normal3_concat=range(2, 6))
06/29 03:47:53PM searchCell_KD_main.py:92 [INFO] Until now, best Prec@1 = 27.6200%
####### ALPHA #######
# Alpha - normal
tensor([[0.1252, 0.1250, 0.1252, 0.1255, 0.1254, 0.1241, 0.1252, 0.1243],
        [0.1248, 0.1243, 0.1247, 0.1246, 0.1251, 0.1258, 0.1259, 0.1246]],
       device='cuda:0', grad_fn=<SoftmaxBackward0>)
tensor([[0.1254, 0.1256, 0.1259, 0.1242, 0.1254, 0.1241, 0.1254, 0.1239],
        [0.1242, 0.1240, 0.1243, 0.1261, 0.1243, 0.1263, 0.1251, 0.1258],
        [0.1254, 0.1250, 0.1247, 0.1249, 0.1258, 0.1248, 0.1252, 0.1244]],
       device='cuda:0', grad_fn=<SoftmaxBackward0>)
tensor([[0.1260, 0.1244, 0.1248, 0.1248, 0.1249, 0.1249, 0.1256, 0.1246],
        [0.1233, 0.1231, 0.1232, 0.1262, 0.1257, 0.1261, 0.1258, 0.1266],
        [0.1243, 0.1238, 0.1235, 0.1253, 0.1263, 0.1264, 0.1252, 0.1251],
        [0.1246, 0.1239, 0.1241, 0.1253, 0.1255, 0.1244, 0.1262, 0.1260]],
       device='cuda:0', grad_fn=<SoftmaxBackward0>)
tensor([[0.1244, 0.1245, 0.1248, 0.1261, 0.1254, 0.1257, 0.1240, 0.1251],
        [0.1236, 0.1239, 0.1243, 0.1250, 0.1252, 0.1264, 0.1253, 0.1262],
        [0.1246, 0.1246, 0.1241, 0.1252, 0.1266, 0.1252, 0.1242, 0.1254],
        [0.1244, 0.1243, 0.1238, 0.1263, 0.1256, 0.1246, 0.1255, 0.1255],
        [0.1245, 0.1244, 0.1244, 0.1258, 0.1247, 0.1242, 0.1260, 0.1259]],
       device='cuda:0', grad_fn=<SoftmaxBackward0>)
tensor([[0.1241, 0.1237, 0.1241, 0.1268, 0.1257, 0.1249, 0.1249, 0.1259],
        [0.1271, 0.1268, 0.1264, 0.1230, 0.1241, 0.1256, 0.1236, 0.1235]],
       device='cuda:0', grad_fn=<SoftmaxBackward0>)
tensor([[0.1239, 0.1234, 0.1242, 0.1265, 0.1267, 0.1237, 0.1249, 0.1267],
        [0.1248, 0.1247, 0.1251, 0.1252, 0.1243, 0.1244, 0.1258, 0.1257],
        [0.1235, 0.1231, 0.1237, 0.1264, 0.1256, 0.1257, 0.1264, 0.1255]],
       device='cuda:0', grad_fn=<SoftmaxBackward0>)
tensor([[0.1245, 0.1240, 0.1242, 0.1255, 0.1261, 0.1260, 0.1242, 0.1254],
        [0.1269, 0.1273, 0.1274, 0.1233, 0.1232, 0.1240, 0.1244, 0.1235],
        [0.1264, 0.1263, 0.1262, 0.1253, 0.1232, 0.1239, 0.1246, 0.1240],
        [0.1260, 0.1261, 0.1262, 0.1255, 0.1236, 0.1235, 0.1258, 0.1233]],
       device='cuda:0', grad_fn=<SoftmaxBackward0>)
tensor([[0.1235, 0.1238, 0.1236, 0.1249, 0.1253, 0.1270, 0.1256, 0.1263],
        [0.1253, 0.1259, 0.1262, 0.1257, 0.1239, 0.1248, 0.1246, 0.1236],
        [0.1250, 0.1253, 0.1254, 0.1255, 0.1241, 0.1247, 0.1256, 0.1245],
        [0.1240, 0.1245, 0.1248, 0.1270, 0.1248, 0.1241, 0.1255, 0.1253],
        [0.1244, 0.1250, 0.1252, 0.1245, 0.1249, 0.1254, 0.1252, 0.1255]],
       device='cuda:0', grad_fn=<SoftmaxBackward0>)
tensor([[0.1236, 0.1238, 0.1243, 0.1251, 0.1262, 0.1262, 0.1246, 0.1262],
        [0.1235, 0.1234, 0.1237, 0.1258, 0.1248, 0.1263, 0.1263, 0.1261]],
       device='cuda:0', grad_fn=<SoftmaxBackward0>)
tensor([[0.1244, 0.1251, 0.1255, 0.1253, 0.1245, 0.1237, 0.1260, 0.1254],
        [0.1239, 0.1237, 0.1240, 0.1238, 0.1264, 0.1268, 0.1255, 0.1259],
        [0.1237, 0.1242, 0.1250, 0.1252, 0.1250, 0.1259, 0.1248, 0.1261]],
       device='cuda:0', grad_fn=<SoftmaxBackward0>)
tensor([[0.1243, 0.1247, 0.1243, 0.1255, 0.1253, 0.1278, 0.1249, 0.1232],
        [0.1229, 0.1225, 0.1226, 0.1260, 0.1265, 0.1268, 0.1266, 0.1260],
        [0.1234, 0.1234, 0.1234, 0.1246, 0.1267, 0.1267, 0.1255, 0.1263],
        [0.1228, 0.1228, 0.1230, 0.1258, 0.1266, 0.1266, 0.1255, 0.1268]],
       device='cuda:0', grad_fn=<SoftmaxBackward0>)
tensor([[0.1227, 0.1230, 0.1229, 0.1252, 0.1255, 0.1263, 0.1271, 0.1272],
        [0.1233, 0.1231, 0.1230, 0.1251, 0.1262, 0.1250, 0.1272, 0.1272],
        [0.1223, 0.1220, 0.1224, 0.1257, 0.1269, 0.1265, 0.1267, 0.1274],
        [0.1224, 0.1223, 0.1222, 0.1274, 0.1253, 0.1267, 0.1266, 0.1271],
        [0.1222, 0.1222, 0.1223, 0.1268, 0.1271, 0.1266, 0.1261, 0.1269]],
       device='cuda:0', grad_fn=<SoftmaxBackward0>)

# Alpha - reduce
tensor([[0.1238, 0.1234, 0.1244, 0.1253, 0.1265, 0.1259, 0.1259, 0.1248],
        [0.1256, 0.1250, 0.1248, 0.1240, 0.1246, 0.1258, 0.1241, 0.1261]],
       device='cuda:0', grad_fn=<SoftmaxBackward0>)
tensor([[0.1252, 0.1250, 0.1247, 0.1245, 0.1249, 0.1259, 0.1241, 0.1257],
        [0.1252, 0.1249, 0.1253, 0.1252, 0.1250, 0.1259, 0.1240, 0.1246],
        [0.1263, 0.1258, 0.1260, 0.1244, 0.1240, 0.1245, 0.1245, 0.1245]],
       device='cuda:0', grad_fn=<SoftmaxBackward0>)
tensor([[0.1257, 0.1254, 0.1252, 0.1267, 0.1249, 0.1236, 0.1241, 0.1243],
        [0.1252, 0.1247, 0.1256, 0.1248, 0.1247, 0.1258, 0.1260, 0.1233],
        [0.1265, 0.1264, 0.1257, 0.1251, 0.1246, 0.1236, 0.1247, 0.1236],
        [0.1265, 0.1260, 0.1250, 0.1255, 0.1244, 0.1244, 0.1248, 0.1234]],
       device='cuda:0', grad_fn=<SoftmaxBackward0>)
tensor([[0.1248, 0.1249, 0.1245, 0.1255, 0.1244, 0.1257, 0.1261, 0.1242],
        [0.1234, 0.1236, 0.1247, 0.1255, 0.1268, 0.1247, 0.1254, 0.1259],
        [0.1229, 0.1228, 0.1232, 0.1261, 0.1260, 0.1264, 0.1264, 0.1262],
        [0.1234, 0.1233, 0.1239, 0.1257, 0.1247, 0.1269, 0.1253, 0.1268],
        [0.1238, 0.1236, 0.1238, 0.1248, 0.1262, 0.1253, 0.1263, 0.1262]],
       device='cuda:0', grad_fn=<SoftmaxBackward0>)
tensor([[0.1264, 0.1255, 0.1258, 0.1248, 0.1232, 0.1258, 0.1250, 0.1235],
        [0.1233, 0.1229, 0.1244, 0.1264, 0.1260, 0.1254, 0.1246, 0.1269]],
       device='cuda:0', grad_fn=<SoftmaxBackward0>)
tensor([[0.1258, 0.1248, 0.1236, 0.1249, 0.1242, 0.1251, 0.1265, 0.1250],
        [0.1231, 0.1232, 0.1263, 0.1236, 0.1260, 0.1256, 0.1267, 0.1255],
        [0.1244, 0.1237, 0.1235, 0.1263, 0.1257, 0.1257, 0.1255, 0.1253]],
       device='cuda:0', grad_fn=<SoftmaxBackward0>)
tensor([[0.1259, 0.1250, 0.1234, 0.1260, 0.1242, 0.1240, 0.1258, 0.1258],
        [0.1258, 0.1241, 0.1248, 0.1248, 0.1263, 0.1239, 0.1257, 0.1246],
        [0.1261, 0.1254, 0.1245, 0.1242, 0.1262, 0.1245, 0.1255, 0.1236],
        [0.1260, 0.1254, 0.1261, 0.1248, 0.1253, 0.1241, 0.1244, 0.1238]],
       device='cuda:0', grad_fn=<SoftmaxBackward0>)
tensor([[0.1259, 0.1257, 0.1245, 0.1256, 0.1254, 0.1260, 0.1234, 0.1235],
        [0.1251, 0.1248, 0.1233, 0.1251, 0.1258, 0.1250, 0.1257, 0.1251],
        [0.1252, 0.1241, 0.1252, 0.1253, 0.1243, 0.1251, 0.1253, 0.1254],
        [0.1242, 0.1246, 0.1253, 0.1257, 0.1251, 0.1261, 0.1241, 0.1250],
        [0.1253, 0.1253, 0.1256, 0.1253, 0.1237, 0.1240, 0.1245, 0.1263]],
       device='cuda:0', grad_fn=<SoftmaxBackward0>)
#####################
06/29 03:48:32PM searchCell_trainer.py:216 [INFO] Train: Epoch: [1][50/78]	Step 129	lr 0.02498	Loss 56.0020 (60.0166)	Hard Loss 1.6325 (1.7495)	Soft Loss 0.0275 (0.0281)	Arch Loss 2.3931 (2.3245)	Arch Hard Loss 0.0000 (0.0000)	Arch Soft Loss 0.0000 (0.0000)	Prec@(1,5) (37.0%, 88.4%)	
06/29 03:48:53PM searchCell_trainer.py:216 [INFO] Train: Epoch: [1][78/78]	Step 157	lr 0.02498	Loss 56.2416 (59.6719)	Hard Loss 1.6395 (1.7395)	Soft Loss 0.0259 (0.0281)	Arch Loss 2.3409 (2.3274)	Arch Hard Loss 0.0000 (0.0000)	Arch Soft Loss 0.0000 (0.0000)	Prec@(1,5) (37.1%, 88.1%)	
06/29 03:48:54PM searchCell_trainer.py:231 [INFO] Train: [  1/49] Final Prec@1 37.0800%
06/29 03:49:01PM searchCell_trainer.py:259 [INFO] Valid: Epoch: [1][50/79]	Step 158	Loss 2.2398	Prec@(1,5) (27.2%, 83.2%)
06/29 03:49:05PM searchCell_trainer.py:259 [INFO] Valid: Epoch: [1][78/79]	Step 158	Loss 2.2261	Prec@(1,5) (27.3%, 83.5%)
06/29 03:49:05PM searchCell_trainer.py:266 [INFO] Valid: [  1/49] Final Prec@1 27.3000%
06/29 03:49:05PM searchCell_KD_main.py:59 [INFO] genotype = Genotype3(normal1=[[('dil_conv_3x3', 1), ('sep_conv_3x3', 0)], [('dil_conv_3x3', 1), ('skip_connect', 0)], [('sep_conv_5x5', 2), ('max_pool_3x3', 0)], [('sep_conv_5x5', 2), ('dil_conv_3x3', 1)]], normal1_concat=range(2, 6), reduce1=[[('sep_conv_5x5', 0), ('dil_conv_3x3', 1)], [('max_pool_3x3', 2), ('dil_conv_3x3', 0)], [('max_pool_3x3', 2), ('sep_conv_3x3', 0)], [('sep_conv_5x5', 1), ('dil_conv_3x3', 2)]], reduce1_concat=range(2, 6), normal2=[[('max_pool_3x3', 1), ('sep_conv_3x3', 0)], [('sep_conv_5x5', 0), ('dil_conv_5x5', 2)], [('skip_connect', 1), ('max_pool_3x3', 2)], [('sep_conv_3x3', 3), ('dil_conv_3x3', 0)]], normal2_concat=range(2, 6), reduce2=[[('sep_conv_3x3', 1), ('max_pool_3x3', 0)], [('dil_conv_5x5', 1), ('dil_conv_5x5', 0)], [('sep_conv_5x5', 1), ('skip_connect', 3)], [('dil_conv_3x3', 3), ('dil_conv_3x3', 0)]], reduce2_concat=range(2, 6), normal3=[[('dil_conv_3x3', 0), ('dil_conv_5x5', 1)], [('dil_conv_3x3', 1), ('dil_conv_5x5', 0)], [('dil_conv_3x3', 0), ('dil_conv_3x3', 1)], [('sep_conv_3x3', 3), ('sep_conv_5x5', 4)]], normal3_concat=range(2, 6))
06/29 03:49:05PM searchCell_KD_main.py:92 [INFO] Until now, best Prec@1 = 27.6200%
####### ALPHA #######
# Alpha - normal
tensor([[0.1259, 0.1254, 0.1257, 0.1260, 0.1250, 0.1229, 0.1255, 0.1236],
        [0.1250, 0.1241, 0.1245, 0.1240, 0.1255, 0.1264, 0.1264, 0.1241]],
       device='cuda:0', grad_fn=<SoftmaxBackward0>)
tensor([[0.1261, 0.1266, 0.1270, 0.1234, 0.1255, 0.1236, 0.1254, 0.1224],
        [0.1239, 0.1234, 0.1238, 0.1265, 0.1233, 0.1278, 0.1248, 0.1265],
        [0.1254, 0.1251, 0.1249, 0.1244, 0.1266, 0.1243, 0.1256, 0.1237]],
       device='cuda:0', grad_fn=<SoftmaxBackward0>)
tensor([[0.1275, 0.1245, 0.1250, 0.1241, 0.1240, 0.1250, 0.1259, 0.1241],
        [0.1218, 0.1212, 0.1216, 0.1271, 0.1269, 0.1274, 0.1260, 0.1280],
        [0.1238, 0.1228, 0.1224, 0.1254, 0.1281, 0.1273, 0.1253, 0.1250],
        [0.1243, 0.1231, 0.1234, 0.1259, 0.1262, 0.1237, 0.1268, 0.1266]],
       device='cuda:0', grad_fn=<SoftmaxBackward0>)
tensor([[0.1240, 0.1243, 0.1245, 0.1272, 0.1254, 0.1256, 0.1235, 0.1254],
        [0.1225, 0.1225, 0.1231, 0.1244, 0.1262, 0.1278, 0.1256, 0.1278],
        [0.1236, 0.1236, 0.1227, 0.1256, 0.1284, 0.1260, 0.1239, 0.1261],
        [0.1235, 0.1231, 0.1224, 0.1276, 0.1266, 0.1239, 0.1265, 0.1264],
        [0.1238, 0.1234, 0.1233, 0.1262, 0.1250, 0.1238, 0.1271, 0.1273]],
       device='cuda:0', grad_fn=<SoftmaxBackward0>)
tensor([[0.1235, 0.1224, 0.1233, 0.1286, 0.1266, 0.1244, 0.1246, 0.1267],
        [0.1287, 0.1285, 0.1280, 0.1209, 0.1230, 0.1263, 0.1228, 0.1218]],
       device='cuda:0', grad_fn=<SoftmaxBackward0>)
tensor([[0.1226, 0.1218, 0.1231, 0.1284, 0.1286, 0.1227, 0.1245, 0.1284],
        [0.1243, 0.1245, 0.1251, 0.1256, 0.1234, 0.1242, 0.1264, 0.1266],
        [0.1218, 0.1212, 0.1223, 0.1274, 0.1259, 0.1267, 0.1281, 0.1267]],
       device='cuda:0', grad_fn=<SoftmaxBackward0>)
tensor([[0.1242, 0.1233, 0.1235, 0.1264, 0.1272, 0.1264, 0.1233, 0.1257],
        [0.1288, 0.1294, 0.1295, 0.1217, 0.1215, 0.1233, 0.1238, 0.1219],
        [0.1277, 0.1276, 0.1272, 0.1257, 0.1208, 0.1237, 0.1243, 0.1230],
        [0.1275, 0.1276, 0.1274, 0.1260, 0.1220, 0.1219, 0.1258, 0.1217]],
       device='cuda:0', grad_fn=<SoftmaxBackward0>)
tensor([[0.1224, 0.1227, 0.1226, 0.1246, 0.1254, 0.1288, 0.1263, 0.1271],
        [0.1255, 0.1267, 0.1269, 0.1257, 0.1232, 0.1248, 0.1247, 0.1226],
        [0.1247, 0.1254, 0.1261, 0.1258, 0.1231, 0.1244, 0.1262, 0.1242],
        [0.1229, 0.1238, 0.1243, 0.1292, 0.1247, 0.1231, 0.1263, 0.1256],
        [0.1237, 0.1245, 0.1252, 0.1242, 0.1252, 0.1254, 0.1254, 0.1264]],
       device='cuda:0', grad_fn=<SoftmaxBackward0>)
tensor([[0.1217, 0.1225, 0.1236, 0.1253, 0.1274, 0.1276, 0.1243, 0.1276],
        [0.1223, 0.1223, 0.1230, 0.1262, 0.1241, 0.1274, 0.1278, 0.1271]],
       device='cuda:0', grad_fn=<SoftmaxBackward0>)
tensor([[0.1235, 0.1252, 0.1260, 0.1253, 0.1237, 0.1228, 0.1276, 0.1261],
        [0.1225, 0.1221, 0.1228, 0.1229, 0.1284, 0.1287, 0.1258, 0.1269],
        [0.1223, 0.1230, 0.1249, 0.1257, 0.1249, 0.1265, 0.1252, 0.1276]],
       device='cuda:0', grad_fn=<SoftmaxBackward0>)
tensor([[0.1232, 0.1245, 0.1239, 0.1257, 0.1255, 0.1309, 0.1244, 0.1219],
        [0.1208, 0.1203, 0.1205, 0.1270, 0.1276, 0.1287, 0.1282, 0.1270],
        [0.1218, 0.1220, 0.1221, 0.1243, 0.1279, 0.1285, 0.1256, 0.1277],
        [0.1207, 0.1207, 0.1211, 0.1268, 0.1282, 0.1277, 0.1262, 0.1286]],
       device='cuda:0', grad_fn=<SoftmaxBackward0>)
tensor([[0.1204, 0.1206, 0.1207, 0.1252, 0.1264, 0.1276, 0.1294, 0.1297],
        [0.1219, 0.1210, 0.1210, 0.1255, 0.1271, 0.1250, 0.1292, 0.1292],
        [0.1196, 0.1192, 0.1199, 0.1261, 0.1289, 0.1279, 0.1285, 0.1299],
        [0.1197, 0.1195, 0.1195, 0.1297, 0.1252, 0.1286, 0.1282, 0.1295],
        [0.1193, 0.1192, 0.1193, 0.1284, 0.1290, 0.1281, 0.1274, 0.1291]],
       device='cuda:0', grad_fn=<SoftmaxBackward0>)

# Alpha - reduce
tensor([[0.1230, 0.1222, 0.1236, 0.1254, 0.1272, 0.1267, 0.1267, 0.1252],
        [0.1262, 0.1251, 0.1245, 0.1231, 0.1239, 0.1267, 0.1234, 0.1271]],
       device='cuda:0', grad_fn=<SoftmaxBackward0>)
tensor([[0.1259, 0.1252, 0.1240, 0.1241, 0.1241, 0.1269, 0.1235, 0.1262],
        [0.1257, 0.1250, 0.1252, 0.1251, 0.1254, 0.1266, 0.1233, 0.1237],
        [0.1278, 0.1264, 0.1270, 0.1236, 0.1233, 0.1241, 0.1239, 0.1240]],
       device='cuda:0', grad_fn=<SoftmaxBackward0>)
tensor([[0.1270, 0.1262, 0.1251, 0.1283, 0.1248, 0.1225, 0.1230, 0.1231],
        [0.1254, 0.1245, 0.1265, 0.1241, 0.1242, 0.1264, 0.1270, 0.1219],
        [0.1286, 0.1280, 0.1268, 0.1249, 0.1237, 0.1220, 0.1239, 0.1221],
        [0.1283, 0.1276, 0.1255, 0.1261, 0.1233, 0.1233, 0.1246, 0.1214]],
       device='cuda:0', grad_fn=<SoftmaxBackward0>)
tensor([[0.1244, 0.1248, 0.1237, 0.1259, 0.1235, 0.1262, 0.1276, 0.1239],
        [0.1218, 0.1221, 0.1246, 0.1260, 0.1281, 0.1247, 0.1257, 0.1270],
        [0.1208, 0.1204, 0.1213, 0.1270, 0.1275, 0.1280, 0.1273, 0.1277],
        [0.1219, 0.1218, 0.1229, 0.1262, 0.1247, 0.1280, 0.1258, 0.1286],
        [0.1224, 0.1222, 0.1223, 0.1248, 0.1275, 0.1255, 0.1276, 0.1278]],
       device='cuda:0', grad_fn=<SoftmaxBackward0>)
tensor([[0.1276, 0.1257, 0.1265, 0.1247, 0.1214, 0.1269, 0.1250, 0.1222],
        [0.1217, 0.1209, 0.1236, 0.1280, 0.1271, 0.1259, 0.1244, 0.1283]],
       device='cuda:0', grad_fn=<SoftmaxBackward0>)
tensor([[0.1266, 0.1246, 0.1229, 0.1249, 0.1232, 0.1252, 0.1278, 0.1250],
        [0.1212, 0.1211, 0.1275, 0.1227, 0.1270, 0.1266, 0.1278, 0.1260],
        [0.1239, 0.1222, 0.1220, 0.1272, 0.1259, 0.1270, 0.1261, 0.1258]],
       device='cuda:0', grad_fn=<SoftmaxBackward0>)
tensor([[0.1266, 0.1250, 0.1217, 0.1272, 0.1236, 0.1235, 0.1259, 0.1264],
        [0.1263, 0.1236, 0.1247, 0.1246, 0.1278, 0.1226, 0.1259, 0.1245],
        [0.1272, 0.1256, 0.1238, 0.1232, 0.1272, 0.1244, 0.1265, 0.1221],
        [0.1273, 0.1262, 0.1274, 0.1245, 0.1253, 0.1231, 0.1237, 0.1224]],
       device='cuda:0', grad_fn=<SoftmaxBackward0>)
tensor([[0.1269, 0.1264, 0.1241, 0.1262, 0.1255, 0.1271, 0.1217, 0.1221],
        [0.1247, 0.1245, 0.1219, 0.1260, 0.1263, 0.1251, 0.1262, 0.1254],
        [0.1251, 0.1230, 0.1249, 0.1261, 0.1242, 0.1253, 0.1260, 0.1255],
        [0.1235, 0.1239, 0.1255, 0.1268, 0.1251, 0.1274, 0.1228, 0.1250],
        [0.1251, 0.1252, 0.1257, 0.1252, 0.1231, 0.1234, 0.1242, 0.1280]],
       device='cuda:0', grad_fn=<SoftmaxBackward0>)
#####################
06/29 03:49:44PM searchCell_trainer.py:216 [INFO] Train: Epoch: [2][50/78]	Step 208	lr 0.02491	Loss 51.9557 (55.3712)	Hard Loss 1.5145 (1.6141)	Soft Loss 0.0278 (0.0268)	Arch Loss 2.2624 (2.3298)	Arch Hard Loss 0.0000 (0.0000)	Arch Soft Loss 0.0000 (0.0000)	Prec@(1,5) (41.6%, 90.1%)	
06/29 03:50:06PM searchCell_trainer.py:216 [INFO] Train: Epoch: [2][78/78]	Step 236	lr 0.02491	Loss 53.2293 (54.0985)	Hard Loss 1.5516 (1.5770)	Soft Loss 0.0259 (0.0263)	Arch Loss 2.3134 (2.3250)	Arch Hard Loss 0.0000 (0.0000)	Arch Soft Loss 0.0000 (0.0000)	Prec@(1,5) (43.0%, 90.9%)	
06/29 03:50:07PM searchCell_trainer.py:231 [INFO] Train: [  2/49] Final Prec@1 43.0000%
06/29 03:50:14PM searchCell_trainer.py:259 [INFO] Valid: Epoch: [2][50/79]	Step 237	Loss 1.9301	Prec@(1,5) (35.1%, 86.6%)
06/29 03:50:17PM searchCell_trainer.py:259 [INFO] Valid: Epoch: [2][78/79]	Step 237	Loss 1.9224	Prec@(1,5) (35.2%, 87.2%)
06/29 03:50:18PM searchCell_trainer.py:266 [INFO] Valid: [  2/49] Final Prec@1 35.1800%
06/29 03:50:18PM searchCell_KD_main.py:59 [INFO] genotype = Genotype3(normal1=[[('dil_conv_3x3', 1), ('max_pool_3x3', 0)], [('dil_conv_3x3', 1), ('skip_connect', 0)], [('sep_conv_5x5', 2), ('max_pool_3x3', 0)], [('sep_conv_5x5', 2), ('dil_conv_3x3', 1)]], normal1_concat=range(2, 6), reduce1=[[('dil_conv_3x3', 1), ('sep_conv_5x5', 0)], [('max_pool_3x3', 2), ('dil_conv_3x3', 0)], [('max_pool_3x3', 2), ('sep_conv_3x3', 0)], [('sep_conv_5x5', 1), ('dil_conv_3x3', 2)]], reduce1_concat=range(2, 6), normal2=[[('max_pool_3x3', 1), ('sep_conv_3x3', 0)], [('sep_conv_5x5', 0), ('dil_conv_5x5', 2)], [('skip_connect', 1), ('max_pool_3x3', 2)], [('sep_conv_3x3', 3), ('dil_conv_3x3', 0)]], normal2_concat=range(2, 6), reduce2=[[('sep_conv_3x3', 1), ('max_pool_3x3', 0)], [('dil_conv_5x5', 1), ('dil_conv_5x5', 0)], [('sep_conv_5x5', 1), ('max_pool_3x3', 3)], [('dil_conv_3x3', 3), ('dil_conv_3x3', 0)]], reduce2_concat=range(2, 6), normal3=[[('dil_conv_3x3', 0), ('dil_conv_5x5', 1)], [('dil_conv_3x3', 1), ('dil_conv_5x5', 0)], [('dil_conv_3x3', 0), ('dil_conv_3x3', 1)], [('sep_conv_3x3', 3), ('sep_conv_5x5', 4)]], normal3_concat=range(2, 6))
06/29 03:50:18PM searchCell_KD_main.py:92 [INFO] Until now, best Prec@1 = 35.1800%
####### ALPHA #######
# Alpha - normal
tensor([[0.1264, 0.1257, 0.1262, 0.1263, 0.1245, 0.1219, 0.1259, 0.1230],
        [0.1248, 0.1238, 0.1241, 0.1233, 0.1257, 0.1275, 0.1270, 0.1236]],
       device='cuda:0', grad_fn=<SoftmaxBackward0>)
tensor([[0.1270, 0.1272, 0.1277, 0.1227, 0.1259, 0.1230, 0.1257, 0.1208],
        [0.1234, 0.1226, 0.1233, 0.1269, 0.1228, 0.1293, 0.1247, 0.1270],
        [0.1262, 0.1254, 0.1251, 0.1240, 0.1277, 0.1235, 0.1252, 0.1229]],
       device='cuda:0', grad_fn=<SoftmaxBackward0>)
tensor([[0.1288, 0.1245, 0.1253, 0.1236, 0.1232, 0.1252, 0.1260, 0.1233],
        [0.1203, 0.1193, 0.1200, 0.1279, 0.1283, 0.1284, 0.1261, 0.1296],
        [0.1233, 0.1216, 0.1214, 0.1255, 0.1295, 0.1282, 0.1255, 0.1250],
        [0.1238, 0.1222, 0.1229, 0.1264, 0.1265, 0.1226, 0.1278, 0.1276]],
       device='cuda:0', grad_fn=<SoftmaxBackward0>)
tensor([[0.1236, 0.1242, 0.1243, 0.1279, 0.1257, 0.1254, 0.1231, 0.1258],
        [0.1209, 0.1212, 0.1222, 0.1238, 0.1267, 0.1294, 0.1264, 0.1294],
        [0.1228, 0.1228, 0.1214, 0.1260, 0.1302, 0.1267, 0.1236, 0.1263],
        [0.1224, 0.1219, 0.1212, 0.1289, 0.1273, 0.1235, 0.1271, 0.1277],
        [0.1226, 0.1222, 0.1221, 0.1272, 0.1251, 0.1235, 0.1286, 0.1287]],
       device='cuda:0', grad_fn=<SoftmaxBackward0>)
tensor([[0.1222, 0.1209, 0.1220, 0.1307, 0.1280, 0.1245, 0.1242, 0.1276],
        [0.1304, 0.1302, 0.1296, 0.1189, 0.1215, 0.1269, 0.1218, 0.1207]],
       device='cuda:0', grad_fn=<SoftmaxBackward0>)
tensor([[0.1212, 0.1202, 0.1221, 0.1300, 0.1302, 0.1220, 0.1243, 0.1301],
        [0.1238, 0.1239, 0.1247, 0.1260, 0.1228, 0.1240, 0.1274, 0.1274],
        [0.1198, 0.1193, 0.1208, 0.1288, 0.1259, 0.1280, 0.1296, 0.1277]],
       device='cuda:0', grad_fn=<SoftmaxBackward0>)
tensor([[0.1238, 0.1227, 0.1229, 0.1276, 0.1281, 0.1268, 0.1223, 0.1258],
        [0.1308, 0.1314, 0.1317, 0.1198, 0.1200, 0.1224, 0.1234, 0.1205],
        [0.1289, 0.1289, 0.1284, 0.1260, 0.1185, 0.1234, 0.1237, 0.1222],
        [0.1288, 0.1291, 0.1288, 0.1264, 0.1208, 0.1200, 0.1261, 0.1201]],
       device='cuda:0', grad_fn=<SoftmaxBackward0>)
tensor([[0.1212, 0.1216, 0.1218, 0.1242, 0.1258, 0.1308, 0.1270, 0.1277],
        [0.1259, 0.1275, 0.1275, 0.1261, 0.1223, 0.1247, 0.1248, 0.1212],
        [0.1245, 0.1258, 0.1268, 0.1261, 0.1215, 0.1241, 0.1271, 0.1242],
        [0.1223, 0.1234, 0.1240, 0.1311, 0.1249, 0.1217, 0.1271, 0.1255],
        [0.1233, 0.1245, 0.1254, 0.1234, 0.1255, 0.1258, 0.1250, 0.1271]],
       device='cuda:0', grad_fn=<SoftmaxBackward0>)
tensor([[0.1197, 0.1214, 0.1230, 0.1256, 0.1283, 0.1291, 0.1238, 0.1290],
        [0.1208, 0.1210, 0.1221, 0.1266, 0.1234, 0.1286, 0.1293, 0.1281]],
       device='cuda:0', grad_fn=<SoftmaxBackward0>)
tensor([[0.1225, 0.1253, 0.1266, 0.1251, 0.1230, 0.1222, 0.1288, 0.1265],
        [0.1210, 0.1204, 0.1214, 0.1218, 0.1301, 0.1310, 0.1262, 0.1280],
        [0.1206, 0.1218, 0.1249, 0.1259, 0.1245, 0.1273, 0.1256, 0.1295]],
       device='cuda:0', grad_fn=<SoftmaxBackward0>)
tensor([[0.1223, 0.1246, 0.1238, 0.1259, 0.1256, 0.1336, 0.1238, 0.1203],
        [0.1188, 0.1183, 0.1184, 0.1280, 0.1286, 0.1302, 0.1298, 0.1280],
        [0.1204, 0.1210, 0.1211, 0.1237, 0.1292, 0.1298, 0.1256, 0.1290],
        [0.1186, 0.1189, 0.1195, 0.1276, 0.1296, 0.1287, 0.1268, 0.1303]],
       device='cuda:0', grad_fn=<SoftmaxBackward0>)
tensor([[0.1181, 0.1183, 0.1185, 0.1252, 0.1275, 0.1288, 0.1316, 0.1321],
        [0.1206, 0.1193, 0.1195, 0.1258, 0.1279, 0.1249, 0.1311, 0.1307],
        [0.1172, 0.1167, 0.1176, 0.1267, 0.1305, 0.1292, 0.1300, 0.1322],
        [0.1172, 0.1169, 0.1169, 0.1320, 0.1254, 0.1303, 0.1297, 0.1317],
        [0.1166, 0.1164, 0.1166, 0.1301, 0.1311, 0.1294, 0.1287, 0.1311]],
       device='cuda:0', grad_fn=<SoftmaxBackward0>)

# Alpha - reduce
tensor([[0.1218, 0.1207, 0.1231, 0.1254, 0.1278, 0.1275, 0.1276, 0.1261],
        [0.1271, 0.1254, 0.1245, 0.1218, 0.1236, 0.1278, 0.1221, 0.1276]],
       device='cuda:0', grad_fn=<SoftmaxBackward0>)
tensor([[0.1265, 0.1250, 0.1238, 0.1239, 0.1227, 0.1280, 0.1233, 0.1268],
        [0.1260, 0.1251, 0.1252, 0.1254, 0.1257, 0.1271, 0.1228, 0.1227],
        [0.1287, 0.1266, 0.1276, 0.1230, 0.1227, 0.1239, 0.1239, 0.1237]],
       device='cuda:0', grad_fn=<SoftmaxBackward0>)
tensor([[0.1276, 0.1266, 0.1248, 0.1300, 0.1247, 0.1216, 0.1223, 0.1225],
        [0.1262, 0.1249, 0.1270, 0.1234, 0.1234, 0.1266, 0.1280, 0.1206],
        [0.1302, 0.1293, 0.1276, 0.1249, 0.1228, 0.1207, 0.1238, 0.1207],
        [0.1299, 0.1289, 0.1259, 0.1266, 0.1218, 0.1227, 0.1246, 0.1196]],
       device='cuda:0', grad_fn=<SoftmaxBackward0>)
tensor([[0.1245, 0.1250, 0.1228, 0.1267, 0.1225, 0.1267, 0.1283, 0.1235],
        [0.1203, 0.1207, 0.1244, 0.1263, 0.1298, 0.1249, 0.1259, 0.1277],
        [0.1189, 0.1182, 0.1196, 0.1278, 0.1285, 0.1297, 0.1283, 0.1290],
        [0.1209, 0.1206, 0.1223, 0.1261, 0.1249, 0.1290, 0.1259, 0.1303],
        [0.1213, 0.1209, 0.1213, 0.1249, 0.1287, 0.1255, 0.1285, 0.1290]],
       device='cuda:0', grad_fn=<SoftmaxBackward0>)
tensor([[0.1292, 0.1260, 0.1271, 0.1253, 0.1193, 0.1277, 0.1249, 0.1205],
        [0.1202, 0.1189, 0.1227, 0.1297, 0.1282, 0.1261, 0.1241, 0.1301]],
       device='cuda:0', grad_fn=<SoftmaxBackward0>)
tensor([[0.1274, 0.1245, 0.1214, 0.1249, 0.1225, 0.1255, 0.1288, 0.1248],
        [0.1194, 0.1192, 0.1284, 0.1214, 0.1281, 0.1279, 0.1289, 0.1266],
        [0.1232, 0.1207, 0.1208, 0.1282, 0.1259, 0.1278, 0.1268, 0.1265]],
       device='cuda:0', grad_fn=<SoftmaxBackward0>)
tensor([[0.1277, 0.1252, 0.1203, 0.1281, 0.1229, 0.1224, 0.1265, 0.1270],
        [0.1269, 0.1230, 0.1248, 0.1243, 0.1293, 0.1211, 0.1259, 0.1247],
        [0.1284, 0.1259, 0.1235, 0.1225, 0.1280, 0.1240, 0.1271, 0.1207],
        [0.1290, 0.1271, 0.1287, 0.1238, 0.1254, 0.1223, 0.1228, 0.1210]],
       device='cuda:0', grad_fn=<SoftmaxBackward0>)
tensor([[0.1283, 0.1274, 0.1233, 0.1266, 0.1253, 0.1285, 0.1199, 0.1207],
        [0.1241, 0.1240, 0.1204, 0.1268, 0.1272, 0.1252, 0.1269, 0.1254],
        [0.1252, 0.1221, 0.1246, 0.1268, 0.1241, 0.1251, 0.1264, 0.1257],
        [0.1229, 0.1234, 0.1255, 0.1275, 0.1252, 0.1288, 0.1219, 0.1249],
        [0.1253, 0.1254, 0.1259, 0.1253, 0.1223, 0.1230, 0.1236, 0.1292]],
       device='cuda:0', grad_fn=<SoftmaxBackward0>)
#####################
06/29 03:50:58PM searchCell_trainer.py:216 [INFO] Train: Epoch: [3][50/78]	Step 287	lr 0.02479	Loss 61.2521 (50.0433)	Hard Loss 1.7856 (1.4588)	Soft Loss 0.0252 (0.0247)	Arch Loss 2.4041 (2.3256)	Arch Hard Loss 0.0000 (0.0000)	Arch Soft Loss 0.0000 (0.0000)	Prec@(1,5) (48.9%, 92.5%)	
06/29 03:51:19PM searchCell_trainer.py:216 [INFO] Train: Epoch: [3][78/78]	Step 315	lr 0.02479	Loss 46.5538 (49.6061)	Hard Loss 1.3571 (1.4460)	Soft Loss 0.0222 (0.0246)	Arch Loss 2.3728 (2.3301)	Arch Hard Loss 0.0000 (0.0000)	Arch Soft Loss 0.0000 (0.0000)	Prec@(1,5) (48.6%, 92.4%)	
06/29 03:51:20PM searchCell_trainer.py:231 [INFO] Train: [  3/49] Final Prec@1 48.5600%
06/29 03:51:27PM searchCell_trainer.py:259 [INFO] Valid: Epoch: [3][50/79]	Step 316	Loss 1.7334	Prec@(1,5) (43.3%, 88.3%)
06/29 03:51:31PM searchCell_trainer.py:259 [INFO] Valid: Epoch: [3][78/79]	Step 316	Loss 1.7200	Prec@(1,5) (43.4%, 89.3%)
06/29 03:51:31PM searchCell_trainer.py:266 [INFO] Valid: [  3/49] Final Prec@1 43.4600%
06/29 03:51:31PM searchCell_KD_main.py:59 [INFO] genotype = Genotype3(normal1=[[('dil_conv_3x3', 1), ('sep_conv_3x3', 0)], [('dil_conv_3x3', 1), ('sep_conv_5x5', 2)], [('sep_conv_5x5', 2), ('max_pool_3x3', 0)], [('sep_conv_5x5', 2), ('dil_conv_3x3', 1)]], normal1_concat=range(2, 6), reduce1=[[('dil_conv_3x3', 1), ('dil_conv_3x3', 0)], [('max_pool_3x3', 2), ('dil_conv_3x3', 0)], [('max_pool_3x3', 2), ('sep_conv_3x3', 0)], [('sep_conv_5x5', 1), ('dil_conv_3x3', 2)]], reduce1_concat=range(2, 6), normal2=[[('max_pool_3x3', 1), ('sep_conv_3x3', 0)], [('sep_conv_5x5', 0), ('dil_conv_5x5', 2)], [('skip_connect', 1), ('avg_pool_3x3', 2)], [('sep_conv_3x3', 3), ('dil_conv_3x3', 0)]], normal2_concat=range(2, 6), reduce2=[[('sep_conv_3x3', 1), ('max_pool_3x3', 0)], [('dil_conv_5x5', 1), ('dil_conv_5x5', 0)], [('sep_conv_5x5', 1), ('max_pool_3x3', 3)], [('dil_conv_3x3', 3), ('dil_conv_3x3', 0)]], reduce2_concat=range(2, 6), normal3=[[('dil_conv_3x3', 0), ('dil_conv_5x5', 1)], [('dil_conv_3x3', 1), ('dil_conv_5x5', 0)], [('dil_conv_3x3', 0), ('dil_conv_3x3', 1)], [('sep_conv_3x3', 3), ('dil_conv_5x5', 0)]], normal3_concat=range(2, 6))
06/29 03:51:32PM searchCell_KD_main.py:92 [INFO] Until now, best Prec@1 = 43.4600%
####### ALPHA #######
# Alpha - normal
tensor([[0.1267, 0.1258, 0.1266, 0.1271, 0.1243, 0.1209, 0.1261, 0.1225],
        [0.1248, 0.1236, 0.1239, 0.1227, 0.1256, 0.1285, 0.1276, 0.1234]],
       device='cuda:0', grad_fn=<SoftmaxBackward0>)
tensor([[0.1279, 0.1279, 0.1286, 0.1222, 0.1260, 0.1224, 0.1257, 0.1193],
        [0.1228, 0.1218, 0.1227, 0.1269, 0.1219, 0.1314, 0.1245, 0.1280],
        [0.1262, 0.1251, 0.1248, 0.1241, 0.1288, 0.1231, 0.1254, 0.1223]],
       device='cuda:0', grad_fn=<SoftmaxBackward0>)
tensor([[0.1303, 0.1249, 0.1260, 0.1229, 0.1224, 0.1249, 0.1264, 0.1223],
        [0.1186, 0.1174, 0.1181, 0.1292, 0.1297, 0.1294, 0.1262, 0.1313],
        [0.1227, 0.1204, 0.1201, 0.1263, 0.1310, 0.1294, 0.1253, 0.1248],
        [0.1234, 0.1211, 0.1221, 0.1274, 0.1274, 0.1218, 0.1286, 0.1281]],
       device='cuda:0', grad_fn=<SoftmaxBackward0>)
tensor([[0.1230, 0.1240, 0.1240, 0.1292, 0.1259, 0.1258, 0.1221, 0.1260],
        [0.1197, 0.1197, 0.1211, 0.1237, 0.1275, 0.1306, 0.1270, 0.1306],
        [0.1219, 0.1217, 0.1200, 0.1261, 0.1325, 0.1277, 0.1235, 0.1266],
        [0.1214, 0.1207, 0.1199, 0.1293, 0.1285, 0.1237, 0.1278, 0.1287],
        [0.1219, 0.1212, 0.1212, 0.1278, 0.1252, 0.1226, 0.1302, 0.1298]],
       device='cuda:0', grad_fn=<SoftmaxBackward0>)
tensor([[0.1215, 0.1200, 0.1215, 0.1325, 0.1289, 0.1241, 0.1235, 0.1279],
        [0.1320, 0.1315, 0.1307, 0.1172, 0.1205, 0.1278, 0.1208, 0.1195]],
       device='cuda:0', grad_fn=<SoftmaxBackward0>)
tensor([[0.1200, 0.1189, 0.1213, 0.1310, 0.1318, 0.1214, 0.1242, 0.1313],
        [0.1232, 0.1234, 0.1243, 0.1265, 0.1220, 0.1240, 0.1282, 0.1283],
        [0.1184, 0.1176, 0.1196, 0.1298, 0.1263, 0.1289, 0.1309, 0.1285]],
       device='cuda:0', grad_fn=<SoftmaxBackward0>)
tensor([[0.1235, 0.1223, 0.1225, 0.1287, 0.1293, 0.1268, 0.1212, 0.1256],
        [0.1325, 0.1334, 0.1336, 0.1180, 0.1186, 0.1214, 0.1232, 0.1192],
        [0.1302, 0.1304, 0.1298, 0.1259, 0.1162, 0.1227, 0.1237, 0.1212],
        [0.1299, 0.1305, 0.1303, 0.1268, 0.1192, 0.1185, 0.1261, 0.1186]],
       device='cuda:0', grad_fn=<SoftmaxBackward0>)
tensor([[0.1200, 0.1204, 0.1208, 0.1239, 0.1264, 0.1325, 0.1278, 0.1284],
        [0.1255, 0.1279, 0.1277, 0.1265, 0.1219, 0.1246, 0.1255, 0.1205],
        [0.1238, 0.1257, 0.1271, 0.1263, 0.1205, 0.1241, 0.1281, 0.1244],
        [0.1208, 0.1222, 0.1229, 0.1337, 0.1252, 0.1208, 0.1283, 0.1261],
        [0.1226, 0.1240, 0.1250, 0.1230, 0.1252, 0.1264, 0.1251, 0.1285]],
       device='cuda:0', grad_fn=<SoftmaxBackward0>)
tensor([[0.1179, 0.1201, 0.1222, 0.1260, 0.1292, 0.1306, 0.1237, 0.1305],
        [0.1194, 0.1197, 0.1211, 0.1270, 0.1232, 0.1298, 0.1307, 0.1290]],
       device='cuda:0', grad_fn=<SoftmaxBackward0>)
tensor([[0.1213, 0.1251, 0.1268, 0.1254, 0.1226, 0.1214, 0.1299, 0.1273],
        [0.1199, 0.1190, 0.1203, 0.1205, 0.1320, 0.1330, 0.1266, 0.1287],
        [0.1193, 0.1207, 0.1247, 0.1259, 0.1242, 0.1279, 0.1262, 0.1310]],
       device='cuda:0', grad_fn=<SoftmaxBackward0>)
tensor([[0.1212, 0.1244, 0.1234, 0.1261, 0.1260, 0.1363, 0.1236, 0.1192],
        [0.1165, 0.1159, 0.1161, 0.1291, 0.1300, 0.1318, 0.1315, 0.1291],
        [0.1187, 0.1195, 0.1198, 0.1234, 0.1305, 0.1318, 0.1257, 0.1306],
        [0.1163, 0.1166, 0.1174, 0.1286, 0.1312, 0.1299, 0.1278, 0.1323]],
       device='cuda:0', grad_fn=<SoftmaxBackward0>)
tensor([[0.1156, 0.1159, 0.1162, 0.1251, 0.1283, 0.1302, 0.1341, 0.1345],
        [0.1196, 0.1179, 0.1182, 0.1258, 0.1284, 0.1246, 0.1330, 0.1325],
        [0.1147, 0.1141, 0.1152, 0.1271, 0.1325, 0.1305, 0.1316, 0.1344],
