11/13 05:13:14AM parser.py:28 [INFO] 
11/13 05:13:14AM parser.py:29 [INFO] Parameters:
11/13 05:13:14AM parser.py:31 [INFO] DAG_PATH=results/search_stage_KD/cifar100/noDepthLoss/s4-L32/DAG
11/13 05:13:14AM parser.py:31 [INFO] T=10.0
11/13 05:13:14AM parser.py:31 [INFO] ADVANCED=1
11/13 05:13:14AM parser.py:31 [INFO] ALPHA_LR=0.0003
11/13 05:13:14AM parser.py:31 [INFO] ALPHA_WEIGHT_DECAY=0.001
11/13 05:13:14AM parser.py:31 [INFO] ARCH_CRITERION=none
11/13 05:13:14AM parser.py:31 [INFO] BATCH_SIZE=64
11/13 05:13:14AM parser.py:31 [INFO] CASCADE=0
11/13 05:13:14AM parser.py:31 [INFO] CHECKPOINT_RESET=False
11/13 05:13:14AM parser.py:31 [INFO] CUTOUT_LENGTH=0
11/13 05:13:14AM parser.py:31 [INFO] DATA_PATH=../data/
11/13 05:13:14AM parser.py:31 [INFO] DATASET=cifar100
11/13 05:13:14AM parser.py:31 [INFO] DEPTH_COEF=0.0
11/13 05:13:14AM parser.py:31 [INFO] DESCRIPTION=search_stage_32-layer-network
11/13 05:13:14AM parser.py:31 [INFO] DISCRETE=0
11/13 05:13:14AM parser.py:31 [INFO] EPOCHS=50
11/13 05:13:14AM parser.py:31 [INFO] EVAL_EPOCHS=100
11/13 05:13:14AM parser.py:31 [INFO] EXP_NAME=s4-L32
11/13 05:13:14AM parser.py:31 [INFO] FINAL_L=0.0
11/13 05:13:14AM parser.py:31 [INFO] G=0.0
11/13 05:13:14AM parser.py:31 [INFO] GENOTYPE=Genotype3(normal1=[[('sep_conv_5x5', 0), ('sep_conv_3x3', 1)], [('sep_conv_3x3', 1), ('sep_conv_3x3', 0)], [('sep_conv_3x3', 1), ('sep_conv_3x3', 2)], [('sep_conv_3x3', 0), ('sep_conv_5x5', 4)]], normal1_concat=range(2, 6), reduce1=[[('sep_conv_3x3', 0), ('skip_connect', 1)], [('sep_conv_3x3', 1), ('max_pool_3x3', 0)], [('sep_conv_3x3', 2), ('sep_conv_3x3', 1)], [('max_pool_3x3', 0), ('dil_conv_3x3', 1)]], reduce1_concat=range(2, 6), normal2=[[('skip_connect', 0), ('sep_conv_5x5', 1)], [('skip_connect', 0), ('skip_connect', 2)], [('avg_pool_3x3', 0), ('avg_pool_3x3', 2)], [('skip_connect', 0), ('avg_pool_3x3', 2)]], normal2_concat=range(2, 6), reduce2=[[('avg_pool_3x3', 0), ('avg_pool_3x3', 1)], [('avg_pool_3x3', 0), ('skip_connect', 2)], [('skip_connect', 2), ('avg_pool_3x3', 0)], [('skip_connect', 2), ('avg_pool_3x3', 0)]], reduce2_concat=range(2, 6), normal3=[[('skip_connect', 0), ('skip_connect', 1)], [('skip_connect', 0), ('dil_conv_3x3', 1)], [('skip_connect', 0), ('skip_connect', 1)], [('skip_connect', 0), ('skip_connect', 2)]], normal3_concat=range(2, 6))
11/13 05:13:14AM parser.py:31 [INFO] GPUS=[0]
11/13 05:13:14AM parser.py:31 [INFO] HINT_EPOCHS=[16, 32]
11/13 05:13:14AM parser.py:31 [INFO] INIT_CHANNELS=16
11/13 05:13:14AM parser.py:31 [INFO] L=0.0
11/13 05:13:14AM parser.py:31 [INFO] LAYERS=32
11/13 05:13:14AM parser.py:31 [INFO] LOGGER=<Logger H-DAS (INFO)>
11/13 05:13:14AM parser.py:31 [INFO] NAME=noDepthLoss
11/13 05:13:14AM parser.py:31 [INFO] NONKD=1
11/13 05:13:14AM parser.py:31 [INFO] PATH=results/search_stage_KD/cifar100/noDepthLoss/s4-L32
11/13 05:13:14AM parser.py:31 [INFO] PCDARTS=0
11/13 05:13:14AM parser.py:31 [INFO] PLOT_PATH=results/search_stage_KD/cifar100/noDepthLoss/s4-L32/plots
11/13 05:13:14AM parser.py:31 [INFO] PRINT_FREQ=100
11/13 05:13:14AM parser.py:31 [INFO] RESET=0
11/13 05:13:14AM parser.py:31 [INFO] RESUME_PATH=None
11/13 05:13:14AM parser.py:31 [INFO] SAVE=s4-L32
11/13 05:13:14AM parser.py:31 [INFO] SEED=4
11/13 05:13:14AM parser.py:31 [INFO] SHARE_STAGE=0
11/13 05:13:14AM parser.py:31 [INFO] SLIDE_WINDOW=3
11/13 05:13:14AM parser.py:31 [INFO] SPEC_CELL=1
11/13 05:13:14AM parser.py:31 [INFO] STAGE_MACS=[8.18, 2.49, 1.88]
11/13 05:13:14AM parser.py:31 [INFO] TEACHER_NAME=none
11/13 05:13:14AM parser.py:31 [INFO] TEACHER_PATH=none
11/13 05:13:14AM parser.py:31 [INFO] TRAIN_PORTION=0.5
11/13 05:13:14AM parser.py:31 [INFO] TYPE=KD
11/13 05:13:14AM parser.py:31 [INFO] W_GRAD_CLIP=5.0
11/13 05:13:14AM parser.py:31 [INFO] W_LR=0.025
11/13 05:13:14AM parser.py:31 [INFO] W_LR_MIN=0.001
11/13 05:13:14AM parser.py:31 [INFO] W_MOMENTUM=0.9
11/13 05:13:14AM parser.py:31 [INFO] W_WEIGHT_DECAY=0.0003
11/13 05:13:14AM parser.py:31 [INFO] WORKERS=4
11/13 05:13:14AM parser.py:32 [INFO] 
11/13 05:13:40AM searchStage_trainer.py:134 [INFO] --> No loaded checkpoint!
####### ALPHA #######
# Alpha - DAG
tensor([[0.2495, 0.2500, 0.2505, 0.2501],
        [0.2503, 0.2499, 0.2496, 0.2502]], device='cuda:0',
       grad_fn=<SoftmaxBackward0>)
tensor([[0.2500, 0.2499, 0.2500, 0.2502],
        [0.2501, 0.2501, 0.2499, 0.2500],
        [0.2497, 0.2503, 0.2499, 0.2501]], device='cuda:0',
       grad_fn=<SoftmaxBackward0>)
tensor([[0.2500, 0.2502, 0.2498, 0.2500],
        [0.2499, 0.2499, 0.2501, 0.2501],
        [0.2502, 0.2498, 0.2500, 0.2500]], device='cuda:0',
       grad_fn=<SoftmaxBackward0>)
tensor([[0.2496, 0.2501, 0.2503, 0.2500],
        [0.2503, 0.2497, 0.2498, 0.2502],
        [0.2504, 0.2498, 0.2499, 0.2499]], device='cuda:0',
       grad_fn=<SoftmaxBackward0>)
tensor([[0.2500, 0.2500, 0.2498, 0.2502],
        [0.2502, 0.2501, 0.2499, 0.2498],
        [0.2501, 0.2500, 0.2498, 0.2502]], device='cuda:0',
       grad_fn=<SoftmaxBackward0>)
tensor([[0.2501, 0.2497, 0.2500, 0.2502],
        [0.2499, 0.2498, 0.2499, 0.2503],
        [0.2498, 0.2500, 0.2502, 0.2499]], device='cuda:0',
       grad_fn=<SoftmaxBackward0>)
tensor([[0.2500, 0.2502, 0.2498, 0.2500],
        [0.2500, 0.2500, 0.2499, 0.2500],
        [0.2499, 0.2500, 0.2502, 0.2499]], device='cuda:0',
       grad_fn=<SoftmaxBackward0>)
tensor([[0.2496, 0.2504, 0.2501, 0.2500],
        [0.2501, 0.2496, 0.2503, 0.2501],
        [0.2504, 0.2498, 0.2501, 0.2496]], device='cuda:0',
       grad_fn=<SoftmaxBackward0>)
tensor([[0.2500, 0.2500, 0.2499, 0.2501],
        [0.2503, 0.2500, 0.2498, 0.2499],
        [0.2497, 0.2502, 0.2500, 0.2501]], device='cuda:0',
       grad_fn=<SoftmaxBackward0>)
tensor([[0.2500, 0.2501, 0.2499, 0.2501],
        [0.2504, 0.2499, 0.2498, 0.2499],
        [0.2507, 0.2501, 0.2493, 0.2499]], device='cuda:0',
       grad_fn=<SoftmaxBackward0>)
tensor([[0.2504, 0.2496, 0.2502, 0.2498],
        [0.2499, 0.2503, 0.2501, 0.2497]], device='cuda:0',
       grad_fn=<SoftmaxBackward0>)
tensor([[0.2501, 0.2502, 0.2500, 0.2497],
        [0.2498, 0.2502, 0.2499, 0.2500],
        [0.2500, 0.2499, 0.2502, 0.2498]], device='cuda:0',
       grad_fn=<SoftmaxBackward0>)
tensor([[0.2504, 0.2500, 0.2500, 0.2496],
        [0.2502, 0.2497, 0.2500, 0.2501],
        [0.2500, 0.2502, 0.2499, 0.2499]], device='cuda:0',
       grad_fn=<SoftmaxBackward0>)
tensor([[0.2499, 0.2502, 0.2504, 0.2495],
        [0.2499, 0.2500, 0.2503, 0.2498],
        [0.2499, 0.2501, 0.2500, 0.2501]], device='cuda:0',
       grad_fn=<SoftmaxBackward0>)
tensor([[0.2500, 0.2502, 0.2497, 0.2502],
        [0.2499, 0.2501, 0.2503, 0.2497],
        [0.2501, 0.2499, 0.2502, 0.2498]], device='cuda:0',
       grad_fn=<SoftmaxBackward0>)
tensor([[0.2501, 0.2499, 0.2499, 0.2500],
        [0.2502, 0.2495, 0.2503, 0.2500],
        [0.2497, 0.2499, 0.2503, 0.2500]], device='cuda:0',
       grad_fn=<SoftmaxBackward0>)
tensor([[0.2500, 0.2498, 0.2496, 0.2505],
        [0.2497, 0.2499, 0.2500, 0.2504],
        [0.2499, 0.2501, 0.2499, 0.2501]], device='cuda:0',
       grad_fn=<SoftmaxBackward0>)
tensor([[0.2504, 0.2498, 0.2499, 0.2499],
        [0.2500, 0.2501, 0.2500, 0.2499],
        [0.2497, 0.2503, 0.2497, 0.2503]], device='cuda:0',
       grad_fn=<SoftmaxBackward0>)
tensor([[0.2500, 0.2498, 0.2500, 0.2502],
        [0.2500, 0.2501, 0.2499, 0.2500],
        [0.2503, 0.2500, 0.2499, 0.2497]], device='cuda:0',
       grad_fn=<SoftmaxBackward0>)
tensor([[0.2499, 0.2503, 0.2499, 0.2499],
        [0.2501, 0.2498, 0.2501, 0.2500],
        [0.2500, 0.2501, 0.2501, 0.2499]], device='cuda:0',
       grad_fn=<SoftmaxBackward0>)
tensor([[0.2499, 0.2503, 0.2504, 0.2494],
        [0.2501, 0.2498, 0.2503, 0.2498]], device='cuda:0',
       grad_fn=<SoftmaxBackward0>)
tensor([[0.2505, 0.2499, 0.2499, 0.2498],
        [0.2498, 0.2502, 0.2500, 0.2499],
        [0.2501, 0.2502, 0.2498, 0.2499]], device='cuda:0',
       grad_fn=<SoftmaxBackward0>)
tensor([[0.2503, 0.2501, 0.2496, 0.2499],
        [0.2502, 0.2499, 0.2498, 0.2501],
        [0.2498, 0.2499, 0.2499, 0.2504]], device='cuda:0',
       grad_fn=<SoftmaxBackward0>)
tensor([[0.2502, 0.2500, 0.2497, 0.2500],
        [0.2496, 0.2504, 0.2503, 0.2498],
        [0.2504, 0.2499, 0.2497, 0.2500]], device='cuda:0',
       grad_fn=<SoftmaxBackward0>)
tensor([[0.2495, 0.2498, 0.2506, 0.2501],
        [0.2502, 0.2500, 0.2496, 0.2503],
        [0.2501, 0.2498, 0.2501, 0.2499]], device='cuda:0',
       grad_fn=<SoftmaxBackward0>)
tensor([[0.2499, 0.2503, 0.2499, 0.2499],
        [0.2503, 0.2499, 0.2500, 0.2499],
        [0.2499, 0.2502, 0.2498, 0.2501]], device='cuda:0',
       grad_fn=<SoftmaxBackward0>)
tensor([[0.2501, 0.2503, 0.2498, 0.2499],
        [0.2500, 0.2501, 0.2502, 0.2497],
        [0.2499, 0.2496, 0.2504, 0.2501]], device='cuda:0',
       grad_fn=<SoftmaxBackward0>)
tensor([[0.2499, 0.2503, 0.2497, 0.2501],
        [0.2502, 0.2501, 0.2499, 0.2497],
        [0.2495, 0.2501, 0.2504, 0.2500]], device='cuda:0',
       grad_fn=<SoftmaxBackward0>)
tensor([[0.2498, 0.2500, 0.2500, 0.2502],
        [0.2500, 0.2498, 0.2503, 0.2500],
        [0.2498, 0.2500, 0.2501, 0.2500]], device='cuda:0',
       grad_fn=<SoftmaxBackward0>)
tensor([[0.2501, 0.2501, 0.2499, 0.2499],
        [0.2499, 0.2501, 0.2498, 0.2502],
        [0.2503, 0.2499, 0.2499, 0.2499]], device='cuda:0',
       grad_fn=<SoftmaxBackward0>)
#####################
11/13 05:14:22AM searchStage_trainer.py:265 [INFO] Train: Epoch: [0][100/390]	Step 100	lr 0.025	Loss 4.6272 (4.7369)	Hard Loss 4.6272 (4.7369)	Soft Loss 4.6272 (4.7369)	Arch Loss 4.6501 (4.7421)	Arch Hard Loss 4.6501 (4.7421)	Arch Soft Loss 4.6501 (4.7421)	Arch depth Loss 0.0000 (0.0000)	Prec@(1,5) (1.3%, 5.6%)	
11/13 05:15:00AM searchStage_trainer.py:265 [INFO] Train: Epoch: [0][200/390]	Step 200	lr 0.025	Loss 4.3433 (4.6155)	Hard Loss 4.3433 (4.6155)	Soft Loss 4.3433 (4.6155)	Arch Loss 4.3774 (4.6175)	Arch Hard Loss 4.3774 (4.6175)	Arch Soft Loss 4.3774 (4.6175)	Arch depth Loss 0.0000 (0.0000)	Prec@(1,5) (1.9%, 8.1%)	
11/13 05:15:39AM searchStage_trainer.py:265 [INFO] Train: Epoch: [0][300/390]	Step 300	lr 0.025	Loss 4.2003 (4.5102)	Hard Loss 4.2003 (4.5102)	Soft Loss 4.2003 (4.5102)	Arch Loss 4.2555 (4.5022)	Arch Hard Loss 4.2555 (4.5022)	Arch Soft Loss 4.2555 (4.5022)	Arch depth Loss 0.0000 (0.0000)	Prec@(1,5) (2.6%, 11.1%)	
11/13 05:16:15AM searchStage_trainer.py:265 [INFO] Train: Epoch: [0][390/390]	Step 390	lr 0.025	Loss 4.1374 (4.4329)	Hard Loss 4.1374 (4.4329)	Soft Loss 4.1374 (4.4329)	Arch Loss 4.1968 (4.4274)	Arch Hard Loss 4.1968 (4.4274)	Arch Soft Loss 4.1968 (4.4274)	Arch depth Loss 0.0000 (0.0000)	Prec@(1,5) (3.0%, 12.9%)	
11/13 05:16:16AM searchStage_trainer.py:281 [INFO] Train: [  0/49] Final Prec@1 3.0400%
11/13 05:16:22AM searchStage_trainer.py:309 [INFO] Valid: Epoch: [0][100/391]	Step 391	Loss 4.0889	Prec@(1,5) (4.8%, 21.9%)
11/13 05:16:28AM searchStage_trainer.py:309 [INFO] Valid: Epoch: [0][200/391]	Step 391	Loss 4.0981	Prec@(1,5) (4.9%, 21.7%)
11/13 05:16:34AM searchStage_trainer.py:309 [INFO] Valid: Epoch: [0][300/391]	Step 391	Loss 4.1033	Prec@(1,5) (5.0%, 21.5%)
11/13 05:16:40AM searchStage_trainer.py:309 [INFO] Valid: Epoch: [0][390/391]	Step 391	Loss 4.1016	Prec@(1,5) (5.1%, 21.7%)
11/13 05:16:40AM searchStage_trainer.py:320 [INFO] Valid: [  0/49] Final Prec@1 5.0840%
11/13 05:16:40AM trainer_runner.py:74 [INFO] DAG = Genotype2(DAG1=[[('avg_pool_3x3', 1), ('avg_pool_3x3', 0)], [('avg_pool_3x3', 0), ('avg_pool_3x3', 2)], [('max_pool_3x3', 1), ('max_pool_3x3', 3)], [('max_pool_3x3', 3), ('max_pool_3x3', 4)], [('avg_pool_3x3', 4), ('max_pool_3x3', 5)], [('skip_connect', 4), ('max_pool_3x3', 5)], [('avg_pool_3x3', 5), ('avg_pool_3x3', 6)], [('avg_pool_3x3', 6), ('skip_connect', 7)], [('avg_pool_3x3', 9), ('max_pool_3x3', 8)], [('max_pool_3x3', 10), ('max_pool_3x3', 9)]], DAG1_concat=range(10, 12), DAG2=[[('skip_connect', 0), ('skip_connect', 1)], [('avg_pool_3x3', 2), ('skip_connect', 0)], [('skip_connect', 3), ('max_pool_3x3', 1)], [('skip_connect', 2), ('skip_connect', 4)], [('skip_connect', 4), ('avg_pool_3x3', 3)], [('skip_connect', 5), ('skip_connect', 4)], [('skip_connect', 7), ('skip_connect', 5)], [('max_pool_3x3', 6), ('max_pool_3x3', 8)], [('skip_connect', 7), ('avg_pool_3x3', 8)], [('avg_pool_3x3', 8), ('avg_pool_3x3', 9)]], DAG2_concat=range(10, 12), DAG3=[[('skip_connect', 1), ('skip_connect', 0)], [('skip_connect', 1), ('skip_connect', 0)], [('skip_connect', 1), ('skip_connect', 2)], [('skip_connect', 2), ('skip_connect', 3)], [('skip_connect', 3), ('skip_connect', 5)], [('skip_connect', 4), ('skip_connect', 5)], [('skip_connect', 6), ('skip_connect', 5)], [('skip_connect', 7), ('skip_connect', 6)], [('skip_connect', 7), ('skip_connect', 8)], [('skip_connect', 9), ('skip_connect', 8)]], DAG3_concat=range(10, 12))
11/13 05:16:41AM trainer_runner.py:105 [INFO] Until now, best Prec@1 = 5.0840%
####### ALPHA #######
# Alpha - DAG
tensor([[0.2493, 0.2502, 0.2500, 0.2505],
        [0.2500, 0.2506, 0.2496, 0.2498]], device='cuda:0',
       grad_fn=<SoftmaxBackward0>)
tensor([[0.2502, 0.2505, 0.2502, 0.2492],
        [0.2501, 0.2498, 0.2494, 0.2507],
        [0.2493, 0.2505, 0.2496, 0.2506]], device='cuda:0',
       grad_fn=<SoftmaxBackward0>)
tensor([[0.2505, 0.2503, 0.2499, 0.2493],
        [0.2494, 0.2500, 0.2496, 0.2510],
        [0.2505, 0.2503, 0.2496, 0.2496]], device='cuda:0',
       grad_fn=<SoftmaxBackward0>)
tensor([[0.2494, 0.2494, 0.2508, 0.2505],
        [0.2508, 0.2492, 0.2492, 0.2507],
        [0.2508, 0.2503, 0.2497, 0.2493]], device='cuda:0',
       grad_fn=<SoftmaxBackward0>)
tensor([[0.2505, 0.2501, 0.2497, 0.2497],
        [0.2506, 0.2510, 0.2500, 0.2483],
        [0.2508, 0.2491, 0.2485, 0.2516]], device='cuda:0',
       grad_fn=<SoftmaxBackward0>)
tensor([[0.2502, 0.2503, 0.2512, 0.2484],
        [0.2502, 0.2494, 0.2489, 0.2516],
        [0.2493, 0.2498, 0.2501, 0.2508]], device='cuda:0',
       grad_fn=<SoftmaxBackward0>)
tensor([[0.2492, 0.2505, 0.2503, 0.2500],
        [0.2497, 0.2503, 0.2502, 0.2498],
        [0.2490, 0.2504, 0.2502, 0.2503]], device='cuda:0',
       grad_fn=<SoftmaxBackward0>)
tensor([[0.2504, 0.2506, 0.2496, 0.2494],
        [0.2502, 0.2489, 0.2507, 0.2502],
        [0.2501, 0.2493, 0.2506, 0.2500]], device='cuda:0',
       grad_fn=<SoftmaxBackward0>)
tensor([[0.2501, 0.2500, 0.2501, 0.2498],
        [0.2505, 0.2498, 0.2493, 0.2504],
        [0.2498, 0.2510, 0.2494, 0.2498]], device='cuda:0',
       grad_fn=<SoftmaxBackward0>)
tensor([[0.2511, 0.2495, 0.2492, 0.2502],
        [0.2512, 0.2500, 0.2487, 0.2501],
        [0.2518, 0.2505, 0.2483, 0.2494]], device='cuda:0',
       grad_fn=<SoftmaxBackward0>)
tensor([[0.2503, 0.2499, 0.2505, 0.2494],
        [0.2500, 0.2497, 0.2502, 0.2501]], device='cuda:0',
       grad_fn=<SoftmaxBackward0>)
tensor([[0.2496, 0.2497, 0.2510, 0.2497],
        [0.2492, 0.2503, 0.2506, 0.2499],
        [0.2486, 0.2514, 0.2503, 0.2497]], device='cuda:0',
       grad_fn=<SoftmaxBackward0>)
tensor([[0.2508, 0.2490, 0.2501, 0.2501],
        [0.2480, 0.2502, 0.2505, 0.2514],
        [0.2492, 0.2501, 0.2518, 0.2490]], device='cuda:0',
       grad_fn=<SoftmaxBackward0>)
tensor([[0.2501, 0.2498, 0.2525, 0.2475],
        [0.2490, 0.2492, 0.2500, 0.2518],
        [0.2499, 0.2484, 0.2508, 0.2509]], device='cuda:0',
       grad_fn=<SoftmaxBackward0>)
tensor([[0.2476, 0.2517, 0.2506, 0.2501],
        [0.2487, 0.2506, 0.2529, 0.2477],
        [0.2485, 0.2493, 0.2499, 0.2523]], device='cuda:0',
       grad_fn=<SoftmaxBackward0>)
tensor([[0.2492, 0.2505, 0.2508, 0.2495],
        [0.2481, 0.2496, 0.2523, 0.2500],
        [0.2487, 0.2494, 0.2507, 0.2512]], device='cuda:0',
       grad_fn=<SoftmaxBackward0>)
tensor([[0.2487, 0.2503, 0.2506, 0.2504],
        [0.2489, 0.2498, 0.2506, 0.2507],
        [0.2474, 0.2504, 0.2518, 0.2505]], device='cuda:0',
       grad_fn=<SoftmaxBackward0>)
tensor([[0.2510, 0.2492, 0.2502, 0.2496],
        [0.2506, 0.2490, 0.2501, 0.2503],
        [0.2503, 0.2499, 0.2494, 0.2505]], device='cuda:0',
       grad_fn=<SoftmaxBackward0>)
tensor([[0.2500, 0.2492, 0.2513, 0.2496],
        [0.2489, 0.2504, 0.2500, 0.2507],
        [0.2493, 0.2499, 0.2504, 0.2504]], device='cuda:0',
       grad_fn=<SoftmaxBackward0>)
tensor([[0.2468, 0.2526, 0.2516, 0.2490],
        [0.2479, 0.2512, 0.2502, 0.2507],
        [0.2480, 0.2503, 0.2511, 0.2506]], device='cuda:0',
       grad_fn=<SoftmaxBackward0>)
tensor([[0.2469, 0.2481, 0.2552, 0.2498],
        [0.2478, 0.2482, 0.2552, 0.2489]], device='cuda:0',
       grad_fn=<SoftmaxBackward0>)
tensor([[0.2480, 0.2473, 0.2546, 0.2501],
        [0.2486, 0.2482, 0.2553, 0.2479],
        [0.2485, 0.2480, 0.2525, 0.2511]], device='cuda:0',
       grad_fn=<SoftmaxBackward0>)
tensor([[0.2481, 0.2503, 0.2558, 0.2458],
        [0.2470, 0.2496, 0.2530, 0.2504],
        [0.2458, 0.2482, 0.2521, 0.2539]], device='cuda:0',
       grad_fn=<SoftmaxBackward0>)
tensor([[0.2475, 0.2498, 0.2546, 0.2481],
        [0.2461, 0.2484, 0.2539, 0.2516],
        [0.2470, 0.2477, 0.2523, 0.2530]], device='cuda:0',
       grad_fn=<SoftmaxBackward0>)
tensor([[0.2456, 0.2485, 0.2564, 0.2494],
        [0.2471, 0.2477, 0.2533, 0.2519],
        [0.2462, 0.2479, 0.2541, 0.2519]], device='cuda:0',
       grad_fn=<SoftmaxBackward0>)
tensor([[0.2472, 0.2483, 0.2552, 0.2493],
        [0.2457, 0.2488, 0.2548, 0.2507],
        [0.2454, 0.2488, 0.2535, 0.2522]], device='cuda:0',
       grad_fn=<SoftmaxBackward0>)
tensor([[0.2460, 0.2513, 0.2547, 0.2480],
        [0.2439, 0.2489, 0.2557, 0.2516],
        [0.2443, 0.2488, 0.2547, 0.2522]], device='cuda:0',
       grad_fn=<SoftmaxBackward0>)
tensor([[0.2474, 0.2488, 0.2551, 0.2488],
        [0.2453, 0.2499, 0.2551, 0.2497],
        [0.2444, 0.2480, 0.2536, 0.2541]], device='cuda:0',
       grad_fn=<SoftmaxBackward0>)
tensor([[0.2442, 0.2488, 0.2570, 0.2501],
        [0.2413, 0.2519, 0.2566, 0.2502],
        [0.2426, 0.2507, 0.2536, 0.2531]], device='cuda:0',
       grad_fn=<SoftmaxBackward0>)
tensor([[0.2410, 0.2523, 0.2577, 0.2490],
        [0.2391, 0.2517, 0.2589, 0.2503],
        [0.2418, 0.2512, 0.2537, 0.2533]], device='cuda:0',
       grad_fn=<SoftmaxBackward0>)
#####################
11/13 05:17:21AM searchStage_trainer.py:265 [INFO] Train: Epoch: [1][100/390]	Step 491	lr 0.02498	Loss 4.1395 (4.1187)	Hard Loss 4.1395 (4.1187)	Soft Loss 4.1395 (4.1187)	Arch Loss 4.0623 (4.1257)	Arch Hard Loss 4.0623 (4.1257)	Arch Soft Loss 4.0623 (4.1257)	Arch depth Loss 0.0000 (0.0000)	Prec@(1,5) (5.4%, 20.7%)	
11/13 05:17:59AM searchStage_trainer.py:265 [INFO] Train: Epoch: [1][200/390]	Step 591	lr 0.02498	Loss 3.9075 (4.0934)	Hard Loss 3.9075 (4.0934)	Soft Loss 3.9075 (4.0934)	Arch Loss 4.1258 (4.0940)	Arch Hard Loss 4.1258 (4.0940)	Arch Soft Loss 4.1258 (4.0940)	Arch depth Loss 0.0000 (0.0000)	Prec@(1,5) (5.8%, 21.7%)	
11/13 05:18:38AM searchStage_trainer.py:265 [INFO] Train: Epoch: [1][300/390]	Step 691	lr 0.02498	Loss 4.0137 (4.0744)	Hard Loss 4.0137 (4.0744)	Soft Loss 4.0137 (4.0744)	Arch Loss 4.0821 (4.0699)	Arch Hard Loss 4.0821 (4.0699)	Arch Soft Loss 4.0821 (4.0699)	Arch depth Loss 0.0000 (0.0000)	Prec@(1,5) (5.9%, 22.5%)	
11/13 05:19:13AM searchStage_trainer.py:265 [INFO] Train: Epoch: [1][390/390]	Step 781	lr 0.02498	Loss 4.1080 (4.0595)	Hard Loss 4.1080 (4.0595)	Soft Loss 4.1080 (4.0595)	Arch Loss 3.8545 (4.0468)	Arch Hard Loss 3.8545 (4.0468)	Arch Soft Loss 3.8545 (4.0468)	Arch depth Loss 0.0000 (0.0000)	Prec@(1,5) (6.2%, 23.2%)	
11/13 05:19:14AM searchStage_trainer.py:281 [INFO] Train: [  1/49] Final Prec@1 6.2320%
11/13 05:19:21AM searchStage_trainer.py:309 [INFO] Valid: Epoch: [1][100/391]	Step 782	Loss 3.9397	Prec@(1,5) (7.4%, 27.2%)
11/13 05:19:27AM searchStage_trainer.py:309 [INFO] Valid: Epoch: [1][200/391]	Step 782	Loss 3.9457	Prec@(1,5) (7.4%, 26.9%)
11/13 05:19:32AM searchStage_trainer.py:309 [INFO] Valid: Epoch: [1][300/391]	Step 782	Loss 3.9336	Prec@(1,5) (7.7%, 27.3%)
11/13 05:19:38AM searchStage_trainer.py:309 [INFO] Valid: Epoch: [1][390/391]	Step 782	Loss 3.9379	Prec@(1,5) (7.7%, 27.1%)
11/13 05:19:38AM searchStage_trainer.py:320 [INFO] Valid: [  1/49] Final Prec@1 7.7320%
11/13 05:19:38AM trainer_runner.py:74 [INFO] DAG = Genotype2(DAG1=[[('avg_pool_3x3', 1), ('avg_pool_3x3', 0)], [('avg_pool_3x3', 0), ('avg_pool_3x3', 2)], [('avg_pool_3x3', 1), ('max_pool_3x3', 3)], [('max_pool_3x3', 3), ('skip_connect', 2)], [('max_pool_3x3', 4), ('max_pool_3x3', 5)], [('skip_connect', 4), ('max_pool_3x3', 5)], [('avg_pool_3x3', 5), ('skip_connect', 6)], [('avg_pool_3x3', 6), ('skip_connect', 8)], [('avg_pool_3x3', 9), ('skip_connect', 7)], [('max_pool_3x3', 10), ('max_pool_3x3', 9)]], DAG1_concat=range(10, 12), DAG2=[[('skip_connect', 0), ('skip_connect', 1)], [('skip_connect', 0), ('skip_connect', 1)], [('skip_connect', 1), ('skip_connect', 3)], [('skip_connect', 2), ('skip_connect', 4)], [('skip_connect', 4), ('skip_connect', 5)], [('skip_connect', 4), ('skip_connect', 5)], [('skip_connect', 5), ('skip_connect', 6)], [('max_pool_3x3', 8), ('skip_connect', 6)], [('skip_connect', 7), ('skip_connect', 8)], [('skip_connect', 9), ('skip_connect', 8)]], DAG2_concat=range(10, 12), DAG3=[[('skip_connect', 1), ('skip_connect', 0)], [('skip_connect', 1), ('skip_connect', 0)], [('skip_connect', 1), ('skip_connect', 3)], [('skip_connect', 2), ('skip_connect', 3)], [('skip_connect', 3), ('skip_connect', 4)], [('skip_connect', 4), ('skip_connect', 5)], [('skip_connect', 5), ('skip_connect', 6)], [('skip_connect', 6), ('skip_connect', 7)], [('skip_connect', 7), ('avg_pool_3x3', 8)], [('avg_pool_3x3', 8), ('avg_pool_3x3', 9)]], DAG3_concat=range(10, 12))
11/13 05:19:39AM trainer_runner.py:105 [INFO] Until now, best Prec@1 = 7.7320%
####### ALPHA #######
# Alpha - DAG
tensor([[0.2492, 0.2502, 0.2501, 0.2505],
        [0.2500, 0.2505, 0.2497, 0.2498]], device='cuda:0',
       grad_fn=<SoftmaxBackward0>)
tensor([[0.2500, 0.2507, 0.2503, 0.2491],
        [0.2500, 0.2498, 0.2494, 0.2508],
        [0.2490, 0.2507, 0.2497, 0.2506]], device='cuda:0',
       grad_fn=<SoftmaxBackward0>)
tensor([[0.2503, 0.2505, 0.2503, 0.2489],
        [0.2491, 0.2499, 0.2496, 0.2514],
        [0.2503, 0.2502, 0.2499, 0.2496]], device='cuda:0',
       grad_fn=<SoftmaxBackward0>)
tensor([[0.2493, 0.2493, 0.2508, 0.2505],
        [0.2508, 0.2493, 0.2493, 0.2506],
        [0.2506, 0.2503, 0.2497, 0.2494]], device='cuda:0',
       grad_fn=<SoftmaxBackward0>)
tensor([[0.2503, 0.2504, 0.2498, 0.2495],
        [0.2508, 0.2508, 0.2500, 0.2484],
        [0.2508, 0.2490, 0.2484, 0.2518]], device='cuda:0',
       grad_fn=<SoftmaxBackward0>)
tensor([[0.2505, 0.2502, 0.2517, 0.2477],
        [0.2503, 0.2488, 0.2489, 0.2520],
        [0.2493, 0.2495, 0.2499, 0.2513]], device='cuda:0',
       grad_fn=<SoftmaxBackward0>)
tensor([[0.2488, 0.2506, 0.2504, 0.2502],
        [0.2496, 0.2504, 0.2504, 0.2497],
        [0.2489, 0.2504, 0.2504, 0.2503]], device='cuda:0',
       grad_fn=<SoftmaxBackward0>)
tensor([[0.2504, 0.2509, 0.2501, 0.2486],
        [0.2499, 0.2487, 0.2503, 0.2510],
        [0.2499, 0.2493, 0.2508, 0.2500]], device='cuda:0',
       grad_fn=<SoftmaxBackward0>)
tensor([[0.2504, 0.2495, 0.2505, 0.2496],
        [0.2504, 0.2496, 0.2490, 0.2511],
        [0.2495, 0.2514, 0.2497, 0.2493]], device='cuda:0',
       grad_fn=<SoftmaxBackward0>)
tensor([[0.2508, 0.2495, 0.2493, 0.2503],
        [0.2509, 0.2504, 0.2490, 0.2498],
        [0.2509, 0.2505, 0.2488, 0.2497]], device='cuda:0',
       grad_fn=<SoftmaxBackward0>)
tensor([[0.2485, 0.2493, 0.2536, 0.2486],
        [0.2480, 0.2489, 0.2528, 0.2503]], device='cuda:0',
       grad_fn=<SoftmaxBackward0>)
tensor([[0.2479, 0.2491, 0.2536, 0.2494],
        [0.2488, 0.2483, 0.2519, 0.2509],
        [0.2471, 0.2518, 0.2519, 0.2491]], device='cuda:0',
       grad_fn=<SoftmaxBackward0>)
tensor([[0.2491, 0.2483, 0.2554, 0.2473],
        [0.2464, 0.2482, 0.2501, 0.2554],
        [0.2483, 0.2494, 0.2547, 0.2476]], device='cuda:0',
       grad_fn=<SoftmaxBackward0>)
tensor([[0.2513, 0.2481, 0.2549, 0.2458],
        [0.2485, 0.2464, 0.2487, 0.2564],
        [0.2502, 0.2461, 0.2539, 0.2497]], device='cuda:0',
       grad_fn=<SoftmaxBackward0>)
tensor([[0.2450, 0.2522, 0.2512, 0.2516],
        [0.2486, 0.2486, 0.2541, 0.2488],
        [0.2473, 0.2486, 0.2529, 0.2512]], device='cuda:0',
       grad_fn=<SoftmaxBackward0>)
tensor([[0.2488, 0.2481, 0.2539, 0.2492],
        [0.2470, 0.2479, 0.2538, 0.2513],
        [0.2476, 0.2483, 0.2520, 0.2520]], device='cuda:0',
       grad_fn=<SoftmaxBackward0>)
tensor([[0.2472, 0.2499, 0.2538, 0.2491],
        [0.2487, 0.2479, 0.2538, 0.2496],
        [0.2461, 0.2499, 0.2499, 0.2541]], device='cuda:0',
       grad_fn=<SoftmaxBackward0>)
tensor([[0.2508, 0.2482, 0.2510, 0.2500],
        [0.2502, 0.2489, 0.2507, 0.2502],
        [0.2511, 0.2492, 0.2491, 0.2505]], device='cuda:0',
       grad_fn=<SoftmaxBackward0>)
tensor([[0.2496, 0.2473, 0.2544, 0.2486],
        [0.2467, 0.2493, 0.2516, 0.2523],
        [0.2467, 0.2498, 0.2518, 0.2516]], device='cuda:0',
       grad_fn=<SoftmaxBackward0>)
tensor([[0.2473, 0.2501, 0.2527, 0.2499],
        [0.2493, 0.2492, 0.2530, 0.2485],
        [0.2497, 0.2471, 0.2498, 0.2534]], device='cuda:0',
       grad_fn=<SoftmaxBackward0>)
tensor([[0.2438, 0.2454, 0.2622, 0.2486],
        [0.2448, 0.2431, 0.2626, 0.2495]], device='cuda:0',
       grad_fn=<SoftmaxBackward0>)
tensor([[0.2475, 0.2418, 0.2603, 0.2504],
        [0.2485, 0.2433, 0.2605, 0.2477],
        [0.2488, 0.2477, 0.2528, 0.2506]], device='cuda:0',
       grad_fn=<SoftmaxBackward0>)
tensor([[0.2495, 0.2465, 0.2626, 0.2414],
        [0.2480, 0.2451, 0.2539, 0.2530],
        [0.2450, 0.2439, 0.2548, 0.2563]], device='cuda:0',
       grad_fn=<SoftmaxBackward0>)
tensor([[0.2489, 0.2479, 0.2581, 0.2451],
        [0.2476, 0.2453, 0.2544, 0.2527],
        [0.2494, 0.2430, 0.2520, 0.2556]], device='cuda:0',
       grad_fn=<SoftmaxBackward0>)
tensor([[0.2447, 0.2490, 0.2595, 0.2469],
        [0.2492, 0.2451, 0.2555, 0.2501],
        [0.2471, 0.2443, 0.2520, 0.2566]], device='cuda:0',
       grad_fn=<SoftmaxBackward0>)
tensor([[0.2502, 0.2458, 0.2598, 0.2442],
        [0.2482, 0.2471, 0.2524, 0.2524],
        [0.2459, 0.2485, 0.2504, 0.2552]], device='cuda:0',
       grad_fn=<SoftmaxBackward0>)
tensor([[0.2475, 0.2557, 0.2592, 0.2376],
        [0.2440, 0.2497, 0.2516, 0.2548],
        [0.2446, 0.2472, 0.2501, 0.2581]], device='cuda:0',
       grad_fn=<SoftmaxBackward0>)
tensor([[0.2479, 0.2516, 0.2566, 0.2439],
        [0.2463, 0.2470, 0.2536, 0.2531],
        [0.2434, 0.2476, 0.2538, 0.2552]], device='cuda:0',
       grad_fn=<SoftmaxBackward0>)
tensor([[0.2519, 0.2495, 0.2550, 0.2436],
        [0.2473, 0.2524, 0.2511, 0.2492],
        [0.2462, 0.2501, 0.2462, 0.2575]], device='cuda:0',
       grad_fn=<SoftmaxBackward0>)
tensor([[0.2481, 0.2551, 0.2517, 0.2451],
        [0.2441, 0.2516, 0.2514, 0.2529],
        [0.2474, 0.2506, 0.2500, 0.2520]], device='cuda:0',
       grad_fn=<SoftmaxBackward0>)
#####################
11/13 05:20:19AM searchStage_trainer.py:265 [INFO] Train: Epoch: [2][100/390]	Step 882	lr 0.02491	Loss 4.0528 (3.9351)	Hard Loss 4.0528 (3.9351)	Soft Loss 4.0528 (3.9351)	Arch Loss 3.8522 (3.9454)	Arch Hard Loss 3.8522 (3.9454)	Arch Soft Loss 3.8522 (3.9454)	Arch depth Loss 0.0000 (0.0000)	Prec@(1,5) (7.9%, 27.0%)	
11/13 05:20:58AM searchStage_trainer.py:265 [INFO] Train: Epoch: [2][200/390]	Step 982	lr 0.02491	Loss 4.0989 (3.9394)	Hard Loss 4.0989 (3.9394)	Soft Loss 4.0989 (3.9394)	Arch Loss 3.9843 (3.9253)	Arch Hard Loss 3.9843 (3.9253)	Arch Soft Loss 3.9843 (3.9253)	Arch depth Loss 0.0000 (0.0000)	Prec@(1,5) (7.9%, 26.9%)	
11/13 05:21:37AM searchStage_trainer.py:265 [INFO] Train: Epoch: [2][300/390]	Step 1082	lr 0.02491	Loss 3.9481 (3.9145)	Hard Loss 3.9481 (3.9145)	Soft Loss 3.9481 (3.9145)	Arch Loss 4.0923 (3.9049)	Arch Hard Loss 4.0923 (3.9049)	Arch Soft Loss 4.0923 (3.9049)	Arch depth Loss 0.0000 (0.0000)	Prec@(1,5) (8.2%, 27.6%)	
11/13 05:22:12AM searchStage_trainer.py:265 [INFO] Train: Epoch: [2][390/390]	Step 1172	lr 0.02491	Loss 3.6170 (3.8972)	Hard Loss 3.6170 (3.8972)	Soft Loss 3.6170 (3.8972)	Arch Loss 3.9238 (3.8877)	Arch Hard Loss 3.9238 (3.8877)	Arch Soft Loss 3.9238 (3.8877)	Arch depth Loss 0.0000 (0.0000)	Prec@(1,5) (8.5%, 28.3%)	
11/13 05:22:13AM searchStage_trainer.py:281 [INFO] Train: [  2/49] Final Prec@1 8.4880%
11/13 05:22:19AM searchStage_trainer.py:309 [INFO] Valid: Epoch: [2][100/391]	Step 1173	Loss 3.8068	Prec@(1,5) (9.4%, 31.2%)
11/13 05:22:25AM searchStage_trainer.py:309 [INFO] Valid: Epoch: [2][200/391]	Step 1173	Loss 3.8041	Prec@(1,5) (9.7%, 31.4%)
11/13 05:22:31AM searchStage_trainer.py:309 [INFO] Valid: Epoch: [2][300/391]	Step 1173	Loss 3.8066	Prec@(1,5) (9.8%, 31.7%)
11/13 05:22:36AM searchStage_trainer.py:309 [INFO] Valid: Epoch: [2][390/391]	Step 1173	Loss 3.8093	Prec@(1,5) (9.7%, 31.5%)
11/13 05:22:36AM searchStage_trainer.py:320 [INFO] Valid: [  2/49] Final Prec@1 9.6920%
11/13 05:22:36AM trainer_runner.py:74 [INFO] DAG = Genotype2(DAG1=[[('avg_pool_3x3', 1), ('avg_pool_3x3', 0)], [('avg_pool_3x3', 0), ('avg_pool_3x3', 2)], [('skip_connect', 1), ('avg_pool_3x3', 3)], [('skip_connect', 2), ('max_pool_3x3', 3)], [('max_pool_3x3', 4), ('avg_pool_3x3', 3)], [('skip_connect', 4), ('max_pool_3x3', 5)], [('skip_connect', 5), ('avg_pool_3x3', 6)], [('avg_pool_3x3', 6), ('skip_connect', 8)], [('avg_pool_3x3', 9), ('skip_connect', 7)], [('avg_pool_3x3', 9), ('avg_pool_3x3', 10)]], DAG1_concat=range(10, 12), DAG2=[[('skip_connect', 0), ('skip_connect', 1)], [('skip_connect', 1), ('skip_connect', 0)], [('skip_connect', 1), ('skip_connect', 3)], [('skip_connect', 4), ('skip_connect', 2)], [('skip_connect', 5), ('skip_connect', 4)], [('skip_connect', 4), ('skip_connect', 6)], [('skip_connect', 5), ('skip_connect', 6)], [('skip_connect', 6), ('skip_connect', 7)], [('skip_connect', 8), ('skip_connect', 7)], [('skip_connect', 8), ('skip_connect', 9)]], DAG2_concat=range(10, 12), DAG3=[[('skip_connect', 0), ('skip_connect', 1)], [('skip_connect', 0), ('skip_connect', 1)], [('skip_connect', 1), ('skip_connect', 2)], [('skip_connect', 2), ('skip_connect', 3)], [('skip_connect', 3), ('skip_connect', 4)], [('skip_connect', 4), ('skip_connect', 5)], [('skip_connect', 5), ('avg_pool_3x3', 6)], [('skip_connect', 6), ('skip_connect', 8)], [('max_pool_3x3', 7), ('avg_pool_3x3', 8)], [('avg_pool_3x3', 8), ('avg_pool_3x3', 9)]], DAG3_concat=range(10, 12))
11/13 05:22:37AM trainer_runner.py:105 [INFO] Until now, best Prec@1 = 9.6920%
####### ALPHA #######
# Alpha - DAG
tensor([[0.2493, 0.2501, 0.2500, 0.2505],
        [0.2503, 0.2503, 0.2496, 0.2498]], device='cuda:0',
       grad_fn=<SoftmaxBackward0>)
tensor([[0.2498, 0.2509, 0.2504, 0.2489],
        [0.2500, 0.2498, 0.2494, 0.2508],
        [0.2487, 0.2508, 0.2497, 0.2508]], device='cuda:0',
       grad_fn=<SoftmaxBackward0>)
tensor([[0.2504, 0.2506, 0.2509, 0.2481],
        [0.2493, 0.2496, 0.2499, 0.2512],
        [0.2494, 0.2500, 0.2495, 0.2510]], device='cuda:0',
       grad_fn=<SoftmaxBackward0>)
tensor([[0.2491, 0.2497, 0.2512, 0.2501],
        [0.2503, 0.2496, 0.2496, 0.2504],
        [0.2502, 0.2502, 0.2497, 0.2499]], device='cuda:0',
       grad_fn=<SoftmaxBackward0>)
tensor([[0.2495, 0.2507, 0.2501, 0.2497],
        [0.2508, 0.2507, 0.2502, 0.2482],
        [0.2509, 0.2487, 0.2485, 0.2518]], device='cuda:0',
       grad_fn=<SoftmaxBackward0>)
tensor([[0.2501, 0.2502, 0.2525, 0.2473],
        [0.2500, 0.2487, 0.2491, 0.2522],
        [0.2483, 0.2498, 0.2502, 0.2517]], device='cuda:0',
       grad_fn=<SoftmaxBackward0>)
tensor([[0.2488, 0.2507, 0.2512, 0.2494],
        [0.2490, 0.2507, 0.2506, 0.2497],
        [0.2489, 0.2501, 0.2501, 0.2510]], device='cuda:0',
       grad_fn=<SoftmaxBackward0>)
tensor([[0.2490, 0.2515, 0.2510, 0.2485],
        [0.2494, 0.2488, 0.2505, 0.2513],
        [0.2498, 0.2493, 0.2511, 0.2498]], device='cuda:0',
       grad_fn=<SoftmaxBackward0>)
tensor([[0.2490, 0.2510, 0.2525, 0.2475],
        [0.2492, 0.2496, 0.2490, 0.2521],
        [0.2470, 0.2524, 0.2501, 0.2505]], device='cuda:0',
       grad_fn=<SoftmaxBackward0>)
tensor([[0.2497, 0.2491, 0.2500, 0.2511],
        [0.2495, 0.2515, 0.2504, 0.2485],
        [0.2492, 0.2509, 0.2494, 0.2504]], device='cuda:0',
       grad_fn=<SoftmaxBackward0>)
tensor([[0.2454, 0.2488, 0.2570, 0.2488],
        [0.2452, 0.2489, 0.2566, 0.2494]], device='cuda:0',
       grad_fn=<SoftmaxBackward0>)
tensor([[0.2435, 0.2493, 0.2575, 0.2497],
        [0.2445, 0.2477, 0.2577, 0.2501],
        [0.2458, 0.2525, 0.2529, 0.2488]], device='cuda:0',
       grad_fn=<SoftmaxBackward0>)
tensor([[0.2452, 0.2501, 0.2628, 0.2420],
        [0.2440, 0.2488, 0.2474, 0.2598],
        [0.2453, 0.2509, 0.2566, 0.2472]], device='cuda:0',
       grad_fn=<SoftmaxBackward0>)
tensor([[0.2490, 0.2468, 0.2568, 0.2473],
        [0.2456, 0.2469, 0.2499, 0.2576],
        [0.2455, 0.2484, 0.2578, 0.2483]], device='cuda:0',
       grad_fn=<SoftmaxBackward0>)
tensor([[0.2424, 0.2516, 0.2540, 0.2520],
        [0.2459, 0.2479, 0.2556, 0.2505],
        [0.2446, 0.2499, 0.2555, 0.2501]], device='cuda:0',
       grad_fn=<SoftmaxBackward0>)
tensor([[0.2473, 0.2467, 0.2572, 0.2488],
        [0.2433, 0.2476, 0.2551, 0.2541],
        [0.2457, 0.2489, 0.2547, 0.2506]], device='cuda:0',
       grad_fn=<SoftmaxBackward0>)
tensor([[0.2463, 0.2488, 0.2565, 0.2484],
        [0.2454, 0.2498, 0.2549, 0.2498],
        [0.2439, 0.2498, 0.2514, 0.2549]], device='cuda:0',
       grad_fn=<SoftmaxBackward0>)
tensor([[0.2474, 0.2501, 0.2564, 0.2461],
        [0.2467, 0.2493, 0.2517, 0.2524],
        [0.2481, 0.2503, 0.2484, 0.2532]], device='cuda:0',
       grad_fn=<SoftmaxBackward0>)
tensor([[0.2476, 0.2461, 0.2580, 0.2482],
        [0.2419, 0.2505, 0.2583, 0.2493],
        [0.2441, 0.2489, 0.2507, 0.2563]], device='cuda:0',
       grad_fn=<SoftmaxBackward0>)
tensor([[0.2451, 0.2489, 0.2593, 0.2467],
        [0.2480, 0.2475, 0.2551, 0.2494],
        [0.2461, 0.2483, 0.2490, 0.2566]], device='cuda:0',
       grad_fn=<SoftmaxBackward0>)
tensor([[0.2415, 0.2375, 0.2728, 0.2482],
        [0.2429, 0.2362, 0.2720, 0.2489]], device='cuda:0',
       grad_fn=<SoftmaxBackward0>)
tensor([[0.2471, 0.2353, 0.2670, 0.2505],
        [0.2482, 0.2358, 0.2668, 0.2492],
        [0.2512, 0.2475, 0.2523, 0.2490]], device='cuda:0',
       grad_fn=<SoftmaxBackward0>)
tensor([[0.2494, 0.2405, 0.2710, 0.2392],
        [0.2483, 0.2393, 0.2569, 0.2556],
        [0.2491, 0.2412, 0.2532, 0.2564]], device='cuda:0',
       grad_fn=<SoftmaxBackward0>)
tensor([[0.2517, 0.2410, 0.2625, 0.2448],
        [0.2489, 0.2420, 0.2564, 0.2527],
        [0.2525, 0.2388, 0.2522, 0.2565]], device='cuda:0',
       grad_fn=<SoftmaxBackward0>)
tensor([[0.2457, 0.2474, 0.2648, 0.2421],
        [0.2541, 0.2398, 0.2566, 0.2495],
        [0.2471, 0.2415, 0.2478, 0.2636]], device='cuda:0',
       grad_fn=<SoftmaxBackward0>)
tensor([[0.2543, 0.2406, 0.2680, 0.2371],
        [0.2495, 0.2437, 0.2527, 0.2541],
        [0.2467, 0.2445, 0.2461, 0.2627]], device='cuda:0',
       grad_fn=<SoftmaxBackward0>)
tensor([[0.2488, 0.2559, 0.2643, 0.2310],
        [0.2453, 0.2501, 0.2497, 0.2549],
        [0.2432, 0.2443, 0.2471, 0.2654]], device='cuda:0',
       grad_fn=<SoftmaxBackward0>)
tensor([[0.2513, 0.2514, 0.2612, 0.2360],
        [0.2478, 0.2423, 0.2509, 0.2590],
        [0.2426, 0.2433, 0.2552, 0.2589]], device='cuda:0',
       grad_fn=<SoftmaxBackward0>)
tensor([[0.2571, 0.2483, 0.2552, 0.2393],
        [0.2529, 0.2534, 0.2493, 0.2444],
        [0.2449, 0.2482, 0.2417, 0.2652]], device='cuda:0',
       grad_fn=<SoftmaxBackward0>)
tensor([[0.2541, 0.2588, 0.2500, 0.2371],
        [0.2459, 0.2515, 0.2458, 0.2568],
        [0.2486, 0.2490, 0.2472, 0.2552]], device='cuda:0',
       grad_fn=<SoftmaxBackward0>)
#####################
11/13 05:23:18AM searchStage_trainer.py:265 [INFO] Train: Epoch: [3][100/390]	Step 1273	lr 0.02479	Loss 3.5570 (3.7981)	Hard Loss 3.5570 (3.7981)	Soft Loss 3.5570 (3.7981)	Arch Loss 4.1575 (3.7899)	Arch Hard Loss 4.1575 (3.7899)	Arch Soft Loss 4.1575 (3.7899)	Arch depth Loss 0.0000 (0.0000)	Prec@(1,5) (10.2%, 32.0%)	
11/13 05:23:57AM searchStage_trainer.py:265 [INFO] Train: Epoch: [3][200/390]	Step 1373	lr 0.02479	Loss 3.7698 (3.7646)	Hard Loss 3.7698 (3.7646)	Soft Loss 3.7698 (3.7646)	Arch Loss 3.5993 (3.7705)	Arch Hard Loss 3.5993 (3.7705)	Arch Soft Loss 3.5993 (3.7705)	Arch depth Loss 0.0000 (0.0000)	Prec@(1,5) (10.9%, 33.0%)	
11/13 05:24:35AM searchStage_trainer.py:265 [INFO] Train: Epoch: [3][300/390]	Step 1473	lr 0.02479	Loss 3.8656 (3.7431)	Hard Loss 3.8656 (3.7431)	Soft Loss 3.8656 (3.7431)	Arch Loss 3.7100 (3.7540)	Arch Hard Loss 3.7100 (3.7540)	Arch Soft Loss 3.7100 (3.7540)	Arch depth Loss 0.0000 (0.0000)	Prec@(1,5) (11.3%, 33.4%)	
11/13 05:25:10AM searchStage_trainer.py:265 [INFO] Train: Epoch: [3][390/390]	Step 1563	lr 0.02479	Loss 3.7113 (3.7338)	Hard Loss 3.7113 (3.7338)	Soft Loss 3.7113 (3.7338)	Arch Loss 3.7536 (3.7341)	Arch Hard Loss 3.7536 (3.7341)	Arch Soft Loss 3.7536 (3.7341)	Arch depth Loss 0.0000 (0.0000)	Prec@(1,5) (11.6%, 33.7%)	
11/13 05:25:11AM searchStage_trainer.py:281 [INFO] Train: [  3/49] Final Prec@1 11.5560%
11/13 05:25:17AM searchStage_trainer.py:309 [INFO] Valid: Epoch: [3][100/391]	Step 1564	Loss 3.7238	Prec@(1,5) (11.4%, 34.1%)
11/13 05:25:23AM searchStage_trainer.py:309 [INFO] Valid: Epoch: [3][200/391]	Step 1564	Loss 3.7269	Prec@(1,5) (11.1%, 34.0%)
11/13 05:25:30AM searchStage_trainer.py:309 [INFO] Valid: Epoch: [3][300/391]	Step 1564	Loss 3.7195	Prec@(1,5) (11.3%, 34.2%)
11/13 05:25:35AM searchStage_trainer.py:309 [INFO] Valid: Epoch: [3][390/391]	Step 1564	Loss 3.7239	Prec@(1,5) (11.4%, 34.4%)
11/13 05:25:35AM searchStage_trainer.py:320 [INFO] Valid: [  3/49] Final Prec@1 11.3440%
11/13 05:25:35AM trainer_runner.py:74 [INFO] DAG = Genotype2(DAG1=[[('skip_connect', 0), ('max_pool_3x3', 1)], [('skip_connect', 0), ('avg_pool_3x3', 2)], [('skip_connect', 1), ('avg_pool_3x3', 3)], [('skip_connect', 2), ('max_pool_3x3', 4)], [('max_pool_3x3', 4), ('max_pool_3x3', 5)], [('skip_connect', 4), ('skip_connect', 6)], [('skip_connect', 5), ('skip_connect', 6)], [('skip_connect', 6), ('skip_connect', 8)], [('skip_connect', 7), ('skip_connect', 8)], [('skip_connect', 8), ('skip_connect', 9)]], DAG1_concat=range(10, 12), DAG2=[[('skip_connect', 1), ('skip_connect', 0)], [('skip_connect', 1), ('skip_connect', 0)], [('skip_connect', 1), ('skip_connect', 3)], [('skip_connect', 4), ('skip_connect', 2)], [('skip_connect', 4), ('skip_connect', 3)], [('skip_connect', 4), ('skip_connect', 5)], [('skip_connect', 5), ('skip_connect', 6)], [('skip_connect', 6), ('skip_connect', 7)], [('skip_connect', 7), ('skip_connect', 8)], [('skip_connect', 8), ('skip_connect', 9)]], DAG2_concat=range(10, 12), DAG3=[[('skip_connect', 1), ('skip_connect', 0)], [('skip_connect', 0), ('skip_connect', 1)], [('skip_connect', 1), ('skip_connect', 3)], [('skip_connect', 2), ('skip_connect', 3)], [('skip_connect', 3), ('skip_connect', 4)], [('skip_connect', 4), ('skip_connect', 5)], [('skip_connect', 5), ('skip_connect', 6)], [('skip_connect', 6), ('skip_connect', 7)], [('max_pool_3x3', 7), ('max_pool_3x3', 8)], [('avg_pool_3x3', 8), ('avg_pool_3x3', 9)]], DAG3_concat=range(10, 12))
11/13 05:25:36AM trainer_runner.py:105 [INFO] Until now, best Prec@1 = 11.3440%
####### ALPHA #######
# Alpha - DAG
tensor([[0.2491, 0.2499, 0.2505, 0.2505],
        [0.2503, 0.2500, 0.2499, 0.2499]], device='cuda:0',
       grad_fn=<SoftmaxBackward0>)
tensor([[0.2500, 0.2505, 0.2507, 0.2488],
        [0.2500, 0.2491, 0.2496, 0.2513],
        [0.2491, 0.2509, 0.2495, 0.2505]], device='cuda:0',
       grad_fn=<SoftmaxBackward0>)
tensor([[0.2513, 0.2509, 0.2524, 0.2454],
        [0.2495, 0.2481, 0.2496, 0.2529],
        [0.2484, 0.2497, 0.2496, 0.2522]], device='cuda:0',
       grad_fn=<SoftmaxBackward0>)
tensor([[0.2491, 0.2496, 0.2516, 0.2497],
        [0.2500, 0.2495, 0.2500, 0.2505],
        [0.2503, 0.2498, 0.2497, 0.2502]], device='cuda:0',
