08/27 11:42:34PM parser.py:28 [INFO] 
08/27 11:42:34PM parser.py:29 [INFO] Parameters:
08/27 11:42:34PM parser.py:31 [INFO] DAG_PATH=results/search_stage_KD/cifar100/noSWDL/s2-BaselineBestCell/DAG
08/27 11:42:34PM parser.py:31 [INFO] T=10.0
08/27 11:42:34PM parser.py:31 [INFO] ADVANCED=True
08/27 11:42:34PM parser.py:31 [INFO] ALPHA_LR=0.0003
08/27 11:42:34PM parser.py:31 [INFO] ALPHA_WEIGHT_DECAY=0.001
08/27 11:42:34PM parser.py:31 [INFO] BATCH_SIZE=64
08/27 11:42:34PM parser.py:31 [INFO] CASCADE=False
08/27 11:42:34PM parser.py:31 [INFO] CHECKPOINT_RESET=False
08/27 11:42:34PM parser.py:31 [INFO] CUTOUT_LENGTH=0
08/27 11:42:34PM parser.py:31 [INFO] DATA_PATH=../data/
08/27 11:42:34PM parser.py:31 [INFO] DATASET=cifar100
08/27 11:42:34PM parser.py:31 [INFO] DEPTH_COEF=0.0
08/27 11:42:34PM parser.py:31 [INFO] DESCRIPTION=search_architecture_on_noKD_without_depth_loss_with_large_slidewindoe
08/27 11:42:34PM parser.py:31 [INFO] EPOCHS=50
08/27 11:42:34PM parser.py:31 [INFO] EXP_NAME=s2-BaselineBestCell
08/27 11:42:34PM parser.py:31 [INFO] GENOTYPE=Genotype3(normal1=[[('sep_conv_5x5', 0), ('sep_conv_3x3', 1)], [('sep_conv_3x3', 1), ('sep_conv_3x3', 0)], [('sep_conv_3x3', 1), ('sep_conv_3x3', 2)], [('sep_conv_3x3', 0), ('sep_conv_5x5', 4)]], normal1_concat=range(2, 6), reduce1=[[('sep_conv_3x3', 0), ('skip_connect', 1)], [('sep_conv_3x3', 1), ('max_pool_3x3', 0)], [('sep_conv_3x3', 2), ('sep_conv_3x3', 1)], [('max_pool_3x3', 0), ('dil_conv_3x3', 1)]], reduce1_concat=range(2, 6), normal2=[[('skip_connect', 0), ('sep_conv_5x5', 1)], [('skip_connect', 0), ('skip_connect', 2)], [('avg_pool_3x3', 0), ('avg_pool_3x3', 2)], [('skip_connect', 0), ('avg_pool_3x3', 2)]], normal2_concat=range(2, 6), reduce2=[[('avg_pool_3x3', 0), ('avg_pool_3x3', 1)], [('avg_pool_3x3', 0), ('skip_connect', 2)], [('skip_connect', 2), ('avg_pool_3x3', 0)], [('skip_connect', 2), ('avg_pool_3x3', 0)]], reduce2_concat=range(2, 6), normal3=[[('skip_connect', 0), ('skip_connect', 1)], [('skip_connect', 0), ('dil_conv_3x3', 1)], [('skip_connect', 0), ('skip_connect', 1)], [('skip_connect', 0), ('skip_connect', 2)]], normal3_concat=range(2, 6))
08/27 11:42:34PM parser.py:31 [INFO] GPUS=[0]
08/27 11:42:34PM parser.py:31 [INFO] INIT_CHANNELS=16
08/27 11:42:34PM parser.py:31 [INFO] L=0.5
08/27 11:42:34PM parser.py:31 [INFO] LAYERS=20
08/27 11:42:34PM parser.py:31 [INFO] LOGGER=<Logger H-DAS (INFO)>
08/27 11:42:34PM parser.py:31 [INFO] NAME=noSWDL
08/27 11:42:34PM parser.py:31 [INFO] NONKD=True
08/27 11:42:34PM parser.py:31 [INFO] PATH=results/search_stage_KD/cifar100/noSWDL/s2-BaselineBestCell
08/27 11:42:34PM parser.py:31 [INFO] PCDARTS=False
08/27 11:42:34PM parser.py:31 [INFO] PLOT_PATH=results/search_stage_KD/cifar100/noSWDL/s2-BaselineBestCell/plots
08/27 11:42:34PM parser.py:31 [INFO] PRINT_FREQ=50
08/27 11:42:34PM parser.py:31 [INFO] RESUME_PATH=None
08/27 11:42:34PM parser.py:31 [INFO] SAVE=s2-BaselineBestCell
08/27 11:42:34PM parser.py:31 [INFO] SEED=2
08/27 11:42:34PM parser.py:31 [INFO] SHARE_STAGE=False
08/27 11:42:34PM parser.py:31 [INFO] SLIDE_WINDOW=8
08/27 11:42:34PM parser.py:31 [INFO] SPEC_CELL=True
08/27 11:42:34PM parser.py:31 [INFO] TEACHER_NAME=non
08/27 11:42:34PM parser.py:31 [INFO] TEACHER_PATH=non
08/27 11:42:34PM parser.py:31 [INFO] TRAIN_PORTION=0.5
08/27 11:42:34PM parser.py:31 [INFO] W_GRAD_CLIP=5.0
08/27 11:42:34PM parser.py:31 [INFO] W_LR=0.025
08/27 11:42:34PM parser.py:31 [INFO] W_LR_MIN=0.001
08/27 11:42:34PM parser.py:31 [INFO] W_MOMENTUM=0.9
08/27 11:42:34PM parser.py:31 [INFO] W_WEIGHT_DECAY=0.0003
08/27 11:42:34PM parser.py:31 [INFO] WORKERS=4
08/27 11:42:34PM parser.py:32 [INFO] 
08/27 11:42:52PM searchStage_trainer.py:137 [INFO] --> No loaded checkpoint!
####### ALPHA #######
# Alpha - DAG
tensor([[0.2502, 0.2500, 0.2500, 0.2498],
        [0.2502, 0.2497, 0.2500, 0.2500]], device='cuda:0',
       grad_fn=<SoftmaxBackward0>)
tensor([[0.2499, 0.2497, 0.2503, 0.2501],
        [0.2499, 0.2499, 0.2502, 0.2500],
        [0.2502, 0.2499, 0.2500, 0.2499]], device='cuda:0',
       grad_fn=<SoftmaxBackward0>)
tensor([[0.2498, 0.2499, 0.2501, 0.2502],
        [0.2503, 0.2502, 0.2498, 0.2498],
        [0.2501, 0.2502, 0.2498, 0.2499],
        [0.2498, 0.2497, 0.2504, 0.2501]], device='cuda:0',
       grad_fn=<SoftmaxBackward0>)
tensor([[0.2502, 0.2495, 0.2498, 0.2506],
        [0.2500, 0.2501, 0.2498, 0.2501],
        [0.2501, 0.2499, 0.2499, 0.2501],
        [0.2498, 0.2501, 0.2502, 0.2499],
        [0.2503, 0.2500, 0.2497, 0.2500]], device='cuda:0',
       grad_fn=<SoftmaxBackward0>)
tensor([[0.2498, 0.2498, 0.2505, 0.2499],
        [0.2500, 0.2499, 0.2500, 0.2501],
        [0.2500, 0.2502, 0.2497, 0.2501],
        [0.2503, 0.2502, 0.2499, 0.2496],
        [0.2497, 0.2504, 0.2502, 0.2496],
        [0.2501, 0.2502, 0.2501, 0.2496]], device='cuda:0',
       grad_fn=<SoftmaxBackward0>)
tensor([[0.2501, 0.2499, 0.2501, 0.2499],
        [0.2495, 0.2499, 0.2506, 0.2500],
        [0.2502, 0.2502, 0.2498, 0.2498],
        [0.2499, 0.2503, 0.2500, 0.2499],
        [0.2502, 0.2497, 0.2503, 0.2498],
        [0.2500, 0.2501, 0.2501, 0.2498],
        [0.2497, 0.2502, 0.2500, 0.2500]], device='cuda:0',
       grad_fn=<SoftmaxBackward0>)
tensor([[0.2496, 0.2502, 0.2500, 0.2502],
        [0.2500, 0.2503, 0.2497, 0.2499]], device='cuda:0',
       grad_fn=<SoftmaxBackward0>)
tensor([[0.2497, 0.2498, 0.2502, 0.2503],
        [0.2499, 0.2503, 0.2498, 0.2500],
        [0.2497, 0.2501, 0.2501, 0.2501]], device='cuda:0',
       grad_fn=<SoftmaxBackward0>)
tensor([[0.2496, 0.2499, 0.2499, 0.2506],
        [0.2503, 0.2503, 0.2496, 0.2499],
        [0.2500, 0.2501, 0.2502, 0.2496],
        [0.2498, 0.2503, 0.2501, 0.2498]], device='cuda:0',
       grad_fn=<SoftmaxBackward0>)
tensor([[0.2499, 0.2498, 0.2501, 0.2502],
        [0.2497, 0.2500, 0.2499, 0.2504],
        [0.2501, 0.2495, 0.2502, 0.2502],
        [0.2502, 0.2501, 0.2499, 0.2498],
        [0.2500, 0.2496, 0.2503, 0.2502]], device='cuda:0',
       grad_fn=<SoftmaxBackward0>)
tensor([[0.2499, 0.2499, 0.2499, 0.2503],
        [0.2500, 0.2498, 0.2500, 0.2502],
        [0.2497, 0.2501, 0.2504, 0.2499],
        [0.2495, 0.2503, 0.2501, 0.2501],
        [0.2503, 0.2503, 0.2493, 0.2502],
        [0.2501, 0.2499, 0.2499, 0.2502]], device='cuda:0',
       grad_fn=<SoftmaxBackward0>)
tensor([[0.2501, 0.2501, 0.2498, 0.2500],
        [0.2500, 0.2502, 0.2500, 0.2498],
        [0.2502, 0.2504, 0.2496, 0.2499],
        [0.2502, 0.2499, 0.2503, 0.2496],
        [0.2501, 0.2501, 0.2501, 0.2496],
        [0.2496, 0.2502, 0.2503, 0.2500],
        [0.2504, 0.2497, 0.2502, 0.2497]], device='cuda:0',
       grad_fn=<SoftmaxBackward0>)
tensor([[0.2499, 0.2502, 0.2501, 0.2499],
        [0.2502, 0.2501, 0.2499, 0.2498]], device='cuda:0',
       grad_fn=<SoftmaxBackward0>)
tensor([[0.2502, 0.2500, 0.2496, 0.2502],
        [0.2498, 0.2502, 0.2500, 0.2499],
        [0.2500, 0.2499, 0.2499, 0.2502]], device='cuda:0',
       grad_fn=<SoftmaxBackward0>)
tensor([[0.2502, 0.2501, 0.2495, 0.2503],
        [0.2501, 0.2498, 0.2499, 0.2502],
        [0.2502, 0.2498, 0.2499, 0.2501],
        [0.2501, 0.2492, 0.2505, 0.2502]], device='cuda:0',
       grad_fn=<SoftmaxBackward0>)
tensor([[0.2496, 0.2502, 0.2502, 0.2500],
        [0.2496, 0.2503, 0.2498, 0.2503],
        [0.2500, 0.2498, 0.2500, 0.2502],
        [0.2497, 0.2502, 0.2500, 0.2500],
        [0.2505, 0.2502, 0.2498, 0.2495]], device='cuda:0',
       grad_fn=<SoftmaxBackward0>)
tensor([[0.2502, 0.2500, 0.2499, 0.2499],
        [0.2499, 0.2498, 0.2500, 0.2503],
        [0.2503, 0.2498, 0.2502, 0.2497],
        [0.2496, 0.2502, 0.2499, 0.2503],
        [0.2501, 0.2502, 0.2499, 0.2498],
        [0.2501, 0.2501, 0.2499, 0.2499]], device='cuda:0',
       grad_fn=<SoftmaxBackward0>)
tensor([[0.2498, 0.2500, 0.2502, 0.2500],
        [0.2498, 0.2504, 0.2500, 0.2499],
        [0.2498, 0.2501, 0.2500, 0.2501],
        [0.2498, 0.2501, 0.2499, 0.2501],
        [0.2498, 0.2498, 0.2503, 0.2501],
        [0.2505, 0.2497, 0.2500, 0.2498],
        [0.2505, 0.2494, 0.2501, 0.2499]], device='cuda:0',
       grad_fn=<SoftmaxBackward0>)
#####################
08/27 11:43:09PM searchStage_trainer.py:268 [INFO] Train: Epoch: [0][50/390]	Step 50	lr 0.025	Loss 4.5546 (4.7071)	Hard Loss 4.5546 (4.7071)	Soft Loss 4.5546 (4.7071)	Arch Loss 4.5180 (4.6736)	Arch Hard Loss 4.5180 (4.6736)	Arch Soft Loss 4.5180 (4.6736)	Arch depth Loss 0.0000 (0.0000)	Prec@(1,5) (2.1%, 9.2%)	
08/27 11:43:24PM searchStage_trainer.py:268 [INFO] Train: Epoch: [0][100/390]	Step 100	lr 0.025	Loss 4.2232 (4.5631)	Hard Loss 4.2232 (4.5631)	Soft Loss 4.2232 (4.5631)	Arch Loss 4.2484 (4.5566)	Arch Hard Loss 4.2484 (4.5566)	Arch Soft Loss 4.2484 (4.5566)	Arch depth Loss 0.0000 (0.0000)	Prec@(1,5) (2.9%, 12.1%)	
08/27 11:43:38PM searchStage_trainer.py:268 [INFO] Train: Epoch: [0][150/390]	Step 150	lr 0.025	Loss 4.1659 (4.4420)	Hard Loss 4.1659 (4.4420)	Soft Loss 4.1659 (4.4420)	Arch Loss 4.1858 (4.4269)	Arch Hard Loss 4.1858 (4.4269)	Arch Soft Loss 4.1858 (4.4269)	Arch depth Loss 0.0000 (0.0000)	Prec@(1,5) (3.5%, 14.5%)	
08/27 11:43:53PM searchStage_trainer.py:268 [INFO] Train: Epoch: [0][200/390]	Step 200	lr 0.025	Loss 3.9851 (4.3513)	Hard Loss 3.9851 (4.3513)	Soft Loss 3.9851 (4.3513)	Arch Loss 4.1899 (4.3336)	Arch Hard Loss 4.1899 (4.3336)	Arch Soft Loss 4.1899 (4.3336)	Arch depth Loss 0.0000 (0.0000)	Prec@(1,5) (4.2%, 16.6%)	
08/27 11:44:07PM searchStage_trainer.py:268 [INFO] Train: Epoch: [0][250/390]	Step 250	lr 0.025	Loss 4.1690 (4.2802)	Hard Loss 4.1690 (4.2802)	Soft Loss 4.1690 (4.2802)	Arch Loss 3.8859 (4.2638)	Arch Hard Loss 3.8859 (4.2638)	Arch Soft Loss 3.8859 (4.2638)	Arch depth Loss 0.0000 (0.0000)	Prec@(1,5) (4.7%, 18.6%)	
08/27 11:44:22PM searchStage_trainer.py:268 [INFO] Train: Epoch: [0][300/390]	Step 300	lr 0.025	Loss 3.8280 (4.2233)	Hard Loss 3.8280 (4.2233)	Soft Loss 3.8280 (4.2233)	Arch Loss 4.0234 (4.2110)	Arch Hard Loss 4.0234 (4.2110)	Arch Soft Loss 4.0234 (4.2110)	Arch depth Loss 0.0000 (0.0000)	Prec@(1,5) (5.2%, 20.1%)	
08/27 11:44:37PM searchStage_trainer.py:268 [INFO] Train: Epoch: [0][350/390]	Step 350	lr 0.025	Loss 3.8150 (4.1795)	Hard Loss 3.8150 (4.1795)	Soft Loss 3.8150 (4.1795)	Arch Loss 3.5615 (4.1671)	Arch Hard Loss 3.5615 (4.1671)	Arch Soft Loss 3.5615 (4.1671)	Arch depth Loss 0.0000 (0.0000)	Prec@(1,5) (5.8%, 21.4%)	
08/27 11:44:48PM searchStage_trainer.py:268 [INFO] Train: Epoch: [0][390/390]	Step 390	lr 0.025	Loss 3.6351 (4.1451)	Hard Loss 3.6351 (4.1451)	Soft Loss 3.6351 (4.1451)	Arch Loss 4.0262 (4.1339)	Arch Hard Loss 4.0262 (4.1339)	Arch Soft Loss 4.0262 (4.1339)	Arch depth Loss 0.0000 (0.0000)	Prec@(1,5) (6.2%, 22.1%)	
08/27 11:44:49PM searchStage_trainer.py:284 [INFO] Train: [  0/49] Final Prec@1 6.1720%
08/27 11:44:52PM searchStage_trainer.py:312 [INFO] Valid: Epoch: [0][50/391]	Step 391	Loss 3.8071	Prec@(1,5) (10.7%, 31.7%)
08/27 11:44:54PM searchStage_trainer.py:312 [INFO] Valid: Epoch: [0][100/391]	Step 391	Loss 3.7953	Prec@(1,5) (10.7%, 32.0%)
08/27 11:44:57PM searchStage_trainer.py:312 [INFO] Valid: Epoch: [0][150/391]	Step 391	Loss 3.7880	Prec@(1,5) (10.8%, 32.1%)
08/27 11:44:59PM searchStage_trainer.py:312 [INFO] Valid: Epoch: [0][200/391]	Step 391	Loss 3.7809	Prec@(1,5) (10.9%, 32.4%)
08/27 11:45:01PM searchStage_trainer.py:312 [INFO] Valid: Epoch: [0][250/391]	Step 391	Loss 3.7905	Prec@(1,5) (10.6%, 32.2%)
08/27 11:45:04PM searchStage_trainer.py:312 [INFO] Valid: Epoch: [0][300/391]	Step 391	Loss 3.7885	Prec@(1,5) (10.9%, 32.2%)
08/27 11:45:06PM searchStage_trainer.py:312 [INFO] Valid: Epoch: [0][350/391]	Step 391	Loss 3.7908	Prec@(1,5) (10.8%, 32.1%)
08/27 11:45:07PM searchStage_trainer.py:312 [INFO] Valid: Epoch: [0][390/391]	Step 391	Loss 3.7924	Prec@(1,5) (10.9%, 32.1%)
08/27 11:45:08PM searchStage_trainer.py:323 [INFO] Valid: [  0/49] Final Prec@1 10.8800%
08/27 11:45:08PM searchStage_KD_main.py:58 [INFO] DAG = Genotype2(DAG1=[[('skip_connect', 0), ('skip_connect', 1)], [('max_pool_3x3', 0), ('avg_pool_3x3', 2)], [('skip_connect', 0), ('skip_connect', 1)], [('skip_connect', 0), ('max_pool_3x3', 1)], [('skip_connect', 1), ('skip_connect', 0)], [('max_pool_3x3', 0), ('max_pool_3x3', 1)]], DAG1_concat=range(6, 8), DAG2=[[('skip_connect', 0), ('skip_connect', 1)], [('max_pool_3x3', 0), ('avg_pool_3x3', 2)], [('skip_connect', 0), ('skip_connect', 1)], [('max_pool_3x3', 0), ('skip_connect', 3)], [('max_pool_3x3', 1), ('max_pool_3x3', 0)], [('max_pool_3x3', 1), ('skip_connect', 0)]], DAG2_concat=range(6, 8), DAG3=[[('skip_connect', 0), ('skip_connect', 1)], [('skip_connect', 1), ('skip_connect', 0)], [('skip_connect', 0), ('skip_connect', 1)], [('skip_connect', 1), ('skip_connect', 0)], [('max_pool_3x3', 0), ('max_pool_3x3', 1)], [('skip_connect', 1), ('skip_connect', 0)]], DAG3_concat=range(6, 8))
08/27 11:45:08PM searchStage_KD_main.py:89 [INFO] Until now, best Prec@1 = 10.8800%
####### ALPHA #######
# Alpha - DAG
tensor([[0.2500, 0.2486, 0.2521, 0.2493],
        [0.2497, 0.2483, 0.2512, 0.2508]], device='cuda:0',
       grad_fn=<SoftmaxBackward0>)
tensor([[0.2508, 0.2484, 0.2502, 0.2506],
        [0.2506, 0.2485, 0.2507, 0.2503],
        [0.2500, 0.2505, 0.2502, 0.2493]], device='cuda:0',
       grad_fn=<SoftmaxBackward0>)
tensor([[0.2492, 0.2496, 0.2525, 0.2487],
        [0.2485, 0.2495, 0.2518, 0.2501],
        [0.2495, 0.2497, 0.2507, 0.2502],
        [0.2495, 0.2492, 0.2502, 0.2511]], device='cuda:0',
       grad_fn=<SoftmaxBackward0>)
tensor([[0.2520, 0.2491, 0.2520, 0.2469],
        [0.2523, 0.2479, 0.2517, 0.2482],
        [0.2509, 0.2492, 0.2505, 0.2493],
        [0.2497, 0.2490, 0.2490, 0.2523],
        [0.2503, 0.2483, 0.2488, 0.2525]], device='cuda:0',
       grad_fn=<SoftmaxBackward0>)
tensor([[0.2523, 0.2459, 0.2539, 0.2479],
        [0.2523, 0.2466, 0.2539, 0.2473],
        [0.2497, 0.2479, 0.2504, 0.2520],
        [0.2502, 0.2496, 0.2519, 0.2483],
        [0.2503, 0.2485, 0.2488, 0.2524],
        [0.2480, 0.2504, 0.2512, 0.2504]], device='cuda:0',
       grad_fn=<SoftmaxBackward0>)
tensor([[0.2580, 0.2438, 0.2498, 0.2484],
        [0.2552, 0.2443, 0.2502, 0.2503],
        [0.2542, 0.2452, 0.2485, 0.2521],
        [0.2514, 0.2480, 0.2492, 0.2514],
        [0.2518, 0.2464, 0.2498, 0.2520],
        [0.2518, 0.2472, 0.2527, 0.2482],
        [0.2530, 0.2471, 0.2513, 0.2487]], device='cuda:0',
       grad_fn=<SoftmaxBackward0>)
tensor([[0.2514, 0.2459, 0.2530, 0.2497],
        [0.2514, 0.2461, 0.2526, 0.2498]], device='cuda:0',
       grad_fn=<SoftmaxBackward0>)
tensor([[0.2521, 0.2468, 0.2508, 0.2503],
        [0.2509, 0.2470, 0.2503, 0.2518],
        [0.2488, 0.2517, 0.2512, 0.2484]], device='cuda:0',
       grad_fn=<SoftmaxBackward0>)
tensor([[0.2508, 0.2489, 0.2535, 0.2468],
        [0.2500, 0.2490, 0.2527, 0.2483],
        [0.2470, 0.2510, 0.2508, 0.2513],
        [0.2472, 0.2507, 0.2499, 0.2523]], device='cuda:0',
       grad_fn=<SoftmaxBackward0>)
tensor([[0.2528, 0.2479, 0.2490, 0.2503],
        [0.2511, 0.2492, 0.2510, 0.2487],
        [0.2494, 0.2496, 0.2515, 0.2495],
        [0.2485, 0.2496, 0.2523, 0.2496],
        [0.2469, 0.2505, 0.2498, 0.2529]], device='cuda:0',
       grad_fn=<SoftmaxBackward0>)
tensor([[0.2530, 0.2506, 0.2520, 0.2444],
        [0.2539, 0.2475, 0.2513, 0.2473],
        [0.2493, 0.2487, 0.2505, 0.2514],
        [0.2485, 0.2500, 0.2515, 0.2500],
        [0.2503, 0.2494, 0.2469, 0.2534],
        [0.2474, 0.2509, 0.2495, 0.2522]], device='cuda:0',
       grad_fn=<SoftmaxBackward0>)
tensor([[0.2502, 0.2517, 0.2522, 0.2459],
        [0.2530, 0.2512, 0.2530, 0.2428],
        [0.2486, 0.2503, 0.2521, 0.2490],
        [0.2482, 0.2521, 0.2506, 0.2491],
        [0.2474, 0.2489, 0.2474, 0.2563],
        [0.2439, 0.2522, 0.2501, 0.2538],
        [0.2466, 0.2528, 0.2507, 0.2499]], device='cuda:0',
       grad_fn=<SoftmaxBackward0>)
tensor([[0.2489, 0.2430, 0.2586, 0.2495],
        [0.2510, 0.2413, 0.2582, 0.2495]], device='cuda:0',
       grad_fn=<SoftmaxBackward0>)
tensor([[0.2495, 0.2465, 0.2540, 0.2500],
        [0.2490, 0.2478, 0.2571, 0.2460],
        [0.2486, 0.2469, 0.2507, 0.2538]], device='cuda:0',
       grad_fn=<SoftmaxBackward0>)
tensor([[0.2508, 0.2483, 0.2544, 0.2466],
        [0.2514, 0.2456, 0.2538, 0.2492],
        [0.2483, 0.2478, 0.2500, 0.2539],
        [0.2506, 0.2504, 0.2488, 0.2502]], device='cuda:0',
       grad_fn=<SoftmaxBackward0>)
tensor([[0.2517, 0.2483, 0.2525, 0.2474],
        [0.2496, 0.2465, 0.2536, 0.2503],
        [0.2495, 0.2466, 0.2518, 0.2521],
        [0.2477, 0.2484, 0.2514, 0.2525],
        [0.2476, 0.2516, 0.2525, 0.2483]], device='cuda:0',
       grad_fn=<SoftmaxBackward0>)
tensor([[0.2567, 0.2475, 0.2516, 0.2443],
        [0.2550, 0.2469, 0.2540, 0.2441],
        [0.2527, 0.2462, 0.2494, 0.2516],
        [0.2485, 0.2489, 0.2487, 0.2540],
        [0.2492, 0.2497, 0.2494, 0.2517],
        [0.2493, 0.2482, 0.2494, 0.2531]], device='cuda:0',
       grad_fn=<SoftmaxBackward0>)
tensor([[0.2530, 0.2507, 0.2537, 0.2426],
        [0.2531, 0.2527, 0.2548, 0.2393],
        [0.2481, 0.2487, 0.2492, 0.2539],
        [0.2465, 0.2505, 0.2483, 0.2547],
        [0.2468, 0.2502, 0.2516, 0.2514],
        [0.2471, 0.2491, 0.2489, 0.2548],
        [0.2472, 0.2506, 0.2511, 0.2510]], device='cuda:0',
       grad_fn=<SoftmaxBackward0>)
#####################
08/27 11:45:24午後 searchStage_trainer.py:268 [INFO] Train: Epoch: [1][50/390]	Step 441	lr 0.02498	Loss 3.6845 (3.8198)	Hard Loss 3.6845 (3.8198)	Soft Loss 3.6845 (3.8198)	Arch Loss 3.9126 (3.7905)	Arch Hard Loss 3.9126 (3.7905)	Arch Soft Loss 3.9126 (3.7905)	Arch depth Loss -0.0000 (0.0000)	Prec@(1,5) (9.2%, 31.0%)	
08/27 11:45:39午後 searchStage_trainer.py:268 [INFO] Train: Epoch: [1][100/390]	Step 491	lr 0.02498	Loss 3.4999 (3.7869)	Hard Loss 3.4999 (3.7869)	Soft Loss 3.4999 (3.7869)	Arch Loss 3.8335 (3.7878)	Arch Hard Loss 3.8335 (3.7878)	Arch Soft Loss 3.8335 (3.7878)	Arch depth Loss -0.0000 (0.0000)	Prec@(1,5) (10.5%, 32.0%)	
08/27 11:45:54午後 searchStage_trainer.py:268 [INFO] Train: Epoch: [1][150/390]	Step 541	lr 0.02498	Loss 3.9202 (3.7729)	Hard Loss 3.9202 (3.7729)	Soft Loss 3.9202 (3.7729)	Arch Loss 3.9155 (3.7597)	Arch Hard Loss 3.9155 (3.7597)	Arch Soft Loss 3.9155 (3.7597)	Arch depth Loss -0.0000 (0.0000)	Prec@(1,5) (11.0%, 33.0%)	
08/27 11:46:09午後 searchStage_trainer.py:268 [INFO] Train: Epoch: [1][200/390]	Step 591	lr 0.02498	Loss 3.5960 (3.7524)	Hard Loss 3.5960 (3.7524)	Soft Loss 3.5960 (3.7524)	Arch Loss 3.8008 (3.7457)	Arch Hard Loss 3.8008 (3.7457)	Arch Soft Loss 3.8008 (3.7457)	Arch depth Loss -0.0000 (0.0000)	Prec@(1,5) (11.3%, 33.6%)	
08/27 11:46:24午後 searchStage_trainer.py:268 [INFO] Train: Epoch: [1][250/390]	Step 641	lr 0.02498	Loss 3.7430 (3.7285)	Hard Loss 3.7430 (3.7285)	Soft Loss 3.7430 (3.7285)	Arch Loss 3.5054 (3.7259)	Arch Hard Loss 3.5054 (3.7259)	Arch Soft Loss 3.5054 (3.7259)	Arch depth Loss -0.0000 (0.0000)	Prec@(1,5) (11.7%, 34.3%)	
08/27 11:46:38午後 searchStage_trainer.py:268 [INFO] Train: Epoch: [1][300/390]	Step 691	lr 0.02498	Loss 3.7861 (3.7130)	Hard Loss 3.7861 (3.7130)	Soft Loss 3.7861 (3.7130)	Arch Loss 3.4507 (3.7012)	Arch Hard Loss 3.4507 (3.7012)	Arch Soft Loss 3.4507 (3.7012)	Arch depth Loss -0.0000 (0.0000)	Prec@(1,5) (12.1%, 34.9%)	
08/27 11:46:53午後 searchStage_trainer.py:268 [INFO] Train: Epoch: [1][350/390]	Step 741	lr 0.02498	Loss 3.9082 (3.6948)	Hard Loss 3.9082 (3.6948)	Soft Loss 3.9082 (3.6948)	Arch Loss 3.6093 (3.6762)	Arch Hard Loss 3.6093 (3.6762)	Arch Soft Loss 3.6093 (3.6762)	Arch depth Loss -0.0000 (0.0000)	Prec@(1,5) (12.3%, 35.6%)	
08/27 11:47:05午後 searchStage_trainer.py:268 [INFO] Train: Epoch: [1][390/390]	Step 781	lr 0.02498	Loss 3.2373 (3.6796)	Hard Loss 3.2373 (3.6796)	Soft Loss 3.2373 (3.6796)	Arch Loss 3.4404 (3.6600)	Arch Hard Loss 3.4404 (3.6600)	Arch Soft Loss 3.4404 (3.6600)	Arch depth Loss -0.0000 (0.0000)	Prec@(1,5) (12.5%, 36.1%)	
08/27 11:47:06午後 searchStage_trainer.py:284 [INFO] Train: [  1/49] Final Prec@1 12.5080%
08/27 11:47:08午後 searchStage_trainer.py:312 [INFO] Valid: Epoch: [1][50/391]	Step 782	Loss 3.5847	Prec@(1,5) (13.5%, 38.0%)
08/27 11:47:10午後 searchStage_trainer.py:312 [INFO] Valid: Epoch: [1][100/391]	Step 782	Loss 3.6064	Prec@(1,5) (13.5%, 38.5%)
08/27 11:47:13午後 searchStage_trainer.py:312 [INFO] Valid: Epoch: [1][150/391]	Step 782	Loss 3.5958	Prec@(1,5) (13.7%, 38.7%)
08/27 11:47:15午後 searchStage_trainer.py:312 [INFO] Valid: Epoch: [1][200/391]	Step 782	Loss 3.5970	Prec@(1,5) (13.5%, 38.6%)
08/27 11:47:17午後 searchStage_trainer.py:312 [INFO] Valid: Epoch: [1][250/391]	Step 782	Loss 3.5961	Prec@(1,5) (13.6%, 38.6%)
08/27 11:47:20午後 searchStage_trainer.py:312 [INFO] Valid: Epoch: [1][300/391]	Step 782	Loss 3.6011	Prec@(1,5) (13.6%, 38.5%)
08/27 11:47:22午後 searchStage_trainer.py:312 [INFO] Valid: Epoch: [1][350/391]	Step 782	Loss 3.6059	Prec@(1,5) (13.4%, 38.4%)
08/27 11:47:24午後 searchStage_trainer.py:312 [INFO] Valid: Epoch: [1][390/391]	Step 782	Loss 3.6032	Prec@(1,5) (13.5%, 38.4%)
08/27 11:47:24午後 searchStage_trainer.py:323 [INFO] Valid: [  1/49] Final Prec@1 13.5040%
08/27 11:47:24午後 searchStage_KD_main.py:58 [INFO] DAG = Genotype2(DAG1=[[('skip_connect', 0), ('skip_connect', 1)], [('skip_connect', 0), ('skip_connect', 1)], [('skip_connect', 0), ('skip_connect', 1)], [('skip_connect', 0), ('skip_connect', 1)], [('skip_connect', 0), ('skip_connect', 1)], [('max_pool_3x3', 0), ('max_pool_3x3', 1)]], DAG1_concat=range(6, 8), DAG2=[[('skip_connect', 1), ('skip_connect', 0)], [('skip_connect', 0), ('skip_connect', 1)], [('skip_connect', 0), ('skip_connect', 1)], [('skip_connect', 1), ('skip_connect', 0)], [('max_pool_3x3', 1), ('max_pool_3x3', 0)], [('skip_connect', 1), ('avg_pool_3x3', 0)]], DAG2_concat=range(6, 8), DAG3=[[('skip_connect', 0), ('skip_connect', 1)], [('max_pool_3x3', 0), ('skip_connect', 1)], [('skip_connect', 1), ('skip_connect', 0)], [('max_pool_3x3', 0), ('max_pool_3x3', 1)], [('max_pool_3x3', 0), ('max_pool_3x3', 1)], [('max_pool_3x3', 0), ('max_pool_3x3', 1)]], DAG3_concat=range(6, 8))
08/27 11:47:24午後 searchStage_KD_main.py:89 [INFO] Until now, best Prec@1 = 13.5040%
####### ALPHA #######
# Alpha - DAG
tensor([[0.2474, 0.2459, 0.2574, 0.2493],
        [0.2467, 0.2459, 0.2562, 0.2513]], device='cuda:0',
       grad_fn=<SoftmaxBackward0>)
tensor([[0.2486, 0.2448, 0.2555, 0.2512],
        [0.2497, 0.2452, 0.2545, 0.2506],
        [0.2497, 0.2494, 0.2522, 0.2487]], device='cuda:0',
       grad_fn=<SoftmaxBackward0>)
tensor([[0.2496, 0.2483, 0.2567, 0.2453],
        [0.2474, 0.2467, 0.2553, 0.2507],
        [0.2485, 0.2490, 0.2515, 0.2510],
        [0.2488, 0.2487, 0.2498, 0.2527]], device='cuda:0',
       grad_fn=<SoftmaxBackward0>)
tensor([[0.2546, 0.2469, 0.2552, 0.2433],
        [0.2535, 0.2449, 0.2553, 0.2462],
        [0.2528, 0.2456, 0.2468, 0.2549],
        [0.2516, 0.2466, 0.2494, 0.2523],
        [0.2496, 0.2486, 0.2494, 0.2524]], device='cuda:0',
       grad_fn=<SoftmaxBackward0>)
tensor([[0.2552, 0.2447, 0.2677, 0.2324],
        [0.2562, 0.2435, 0.2659, 0.2344],
        [0.2480, 0.2435, 0.2493, 0.2592],
        [0.2482, 0.2445, 0.2509, 0.2564],
        [0.2473, 0.2445, 0.2461, 0.2621],
        [0.2473, 0.2471, 0.2513, 0.2544]], device='cuda:0',
       grad_fn=<SoftmaxBackward0>)
tensor([[0.2648, 0.2369, 0.2551, 0.2432],
        [0.2635, 0.2369, 0.2539, 0.2457],
        [0.2589, 0.2410, 0.2455, 0.2547],
        [0.2560, 0.2443, 0.2461, 0.2536],
        [0.2528, 0.2450, 0.2486, 0.2536],
        [0.2560, 0.2426, 0.2486, 0.2528],
        [0.2557, 0.2453, 0.2516, 0.2474]], device='cuda:0',
       grad_fn=<SoftmaxBackward0>)
tensor([[0.2481, 0.2439, 0.2601, 0.2479],
        [0.2468, 0.2427, 0.2603, 0.2502]], device='cuda:0',
       grad_fn=<SoftmaxBackward0>)
tensor([[0.2470, 0.2479, 0.2578, 0.2473],
        [0.2427, 0.2464, 0.2574, 0.2535],
        [0.2473, 0.2510, 0.2534, 0.2482]], device='cuda:0',
       grad_fn=<SoftmaxBackward0>)
tensor([[0.2527, 0.2477, 0.2570, 0.2426],
        [0.2492, 0.2481, 0.2571, 0.2455],
        [0.2490, 0.2471, 0.2487, 0.2552],
        [0.2467, 0.2488, 0.2496, 0.2548]], device='cuda:0',
       grad_fn=<SoftmaxBackward0>)
tensor([[0.2538, 0.2470, 0.2544, 0.2448],
        [0.2535, 0.2475, 0.2551, 0.2440],
        [0.2477, 0.2491, 0.2555, 0.2478],
        [0.2474, 0.2490, 0.2521, 0.2515],
        [0.2446, 0.2482, 0.2466, 0.2607]], device='cuda:0',
       grad_fn=<SoftmaxBackward0>)
tensor([[0.2584, 0.2548, 0.2526, 0.2342],
        [0.2589, 0.2528, 0.2526, 0.2356],
        [0.2502, 0.2464, 0.2457, 0.2577],
        [0.2460, 0.2496, 0.2465, 0.2578],
        [0.2562, 0.2462, 0.2455, 0.2521],
        [0.2486, 0.2470, 0.2448, 0.2596]], device='cuda:0',
       grad_fn=<SoftmaxBackward0>)
tensor([[0.2517, 0.2563, 0.2561, 0.2360],
        [0.2532, 0.2577, 0.2577, 0.2314],
        [0.2440, 0.2494, 0.2529, 0.2537],
        [0.2424, 0.2542, 0.2528, 0.2506],
        [0.2471, 0.2476, 0.2432, 0.2620],
        [0.2406, 0.2524, 0.2455, 0.2615],
        [0.2484, 0.2513, 0.2492, 0.2511]], device='cuda:0',
       grad_fn=<SoftmaxBackward0>)
tensor([[0.2527, 0.2349, 0.2636, 0.2488],
        [0.2542, 0.2332, 0.2626, 0.2499]], device='cuda:0',
       grad_fn=<SoftmaxBackward0>)
tensor([[0.2571, 0.2409, 0.2520, 0.2500],
        [0.2540, 0.2435, 0.2565, 0.2460],
        [0.2519, 0.2462, 0.2479, 0.2539]], device='cuda:0',
       grad_fn=<SoftmaxBackward0>)
tensor([[0.2529, 0.2455, 0.2545, 0.2471],
        [0.2517, 0.2431, 0.2561, 0.2491],
        [0.2509, 0.2468, 0.2469, 0.2554],
        [0.2526, 0.2516, 0.2478, 0.2479]], device='cuda:0',
       grad_fn=<SoftmaxBackward0>)
tensor([[0.2564, 0.2469, 0.2522, 0.2445],
        [0.2532, 0.2462, 0.2532, 0.2473],
        [0.2507, 0.2437, 0.2488, 0.2568],
        [0.2506, 0.2461, 0.2491, 0.2542],
        [0.2507, 0.2501, 0.2520, 0.2472]], device='cuda:0',
       grad_fn=<SoftmaxBackward0>)
tensor([[0.2711, 0.2475, 0.2468, 0.2345],
        [0.2682, 0.2478, 0.2487, 0.2353],
        [0.2633, 0.2420, 0.2384, 0.2562],
        [0.2590, 0.2451, 0.2375, 0.2584],
        [0.2588, 0.2468, 0.2405, 0.2539],
        [0.2573, 0.2453, 0.2398, 0.2576]], device='cuda:0',
       grad_fn=<SoftmaxBackward0>)
tensor([[0.2679, 0.2498, 0.2494, 0.2329],
        [0.2679, 0.2534, 0.2498, 0.2289],
        [0.2558, 0.2461, 0.2390, 0.2591],
        [0.2552, 0.2473, 0.2397, 0.2578],
        [0.2525, 0.2462, 0.2445, 0.2568],
        [0.2528, 0.2456, 0.2401, 0.2615],
        [0.2514, 0.2493, 0.2472, 0.2520]], device='cuda:0',
       grad_fn=<SoftmaxBackward0>)
#####################
08/27 11:47:40午後 searchStage_trainer.py:268 [INFO] Train: Epoch: [2][50/390]	Step 832	lr 0.02491	Loss 3.3852 (3.4614)	Hard Loss 3.3852 (3.4614)	Soft Loss 3.3852 (3.4614)	Arch Loss 3.5549 (3.5109)	Arch Hard Loss 3.5549 (3.5109)	Arch Soft Loss 3.5549 (3.5109)	Arch depth Loss -0.0000 (0.0000)	Prec@(1,5) (15.8%, 42.5%)	
08/27 11:47:55午後 searchStage_trainer.py:268 [INFO] Train: Epoch: [2][100/390]	Step 882	lr 0.02491	Loss 3.4004 (3.4612)	Hard Loss 3.4004 (3.4612)	Soft Loss 3.4004 (3.4612)	Arch Loss 3.3312 (3.4808)	Arch Hard Loss 3.3312 (3.4808)	Arch Soft Loss 3.3312 (3.4808)	Arch depth Loss -0.0000 (0.0000)	Prec@(1,5) (15.5%, 42.4%)	
08/27 11:48:10午後 searchStage_trainer.py:268 [INFO] Train: Epoch: [2][150/390]	Step 932	lr 0.02491	Loss 3.3101 (3.4521)	Hard Loss 3.3101 (3.4521)	Soft Loss 3.3101 (3.4521)	Arch Loss 3.3411 (3.4727)	Arch Hard Loss 3.3411 (3.4727)	Arch Soft Loss 3.3411 (3.4727)	Arch depth Loss -0.0000 (0.0000)	Prec@(1,5) (15.7%, 42.9%)	
08/27 11:48:25午後 searchStage_trainer.py:268 [INFO] Train: Epoch: [2][200/390]	Step 982	lr 0.02491	Loss 3.4172 (3.4455)	Hard Loss 3.4172 (3.4455)	Soft Loss 3.4172 (3.4455)	Arch Loss 3.2429 (3.4376)	Arch Hard Loss 3.2429 (3.4376)	Arch Soft Loss 3.2429 (3.4376)	Arch depth Loss -0.0000 (0.0000)	Prec@(1,5) (15.8%, 43.1%)	
08/27 11:48:39午後 searchStage_trainer.py:268 [INFO] Train: Epoch: [2][250/390]	Step 1032	lr 0.02491	Loss 3.2040 (3.4304)	Hard Loss 3.2040 (3.4304)	Soft Loss 3.2040 (3.4304)	Arch Loss 3.4442 (3.4259)	Arch Hard Loss 3.4442 (3.4259)	Arch Soft Loss 3.4442 (3.4259)	Arch depth Loss -0.0000 (0.0000)	Prec@(1,5) (16.3%, 43.6%)	
08/27 11:48:54午後 searchStage_trainer.py:268 [INFO] Train: Epoch: [2][300/390]	Step 1082	lr 0.02491	Loss 3.5173 (3.4102)	Hard Loss 3.5173 (3.4102)	Soft Loss 3.5173 (3.4102)	Arch Loss 3.8127 (3.4058)	Arch Hard Loss 3.8127 (3.4058)	Arch Soft Loss 3.8127 (3.4058)	Arch depth Loss -0.0000 (0.0000)	Prec@(1,5) (16.7%, 44.1%)	
08/27 11:49:09午後 searchStage_trainer.py:268 [INFO] Train: Epoch: [2][350/390]	Step 1132	lr 0.02491	Loss 3.4199 (3.3889)	Hard Loss 3.4199 (3.3889)	Soft Loss 3.4199 (3.3889)	Arch Loss 3.0771 (3.3931)	Arch Hard Loss 3.0771 (3.3931)	Arch Soft Loss 3.0771 (3.3931)	Arch depth Loss -0.0000 (0.0000)	Prec@(1,5) (17.0%, 44.7%)	
08/27 11:49:21午後 searchStage_trainer.py:268 [INFO] Train: Epoch: [2][390/390]	Step 1172	lr 0.02491	Loss 3.1648 (3.3810)	Hard Loss 3.1648 (3.3810)	Soft Loss 3.1648 (3.3810)	Arch Loss 3.5562 (3.3819)	Arch Hard Loss 3.5562 (3.3819)	Arch Soft Loss 3.5562 (3.3819)	Arch depth Loss -0.0000 (0.0000)	Prec@(1,5) (17.1%, 45.0%)	
08/27 11:49:21午後 searchStage_trainer.py:284 [INFO] Train: [  2/49] Final Prec@1 17.1240%
08/27 11:49:24午後 searchStage_trainer.py:312 [INFO] Valid: Epoch: [2][50/391]	Step 1173	Loss 3.2936	Prec@(1,5) (18.6%, 47.3%)
08/27 11:49:26午後 searchStage_trainer.py:312 [INFO] Valid: Epoch: [2][100/391]	Step 1173	Loss 3.2736	Prec@(1,5) (19.1%, 47.9%)
08/27 11:49:28午後 searchStage_trainer.py:312 [INFO] Valid: Epoch: [2][150/391]	Step 1173	Loss 3.2541	Prec@(1,5) (19.6%, 48.6%)
08/27 11:49:30午後 searchStage_trainer.py:312 [INFO] Valid: Epoch: [2][200/391]	Step 1173	Loss 3.2598	Prec@(1,5) (19.3%, 48.4%)
08/27 11:49:32午後 searchStage_trainer.py:312 [INFO] Valid: Epoch: [2][250/391]	Step 1173	Loss 3.2558	Prec@(1,5) (19.5%, 48.5%)
08/27 11:49:34午後 searchStage_trainer.py:312 [INFO] Valid: Epoch: [2][300/391]	Step 1173	Loss 3.2601	Prec@(1,5) (19.4%, 48.4%)
08/27 11:49:36午後 searchStage_trainer.py:312 [INFO] Valid: Epoch: [2][350/391]	Step 1173	Loss 3.2578	Prec@(1,5) (19.5%, 48.4%)
08/27 11:49:38午後 searchStage_trainer.py:312 [INFO] Valid: Epoch: [2][390/391]	Step 1173	Loss 3.2579	Prec@(1,5) (19.5%, 48.4%)
08/27 11:49:38午後 searchStage_trainer.py:323 [INFO] Valid: [  2/49] Final Prec@1 19.4680%
08/27 11:49:38午後 searchStage_KD_main.py:58 [INFO] DAG = Genotype2(DAG1=[[('skip_connect', 0), ('skip_connect', 1)], [('skip_connect', 0), ('skip_connect', 1)], [('skip_connect', 0), ('skip_connect', 1)], [('skip_connect', 0), ('skip_connect', 1)], [('skip_connect', 0), ('skip_connect', 1)], [('max_pool_3x3', 0), ('max_pool_3x3', 1)]], DAG1_concat=range(6, 8), DAG2=[[('skip_connect', 0), ('skip_connect', 1)], [('skip_connect', 1), ('skip_connect', 0)], [('skip_connect', 0), ('skip_connect', 1)], [('max_pool_3x3', 0), ('max_pool_3x3', 1)], [('max_pool_3x3', 1), ('max_pool_3x3', 0)], [('max_pool_3x3', 1), ('avg_pool_3x3', 0)]], DAG2_concat=range(6, 8), DAG3=[[('skip_connect', 1), ('skip_connect', 0)], [('max_pool_3x3', 0), ('skip_connect', 1)], [('skip_connect', 1), ('skip_connect', 0)], [('max_pool_3x3', 0), ('max_pool_3x3', 1)], [('max_pool_3x3', 0), ('max_pool_3x3', 1)], [('max_pool_3x3', 0), ('max_pool_3x3', 1)]], DAG3_concat=range(6, 8))
08/27 11:49:39午後 searchStage_KD_main.py:89 [INFO] Until now, best Prec@1 = 19.4680%
####### ALPHA #######
# Alpha - DAG
tensor([[0.2447, 0.2393, 0.2663, 0.2497],
        [0.2446, 0.2399, 0.2640, 0.2514]], device='cuda:0',
       grad_fn=<SoftmaxBackward0>)
tensor([[0.2467, 0.2389, 0.2619, 0.2525],
        [0.2471, 0.2404, 0.2596, 0.2529],
        [0.2481, 0.2492, 0.2564, 0.2462]], device='cuda:0',
       grad_fn=<SoftmaxBackward0>)
tensor([[0.2467, 0.2468, 0.2640, 0.2425],
        [0.2428, 0.2450, 0.2640, 0.2481],
        [0.2445, 0.2496, 0.2541, 0.2519],
        [0.2461, 0.2504, 0.2477, 0.2558]], device='cuda:0',
       grad_fn=<SoftmaxBackward0>)
tensor([[0.2539, 0.2428, 0.2613, 0.2420],
        [0.2528, 0.2399, 0.2604, 0.2470],
        [0.2522, 0.2441, 0.2491, 0.2546],
        [0.2479, 0.2471, 0.2492, 0.2558],
        [0.2471, 0.2498, 0.2525, 0.2506]], device='cuda:0',
       grad_fn=<SoftmaxBackward0>)
tensor([[0.2549, 0.2392, 0.2835, 0.2224],
        [0.2544, 0.2372, 0.2808, 0.2276],
        [0.2480, 0.2421, 0.2508, 0.2592],
        [0.2482, 0.2426, 0.2496, 0.2596],
        [0.2470, 0.2385, 0.2435, 0.2710],
        [0.2465, 0.2432, 0.2468, 0.2635]], device='cuda:0',
       grad_fn=<SoftmaxBackward0>)
tensor([[0.2693, 0.2299, 0.2638, 0.2370],
        [0.2677, 0.2309, 0.2634, 0.2379],
        [0.2592, 0.2376, 0.2516, 0.2516],
        [0.2563, 0.2423, 0.2468, 0.2546],
        [0.2513, 0.2423, 0.2477, 0.2587],
        [0.2561, 0.2385, 0.2452, 0.2603],
        [0.2519, 0.2442, 0.2520, 0.2519]], device='cuda:0',
       grad_fn=<SoftmaxBackward0>)
tensor([[0.2416, 0.2434, 0.2684, 0.2466],
        [0.2411, 0.2427, 0.2663, 0.2500]], device='cuda:0',
       grad_fn=<SoftmaxBackward0>)
tensor([[0.2445, 0.2451, 0.2636, 0.2468],
        [0.2400, 0.2449, 0.2643, 0.2507],
        [0.2466, 0.2485, 0.2546, 0.2503]], device='cuda:0',
       grad_fn=<SoftmaxBackward0>)
tensor([[0.2537, 0.2468, 0.2592, 0.2402],
        [0.2534, 0.2468, 0.2570, 0.2427],
        [0.2531, 0.2433, 0.2464, 0.2572],
        [0.2498, 0.2453, 0.2467, 0.2582]], device='cuda:0',
       grad_fn=<SoftmaxBackward0>)
tensor([[0.2595, 0.2459, 0.2557, 0.2390],
        [0.2578, 0.2461, 0.2566, 0.2395],
        [0.2492, 0.2490, 0.2548, 0.2471],
        [0.2457, 0.2491, 0.2488, 0.2564],
        [0.2430, 0.2470, 0.2435, 0.2665]], device='cuda:0',
       grad_fn=<SoftmaxBackward0>)
tensor([[0.2612, 0.2557, 0.2544, 0.2288],
        [0.2645, 0.2554, 0.2537, 0.2264],
        [0.2535, 0.2434, 0.2461, 0.2570],
        [0.2457, 0.2467, 0.2441, 0.2635],
        [0.2584, 0.2450, 0.2447, 0.2519],
        [0.2528, 0.2403, 0.2363, 0.2706]], device='cuda:0',
       grad_fn=<SoftmaxBackward0>)
tensor([[0.2579, 0.2604, 0.2551, 0.2266],
        [0.2609, 0.2605, 0.2577, 0.2210],
        [0.2462, 0.2458, 0.2530, 0.2550],
        [0.2396, 0.2491, 0.2519, 0.2594],
        [0.2497, 0.2457, 0.2400, 0.2647],
        [0.2421, 0.2470, 0.2385, 0.2724],
        [0.2539, 0.2492, 0.2456, 0.2514]], device='cuda:0',
       grad_fn=<SoftmaxBackward0>)
tensor([[0.2581, 0.2273, 0.2670, 0.2476],
        [0.2555, 0.2265, 0.2668, 0.2512]], device='cuda:0',
       grad_fn=<SoftmaxBackward0>)
tensor([[0.2628, 0.2377, 0.2537, 0.2457],
        [0.2558, 0.2404, 0.2584, 0.2454],
        [0.2564, 0.2432, 0.2424, 0.2580]], device='cuda:0',
       grad_fn=<SoftmaxBackward0>)
tensor([[0.2551, 0.2444, 0.2559, 0.2446],
        [0.2506, 0.2411, 0.2588, 0.2495],
        [0.2508, 0.2474, 0.2440, 0.2578],
        [0.2522, 0.2512, 0.2490, 0.2476]], device='cuda:0',
       grad_fn=<SoftmaxBackward0>)
tensor([[0.2585, 0.2441, 0.2541, 0.2433],
        [0.2567, 0.2439, 0.2554, 0.2440],
        [0.2515, 0.2417, 0.2473, 0.2594],
        [0.2494, 0.2454, 0.2516, 0.2536],
        [0.2494, 0.2482, 0.2522, 0.2502]], device='cuda:0',
       grad_fn=<SoftmaxBackward0>)
tensor([[0.2863, 0.2442, 0.2420, 0.2275],
        [0.2797, 0.2457, 0.2452, 0.2294],
        [0.2670, 0.2392, 0.2335, 0.2603],
        [0.2653, 0.2398, 0.2320, 0.2630],
        [0.2608, 0.2455, 0.2377, 0.2561],
        [0.2580, 0.2433, 0.2359, 0.2627]], device='cuda:0',
       grad_fn=<SoftmaxBackward0>)
tensor([[0.2896, 0.2464, 0.2406, 0.2234],
        [0.2833, 0.2518, 0.2431, 0.2218],
        [0.2628, 0.2431, 0.2331, 0.2610],
        [0.2641, 0.2420, 0.2326, 0.2613],
        [0.2575, 0.2430, 0.2408, 0.2586],
        [0.2551, 0.2426, 0.2339, 0.2684],
        [0.2501, 0.2410, 0.2474, 0.2615]], device='cuda:0',
       grad_fn=<SoftmaxBackward0>)
#####################
08/27 11:49:55午後 searchStage_trainer.py:268 [INFO] Train: Epoch: [3][50/390]	Step 1223	lr 0.02479	Loss 2.8680 (3.1641)	Hard Loss 2.8680 (3.1641)	Soft Loss 2.8680 (3.1641)	Arch Loss 2.9668 (3.2502)	Arch Hard Loss 2.9668 (3.2502)	Arch Soft Loss 2.9668 (3.2502)	Arch depth Loss -0.0000 (0.0000)	Prec@(1,5) (21.3%, 50.3%)	
08/27 11:50:09午後 searchStage_trainer.py:268 [INFO] Train: Epoch: [3][100/390]	Step 1273	lr 0.02479	Loss 3.0038 (3.1844)	Hard Loss 3.0038 (3.1844)	Soft Loss 3.0038 (3.1844)	Arch Loss 3.1849 (3.2327)	Arch Hard Loss 3.1849 (3.2327)	Arch Soft Loss 3.1849 (3.2327)	Arch depth Loss 0.0000 (0.0000)	Prec@(1,5) (20.6%, 50.5%)	
08/27 11:50:24午後 searchStage_trainer.py:268 [INFO] Train: Epoch: [3][150/390]	Step 1323	lr 0.02479	Loss 2.8046 (3.1786)	Hard Loss 2.8046 (3.1786)	Soft Loss 2.8046 (3.1786)	Arch Loss 3.0428 (3.2114)	Arch Hard Loss 3.0428 (3.2114)	Arch Soft Loss 3.0428 (3.2114)	Arch depth Loss 0.0000 (0.0000)	Prec@(1,5) (20.9%, 50.8%)	
08/27 11:50:39午後 searchStage_trainer.py:268 [INFO] Train: Epoch: [3][200/390]	Step 1373	lr 0.02479	Loss 3.1477 (3.1761)	Hard Loss 3.1477 (3.1761)	Soft Loss 3.1477 (3.1761)	Arch Loss 3.2852 (3.2039)	Arch Hard Loss 3.2852 (3.2039)	Arch Soft Loss 3.2852 (3.2039)	Arch depth Loss -0.0000 (0.0000)	Prec@(1,5) (20.8%, 50.8%)	
08/27 11:50:54午後 searchStage_trainer.py:268 [INFO] Train: Epoch: [3][250/390]	Step 1423	lr 0.02479	Loss 2.9843 (3.1674)	Hard Loss 2.9843 (3.1674)	Soft Loss 2.9843 (3.1674)	Arch Loss 3.0476 (3.1914)	Arch Hard Loss 3.0476 (3.1914)	Arch Soft Loss 3.0476 (3.1914)	Arch depth Loss -0.0000 (0.0000)	Prec@(1,5) (20.8%, 50.9%)	
08/27 11:51:08午後 searchStage_trainer.py:268 [INFO] Train: Epoch: [3][300/390]	Step 1473	lr 0.02479	Loss 3.0471 (3.1546)	Hard Loss 3.0471 (3.1546)	Soft Loss 3.0471 (3.1546)	Arch Loss 3.3922 (3.1792)	Arch Hard Loss 3.3922 (3.1792)	Arch Soft Loss 3.3922 (3.1792)	Arch depth Loss -0.0000 (0.0000)	Prec@(1,5) (21.1%, 51.3%)	
08/27 11:51:23午後 searchStage_trainer.py:268 [INFO] Train: Epoch: [3][350/390]	Step 1523	lr 0.02479	Loss 3.2392 (3.1391)	Hard Loss 3.2392 (3.1391)	Soft Loss 3.2392 (3.1391)	Arch Loss 3.1098 (3.1632)	Arch Hard Loss 3.1098 (3.1632)	Arch Soft Loss 3.1098 (3.1632)	Arch depth Loss -0.0000 (0.0000)	Prec@(1,5) (21.6%, 51.7%)	
08/27 11:51:35午後 searchStage_trainer.py:268 [INFO] Train: Epoch: [3][390/390]	Step 1563	lr 0.02479	Loss 2.8372 (3.1206)	Hard Loss 2.8372 (3.1206)	Soft Loss 2.8372 (3.1206)	Arch Loss 2.7812 (3.1433)	Arch Hard Loss 2.7812 (3.1433)	Arch Soft Loss 2.7812 (3.1433)	Arch depth Loss -0.0000 (0.0000)	Prec@(1,5) (22.0%, 52.1%)	
08/27 11:51:36午後 searchStage_trainer.py:284 [INFO] Train: [  3/49] Final Prec@1 21.9720%
08/27 11:51:38午後 searchStage_trainer.py:312 [INFO] Valid: Epoch: [3][50/391]	Step 1564	Loss 3.1034	Prec@(1,5) (24.1%, 54.2%)
08/27 11:51:40午後 searchStage_trainer.py:312 [INFO] Valid: Epoch: [3][100/391]	Step 1564	Loss 3.0909	Prec@(1,5) (24.0%, 53.8%)
08/27 11:51:42午後 searchStage_trainer.py:312 [INFO] Valid: Epoch: [3][150/391]	Step 1564	Loss 3.0875	Prec@(1,5) (23.9%, 53.6%)
08/27 11:51:45午後 searchStage_trainer.py:312 [INFO] Valid: Epoch: [3][200/391]	Step 1564	Loss 3.0855	Prec@(1,5) (23.7%, 53.5%)
08/27 11:51:47午後 searchStage_trainer.py:312 [INFO] Valid: Epoch: [3][250/391]	Step 1564	Loss 3.0973	Prec@(1,5) (23.7%, 53.3%)
08/27 11:51:49午後 searchStage_trainer.py:312 [INFO] Valid: Epoch: [3][300/391]	Step 1564	Loss 3.0990	Prec@(1,5) (23.7%, 53.2%)
08/27 11:51:51午後 searchStage_trainer.py:312 [INFO] Valid: Epoch: [3][350/391]	Step 1564	Loss 3.0970	Prec@(1,5) (23.7%, 53.2%)
08/27 11:51:53午後 searchStage_trainer.py:312 [INFO] Valid: Epoch: [3][390/391]	Step 1564	Loss 3.0972	Prec@(1,5) (23.7%, 53.2%)
08/27 11:51:53午後 searchStage_trainer.py:323 [INFO] Valid: [  3/49] Final Prec@1 23.6960%
