08/22 12:22:35PM parser.py:28 [INFO] 
08/22 12:22:35PM parser.py:29 [INFO] Parameters:
08/22 12:22:35PM parser.py:31 [INFO] DAG_PATH=results/search_stage_KD/cifar10/noSlideWindow/4-20240822-122235/DAG
08/22 12:22:35PM parser.py:31 [INFO] T=10.0
08/22 12:22:35PM parser.py:31 [INFO] ADVANCED=False
08/22 12:22:35PM parser.py:31 [INFO] ALPHA_LR=0.0003
08/22 12:22:35PM parser.py:31 [INFO] ALPHA_WEIGHT_DECAY=0.001
08/22 12:22:35PM parser.py:31 [INFO] BATCH_SIZE=64
08/22 12:22:35PM parser.py:31 [INFO] CASCADE=True
08/22 12:22:35PM parser.py:31 [INFO] CHECKPOINT_RESET=False
08/22 12:22:35PM parser.py:31 [INFO] CUTOUT_LENGTH=0
08/22 12:22:35PM parser.py:31 [INFO] DATA_PATH=../data/
08/22 12:22:35PM parser.py:31 [INFO] DATASET=cifar10
08/22 12:22:35PM parser.py:31 [INFO] DESCRIPTION=noSlideWindow_version_searching_stage
08/22 12:22:35PM parser.py:31 [INFO] EPOCHS=50
08/22 12:22:35PM parser.py:31 [INFO] EXP_NAME=4-20240822-122235
08/22 12:22:35PM parser.py:31 [INFO] GENOTYPE=Genotype3(normal1=[[('sep_conv_5x5', 0), ('sep_conv_3x3', 1)], [('sep_conv_3x3', 1), ('sep_conv_3x3', 0)], [('sep_conv_3x3', 1), ('sep_conv_3x3', 2)], [('sep_conv_3x3', 0), ('sep_conv_5x5', 4)]], normal1_concat=range(2, 6), reduce1=[[('sep_conv_3x3', 0), ('skip_connect', 1)], [('sep_conv_3x3', 1), ('max_pool_3x3', 0)], [('sep_conv_3x3', 2), ('sep_conv_3x3', 1)], [('max_pool_3x3', 0), ('dil_conv_3x3', 1)]], reduce1_concat=range(2, 6), normal2=[[('skip_connect', 0), ('sep_conv_5x5', 1)], [('skip_connect', 0), ('skip_connect', 2)], [('avg_pool_3x3', 0), ('avg_pool_3x3', 2)], [('skip_connect', 0), ('avg_pool_3x3', 2)]], normal2_concat=range(2, 6), reduce2=[[('avg_pool_3x3', 0), ('avg_pool_3x3', 1)], [('avg_pool_3x3', 0), ('skip_connect', 2)], [('skip_connect', 2), ('avg_pool_3x3', 0)], [('skip_connect', 2), ('avg_pool_3x3', 0)]], reduce2_concat=range(2, 6), normal3=[[('skip_connect', 0), ('skip_connect', 1)], [('skip_connect', 0), ('dil_conv_3x3', 1)], [('skip_connect', 0), ('skip_connect', 1)], [('skip_connect', 0), ('skip_connect', 2)]], normal3_concat=range(2, 6))
08/22 12:22:35PM parser.py:31 [INFO] GPUS=[0]
08/22 12:22:35PM parser.py:31 [INFO] INIT_CHANNELS=16
08/22 12:22:35PM parser.py:31 [INFO] L=0.5
08/22 12:22:35PM parser.py:31 [INFO] LAYERS=20
08/22 12:22:35PM parser.py:31 [INFO] LOGGER=<Logger H-DAS (INFO)>
08/22 12:22:35PM parser.py:31 [INFO] NAME=noSlideWindow
08/22 12:22:35PM parser.py:31 [INFO] NONKD=True
08/22 12:22:35PM parser.py:31 [INFO] PATH=results/search_stage_KD/cifar10/noSlideWindow/4-20240822-122235
08/22 12:22:35PM parser.py:31 [INFO] PCDARTS=False
08/22 12:22:35PM parser.py:31 [INFO] PLOT_PATH=results/search_stage_KD/cifar10/noSlideWindow/4-20240822-122235/plots
08/22 12:22:35PM parser.py:31 [INFO] PRINT_FREQ=50
08/22 12:22:35PM parser.py:31 [INFO] RESUME_PATH=None
08/22 12:22:35PM parser.py:31 [INFO] SAVE=4
08/22 12:22:35PM parser.py:31 [INFO] SEED=4
08/22 12:22:35PM parser.py:31 [INFO] SHARE_STAGE=False
08/22 12:22:35PM parser.py:31 [INFO] SPEC_CELL=True
08/22 12:22:35PM parser.py:31 [INFO] TEACHER_NAME=non
08/22 12:22:35PM parser.py:31 [INFO] TEACHER_PATH=non
08/22 12:22:35PM parser.py:31 [INFO] TRAIN_PORTION=0.5
08/22 12:22:35PM parser.py:31 [INFO] W_GRAD_CLIP=5.0
08/22 12:22:35PM parser.py:31 [INFO] W_LR=0.025
08/22 12:22:35PM parser.py:31 [INFO] W_LR_MIN=0.001
08/22 12:22:35PM parser.py:31 [INFO] W_MOMENTUM=0.9
08/22 12:22:35PM parser.py:31 [INFO] W_WEIGHT_DECAY=0.0003
08/22 12:22:35PM parser.py:31 [INFO] WORKERS=4
08/22 12:22:35PM parser.py:32 [INFO] 
08/22 12:22:50PM searchStage_trainer.py:136 [INFO] --> No loaded checkpoint!
####### ALPHA #######
# Alpha - DAG
tensor([[0.2499, 0.2497, 0.2501, 0.2503],
        [0.2501, 0.2498, 0.2500, 0.2501]], device='cuda:0',
       grad_fn=<SoftmaxBackward0>)
tensor([[0.2501, 0.2498, 0.2501, 0.2499],
        [0.2499, 0.2501, 0.2498, 0.2502],
        [0.2503, 0.2499, 0.2500, 0.2498]], device='cuda:0',
       grad_fn=<SoftmaxBackward0>)
tensor([[0.2499, 0.2501, 0.2499, 0.2501],
        [0.2498, 0.2500, 0.2503, 0.2499],
        [0.2503, 0.2499, 0.2500, 0.2498],
        [0.2495, 0.2501, 0.2500, 0.2504]], device='cuda:0',
       grad_fn=<SoftmaxBackward0>)
tensor([[0.2499, 0.2497, 0.2502, 0.2503],
        [0.2501, 0.2500, 0.2499, 0.2500],
        [0.2504, 0.2497, 0.2499, 0.2501],
        [0.2500, 0.2498, 0.2502, 0.2500],
        [0.2501, 0.2503, 0.2497, 0.2499]], device='cuda:0',
       grad_fn=<SoftmaxBackward0>)
tensor([[0.2498, 0.2501, 0.2499, 0.2502],
        [0.2498, 0.2504, 0.2502, 0.2496],
        [0.2502, 0.2501, 0.2499, 0.2499],
        [0.2502, 0.2501, 0.2499, 0.2497],
        [0.2499, 0.2500, 0.2499, 0.2501],
        [0.2502, 0.2500, 0.2501, 0.2496]], device='cuda:0',
       grad_fn=<SoftmaxBackward0>)
tensor([[0.2497, 0.2499, 0.2502, 0.2502],
        [0.2502, 0.2500, 0.2499, 0.2500],
        [0.2500, 0.2499, 0.2497, 0.2504],
        [0.2499, 0.2498, 0.2502, 0.2502],
        [0.2500, 0.2500, 0.2502, 0.2498],
        [0.2500, 0.2502, 0.2499, 0.2499],
        [0.2500, 0.2499, 0.2501, 0.2500]], device='cuda:0',
       grad_fn=<SoftmaxBackward0>)
tensor([[0.2498, 0.2503, 0.2499, 0.2501],
        [0.2499, 0.2497, 0.2503, 0.2500]], device='cuda:0',
       grad_fn=<SoftmaxBackward0>)
tensor([[0.2501, 0.2499, 0.2499, 0.2500],
        [0.2498, 0.2502, 0.2497, 0.2504],
        [0.2496, 0.2503, 0.2503, 0.2499]], device='cuda:0',
       grad_fn=<SoftmaxBackward0>)
tensor([[0.2500, 0.2499, 0.2498, 0.2503],
        [0.2503, 0.2496, 0.2501, 0.2500],
        [0.2503, 0.2499, 0.2500, 0.2498],
        [0.2502, 0.2500, 0.2500, 0.2498]], device='cuda:0',
       grad_fn=<SoftmaxBackward0>)
tensor([[0.2498, 0.2500, 0.2501, 0.2501],
        [0.2506, 0.2496, 0.2499, 0.2499],
        [0.2498, 0.2503, 0.2497, 0.2502],
        [0.2500, 0.2500, 0.2502, 0.2498],
        [0.2501, 0.2501, 0.2501, 0.2497]], device='cuda:0',
       grad_fn=<SoftmaxBackward0>)
tensor([[0.2505, 0.2498, 0.2500, 0.2497],
        [0.2501, 0.2503, 0.2495, 0.2500],
        [0.2501, 0.2499, 0.2501, 0.2499],
        [0.2499, 0.2501, 0.2499, 0.2502],
        [0.2499, 0.2498, 0.2501, 0.2503],
        [0.2501, 0.2498, 0.2501, 0.2501]], device='cuda:0',
       grad_fn=<SoftmaxBackward0>)
tensor([[0.2501, 0.2501, 0.2497, 0.2501],
        [0.2501, 0.2499, 0.2499, 0.2501],
        [0.2500, 0.2504, 0.2497, 0.2499],
        [0.2501, 0.2499, 0.2497, 0.2503],
        [0.2499, 0.2494, 0.2503, 0.2504],
        [0.2501, 0.2500, 0.2497, 0.2502],
        [0.2499, 0.2500, 0.2500, 0.2500]], device='cuda:0',
       grad_fn=<SoftmaxBackward0>)
tensor([[0.2499, 0.2504, 0.2498, 0.2499],
        [0.2501, 0.2504, 0.2497, 0.2499]], device='cuda:0',
       grad_fn=<SoftmaxBackward0>)
tensor([[0.2500, 0.2496, 0.2502, 0.2501],
        [0.2500, 0.2500, 0.2501, 0.2500],
        [0.2500, 0.2503, 0.2498, 0.2499]], device='cuda:0',
       grad_fn=<SoftmaxBackward0>)
tensor([[0.2501, 0.2500, 0.2498, 0.2501],
        [0.2498, 0.2501, 0.2502, 0.2499],
        [0.2502, 0.2496, 0.2501, 0.2501],
        [0.2502, 0.2501, 0.2502, 0.2496]], device='cuda:0',
       grad_fn=<SoftmaxBackward0>)
tensor([[0.2502, 0.2502, 0.2499, 0.2497],
        [0.2499, 0.2494, 0.2500, 0.2507],
        [0.2496, 0.2500, 0.2500, 0.2503],
        [0.2504, 0.2496, 0.2500, 0.2501],
        [0.2496, 0.2499, 0.2507, 0.2497]], device='cuda:0',
       grad_fn=<SoftmaxBackward0>)
tensor([[0.2500, 0.2502, 0.2498, 0.2501],
        [0.2499, 0.2501, 0.2499, 0.2500],
        [0.2501, 0.2501, 0.2498, 0.2500],
        [0.2499, 0.2498, 0.2503, 0.2501],
        [0.2500, 0.2503, 0.2500, 0.2497],
        [0.2504, 0.2496, 0.2500, 0.2500]], device='cuda:0',
       grad_fn=<SoftmaxBackward0>)
tensor([[0.2503, 0.2499, 0.2501, 0.2498],
        [0.2500, 0.2503, 0.2496, 0.2501],
        [0.2498, 0.2496, 0.2504, 0.2501],
        [0.2498, 0.2501, 0.2503, 0.2497],
        [0.2502, 0.2501, 0.2499, 0.2497],
        [0.2503, 0.2499, 0.2499, 0.2499],
        [0.2500, 0.2499, 0.2497, 0.2504]], device='cuda:0',
       grad_fn=<SoftmaxBackward0>)
#####################
08/22 12:23:13PM searchStage_trainer.py:267 [INFO] Train: Epoch: [0][50/390]	Step 50	lr 0.025	Loss 2.0579 (2.2079)	Hard Loss 2.0579 (2.2079)	Soft Loss 2.0579 (2.2079)	Arch Loss 2.0825 (2.2225)	Arch Hard Loss 2.0825 (2.2225)	Arch Soft Loss 2.0825 (2.2225)	Arch depth Loss -0.2061 (-0.1020)	Prec@(1,5) (20.4%, 73.6%)	
08/22 12:23:35PM searchStage_trainer.py:267 [INFO] Train: Epoch: [0][100/390]	Step 100	lr 0.025	Loss 1.7354 (2.0523)	Hard Loss 1.7354 (2.0523)	Soft Loss 1.7354 (2.0523)	Arch Loss 1.8563 (2.0735)	Arch Hard Loss 1.8563 (2.0735)	Arch Soft Loss 1.8563 (2.0735)	Arch depth Loss -0.4256 (-0.2097)	Prec@(1,5) (25.1%, 78.7%)	
08/22 12:23:56PM searchStage_trainer.py:267 [INFO] Train: Epoch: [0][150/390]	Step 150	lr 0.025	Loss 1.8328 (1.9575)	Hard Loss 1.8328 (1.9575)	Soft Loss 1.8328 (1.9575)	Arch Loss 1.6745 (1.9724)	Arch Hard Loss 1.6745 (1.9724)	Arch Soft Loss 1.6745 (1.9724)	Arch depth Loss -0.6523 (-0.3200)	Prec@(1,5) (28.0%, 80.9%)	
08/22 12:24:18PM searchStage_trainer.py:267 [INFO] Train: Epoch: [0][200/390]	Step 200	lr 0.025	Loss 1.5874 (1.8981)	Hard Loss 1.5874 (1.8981)	Soft Loss 1.5874 (1.8981)	Arch Loss 1.6259 (1.9093)	Arch Hard Loss 1.6259 (1.9093)	Arch Soft Loss 1.6259 (1.9093)	Arch depth Loss -0.8860 (-0.4327)	Prec@(1,5) (29.5%, 82.3%)	
08/22 12:24:39PM searchStage_trainer.py:267 [INFO] Train: Epoch: [0][250/390]	Step 250	lr 0.025	Loss 1.5734 (1.8467)	Hard Loss 1.5734 (1.8467)	Soft Loss 1.5734 (1.8467)	Arch Loss 1.7289 (1.8588)	Arch Hard Loss 1.7289 (1.8588)	Arch Soft Loss 1.7289 (1.8588)	Arch depth Loss -1.1268 (-0.5478)	Prec@(1,5) (31.2%, 83.8%)	
08/22 12:25:01PM searchStage_trainer.py:267 [INFO] Train: Epoch: [0][300/390]	Step 300	lr 0.025	Loss 1.5050 (1.8080)	Hard Loss 1.5050 (1.8080)	Soft Loss 1.5050 (1.8080)	Arch Loss 1.7245 (1.8167)	Arch Hard Loss 1.7245 (1.8167)	Arch Soft Loss 1.7245 (1.8167)	Arch depth Loss -1.3749 (-0.6653)	Prec@(1,5) (32.6%, 84.8%)	
08/22 12:25:22PM searchStage_trainer.py:267 [INFO] Train: Epoch: [0][350/390]	Step 350	lr 0.025	Loss 1.7450 (1.7712)	Hard Loss 1.7450 (1.7712)	Soft Loss 1.7450 (1.7712)	Arch Loss 1.6178 (1.7779)	Arch Hard Loss 1.6178 (1.7779)	Arch Soft Loss 1.6178 (1.7779)	Arch depth Loss -1.6303 (-0.7852)	Prec@(1,5) (33.9%, 85.7%)	
08/22 12:25:40PM searchStage_trainer.py:267 [INFO] Train: Epoch: [0][390/390]	Step 390	lr 0.025	Loss 1.5333 (1.7471)	Hard Loss 1.5333 (1.7471)	Soft Loss 1.5333 (1.7471)	Arch Loss 1.4065 (1.7507)	Arch Hard Loss 1.4065 (1.7507)	Arch Soft Loss 1.4065 (1.7507)	Arch depth Loss -1.8401 (-0.8829)	Prec@(1,5) (34.8%, 86.2%)	
08/22 12:25:41PM searchStage_trainer.py:283 [INFO] Train: [  0/49] Final Prec@1 34.7760%
08/22 12:25:44PM searchStage_trainer.py:311 [INFO] Valid: Epoch: [0][50/391]	Step 391	Loss 1.6211	Prec@(1,5) (41.0%, 90.1%)
08/22 12:25:48PM searchStage_trainer.py:311 [INFO] Valid: Epoch: [0][100/391]	Step 391	Loss 1.6278	Prec@(1,5) (40.5%, 90.3%)
08/22 12:25:52PM searchStage_trainer.py:311 [INFO] Valid: Epoch: [0][150/391]	Step 391	Loss 1.6192	Prec@(1,5) (40.7%, 90.4%)
08/22 12:25:55PM searchStage_trainer.py:311 [INFO] Valid: Epoch: [0][200/391]	Step 391	Loss 1.6235	Prec@(1,5) (40.7%, 90.4%)
08/22 12:25:59PM searchStage_trainer.py:311 [INFO] Valid: Epoch: [0][250/391]	Step 391	Loss 1.6236	Prec@(1,5) (40.4%, 90.2%)
08/22 12:26:03PM searchStage_trainer.py:311 [INFO] Valid: Epoch: [0][300/391]	Step 391	Loss 1.6255	Prec@(1,5) (40.3%, 90.2%)
08/22 12:26:06PM searchStage_trainer.py:311 [INFO] Valid: Epoch: [0][350/391]	Step 391	Loss 1.6234	Prec@(1,5) (40.4%, 90.3%)
08/22 12:26:09PM searchStage_trainer.py:311 [INFO] Valid: Epoch: [0][390/391]	Step 391	Loss 1.6227	Prec@(1,5) (40.4%, 90.3%)
08/22 12:26:09PM searchStage_trainer.py:322 [INFO] Valid: [  0/49] Final Prec@1 40.4480%
08/22 12:26:09PM searchStage_KD_main.py:58 [INFO] DAG = Genotype2(DAG1=[[('skip_connect', 0), ('skip_connect', 1)], [('avg_pool_3x3', 2), ('max_pool_3x3', 0)], [('avg_pool_3x3', 3), ('max_pool_3x3', 2)], [('max_pool_3x3', 4), ('max_pool_3x3', 2)], [('max_pool_3x3', 1), ('max_pool_3x3', 0)], [('max_pool_3x3', 1), ('max_pool_3x3', 0)]], DAG1_concat=range(6, 8), DAG2=[[('skip_connect', 1), ('avg_pool_3x3', 0)], [('avg_pool_3x3', 2), ('max_pool_3x3', 0)], [('max_pool_3x3', 3), ('max_pool_3x3', 2)], [('skip_connect', 3), ('max_pool_3x3', 4)], [('max_pool_3x3', 0), ('avg_pool_3x3', 1)], [('max_pool_3x3', 0), ('max_pool_3x3', 1)]], DAG2_concat=range(6, 8), DAG3=[[('avg_pool_3x3', 0), ('avg_pool_3x3', 1)], [('avg_pool_3x3', 2), ('skip_connect', 0)], [('skip_connect', 3), ('skip_connect', 2)], [('skip_connect', 4), ('skip_connect', 3)], [('skip_connect', 1), ('skip_connect', 0)], [('max_pool_3x3', 0), ('avg_pool_3x3', 1)]], DAG3_concat=range(6, 8))
08/22 12:26:10PM searchStage_KD_main.py:89 [INFO] Until now, best Prec@1 = 40.4480%
####### ALPHA #######
# Alpha - DAG
tensor([[0.2494, 0.2498, 0.2508, 0.2500],
        [0.2502, 0.2502, 0.2504, 0.2493]], device='cuda:0',
       grad_fn=<SoftmaxBackward0>)
tensor([[0.2504, 0.2498, 0.2504, 0.2494],
        [0.2500, 0.2502, 0.2500, 0.2497],
        [0.2502, 0.2504, 0.2496, 0.2498]], device='cuda:0',
       grad_fn=<SoftmaxBackward0>)
tensor([[0.2507, 0.2498, 0.2499, 0.2495],
        [0.2503, 0.2498, 0.2503, 0.2497],
        [0.2511, 0.2505, 0.2498, 0.2486],
        [0.2497, 0.2506, 0.2501, 0.2497]], device='cuda:0',
       grad_fn=<SoftmaxBackward0>)
tensor([[0.2504, 0.2498, 0.2504, 0.2494],
        [0.2508, 0.2501, 0.2500, 0.2491],
        [0.2509, 0.2503, 0.2498, 0.2491],
        [0.2497, 0.2502, 0.2501, 0.2499],
        [0.2505, 0.2503, 0.2489, 0.2503]], device='cuda:0',
       grad_fn=<SoftmaxBackward0>)
tensor([[0.2515, 0.2498, 0.2499, 0.2488],
        [0.2512, 0.2501, 0.2505, 0.2481],
        [0.2513, 0.2503, 0.2497, 0.2486],
        [0.2541, 0.2481, 0.2492, 0.2486],
        [0.2522, 0.2452, 0.2489, 0.2537],
        [0.2532, 0.2458, 0.2464, 0.2547]], device='cuda:0',
       grad_fn=<SoftmaxBackward0>)
tensor([[0.2511, 0.2494, 0.2500, 0.2495],
        [0.2513, 0.2497, 0.2499, 0.2492],
        [0.2509, 0.2504, 0.2492, 0.2495],
        [0.2548, 0.2454, 0.2495, 0.2504],
        [0.2533, 0.2464, 0.2483, 0.2520],
        [0.2541, 0.2465, 0.2508, 0.2487],
        [0.2512, 0.2455, 0.2482, 0.2551]], device='cuda:0',
       grad_fn=<SoftmaxBackward0>)
tensor([[0.2497, 0.2503, 0.2501, 0.2499],
        [0.2497, 0.2497, 0.2505, 0.2501]], device='cuda:0',
       grad_fn=<SoftmaxBackward0>)
tensor([[0.2501, 0.2498, 0.2500, 0.2501],
        [0.2498, 0.2501, 0.2499, 0.2502],
        [0.2495, 0.2503, 0.2502, 0.2500]], device='cuda:0',
       grad_fn=<SoftmaxBackward0>)
tensor([[0.2498, 0.2498, 0.2499, 0.2504],
        [0.2503, 0.2496, 0.2502, 0.2500],
        [0.2503, 0.2499, 0.2503, 0.2495],
        [0.2503, 0.2500, 0.2498, 0.2499]], device='cuda:0',
       grad_fn=<SoftmaxBackward0>)
tensor([[0.2500, 0.2498, 0.2501, 0.2501],
        [0.2505, 0.2497, 0.2501, 0.2497],
        [0.2497, 0.2504, 0.2498, 0.2501],
        [0.2500, 0.2499, 0.2504, 0.2497],
        [0.2502, 0.2501, 0.2498, 0.2499]], device='cuda:0',
       grad_fn=<SoftmaxBackward0>)
tensor([[0.2508, 0.2499, 0.2500, 0.2494],
        [0.2503, 0.2505, 0.2497, 0.2496],
        [0.2501, 0.2500, 0.2503, 0.2496],
        [0.2479, 0.2498, 0.2502, 0.2520],
        [0.2478, 0.2505, 0.2511, 0.2506],
        [0.2466, 0.2493, 0.2500, 0.2541]], device='cuda:0',
       grad_fn=<SoftmaxBackward0>)
tensor([[0.2503, 0.2503, 0.2498, 0.2496],
        [0.2502, 0.2501, 0.2501, 0.2497],
        [0.2500, 0.2504, 0.2499, 0.2496],
        [0.2514, 0.2480, 0.2499, 0.2507],
        [0.2504, 0.2471, 0.2490, 0.2534],
        [0.2491, 0.2474, 0.2477, 0.2559],
        [0.2488, 0.2498, 0.2496, 0.2517]], device='cuda:0',
       grad_fn=<SoftmaxBackward0>)
tensor([[0.2499, 0.2502, 0.2501, 0.2499],
        [0.2499, 0.2502, 0.2499, 0.2499]], device='cuda:0',
       grad_fn=<SoftmaxBackward0>)
tensor([[0.2499, 0.2496, 0.2505, 0.2500],
        [0.2499, 0.2499, 0.2503, 0.2500],
        [0.2498, 0.2503, 0.2499, 0.2500]], device='cuda:0',
       grad_fn=<SoftmaxBackward0>)
tensor([[0.2500, 0.2500, 0.2500, 0.2499],
        [0.2497, 0.2500, 0.2504, 0.2500],
        [0.2499, 0.2495, 0.2504, 0.2502],
        [0.2500, 0.2500, 0.2505, 0.2495]], device='cuda:0',
       grad_fn=<SoftmaxBackward0>)
tensor([[0.2500, 0.2502, 0.2500, 0.2498],
        [0.2496, 0.2494, 0.2501, 0.2508],
        [0.2495, 0.2501, 0.2503, 0.2502],
        [0.2502, 0.2496, 0.2503, 0.2499],
        [0.2495, 0.2499, 0.2508, 0.2498]], device='cuda:0',
       grad_fn=<SoftmaxBackward0>)
tensor([[0.2500, 0.2500, 0.2502, 0.2498],
        [0.2499, 0.2499, 0.2504, 0.2497],
        [0.2497, 0.2500, 0.2503, 0.2500],
        [0.2473, 0.2479, 0.2541, 0.2507],
        [0.2469, 0.2468, 0.2530, 0.2533],
        [0.2466, 0.2466, 0.2541, 0.2527]], device='cuda:0',
       grad_fn=<SoftmaxBackward0>)
tensor([[0.2505, 0.2498, 0.2504, 0.2493],
        [0.2501, 0.2503, 0.2499, 0.2497],
        [0.2496, 0.2495, 0.2509, 0.2500],
        [0.2484, 0.2481, 0.2542, 0.2492],
        [0.2485, 0.2467, 0.2532, 0.2516],
        [0.2477, 0.2453, 0.2539, 0.2532],
        [0.2490, 0.2460, 0.2507, 0.2543]], device='cuda:0',
       grad_fn=<SoftmaxBackward0>)
#####################
08/22 12:26:32午後 searchStage_trainer.py:267 [INFO] Train: Epoch: [1][50/390]	Step 441	lr 0.02498	Loss 1.3324 (1.4401)	Hard Loss 1.3324 (1.4401)	Soft Loss 1.3324 (1.4401)	Arch Loss 1.5538 (1.4772)	Arch Hard Loss 1.5538 (1.4772)	Arch Soft Loss 1.5538 (1.4772)	Arch depth Loss -2.1147 (-1.9821)	Prec@(1,5) (46.5%, 91.7%)	
08/22 12:26:54午後 searchStage_trainer.py:267 [INFO] Train: Epoch: [1][100/390]	Step 491	lr 0.02498	Loss 1.2780 (1.4474)	Hard Loss 1.2780 (1.4474)	Soft Loss 1.2780 (1.4474)	Arch Loss 1.6065 (1.4638)	Arch Hard Loss 1.6065 (1.4638)	Arch Soft Loss 1.6065 (1.4638)	Arch depth Loss -2.3919 (-2.1187)	Prec@(1,5) (46.3%, 91.7%)	
08/22 12:27:15午後 searchStage_trainer.py:267 [INFO] Train: Epoch: [1][150/390]	Step 541	lr 0.02498	Loss 1.4286 (1.4342)	Hard Loss 1.4286 (1.4342)	Soft Loss 1.4286 (1.4342)	Arch Loss 1.4858 (1.4541)	Arch Hard Loss 1.4858 (1.4541)	Arch Soft Loss 1.4858 (1.4541)	Arch depth Loss -2.6771 (-2.2580)	Prec@(1,5) (47.2%, 92.1%)	
08/22 12:27:37午後 searchStage_trainer.py:267 [INFO] Train: Epoch: [1][200/390]	Step 591	lr 0.02498	Loss 1.3414 (1.4193)	Hard Loss 1.3414 (1.4193)	Soft Loss 1.3414 (1.4193)	Arch Loss 1.0284 (1.4367)	Arch Hard Loss 1.0284 (1.4367)	Arch Soft Loss 1.0284 (1.4367)	Arch depth Loss -2.9706 (-2.4000)	Prec@(1,5) (47.6%, 92.5%)	
08/22 12:27:58午後 searchStage_trainer.py:267 [INFO] Train: Epoch: [1][250/390]	Step 641	lr 0.02498	Loss 1.6281 (1.4142)	Hard Loss 1.6281 (1.4142)	Soft Loss 1.6281 (1.4142)	Arch Loss 1.4257 (1.4288)	Arch Hard Loss 1.4257 (1.4288)	Arch Soft Loss 1.4257 (1.4288)	Arch depth Loss -3.2725 (-2.5448)	Prec@(1,5) (47.9%, 92.5%)	
08/22 12:28:20午後 searchStage_trainer.py:267 [INFO] Train: Epoch: [1][300/390]	Step 691	lr 0.02498	Loss 1.3278 (1.4021)	Hard Loss 1.3278 (1.4021)	Soft Loss 1.3278 (1.4021)	Arch Loss 1.3035 (1.4116)	Arch Hard Loss 1.3035 (1.4116)	Arch Soft Loss 1.3035 (1.4116)	Arch depth Loss -3.5831 (-2.6924)	Prec@(1,5) (48.3%, 92.6%)	
08/22 12:28:42午後 searchStage_trainer.py:267 [INFO] Train: Epoch: [1][350/390]	Step 741	lr 0.02498	Loss 1.1375 (1.3874)	Hard Loss 1.1375 (1.3874)	Soft Loss 1.1375 (1.3874)	Arch Loss 1.4781 (1.3988)	Arch Hard Loss 1.4781 (1.3988)	Arch Soft Loss 1.4781 (1.3988)	Arch depth Loss -3.9025 (-2.8428)	Prec@(1,5) (48.9%, 92.8%)	
08/22 12:28:59午後 searchStage_trainer.py:267 [INFO] Train: Epoch: [1][390/390]	Step 781	lr 0.02498	Loss 0.9988 (1.3751)	Hard Loss 0.9988 (1.3751)	Soft Loss 0.9988 (1.3751)	Arch Loss 1.1741 (1.3824)	Arch Hard Loss 1.1741 (1.3824)	Arch Soft Loss 1.1741 (1.3824)	Arch depth Loss -4.1645 (-2.9652)	Prec@(1,5) (49.3%, 92.9%)	
08/22 12:28:59午後 searchStage_trainer.py:283 [INFO] Train: [  1/49] Final Prec@1 49.3200%
08/22 12:29:03午後 searchStage_trainer.py:311 [INFO] Valid: Epoch: [1][50/391]	Step 782	Loss 1.3576	Prec@(1,5) (51.2%, 93.4%)
08/22 12:29:07午後 searchStage_trainer.py:311 [INFO] Valid: Epoch: [1][100/391]	Step 782	Loss 1.3565	Prec@(1,5) (50.7%, 93.5%)
08/22 12:29:10午後 searchStage_trainer.py:311 [INFO] Valid: Epoch: [1][150/391]	Step 782	Loss 1.3658	Prec@(1,5) (50.0%, 93.6%)
08/22 12:29:14午後 searchStage_trainer.py:311 [INFO] Valid: Epoch: [1][200/391]	Step 782	Loss 1.3640	Prec@(1,5) (50.0%, 93.8%)
08/22 12:29:18午後 searchStage_trainer.py:311 [INFO] Valid: Epoch: [1][250/391]	Step 782	Loss 1.3640	Prec@(1,5) (49.9%, 93.7%)
08/22 12:29:21午後 searchStage_trainer.py:311 [INFO] Valid: Epoch: [1][300/391]	Step 782	Loss 1.3647	Prec@(1,5) (49.7%, 93.6%)
08/22 12:29:25午後 searchStage_trainer.py:311 [INFO] Valid: Epoch: [1][350/391]	Step 782	Loss 1.3650	Prec@(1,5) (49.7%, 93.6%)
08/22 12:29:28午後 searchStage_trainer.py:311 [INFO] Valid: Epoch: [1][390/391]	Step 782	Loss 1.3635	Prec@(1,5) (49.8%, 93.7%)
08/22 12:29:28午後 searchStage_trainer.py:322 [INFO] Valid: [  1/49] Final Prec@1 49.7840%
08/22 12:29:28午後 searchStage_KD_main.py:58 [INFO] DAG = Genotype2(DAG1=[[('skip_connect', 1), ('skip_connect', 0)], [('avg_pool_3x3', 2), ('skip_connect', 0)], [('avg_pool_3x3', 3), ('max_pool_3x3', 2)], [('max_pool_3x3', 4), ('max_pool_3x3', 2)], [('max_pool_3x3', 1), ('max_pool_3x3', 0)], [('max_pool_3x3', 1), ('max_pool_3x3', 0)]], DAG1_concat=range(6, 8), DAG2=[[('skip_connect', 1), ('avg_pool_3x3', 0)], [('avg_pool_3x3', 2), ('max_pool_3x3', 0)], [('max_pool_3x3', 3), ('max_pool_3x3', 2)], [('skip_connect', 3), ('max_pool_3x3', 4)], [('avg_pool_3x3', 1), ('max_pool_3x3', 0)], [('max_pool_3x3', 0), ('max_pool_3x3', 1)]], DAG2_concat=range(6, 8), DAG3=[[('skip_connect', 0), ('avg_pool_3x3', 1)], [('avg_pool_3x3', 2), ('skip_connect', 0)], [('skip_connect', 3), ('skip_connect', 2)], [('skip_connect', 4), ('skip_connect', 3)], [('skip_connect', 1), ('skip_connect', 2)], [('max_pool_3x3', 0), ('max_pool_3x3', 1)]], DAG3_concat=range(6, 8))
08/22 12:29:28午後 searchStage_KD_main.py:89 [INFO] Until now, best Prec@1 = 49.7840%
####### ALPHA #######
# Alpha - DAG
tensor([[0.2492, 0.2493, 0.2514, 0.2501],
        [0.2499, 0.2498, 0.2512, 0.2491]], device='cuda:0',
       grad_fn=<SoftmaxBackward0>)
tensor([[0.2504, 0.2494, 0.2510, 0.2492],
        [0.2498, 0.2498, 0.2509, 0.2495],
        [0.2501, 0.2502, 0.2497, 0.2499]], device='cuda:0',
       grad_fn=<SoftmaxBackward0>)
tensor([[0.2514, 0.2492, 0.2502, 0.2492],
        [0.2511, 0.2491, 0.2504, 0.2494],
        [0.2512, 0.2504, 0.2497, 0.2487],
        [0.2497, 0.2505, 0.2502, 0.2497]], device='cuda:0',
       grad_fn=<SoftmaxBackward0>)
tensor([[0.2507, 0.2495, 0.2508, 0.2490],
        [0.2509, 0.2498, 0.2504, 0.2489],
        [0.2509, 0.2502, 0.2499, 0.2490],
        [0.2497, 0.2501, 0.2502, 0.2500],
        [0.2507, 0.2502, 0.2489, 0.2503]], device='cuda:0',
       grad_fn=<SoftmaxBackward0>)
tensor([[0.2527, 0.2489, 0.2503, 0.2480],
        [0.2522, 0.2491, 0.2511, 0.2475],
        [0.2514, 0.2500, 0.2497, 0.2488],
        [0.2609, 0.2406, 0.2488, 0.2497],
        [0.2561, 0.2394, 0.2466, 0.2579],
        [0.2574, 0.2420, 0.2459, 0.2547]], device='cuda:0',
       grad_fn=<SoftmaxBackward0>)
tensor([[0.2521, 0.2485, 0.2508, 0.2486],
        [0.2523, 0.2487, 0.2507, 0.2483],
        [0.2513, 0.2500, 0.2492, 0.2495],
        [0.2559, 0.2416, 0.2519, 0.2505],
        [0.2569, 0.2417, 0.2485, 0.2529],
        [0.2522, 0.2417, 0.2487, 0.2574],
        [0.2496, 0.2445, 0.2476, 0.2583]], device='cuda:0',
       grad_fn=<SoftmaxBackward0>)
tensor([[0.2498, 0.2502, 0.2501, 0.2499],
        [0.2497, 0.2496, 0.2506, 0.2501]], device='cuda:0',
       grad_fn=<SoftmaxBackward0>)
tensor([[0.2501, 0.2497, 0.2500, 0.2501],
        [0.2498, 0.2501, 0.2500, 0.2501],
        [0.2495, 0.2503, 0.2503, 0.2499]], device='cuda:0',
       grad_fn=<SoftmaxBackward0>)
tensor([[0.2498, 0.2499, 0.2500, 0.2504],
        [0.2502, 0.2496, 0.2503, 0.2498],
        [0.2503, 0.2499, 0.2502, 0.2496],
        [0.2502, 0.2500, 0.2498, 0.2499]], device='cuda:0',
       grad_fn=<SoftmaxBackward0>)
tensor([[0.2499, 0.2499, 0.2502, 0.2499],
        [0.2505, 0.2497, 0.2501, 0.2497],
        [0.2497, 0.2505, 0.2497, 0.2502],
        [0.2500, 0.2499, 0.2504, 0.2497],
        [0.2502, 0.2501, 0.2499, 0.2498]], device='cuda:0',
       grad_fn=<SoftmaxBackward0>)
tensor([[0.2509, 0.2499, 0.2500, 0.2492],
        [0.2503, 0.2506, 0.2498, 0.2493],
        [0.2501, 0.2500, 0.2504, 0.2495],
        [0.2499, 0.2485, 0.2492, 0.2524],
        [0.2465, 0.2516, 0.2476, 0.2543],
        [0.2448, 0.2516, 0.2475, 0.2562]], device='cuda:0',
       grad_fn=<SoftmaxBackward0>)
tensor([[0.2504, 0.2503, 0.2499, 0.2495],
        [0.2502, 0.2500, 0.2501, 0.2496],
        [0.2501, 0.2504, 0.2499, 0.2495],
        [0.2550, 0.2459, 0.2498, 0.2494],
        [0.2520, 0.2455, 0.2468, 0.2557],
        [0.2508, 0.2477, 0.2470, 0.2545],
        [0.2496, 0.2487, 0.2490, 0.2526]], device='cuda:0',
       grad_fn=<SoftmaxBackward0>)
tensor([[0.2498, 0.2501, 0.2502, 0.2499],
        [0.2499, 0.2502, 0.2500, 0.2499]], device='cuda:0',
       grad_fn=<SoftmaxBackward0>)
tensor([[0.2498, 0.2496, 0.2506, 0.2499],
        [0.2498, 0.2499, 0.2504, 0.2500],
        [0.2498, 0.2503, 0.2499, 0.2500]], device='cuda:0',
       grad_fn=<SoftmaxBackward0>)
tensor([[0.2500, 0.2500, 0.2501, 0.2500],
        [0.2496, 0.2500, 0.2504, 0.2500],
        [0.2499, 0.2495, 0.2505, 0.2502],
        [0.2501, 0.2499, 0.2505, 0.2495]], device='cuda:0',
       grad_fn=<SoftmaxBackward0>)
tensor([[0.2499, 0.2502, 0.2501, 0.2497],
        [0.2496, 0.2494, 0.2502, 0.2508],
        [0.2494, 0.2500, 0.2503, 0.2502],
        [0.2501, 0.2496, 0.2503, 0.2499],
        [0.2495, 0.2499, 0.2508, 0.2498]], device='cuda:0',
       grad_fn=<SoftmaxBackward0>)
tensor([[0.2502, 0.2501, 0.2503, 0.2493],
        [0.2502, 0.2501, 0.2506, 0.2491],
        [0.2498, 0.2500, 0.2504, 0.2498],
        [0.2461, 0.2455, 0.2495, 0.2590],
        [0.2481, 0.2446, 0.2501, 0.2573],
        [0.2462, 0.2444, 0.2529, 0.2566]], device='cuda:0',
       grad_fn=<SoftmaxBackward0>)
tensor([[0.2506, 0.2498, 0.2505, 0.2490],
        [0.2503, 0.2502, 0.2500, 0.2495],
        [0.2497, 0.2495, 0.2510, 0.2498],
        [0.2494, 0.2460, 0.2528, 0.2517],
        [0.2502, 0.2442, 0.2515, 0.2541],
        [0.2482, 0.2421, 0.2540, 0.2557],
        [0.2492, 0.2449, 0.2509, 0.2550]], device='cuda:0',
       grad_fn=<SoftmaxBackward0>)
#####################
08/22 12:29:51午後 searchStage_trainer.py:267 [INFO] Train: Epoch: [2][50/390]	Step 832	lr 0.02491	Loss 1.1599 (1.2736)	Hard Loss 1.1599 (1.2736)	Soft Loss 1.1599 (1.2736)	Arch Loss 1.1649 (1.3017)	Arch Hard Loss 1.1649 (1.3017)	Arch Soft Loss 1.1649 (1.3017)	Arch depth Loss -4.5070 (-4.3416)	Prec@(1,5) (53.1%, 94.3%)	
08/22 12:30:12午後 searchStage_trainer.py:267 [INFO] Train: Epoch: [2][100/390]	Step 882	lr 0.02491	Loss 1.1689 (1.2512)	Hard Loss 1.1689 (1.2512)	Soft Loss 1.1689 (1.2512)	Arch Loss 1.4500 (1.2668)	Arch Hard Loss 1.4500 (1.2668)	Arch Soft Loss 1.4500 (1.2668)	Arch depth Loss -4.8522 (-4.5120)	Prec@(1,5) (54.7%, 94.7%)	
08/22 12:30:34午後 searchStage_trainer.py:267 [INFO] Train: Epoch: [2][150/390]	Step 932	lr 0.02491	Loss 1.1313 (1.2467)	Hard Loss 1.1313 (1.2467)	Soft Loss 1.1313 (1.2467)	Arch Loss 1.0832 (1.2475)	Arch Hard Loss 1.0832 (1.2475)	Arch Soft Loss 1.0832 (1.2475)	Arch depth Loss -5.2070 (-4.6854)	Prec@(1,5) (55.2%, 94.8%)	
08/22 12:30:55午後 searchStage_trainer.py:267 [INFO] Train: Epoch: [2][200/390]	Step 982	lr 0.02491	Loss 1.3290 (1.2285)	Hard Loss 1.3290 (1.2285)	Soft Loss 1.3290 (1.2285)	Arch Loss 1.3858 (1.2428)	Arch Hard Loss 1.3858 (1.2428)	Arch Soft Loss 1.3858 (1.2428)	Arch depth Loss -5.5716 (-4.8621)	Prec@(1,5) (55.6%, 95.0%)	
08/22 12:31:17午後 searchStage_trainer.py:267 [INFO] Train: Epoch: [2][250/390]	Step 1032	lr 0.02491	Loss 1.1348 (1.2142)	Hard Loss 1.1348 (1.2142)	Soft Loss 1.1348 (1.2142)	Arch Loss 0.8959 (1.2275)	Arch Hard Loss 0.8959 (1.2275)	Arch Soft Loss 0.8959 (1.2275)	Arch depth Loss -5.9460 (-5.0420)	Prec@(1,5) (56.3%, 95.0%)	
08/22 12:31:39午後 searchStage_trainer.py:267 [INFO] Train: Epoch: [2][300/390]	Step 1082	lr 0.02491	Loss 1.2061 (1.2059)	Hard Loss 1.2061 (1.2059)	Soft Loss 1.2061 (1.2059)	Arch Loss 1.2833 (1.2214)	Arch Hard Loss 1.2833 (1.2214)	Arch Soft Loss 1.2833 (1.2214)	Arch depth Loss -6.3306 (-5.2252)	Prec@(1,5) (56.6%, 95.1%)	
08/22 12:32:00午後 searchStage_trainer.py:267 [INFO] Train: Epoch: [2][350/390]	Step 1132	lr 0.02491	Loss 1.0199 (1.1945)	Hard Loss 1.0199 (1.1945)	Soft Loss 1.0199 (1.1945)	Arch Loss 1.1084 (1.2133)	Arch Hard Loss 1.1084 (1.2133)	Arch Soft Loss 1.1084 (1.2133)	Arch depth Loss -6.7255 (-5.4118)	Prec@(1,5) (57.1%, 95.1%)	
08/22 12:32:18午後 searchStage_trainer.py:267 [INFO] Train: Epoch: [2][390/390]	Step 1172	lr 0.02491	Loss 1.2394 (1.1851)	Hard Loss 1.2394 (1.1851)	Soft Loss 1.2394 (1.1851)	Arch Loss 1.1189 (1.2086)	Arch Hard Loss 1.1189 (1.2086)	Arch Soft Loss 1.1189 (1.2086)	Arch depth Loss -7.0489 (-5.5635)	Prec@(1,5) (57.5%, 95.2%)	
08/22 12:32:18午後 searchStage_trainer.py:283 [INFO] Train: [  2/49] Final Prec@1 57.5000%
08/22 12:32:22午後 searchStage_trainer.py:311 [INFO] Valid: Epoch: [2][50/391]	Step 1173	Loss 1.2019	Prec@(1,5) (59.1%, 94.0%)
08/22 12:32:25午後 searchStage_trainer.py:311 [INFO] Valid: Epoch: [2][100/391]	Step 1173	Loss 1.1918	Prec@(1,5) (59.1%, 94.2%)
08/22 12:32:29午後 searchStage_trainer.py:311 [INFO] Valid: Epoch: [2][150/391]	Step 1173	Loss 1.1935	Prec@(1,5) (58.8%, 94.4%)
08/22 12:32:33午後 searchStage_trainer.py:311 [INFO] Valid: Epoch: [2][200/391]	Step 1173	Loss 1.1929	Prec@(1,5) (58.8%, 94.4%)
08/22 12:32:36午後 searchStage_trainer.py:311 [INFO] Valid: Epoch: [2][250/391]	Step 1173	Loss 1.2041	Prec@(1,5) (58.6%, 94.2%)
08/22 12:32:40午後 searchStage_trainer.py:311 [INFO] Valid: Epoch: [2][300/391]	Step 1173	Loss 1.2023	Prec@(1,5) (58.5%, 94.2%)
08/22 12:32:44午後 searchStage_trainer.py:311 [INFO] Valid: Epoch: [2][350/391]	Step 1173	Loss 1.2079	Prec@(1,5) (58.6%, 94.0%)
08/22 12:32:47午後 searchStage_trainer.py:311 [INFO] Valid: Epoch: [2][390/391]	Step 1173	Loss 1.2068	Prec@(1,5) (58.5%, 94.0%)
08/22 12:32:47午後 searchStage_trainer.py:322 [INFO] Valid: [  2/49] Final Prec@1 58.4960%
08/22 12:32:47午後 searchStage_KD_main.py:58 [INFO] DAG = Genotype2(DAG1=[[('skip_connect', 1), ('skip_connect', 0)], [('avg_pool_3x3', 2), ('skip_connect', 0)], [('skip_connect', 3), ('max_pool_3x3', 2)], [('max_pool_3x3', 4), ('skip_connect', 3)], [('max_pool_3x3', 1), ('max_pool_3x3', 0)], [('max_pool_3x3', 1), ('max_pool_3x3', 0)]], DAG1_concat=range(6, 8), DAG2=[[('skip_connect', 1), ('skip_connect', 0)], [('avg_pool_3x3', 2), ('max_pool_3x3', 0)], [('max_pool_3x3', 3), ('max_pool_3x3', 2)], [('max_pool_3x3', 4), ('skip_connect', 3)], [('avg_pool_3x3', 1), ('skip_connect', 2)], [('max_pool_3x3', 1), ('max_pool_3x3', 0)]], DAG2_concat=range(6, 8), DAG3=[[('skip_connect', 0), ('skip_connect', 1)], [('avg_pool_3x3', 2), ('skip_connect', 0)], [('skip_connect', 3), ('skip_connect', 2)], [('skip_connect', 4), ('skip_connect', 3)], [('skip_connect', 1), ('skip_connect', 2)], [('max_pool_3x3', 0), ('max_pool_3x3', 1)]], DAG3_concat=range(6, 8))
08/22 12:32:47午後 searchStage_KD_main.py:89 [INFO] Until now, best Prec@1 = 58.4960%
####### ALPHA #######
# Alpha - DAG
tensor([[0.2490, 0.2488, 0.2520, 0.2501],
        [0.2498, 0.2493, 0.2519, 0.2491]], device='cuda:0',
       grad_fn=<SoftmaxBackward0>)
tensor([[0.2505, 0.2489, 0.2517, 0.2489],
        [0.2496, 0.2489, 0.2518, 0.2497],
        [0.2500, 0.2501, 0.2500, 0.2499]], device='cuda:0',
       grad_fn=<SoftmaxBackward0>)
tensor([[0.2516, 0.2487, 0.2509, 0.2488],
        [0.2512, 0.2486, 0.2511, 0.2491],
        [0.2510, 0.2502, 0.2499, 0.2489],
        [0.2496, 0.2503, 0.2504, 0.2498]], device='cuda:0',
       grad_fn=<SoftmaxBackward0>)
tensor([[0.2511, 0.2491, 0.2514, 0.2484],
        [0.2511, 0.2494, 0.2509, 0.2486],
        [0.2509, 0.2499, 0.2502, 0.2490],
        [0.2496, 0.2500, 0.2502, 0.2502],
        [0.2507, 0.2501, 0.2488, 0.2505]], device='cuda:0',
       grad_fn=<SoftmaxBackward0>)
tensor([[0.2536, 0.2479, 0.2512, 0.2473],
        [0.2528, 0.2483, 0.2521, 0.2468],
        [0.2515, 0.2496, 0.2499, 0.2489],
        [0.2592, 0.2383, 0.2538, 0.2486],
        [0.2578, 0.2335, 0.2445, 0.2642],
        [0.2580, 0.2365, 0.2453, 0.2602]], device='cuda:0',
       grad_fn=<SoftmaxBackward0>)
tensor([[0.2526, 0.2472, 0.2523, 0.2479],
        [0.2527, 0.2474, 0.2521, 0.2477],
        [0.2512, 0.2498, 0.2497, 0.2493],
        [0.2529, 0.2408, 0.2572, 0.2491],
        [0.2565, 0.2342, 0.2499, 0.2595],
        [0.2511, 0.2389, 0.2514, 0.2586],
        [0.2466, 0.2442, 0.2461, 0.2631]], device='cuda:0',
       grad_fn=<SoftmaxBackward0>)
tensor([[0.2498, 0.2501, 0.2502, 0.2499],
        [0.2497, 0.2495, 0.2506, 0.2502]], device='cuda:0',
       grad_fn=<SoftmaxBackward0>)
tensor([[0.2502, 0.2497, 0.2501, 0.2500],
        [0.2499, 0.2501, 0.2501, 0.2500],
        [0.2494, 0.2503, 0.2502, 0.2501]], device='cuda:0',
       grad_fn=<SoftmaxBackward0>)
tensor([[0.2498, 0.2499, 0.2500, 0.2503],
        [0.2503, 0.2497, 0.2504, 0.2496],
        [0.2502, 0.2499, 0.2502, 0.2497],
        [0.2502, 0.2500, 0.2498, 0.2500]], device='cuda:0',
       grad_fn=<SoftmaxBackward0>)
tensor([[0.2500, 0.2499, 0.2503, 0.2498],
        [0.2505, 0.2498, 0.2501, 0.2496],
        [0.2497, 0.2504, 0.2497, 0.2502],
        [0.2500, 0.2499, 0.2503, 0.2498],
        [0.2503, 0.2501, 0.2499, 0.2498]], device='cuda:0',
       grad_fn=<SoftmaxBackward0>)
tensor([[0.2510, 0.2500, 0.2501, 0.2488],
        [0.2504, 0.2508, 0.2500, 0.2488],
        [0.2502, 0.2500, 0.2506, 0.2492],
        [0.2525, 0.2460, 0.2451, 0.2564],
        [0.2517, 0.2479, 0.2420, 0.2583],
        [0.2462, 0.2494, 0.2422, 0.2622]], device='cuda:0',
       grad_fn=<SoftmaxBackward0>)
tensor([[0.2507, 0.2501, 0.2499, 0.2493],
        [0.2505, 0.2500, 0.2502, 0.2493],
        [0.2503, 0.2504, 0.2498, 0.2496],
        [0.2554, 0.2476, 0.2514, 0.2457],
        [0.2533, 0.2431, 0.2433, 0.2603],
        [0.2494, 0.2485, 0.2457, 0.2564],
        [0.2493, 0.2497, 0.2499, 0.2510]], device='cuda:0',
       grad_fn=<SoftmaxBackward0>)
tensor([[0.2497, 0.2501, 0.2503, 0.2499],
        [0.2498, 0.2501, 0.2502, 0.2499]], device='cuda:0',
       grad_fn=<SoftmaxBackward0>)
tensor([[0.2498, 0.2496, 0.2507, 0.2499],
        [0.2497, 0.2498, 0.2505, 0.2500],
        [0.2498, 0.2503, 0.2500, 0.2499]], device='cuda:0',
       grad_fn=<SoftmaxBackward0>)
tensor([[0.2500, 0.2499, 0.2501, 0.2499],
        [0.2496, 0.2499, 0.2505, 0.2500],
        [0.2500, 0.2494, 0.2505, 0.2501],
        [0.2501, 0.2499, 0.2505, 0.2494]], device='cuda:0',
       grad_fn=<SoftmaxBackward0>)
tensor([[0.2499, 0.2502, 0.2502, 0.2497],
        [0.2495, 0.2494, 0.2503, 0.2508],
        [0.2494, 0.2500, 0.2503, 0.2502],
        [0.2501, 0.2497, 0.2503, 0.2499],
        [0.2495, 0.2499, 0.2508, 0.2498]], device='cuda:0',
       grad_fn=<SoftmaxBackward0>)
tensor([[0.2503, 0.2500, 0.2505, 0.2491],
        [0.2503, 0.2499, 0.2507, 0.2490],
        [0.2499, 0.2499, 0.2505, 0.2498],
        [0.2428, 0.2438, 0.2512, 0.2623],
        [0.2476, 0.2440, 0.2514, 0.2570],
        [0.2473, 0.2443, 0.2536, 0.2548]], device='cuda:0',
       grad_fn=<SoftmaxBackward0>)
tensor([[0.2507, 0.2496, 0.2506, 0.2490],
        [0.2503, 0.2500, 0.2501, 0.2495],
        [0.2496, 0.2494, 0.2512, 0.2497],
        [0.2450, 0.2444, 0.2578, 0.2529],
        [0.2481, 0.2437, 0.2551, 0.2530],
        [0.2455, 0.2405, 0.2597, 0.2543],
        [0.2465, 0.2446, 0.2534, 0.2556]], device='cuda:0',
       grad_fn=<SoftmaxBackward0>)
#####################
08/22 12:33:09午後 searchStage_trainer.py:267 [INFO] Train: Epoch: [3][50/390]	Step 1223	lr 0.02479	Loss 1.1188 (1.1158)	Hard Loss 1.1188 (1.1158)	Soft Loss 1.1188 (1.1158)	Arch Loss 1.2954 (1.1288)	Arch Hard Loss 1.2954 (1.1288)	Arch Soft Loss 1.2954 (1.1288)	Arch depth Loss -7.4713 (-7.2674)	Prec@(1,5) (60.3%, 95.6%)	
08/22 12:33:31午後 searchStage_trainer.py:267 [INFO] Train: Epoch: [3][100/390]	Step 1273	lr 0.02479	Loss 1.3329 (1.0923)	Hard Loss 1.3329 (1.0923)	Soft Loss 1.3329 (1.0923)	Arch Loss 1.0678 (1.1220)	Arch Hard Loss 1.0678 (1.1220)	Arch Soft Loss 1.0678 (1.1220)	Arch depth Loss -7.8963 (-7.4773)	Prec@(1,5) (60.7%, 95.9%)	
08/22 12:33:53午後 searchStage_trainer.py:267 [INFO] Train: Epoch: [3][150/390]	Step 1323	lr 0.02479	Loss 0.9108 (1.0966)	Hard Loss 0.9108 (1.0966)	Soft Loss 0.9108 (1.0966)	Arch Loss 0.7782 (1.1156)	Arch Hard Loss 0.7782 (1.1156)	Arch Soft Loss 0.7782 (1.1156)	Arch depth Loss -8.3324 (-7.6908)	Prec@(1,5) (60.6%, 95.8%)	
08/22 12:34:14午後 searchStage_trainer.py:267 [INFO] Train: Epoch: [3][200/390]	Step 1373	lr 0.02479	Loss 0.9395 (1.0774)	Hard Loss 0.9395 (1.0774)	Soft Loss 0.9395 (1.0774)	Arch Loss 0.8898 (1.1024)	Arch Hard Loss 0.8898 (1.1024)	Arch Soft Loss 0.8898 (1.1024)	Arch depth Loss -8.7798 (-7.9080)	Prec@(1,5) (61.2%, 96.1%)	
08/22 12:34:36午後 searchStage_trainer.py:267 [INFO] Train: Epoch: [3][250/390]	Step 1423	lr 0.02479	Loss 0.9132 (1.0687)	Hard Loss 0.9132 (1.0687)	Soft Loss 0.9132 (1.0687)	Arch Loss 0.9646 (1.0905)	Arch Hard Loss 0.9646 (1.0905)	Arch Soft Loss 0.9646 (1.0905)	Arch depth Loss -9.2387 (-8.1290)	Prec@(1,5) (61.6%, 96.1%)	
08/22 12:34:57午後 searchStage_trainer.py:267 [INFO] Train: Epoch: [3][300/390]	Step 1473	lr 0.02479	Loss 1.0092 (1.0594)	Hard Loss 1.0092 (1.0594)	Soft Loss 1.0092 (1.0594)	Arch Loss 0.9457 (1.0810)	Arch Hard Loss 0.9457 (1.0810)	Arch Soft Loss 0.9457 (1.0810)	Arch depth Loss -9.7092 (-8.3538)	Prec@(1,5) (61.9%, 96.1%)	
08/22 12:35:19午後 searchStage_trainer.py:267 [INFO] Train: Epoch: [3][350/390]	Step 1523	lr 0.02479	Loss 1.0656 (1.0563)	Hard Loss 1.0656 (1.0563)	Soft Loss 1.0656 (1.0563)	Arch Loss 1.1148 (1.0777)	Arch Hard Loss 1.1148 (1.0777)	Arch Soft Loss 1.1148 (1.0777)	Arch depth Loss -10.1917 (-8.5824)	Prec@(1,5) (62.0%, 96.2%)	
08/22 12:35:36午後 searchStage_trainer.py:267 [INFO] Train: Epoch: [3][390/390]	Step 1563	lr 0.02479	Loss 1.1152 (1.0455)	Hard Loss 1.1152 (1.0455)	Soft Loss 1.1152 (1.0455)	Arch Loss 1.0811 (1.0679)	Arch Hard Loss 1.0811 (1.0679)	Arch Soft Loss 1.0811 (1.0679)	Arch depth Loss -10.5864 (-8.7681)	Prec@(1,5) (62.4%, 96.3%)	
08/22 12:35:37午後 searchStage_trainer.py:283 [INFO] Train: [  3/49] Final Prec@1 62.4440%
08/22 12:35:41午後 searchStage_trainer.py:311 [INFO] Valid: Epoch: [3][50/391]	Step 1564	Loss 1.0898	Prec@(1,5) (62.4%, 95.8%)
08/22 12:35:44午後 searchStage_trainer.py:311 [INFO] Valid: Epoch: [3][100/391]	Step 1564	Loss 1.0913	Prec@(1,5) (61.9%, 95.8%)
08/22 12:35:48午後 searchStage_trainer.py:311 [INFO] Valid: Epoch: [3][150/391]	Step 1564	Loss 1.0882	Prec@(1,5) (62.3%, 95.9%)
08/22 12:35:51午後 searchStage_trainer.py:311 [INFO] Valid: Epoch: [3][200/391]	Step 1564	Loss 1.0832	Prec@(1,5) (62.5%, 95.9%)
08/22 12:35:55午後 searchStage_trainer.py:311 [INFO] Valid: Epoch: [3][250/391]	Step 1564	Loss 1.0878	Prec@(1,5) (62.2%, 95.8%)
08/22 12:35:59午後 searchStage_trainer.py:311 [INFO] Valid: Epoch: [3][300/391]	Step 1564	Loss 1.0864	Prec@(1,5) (61.9%, 95.9%)
08/22 12:36:02午後 searchStage_trainer.py:311 [INFO] Valid: Epoch: [3][350/391]	Step 1564	Loss 1.0810	Prec@(1,5) (62.1%, 95.9%)
08/22 12:36:05午後 searchStage_trainer.py:311 [INFO] Valid: Epoch: [3][390/391]	Step 1564	Loss 1.0808	Prec@(1,5) (62.1%, 95.9%)
08/22 12:36:05午後 searchStage_trainer.py:322 [INFO] Valid: [  3/49] Final Prec@1 62.0880%
