09/05 12:06:55AM parser.py:28 [INFO] 
09/05 12:06:55AM parser.py:29 [INFO] Parameters:
09/05 12:06:55AM parser.py:31 [INFO] DAG_PATH=results/search_stage_KD/cifar100/SIMPLE-KD/s1-BaselineBestCell/DAG
09/05 12:06:55AM parser.py:31 [INFO] T=10.0
09/05 12:06:55AM parser.py:31 [INFO] ADVANCED=True
09/05 12:06:55AM parser.py:31 [INFO] ALPHA_LR=0.0003
09/05 12:06:55AM parser.py:31 [INFO] ALPHA_WEIGHT_DECAY=0.001
09/05 12:06:55AM parser.py:31 [INFO] BATCH_SIZE=64
09/05 12:06:55AM parser.py:31 [INFO] CASCADE=False
09/05 12:06:55AM parser.py:31 [INFO] CHECKPOINT_RESET=False
09/05 12:06:55AM parser.py:31 [INFO] CUTOUT_LENGTH=0
09/05 12:06:55AM parser.py:31 [INFO] DATA_PATH=../data/
09/05 12:06:55AM parser.py:31 [INFO] DATASET=cifar100
09/05 12:06:55AM parser.py:31 [INFO] DEPTH_COEF=0.0
09/05 12:06:55AM parser.py:31 [INFO] DESCRIPTION=search_architecture_on_KD_without_depth_loss_with_large_slidewindoe
09/05 12:06:55AM parser.py:31 [INFO] EPOCHS=50
09/05 12:06:55AM parser.py:31 [INFO] EXP_NAME=s1-BaselineBestCell
09/05 12:06:55AM parser.py:31 [INFO] GENOTYPE=Genotype3(normal1=[[('sep_conv_5x5', 0), ('sep_conv_3x3', 1)], [('sep_conv_3x3', 1), ('sep_conv_3x3', 0)], [('sep_conv_3x3', 1), ('sep_conv_3x3', 2)], [('sep_conv_3x3', 0), ('sep_conv_5x5', 4)]], normal1_concat=range(2, 6), reduce1=[[('sep_conv_3x3', 0), ('skip_connect', 1)], [('sep_conv_3x3', 1), ('max_pool_3x3', 0)], [('sep_conv_3x3', 2), ('sep_conv_3x3', 1)], [('max_pool_3x3', 0), ('dil_conv_3x3', 1)]], reduce1_concat=range(2, 6), normal2=[[('skip_connect', 0), ('sep_conv_5x5', 1)], [('skip_connect', 0), ('skip_connect', 2)], [('avg_pool_3x3', 0), ('avg_pool_3x3', 2)], [('skip_connect', 0), ('avg_pool_3x3', 2)]], normal2_concat=range(2, 6), reduce2=[[('avg_pool_3x3', 0), ('avg_pool_3x3', 1)], [('avg_pool_3x3', 0), ('skip_connect', 2)], [('skip_connect', 2), ('avg_pool_3x3', 0)], [('skip_connect', 2), ('avg_pool_3x3', 0)]], reduce2_concat=range(2, 6), normal3=[[('skip_connect', 0), ('skip_connect', 1)], [('skip_connect', 0), ('dil_conv_3x3', 1)], [('skip_connect', 0), ('skip_connect', 1)], [('skip_connect', 0), ('skip_connect', 2)]], normal3_concat=range(2, 6))
09/05 12:06:55AM parser.py:31 [INFO] GPUS=[0]
09/05 12:06:55AM parser.py:31 [INFO] INIT_CHANNELS=16
09/05 12:06:55AM parser.py:31 [INFO] L=0.5
09/05 12:06:55AM parser.py:31 [INFO] LAYERS=20
09/05 12:06:55AM parser.py:31 [INFO] LOGGER=<Logger H-DAS (INFO)>
09/05 12:06:55AM parser.py:31 [INFO] NAME=SIMPLE-KD
09/05 12:06:55AM parser.py:31 [INFO] NONKD=False
09/05 12:06:55AM parser.py:31 [INFO] PATH=results/search_stage_KD/cifar100/SIMPLE-KD/s1-BaselineBestCell
09/05 12:06:55AM parser.py:31 [INFO] PCDARTS=False
09/05 12:06:55AM parser.py:31 [INFO] PLOT_PATH=results/search_stage_KD/cifar100/SIMPLE-KD/s1-BaselineBestCell/plots
09/05 12:06:55AM parser.py:31 [INFO] PRINT_FREQ=50
09/05 12:06:55AM parser.py:31 [INFO] RESUME_PATH=None
09/05 12:06:55AM parser.py:31 [INFO] SAVE=s1-BaselineBestCell
09/05 12:06:55AM parser.py:31 [INFO] SEED=1
09/05 12:06:55AM parser.py:31 [INFO] SHARE_STAGE=False
09/05 12:06:55AM parser.py:31 [INFO] SLIDE_WINDOW=8
09/05 12:06:55AM parser.py:31 [INFO] SPEC_CELL=True
09/05 12:06:55AM parser.py:31 [INFO] TEACHER_NAME=efficientnet_v2_s
09/05 12:06:55AM parser.py:31 [INFO] TEACHER_PATH=/home/miura/lab/KD-hdas/results/teacher/cifar100/efficientnet_v2_s/FINETUNE2/pretrained-20240716-002108/best.pth.tar
09/05 12:06:55AM parser.py:31 [INFO] TRAIN_PORTION=0.5
09/05 12:06:55AM parser.py:31 [INFO] W_GRAD_CLIP=5.0
09/05 12:06:55AM parser.py:31 [INFO] W_LR=0.025
09/05 12:06:55AM parser.py:31 [INFO] W_LR_MIN=0.001
09/05 12:06:55AM parser.py:31 [INFO] W_MOMENTUM=0.9
09/05 12:06:55AM parser.py:31 [INFO] W_WEIGHT_DECAY=0.0003
09/05 12:06:55AM parser.py:31 [INFO] WORKERS=4
09/05 12:06:55AM parser.py:32 [INFO] 
09/05 12:06:57AM searchStage_trainer.py:130 [INFO] --> Loaded teacher model 'efficientnet_v2_s' from '/home/miura/lab/KD-hdas/results/teacher/cifar100/efficientnet_v2_s/FINETUNE2/pretrained-20240716-002108/best.pth.tar' and Freezed parameters)
09/05 12:06:59AM eval_util.py:125 [INFO] Test: Step 000/390 Prec@(1,5) (98.4%, 100.0%)
09/05 12:07:10AM eval_util.py:125 [INFO] Test: Step 390/390 Prec@(1,5) (97.3%, 99.6%)
09/05 12:07:10AM eval_util.py:130 [INFO] Teacher=(efficientnet_v2_s <- (/home/miura/lab/KD-hdas/results/teacher/cifar100/efficientnet_v2_s/FINETUNE2/pretrained-20240716-002108/best.pth.tar)) achives Test Prec(@1, @5) = (97.2640%, 99.6400%)
09/05 12:07:30AM searchStage_trainer.py:137 [INFO] --> No loaded checkpoint!
####### ALPHA #######
# Alpha - DAG
tensor([[0.2501, 0.2500, 0.2499, 0.2501],
        [0.2500, 0.2501, 0.2497, 0.2502]], device='cuda:0',
       grad_fn=<SoftmaxBackward0>)
tensor([[0.2499, 0.2500, 0.2499, 0.2501],
        [0.2500, 0.2498, 0.2501, 0.2501],
        [0.2501, 0.2500, 0.2498, 0.2501]], device='cuda:0',
       grad_fn=<SoftmaxBackward0>)
tensor([[0.2496, 0.2499, 0.2506, 0.2500],
        [0.2500, 0.2496, 0.2501, 0.2502],
        [0.2503, 0.2498, 0.2498, 0.2500],
        [0.2498, 0.2503, 0.2500, 0.2498]], device='cuda:0',
       grad_fn=<SoftmaxBackward0>)
tensor([[0.2503, 0.2501, 0.2498, 0.2499],
        [0.2500, 0.2500, 0.2499, 0.2501],
        [0.2499, 0.2500, 0.2499, 0.2502],
        [0.2497, 0.2505, 0.2501, 0.2497],
        [0.2501, 0.2499, 0.2498, 0.2502]], device='cuda:0',
       grad_fn=<SoftmaxBackward0>)
tensor([[0.2503, 0.2497, 0.2500, 0.2500],
        [0.2501, 0.2502, 0.2501, 0.2497],
        [0.2500, 0.2500, 0.2501, 0.2499],
        [0.2499, 0.2502, 0.2502, 0.2497],
        [0.2495, 0.2504, 0.2500, 0.2501],
        [0.2497, 0.2498, 0.2507, 0.2498]], device='cuda:0',
       grad_fn=<SoftmaxBackward0>)
tensor([[0.2501, 0.2497, 0.2503, 0.2499],
        [0.2499, 0.2499, 0.2501, 0.2501],
        [0.2504, 0.2500, 0.2502, 0.2494],
        [0.2502, 0.2500, 0.2499, 0.2500],
        [0.2498, 0.2497, 0.2502, 0.2502],
        [0.2500, 0.2503, 0.2502, 0.2495],
        [0.2500, 0.2499, 0.2501, 0.2501]], device='cuda:0',
       grad_fn=<SoftmaxBackward0>)
tensor([[0.2499, 0.2498, 0.2503, 0.2500],
        [0.2498, 0.2502, 0.2502, 0.2498]], device='cuda:0',
       grad_fn=<SoftmaxBackward0>)
tensor([[0.2502, 0.2502, 0.2502, 0.2494],
        [0.2502, 0.2499, 0.2497, 0.2502],
        [0.2500, 0.2498, 0.2499, 0.2503]], device='cuda:0',
       grad_fn=<SoftmaxBackward0>)
tensor([[0.2499, 0.2500, 0.2498, 0.2503],
        [0.2499, 0.2504, 0.2497, 0.2499],
        [0.2497, 0.2503, 0.2503, 0.2497],
        [0.2499, 0.2499, 0.2501, 0.2501]], device='cuda:0',
       grad_fn=<SoftmaxBackward0>)
tensor([[0.2507, 0.2498, 0.2499, 0.2496],
        [0.2501, 0.2501, 0.2498, 0.2500],
        [0.2497, 0.2502, 0.2500, 0.2502],
        [0.2499, 0.2498, 0.2503, 0.2500],
        [0.2497, 0.2504, 0.2497, 0.2502]], device='cuda:0',
       grad_fn=<SoftmaxBackward0>)
tensor([[0.2506, 0.2498, 0.2500, 0.2496],
        [0.2498, 0.2498, 0.2503, 0.2500],
        [0.2499, 0.2500, 0.2500, 0.2501],
        [0.2498, 0.2499, 0.2502, 0.2502],
        [0.2501, 0.2502, 0.2497, 0.2500],
        [0.2500, 0.2502, 0.2500, 0.2498]], device='cuda:0',
       grad_fn=<SoftmaxBackward0>)
tensor([[0.2498, 0.2502, 0.2501, 0.2499],
        [0.2501, 0.2500, 0.2498, 0.2502],
        [0.2505, 0.2496, 0.2499, 0.2500],
        [0.2500, 0.2500, 0.2500, 0.2501],
        [0.2503, 0.2501, 0.2501, 0.2495],
        [0.2499, 0.2499, 0.2501, 0.2501],
        [0.2501, 0.2502, 0.2500, 0.2496]], device='cuda:0',
       grad_fn=<SoftmaxBackward0>)
tensor([[0.2499, 0.2500, 0.2505, 0.2497],
        [0.2500, 0.2499, 0.2500, 0.2500]], device='cuda:0',
       grad_fn=<SoftmaxBackward0>)
tensor([[0.2499, 0.2499, 0.2500, 0.2501],
        [0.2499, 0.2500, 0.2500, 0.2501],
        [0.2497, 0.2500, 0.2500, 0.2503]], device='cuda:0',
       grad_fn=<SoftmaxBackward0>)
tensor([[0.2501, 0.2502, 0.2493, 0.2504],
        [0.2495, 0.2503, 0.2500, 0.2502],
        [0.2502, 0.2498, 0.2499, 0.2501],
        [0.2500, 0.2498, 0.2503, 0.2500]], device='cuda:0',
       grad_fn=<SoftmaxBackward0>)
tensor([[0.2502, 0.2501, 0.2499, 0.2497],
        [0.2500, 0.2497, 0.2502, 0.2501],
        [0.2500, 0.2501, 0.2501, 0.2498],
        [0.2499, 0.2501, 0.2500, 0.2500],
        [0.2502, 0.2499, 0.2500, 0.2499]], device='cuda:0',
       grad_fn=<SoftmaxBackward0>)
tensor([[0.2502, 0.2495, 0.2501, 0.2501],
        [0.2499, 0.2500, 0.2500, 0.2500],
        [0.2502, 0.2499, 0.2498, 0.2501],
        [0.2500, 0.2503, 0.2497, 0.2500],
        [0.2501, 0.2499, 0.2498, 0.2502],
        [0.2496, 0.2508, 0.2499, 0.2497]], device='cuda:0',
       grad_fn=<SoftmaxBackward0>)
tensor([[0.2501, 0.2501, 0.2499, 0.2499],
        [0.2501, 0.2499, 0.2501, 0.2498],
        [0.2497, 0.2504, 0.2502, 0.2497],
        [0.2500, 0.2502, 0.2498, 0.2499],
        [0.2500, 0.2502, 0.2500, 0.2498],
        [0.2500, 0.2504, 0.2496, 0.2500],
        [0.2501, 0.2501, 0.2498, 0.2499]], device='cuda:0',
       grad_fn=<SoftmaxBackward0>)
#####################
09/05 12:07:49AM searchStage_trainer.py:268 [INFO] Train: Epoch: [0][50/390]	Step 50	lr 0.025	Loss 2.3761 (2.3797)	Hard Loss 4.7027 (4.7071)	Soft Loss 0.0005 (0.0005)	Arch Loss 2.3319 (2.3705)	Arch Hard Loss 4.6103 (4.6897)	Arch Soft Loss 0.0005 (0.0005)	Arch depth Loss 0.0000 (0.0000)	Prec@(1,5) (2.1%, 8.7%)	
09/05 12:08:05AM searchStage_trainer.py:268 [INFO] Train: Epoch: [0][100/390]	Step 100	lr 0.025	Loss 2.0628 (2.2997)	Hard Loss 4.0771 (4.5483)	Soft Loss 0.0005 (0.0005)	Arch Loss 2.1981 (2.3041)	Arch Hard Loss 4.3510 (4.5580)	Arch Soft Loss 0.0005 (0.0005)	Arch depth Loss 0.0000 (0.0000)	Prec@(1,5) (3.1%, 12.6%)	
09/05 12:08:22AM searchStage_trainer.py:268 [INFO] Train: Epoch: [0][150/390]	Step 150	lr 0.025	Loss 2.0999 (2.2454)	Hard Loss 4.1528 (4.4403)	Soft Loss 0.0005 (0.0005)	Arch Loss 2.0158 (2.2507)	Arch Hard Loss 3.9853 (4.4520)	Arch Soft Loss 0.0005 (0.0005)	Arch depth Loss 0.0000 (0.0000)	Prec@(1,5) (4.1%, 15.1%)	
09/05 12:08:39AM searchStage_trainer.py:268 [INFO] Train: Epoch: [0][200/390]	Step 200	lr 0.025	Loss 2.0778 (2.2023)	Hard Loss 4.1006 (4.3546)	Soft Loss 0.0005 (0.0005)	Arch Loss 2.0487 (2.2032)	Arch Hard Loss 4.0480 (4.3575)	Arch Soft Loss 0.0005 (0.0005)	Arch depth Loss 0.0000 (0.0000)	Prec@(1,5) (4.6%, 17.4%)	
09/05 12:08:55AM searchStage_trainer.py:268 [INFO] Train: Epoch: [0][250/390]	Step 250	lr 0.025	Loss 2.0375 (2.1685)	Hard Loss 4.0295 (4.2874)	Soft Loss 0.0005 (0.0005)	Arch Loss 2.0089 (2.1697)	Arch Hard Loss 3.9705 (4.2910)	Arch Soft Loss 0.0005 (0.0005)	Arch depth Loss 0.0000 (0.0000)	Prec@(1,5) (5.1%, 19.3%)	
09/05 12:09:12AM searchStage_trainer.py:268 [INFO] Train: Epoch: [0][300/390]	Step 300	lr 0.025	Loss 1.8952 (2.1385)	Hard Loss 3.7436 (4.2278)	Soft Loss 0.0005 (0.0005)	Arch Loss 1.9701 (2.1375)	Arch Hard Loss 3.8909 (4.2269)	Arch Soft Loss 0.0005 (0.0005)	Arch depth Loss 0.0000 (0.0000)	Prec@(1,5) (5.6%, 20.8%)	
09/05 12:09:29AM searchStage_trainer.py:268 [INFO] Train: Epoch: [0][350/390]	Step 350	lr 0.025	Loss 1.9897 (2.1130)	Hard Loss 3.9313 (4.1771)	Soft Loss 0.0005 (0.0005)	Arch Loss 1.8473 (2.1128)	Arch Hard Loss 3.6522 (4.1779)	Arch Soft Loss 0.0004 (0.0005)	Arch depth Loss 0.0000 (0.0000)	Prec@(1,5) (6.2%, 22.2%)	
09/05 12:09:42AM searchStage_trainer.py:268 [INFO] Train: Epoch: [0][390/390]	Step 390	lr 0.025	Loss 1.8460 (2.0961)	Hard Loss 3.6481 (4.1435)	Soft Loss 0.0004 (0.0005)	Arch Loss 1.9635 (2.0938)	Arch Hard Loss 3.8815 (4.1400)	Arch Soft Loss 0.0005 (0.0005)	Arch depth Loss 0.0000 (0.0000)	Prec@(1,5) (6.6%, 23.3%)	
09/05 12:09:43AM searchStage_trainer.py:284 [INFO] Train: [  0/49] Final Prec@1 6.6160%
09/05 12:09:46AM searchStage_trainer.py:312 [INFO] Valid: Epoch: [0][50/391]	Step 391	Loss 3.7942	Prec@(1,5) (10.1%, 31.8%)
09/05 12:09:48AM searchStage_trainer.py:312 [INFO] Valid: Epoch: [0][100/391]	Step 391	Loss 3.7884	Prec@(1,5) (10.9%, 32.8%)
09/05 12:09:50AM searchStage_trainer.py:312 [INFO] Valid: Epoch: [0][150/391]	Step 391	Loss 3.7881	Prec@(1,5) (10.9%, 32.9%)
09/05 12:09:53AM searchStage_trainer.py:312 [INFO] Valid: Epoch: [0][200/391]	Step 391	Loss 3.7854	Prec@(1,5) (11.0%, 33.0%)
09/05 12:09:55AM searchStage_trainer.py:312 [INFO] Valid: Epoch: [0][250/391]	Step 391	Loss 3.7911	Prec@(1,5) (10.7%, 32.8%)
09/05 12:09:57AM searchStage_trainer.py:312 [INFO] Valid: Epoch: [0][300/391]	Step 391	Loss 3.7907	Prec@(1,5) (10.8%, 32.8%)
09/05 12:09:59AM searchStage_trainer.py:312 [INFO] Valid: Epoch: [0][350/391]	Step 391	Loss 3.7900	Prec@(1,5) (10.7%, 32.9%)
09/05 12:10:01AM searchStage_trainer.py:312 [INFO] Valid: Epoch: [0][390/391]	Step 391	Loss 3.7870	Prec@(1,5) (10.8%, 33.0%)
09/05 12:10:01AM searchStage_trainer.py:323 [INFO] Valid: [  0/49] Final Prec@1 10.8440%
09/05 12:10:01AM searchStage_KD_main.py:58 [INFO] DAG = Genotype2(DAG1=[[('max_pool_3x3', 0), ('max_pool_3x3', 1)], [('skip_connect', 1), ('skip_connect', 0)], [('max_pool_3x3', 1), ('skip_connect', 2)], [('max_pool_3x3', 2), ('max_pool_3x3', 1)], [('skip_connect', 1), ('skip_connect', 0)], [('max_pool_3x3', 1), ('skip_connect', 0)]], DAG1_concat=range(6, 8), DAG2=[[('skip_connect', 1), ('skip_connect', 0)], [('skip_connect', 1), ('skip_connect', 0)], [('skip_connect', 2), ('skip_connect', 1)], [('max_pool_3x3', 0), ('max_pool_3x3', 1)], [('max_pool_3x3', 0), ('skip_connect', 1)], [('skip_connect', 0), ('skip_connect', 1)]], DAG2_concat=range(6, 8), DAG3=[[('skip_connect', 1), ('skip_connect', 0)], [('skip_connect', 1), ('skip_connect', 0)], [('skip_connect', 2), ('skip_connect', 1)], [('skip_connect', 0), ('skip_connect', 1)], [('max_pool_3x3', 0), ('max_pool_3x3', 1)], [('skip_connect', 0), ('skip_connect', 1)]], DAG3_concat=range(6, 8))
09/05 12:10:01AM searchStage_KD_main.py:89 [INFO] Until now, best Prec@1 = 10.8440%
####### ALPHA #######
# Alpha - DAG
tensor([[0.2508, 0.2490, 0.2500, 0.2501],
        [0.2506, 0.2486, 0.2505, 0.2503]], device='cuda:0',
       grad_fn=<SoftmaxBackward0>)
tensor([[0.2490, 0.2500, 0.2504, 0.2505],
        [0.2499, 0.2497, 0.2510, 0.2494],
        [0.2502, 0.2497, 0.2495, 0.2506]], device='cuda:0',
       grad_fn=<SoftmaxBackward0>)
tensor([[0.2499, 0.2482, 0.2507, 0.2512],
        [0.2516, 0.2490, 0.2502, 0.2492],
        [0.2496, 0.2494, 0.2508, 0.2503],
        [0.2491, 0.2505, 0.2506, 0.2497]], device='cuda:0',
       grad_fn=<SoftmaxBackward0>)
tensor([[0.2503, 0.2489, 0.2504, 0.2505],
        [0.2513, 0.2494, 0.2501, 0.2492],
        [0.2519, 0.2487, 0.2489, 0.2505],
        [0.2506, 0.2497, 0.2504, 0.2493],
        [0.2505, 0.2491, 0.2498, 0.2506]], device='cuda:0',
       grad_fn=<SoftmaxBackward0>)
tensor([[0.2486, 0.2497, 0.2521, 0.2495],
        [0.2504, 0.2519, 0.2525, 0.2452],
        [0.2495, 0.2502, 0.2502, 0.2501],
        [0.2492, 0.2503, 0.2516, 0.2490],
        [0.2487, 0.2485, 0.2504, 0.2524],
        [0.2481, 0.2488, 0.2506, 0.2525]], device='cuda:0',
       grad_fn=<SoftmaxBackward0>)
tensor([[0.2515, 0.2509, 0.2526, 0.2451],
        [0.2530, 0.2493, 0.2523, 0.2454],
        [0.2520, 0.2484, 0.2481, 0.2515],
        [0.2507, 0.2502, 0.2514, 0.2477],
        [0.2500, 0.2484, 0.2494, 0.2522],
        [0.2482, 0.2489, 0.2494, 0.2536],
        [0.2519, 0.2486, 0.2488, 0.2507]], device='cuda:0',
       grad_fn=<SoftmaxBackward0>)
tensor([[0.2459, 0.2480, 0.2565, 0.2496],
        [0.2451, 0.2489, 0.2571, 0.2489]], device='cuda:0',
       grad_fn=<SoftmaxBackward0>)
tensor([[0.2489, 0.2492, 0.2525, 0.2494],
        [0.2488, 0.2488, 0.2541, 0.2483],
        [0.2486, 0.2486, 0.2511, 0.2517]], device='cuda:0',
       grad_fn=<SoftmaxBackward0>)
tensor([[0.2517, 0.2488, 0.2513, 0.2482],
        [0.2507, 0.2478, 0.2517, 0.2497],
        [0.2502, 0.2489, 0.2532, 0.2477],
        [0.2501, 0.2482, 0.2481, 0.2535]], device='cuda:0',
       grad_fn=<SoftmaxBackward0>)
tensor([[0.2526, 0.2501, 0.2503, 0.2470],
        [0.2521, 0.2508, 0.2501, 0.2471],
        [0.2498, 0.2488, 0.2476, 0.2539],
        [0.2481, 0.2495, 0.2529, 0.2495],
        [0.2498, 0.2505, 0.2485, 0.2513]], device='cuda:0',
       grad_fn=<SoftmaxBackward0>)
tensor([[0.2533, 0.2502, 0.2508, 0.2457],
        [0.2512, 0.2502, 0.2522, 0.2464],
        [0.2493, 0.2490, 0.2513, 0.2504],
        [0.2483, 0.2509, 0.2503, 0.2505],
        [0.2457, 0.2506, 0.2517, 0.2521],
        [0.2498, 0.2486, 0.2475, 0.2541]], device='cuda:0',
       grad_fn=<SoftmaxBackward0>)
tensor([[0.2502, 0.2533, 0.2535, 0.2429],
        [0.2501, 0.2518, 0.2529, 0.2452],
        [0.2483, 0.2506, 0.2508, 0.2503],
        [0.2459, 0.2507, 0.2521, 0.2513],
        [0.2475, 0.2496, 0.2502, 0.2527],
        [0.2462, 0.2494, 0.2500, 0.2544],
        [0.2481, 0.2509, 0.2507, 0.2503]], device='cuda:0',
       grad_fn=<SoftmaxBackward0>)
tensor([[0.2493, 0.2458, 0.2558, 0.2492],
        [0.2459, 0.2462, 0.2576, 0.2502]], device='cuda:0',
       grad_fn=<SoftmaxBackward0>)
tensor([[0.2469, 0.2470, 0.2538, 0.2523],
        [0.2497, 0.2488, 0.2544, 0.2471],
        [0.2483, 0.2497, 0.2516, 0.2505]], device='cuda:0',
       grad_fn=<SoftmaxBackward0>)
tensor([[0.2489, 0.2481, 0.2507, 0.2523],
        [0.2496, 0.2491, 0.2531, 0.2482],
        [0.2512, 0.2472, 0.2545, 0.2471],
        [0.2482, 0.2498, 0.2490, 0.2530]], device='cuda:0',
       grad_fn=<SoftmaxBackward0>)
tensor([[0.2512, 0.2499, 0.2527, 0.2462],
        [0.2490, 0.2479, 0.2516, 0.2514],
        [0.2494, 0.2509, 0.2504, 0.2493],
        [0.2509, 0.2476, 0.2495, 0.2520],
        [0.2502, 0.2492, 0.2501, 0.2506]], device='cuda:0',
       grad_fn=<SoftmaxBackward0>)
tensor([[0.2553, 0.2471, 0.2512, 0.2463],
        [0.2536, 0.2477, 0.2522, 0.2465],
        [0.2513, 0.2460, 0.2523, 0.2504],
        [0.2533, 0.2456, 0.2493, 0.2519],
        [0.2511, 0.2466, 0.2521, 0.2502],
        [0.2500, 0.2462, 0.2485, 0.2552]], device='cuda:0',
       grad_fn=<SoftmaxBackward0>)
tensor([[0.2510, 0.2515, 0.2531, 0.2443],
        [0.2520, 0.2504, 0.2527, 0.2449],
        [0.2507, 0.2490, 0.2510, 0.2492],
        [0.2521, 0.2483, 0.2483, 0.2513],
        [0.2508, 0.2477, 0.2496, 0.2519],
        [0.2493, 0.2477, 0.2489, 0.2542],
        [0.2488, 0.2490, 0.2500, 0.2523]], device='cuda:0',
       grad_fn=<SoftmaxBackward0>)
#####################
09/05 12:10:20午前 searchStage_trainer.py:268 [INFO] Train: Epoch: [1][50/390]	Step 441	lr 0.02498	Loss 1.9116 (1.9062)	Hard Loss 3.7793 (3.7650)	Soft Loss 0.0004 (0.0005)	Arch Loss 1.8744 (1.9250)	Arch Hard Loss 3.7029 (3.8035)	Arch Soft Loss 0.0005 (0.0005)	Arch depth Loss 0.0000 (0.0000)	Prec@(1,5) (10.8%, 33.5%)	
09/05 12:10:36午前 searchStage_trainer.py:268 [INFO] Train: Epoch: [1][100/390]	Step 491	lr 0.02498	Loss 1.9285 (1.9006)	Hard Loss 3.8112 (3.7539)	Soft Loss 0.0005 (0.0005)	Arch Loss 1.7328 (1.9044)	Arch Hard Loss 3.4175 (3.7624)	Arch Soft Loss 0.0005 (0.0005)	Arch depth Loss 0.0000 (0.0000)	Prec@(1,5) (11.0%, 34.0%)	
09/05 12:10:53午前 searchStage_trainer.py:268 [INFO] Train: Epoch: [1][150/390]	Step 541	lr 0.02498	Loss 1.9266 (1.8913)	Hard Loss 3.8112 (3.7354)	Soft Loss 0.0004 (0.0005)	Arch Loss 1.7033 (1.8884)	Arch Hard Loss 3.3590 (3.7308)	Arch Soft Loss 0.0005 (0.0005)	Arch depth Loss 0.0000 (0.0000)	Prec@(1,5) (11.8%, 34.7%)	
09/05 12:11:09午前 searchStage_trainer.py:268 [INFO] Train: Epoch: [1][200/390]	Step 591	lr 0.02498	Loss 1.8299 (1.8821)	Hard Loss 3.6153 (3.7173)	Soft Loss 0.0004 (0.0005)	Arch Loss 1.7905 (1.8782)	Arch Hard Loss 3.5384 (3.7106)	Arch Soft Loss 0.0004 (0.0005)	Arch depth Loss 0.0000 (0.0000)	Prec@(1,5) (12.0%, 35.3%)	
09/05 12:11:26午前 searchStage_trainer.py:268 [INFO] Train: Epoch: [1][250/390]	Step 641	lr 0.02498	Loss 1.7054 (1.8677)	Hard Loss 3.3648 (3.6887)	Soft Loss 0.0005 (0.0005)	Arch Loss 1.8773 (1.8691)	Arch Hard Loss 3.7100 (3.6927)	Arch Soft Loss 0.0004 (0.0005)	Arch depth Loss 0.0000 (0.0000)	Prec@(1,5) (12.2%, 36.0%)	
09/05 12:11:43午前 searchStage_trainer.py:268 [INFO] Train: Epoch: [1][300/390]	Step 691	lr 0.02498	Loss 2.0396 (1.8573)	Hard Loss 4.0344 (3.6680)	Soft Loss 0.0004 (0.0005)	Arch Loss 1.7089 (1.8572)	Arch Hard Loss 3.3754 (3.6687)	Arch Soft Loss 0.0004 (0.0005)	Arch depth Loss 0.0000 (0.0000)	Prec@(1,5) (12.4%, 36.7%)	
09/05 12:12:00午前 searchStage_trainer.py:268 [INFO] Train: Epoch: [1][350/390]	Step 741	lr 0.02498	Loss 1.8631 (1.8480)	Hard Loss 3.6793 (3.6495)	Soft Loss 0.0005 (0.0005)	Arch Loss 1.6836 (1.8476)	Arch Hard Loss 3.3270 (3.6497)	Arch Soft Loss 0.0004 (0.0005)	Arch depth Loss 0.0000 (0.0000)	Prec@(1,5) (12.8%, 37.3%)	
09/05 12:12:13午前 searchStage_trainer.py:268 [INFO] Train: Epoch: [1][390/390]	Step 781	lr 0.02498	Loss 1.6650 (1.8395)	Hard Loss 3.2853 (3.6325)	Soft Loss 0.0004 (0.0005)	Arch Loss 1.7719 (1.8375)	Arch Hard Loss 3.4993 (3.6295)	Arch Soft Loss 0.0004 (0.0005)	Arch depth Loss 0.0000 (0.0000)	Prec@(1,5) (13.1%, 37.8%)	
09/05 12:12:14午前 searchStage_trainer.py:284 [INFO] Train: [  1/49] Final Prec@1 13.1080%
09/05 12:12:17午前 searchStage_trainer.py:312 [INFO] Valid: Epoch: [1][50/391]	Step 782	Loss 3.5029	Prec@(1,5) (14.9%, 43.1%)
09/05 12:12:19午前 searchStage_trainer.py:312 [INFO] Valid: Epoch: [1][100/391]	Step 782	Loss 3.5214	Prec@(1,5) (15.3%, 42.3%)
09/05 12:12:21午前 searchStage_trainer.py:312 [INFO] Valid: Epoch: [1][150/391]	Step 782	Loss 3.5285	Prec@(1,5) (15.4%, 41.8%)
09/05 12:12:24午前 searchStage_trainer.py:312 [INFO] Valid: Epoch: [1][200/391]	Step 782	Loss 3.5359	Prec@(1,5) (15.3%, 41.8%)
09/05 12:12:26午前 searchStage_trainer.py:312 [INFO] Valid: Epoch: [1][250/391]	Step 782	Loss 3.5375	Prec@(1,5) (15.2%, 41.8%)
09/05 12:12:28午前 searchStage_trainer.py:312 [INFO] Valid: Epoch: [1][300/391]	Step 782	Loss 3.5414	Prec@(1,5) (15.2%, 41.7%)
09/05 12:12:30午前 searchStage_trainer.py:312 [INFO] Valid: Epoch: [1][350/391]	Step 782	Loss 3.5363	Prec@(1,5) (15.2%, 41.7%)
09/05 12:12:32午前 searchStage_trainer.py:312 [INFO] Valid: Epoch: [1][390/391]	Step 782	Loss 3.5348	Prec@(1,5) (15.2%, 41.7%)
09/05 12:12:32午前 searchStage_trainer.py:323 [INFO] Valid: [  1/49] Final Prec@1 15.1880%
09/05 12:12:32午前 searchStage_KD_main.py:58 [INFO] DAG = Genotype2(DAG1=[[('skip_connect', 1), ('skip_connect', 0)], [('skip_connect', 1), ('skip_connect', 0)], [('skip_connect', 0), ('skip_connect', 1)], [('max_pool_3x3', 3), ('max_pool_3x3', 1)], [('skip_connect', 1), ('skip_connect', 0)], [('max_pool_3x3', 1), ('max_pool_3x3', 0)]], DAG1_concat=range(6, 8), DAG2=[[('skip_connect', 1), ('skip_connect', 0)], [('skip_connect', 0), ('skip_connect', 1)], [('skip_connect', 1), ('skip_connect', 0)], [('max_pool_3x3', 0), ('avg_pool_3x3', 4)], [('max_pool_3x3', 0), ('max_pool_3x3', 1)], [('skip_connect', 0), ('skip_connect', 1)]], DAG2_concat=range(6, 8), DAG3=[[('skip_connect', 1), ('skip_connect', 0)], [('max_pool_3x3', 1), ('max_pool_3x3', 0)], [('max_pool_3x3', 0), ('max_pool_3x3', 1)], [('max_pool_3x3', 0), ('max_pool_3x3', 3)], [('max_pool_3x3', 0), ('max_pool_3x3', 1)], [('max_pool_3x3', 0), ('max_pool_3x3', 3)]], DAG3_concat=range(6, 8))
09/05 12:12:33午前 searchStage_KD_main.py:89 [INFO] Until now, best Prec@1 = 15.1880%
####### ALPHA #######
# Alpha - DAG
tensor([[0.2513, 0.2460, 0.2521, 0.2506],
        [0.2518, 0.2448, 0.2535, 0.2498]], device='cuda:0',
       grad_fn=<SoftmaxBackward0>)
tensor([[0.2500, 0.2456, 0.2535, 0.2509],
        [0.2502, 0.2467, 0.2546, 0.2484],
        [0.2504, 0.2482, 0.2500, 0.2515]], device='cuda:0',
       grad_fn=<SoftmaxBackward0>)
tensor([[0.2495, 0.2457, 0.2563, 0.2485],
        [0.2526, 0.2453, 0.2535, 0.2485],
        [0.2497, 0.2478, 0.2497, 0.2528],
        [0.2498, 0.2499, 0.2506, 0.2497]], device='cuda:0',
       grad_fn=<SoftmaxBackward0>)
tensor([[0.2510, 0.2469, 0.2529, 0.2492],
        [0.2531, 0.2462, 0.2521, 0.2486],
        [0.2528, 0.2475, 0.2514, 0.2483],
        [0.2542, 0.2473, 0.2495, 0.2490],
        [0.2514, 0.2442, 0.2495, 0.2549]], device='cuda:0',
       grad_fn=<SoftmaxBackward0>)
tensor([[0.2492, 0.2482, 0.2634, 0.2392],
        [0.2520, 0.2516, 0.2648, 0.2317],
        [0.2459, 0.2471, 0.2486, 0.2584],
        [0.2486, 0.2465, 0.2514, 0.2535],
        [0.2484, 0.2438, 0.2506, 0.2572],
        [0.2455, 0.2453, 0.2498, 0.2593]], device='cuda:0',
       grad_fn=<SoftmaxBackward0>)
tensor([[0.2671, 0.2413, 0.2506, 0.2409],
        [0.2710, 0.2418, 0.2516, 0.2356],
        [0.2580, 0.2431, 0.2451, 0.2538],
        [0.2564, 0.2419, 0.2468, 0.2549],
        [0.2589, 0.2420, 0.2452, 0.2539],
        [0.2550, 0.2408, 0.2430, 0.2612],
        [0.2589, 0.2437, 0.2511, 0.2464]], device='cuda:0',
       grad_fn=<SoftmaxBackward0>)
tensor([[0.2432, 0.2435, 0.2628, 0.2505],
        [0.2437, 0.2458, 0.2631, 0.2473]], device='cuda:0',
       grad_fn=<SoftmaxBackward0>)
tensor([[0.2430, 0.2471, 0.2579, 0.2521],
        [0.2457, 0.2477, 0.2568, 0.2497],
        [0.2488, 0.2483, 0.2547, 0.2483]], device='cuda:0',
       grad_fn=<SoftmaxBackward0>)
tensor([[0.2518, 0.2467, 0.2540, 0.2476],
        [0.2507, 0.2453, 0.2542, 0.2499],
        [0.2486, 0.2476, 0.2548, 0.2491],
        [0.2497, 0.2480, 0.2492, 0.2531]], device='cuda:0',
       grad_fn=<SoftmaxBackward0>)
tensor([[0.2526, 0.2480, 0.2522, 0.2473],
        [0.2513, 0.2443, 0.2503, 0.2540],
        [0.2486, 0.2509, 0.2512, 0.2493],
        [0.2497, 0.2502, 0.2502, 0.2499],
        [0.2493, 0.2519, 0.2492, 0.2497]], device='cuda:0',
       grad_fn=<SoftmaxBackward0>)
tensor([[0.2562, 0.2483, 0.2526, 0.2429],
        [0.2541, 0.2472, 0.2536, 0.2451],
        [0.2490, 0.2489, 0.2519, 0.2501],
        [0.2493, 0.2495, 0.2541, 0.2471],
        [0.2465, 0.2487, 0.2501, 0.2547],
        [0.2499, 0.2470, 0.2440, 0.2591]], device='cuda:0',
       grad_fn=<SoftmaxBackward0>)
tensor([[0.2519, 0.2524, 0.2558, 0.2400],
        [0.2526, 0.2530, 0.2551, 0.2394],
        [0.2507, 0.2473, 0.2533, 0.2488],
        [0.2460, 0.2477, 0.2500, 0.2563],
        [0.2493, 0.2460, 0.2459, 0.2588],
        [0.2501, 0.2469, 0.2496, 0.2534],
        [0.2485, 0.2497, 0.2518, 0.2500]], device='cuda:0',
       grad_fn=<SoftmaxBackward0>)
tensor([[0.2558, 0.2406, 0.2574, 0.2462],
        [0.2485, 0.2365, 0.2609, 0.2541]], device='cuda:0',
       grad_fn=<SoftmaxBackward0>)
tensor([[0.2556, 0.2401, 0.2521, 0.2522],
        [0.2603, 0.2405, 0.2518, 0.2474],
        [0.2550, 0.2461, 0.2482, 0.2508]], device='cuda:0',
       grad_fn=<SoftmaxBackward0>)
tensor([[0.2557, 0.2439, 0.2494, 0.2510],
        [0.2548, 0.2442, 0.2512, 0.2497],
        [0.2541, 0.2458, 0.2530, 0.2472],
        [0.2531, 0.2470, 0.2468, 0.2531]], device='cuda:0',
       grad_fn=<SoftmaxBackward0>)
tensor([[0.2580, 0.2477, 0.2503, 0.2441],
        [0.2517, 0.2445, 0.2504, 0.2534],
        [0.2530, 0.2473, 0.2517, 0.2480],
        [0.2544, 0.2446, 0.2510, 0.2500],
        [0.2521, 0.2459, 0.2473, 0.2547]], device='cuda:0',
       grad_fn=<SoftmaxBackward0>)
tensor([[0.2688, 0.2472, 0.2460, 0.2380],
        [0.2647, 0.2473, 0.2474, 0.2406],
        [0.2609, 0.2421, 0.2462, 0.2508],
        [0.2638, 0.2430, 0.2433, 0.2499],
        [0.2588, 0.2415, 0.2423, 0.2573],
        [0.2546, 0.2418, 0.2415, 0.2621]], device='cuda:0',
       grad_fn=<SoftmaxBackward0>)
tensor([[0.2668, 0.2519, 0.2460, 0.2352],
        [0.2629, 0.2482, 0.2473, 0.2416],
        [0.2634, 0.2446, 0.2435, 0.2485],
        [0.2637, 0.2439, 0.2380, 0.2544],
        [0.2593, 0.2432, 0.2396, 0.2579],
        [0.2561, 0.2429, 0.2405, 0.2605],
        [0.2560, 0.2488, 0.2462, 0.2490]], device='cuda:0',
       grad_fn=<SoftmaxBackward0>)
#####################
09/05 12:12:51午前 searchStage_trainer.py:268 [INFO] Train: Epoch: [2][50/390]	Step 832	lr 0.02491	Loss 1.7159 (1.7349)	Hard Loss 3.3835 (3.4237)	Soft Loss 0.0005 (0.0005)	Arch Loss 1.6852 (1.7413)	Arch Hard Loss 3.3286 (3.4370)	Arch Soft Loss 0.0004 (0.0005)	Arch depth Loss 0.0000 (0.0000)	Prec@(1,5) (17.3%, 44.2%)	
09/05 12:13:08午前 searchStage_trainer.py:268 [INFO] Train: Epoch: [2][100/390]	Step 882	lr 0.02491	Loss 1.7626 (1.7439)	Hard Loss 3.4762 (3.4419)	Soft Loss 0.0005 (0.0005)	Arch Loss 1.7330 (1.7373)	Arch Hard Loss 3.4188 (3.4287)	Arch Soft Loss 0.0005 (0.0005)	Arch depth Loss 0.0000 (0.0000)	Prec@(1,5) (17.0%, 43.3%)	
09/05 12:13:24午前 searchStage_trainer.py:268 [INFO] Train: Epoch: [2][150/390]	Step 932	lr 0.02491	Loss 1.8075 (1.7297)	Hard Loss 3.5683 (3.4132)	Soft Loss 0.0005 (0.0005)	Arch Loss 1.7865 (1.7322)	Arch Hard Loss 3.5298 (3.4189)	Arch Soft Loss 0.0004 (0.0005)	Arch depth Loss 0.0000 (0.0000)	Prec@(1,5) (17.4%, 44.4%)	
09/05 12:13:41午前 searchStage_trainer.py:268 [INFO] Train: Epoch: [2][200/390]	Step 982	lr 0.02491	Loss 1.7888 (1.7150)	Hard Loss 3.5328 (3.3839)	Soft Loss 0.0004 (0.0005)	Arch Loss 1.6487 (1.7214)	Arch Hard Loss 3.2535 (3.3974)	Arch Soft Loss 0.0004 (0.0005)	Arch depth Loss 0.0000 (0.0000)	Prec@(1,5) (17.9%, 45.2%)	
09/05 12:13:58午前 searchStage_trainer.py:268 [INFO] Train: Epoch: [2][250/390]	Step 1032	lr 0.02491	Loss 1.7279 (1.7087)	Hard Loss 3.4078 (3.3713)	Soft Loss 0.0005 (0.0005)	Arch Loss 1.7401 (1.7167)	Arch Hard Loss 3.4319 (3.3883)	Arch Soft Loss 0.0005 (0.0005)	Arch depth Loss 0.0000 (0.0000)	Prec@(1,5) (18.2%, 45.6%)	
09/05 12:14:15午前 searchStage_trainer.py:268 [INFO] Train: Epoch: [2][300/390]	Step 1082	lr 0.02491	Loss 1.5840 (1.7023)	Hard Loss 3.1245 (3.3585)	Soft Loss 0.0004 (0.0005)	Arch Loss 1.7019 (1.7088)	Arch Hard Loss 3.3590 (3.3725)	Arch Soft Loss 0.0004 (0.0005)	Arch depth Loss 0.0000 (0.0000)	Prec@(1,5) (18.2%, 45.9%)	
09/05 12:14:32午前 searchStage_trainer.py:268 [INFO] Train: Epoch: [2][350/390]	Step 1132	lr 0.02491	Loss 1.5867 (1.6945)	Hard Loss 3.1263 (3.3429)	Soft Loss 0.0005 (0.0005)	Arch Loss 1.6619 (1.7007)	Arch Hard Loss 3.2763 (3.3564)	Arch Soft Loss 0.0005 (0.0005)	Arch depth Loss 0.0000 (0.0000)	Prec@(1,5) (18.5%, 46.2%)	
09/05 12:14:45午前 searchStage_trainer.py:268 [INFO] Train: Epoch: [2][390/390]	Step 1172	lr 0.02491	Loss 1.7121 (1.6908)	Hard Loss 3.3751 (3.3356)	Soft Loss 0.0005 (0.0005)	Arch Loss 1.6517 (1.6968)	Arch Hard Loss 3.2587 (3.3486)	Arch Soft Loss 0.0004 (0.0005)	Arch depth Loss 0.0000 (0.0000)	Prec@(1,5) (18.6%, 46.4%)	
09/05 12:14:46午前 searchStage_trainer.py:284 [INFO] Train: [  2/49] Final Prec@1 18.6080%
09/05 12:14:49午前 searchStage_trainer.py:312 [INFO] Valid: Epoch: [2][50/391]	Step 1173	Loss 3.2834	Prec@(1,5) (19.2%, 47.8%)
09/05 12:14:51午前 searchStage_trainer.py:312 [INFO] Valid: Epoch: [2][100/391]	Step 1173	Loss 3.2683	Prec@(1,5) (19.4%, 49.3%)
09/05 12:14:53午前 searchStage_trainer.py:312 [INFO] Valid: Epoch: [2][150/391]	Step 1173	Loss 3.2590	Prec@(1,5) (19.2%, 49.1%)
09/05 12:14:55午前 searchStage_trainer.py:312 [INFO] Valid: Epoch: [2][200/391]	Step 1173	Loss 3.2690	Prec@(1,5) (19.4%, 48.8%)
09/05 12:14:57午前 searchStage_trainer.py:312 [INFO] Valid: Epoch: [2][250/391]	Step 1173	Loss 3.2649	Prec@(1,5) (19.5%, 49.0%)
09/05 12:14:59午前 searchStage_trainer.py:312 [INFO] Valid: Epoch: [2][300/391]	Step 1173	Loss 3.2695	Prec@(1,5) (19.3%, 48.8%)
09/05 12:15:01午前 searchStage_trainer.py:312 [INFO] Valid: Epoch: [2][350/391]	Step 1173	Loss 3.2661	Prec@(1,5) (19.4%, 49.0%)
09/05 12:15:03午前 searchStage_trainer.py:312 [INFO] Valid: Epoch: [2][390/391]	Step 1173	Loss 3.2640	Prec@(1,5) (19.4%, 49.1%)
09/05 12:15:03午前 searchStage_trainer.py:323 [INFO] Valid: [  2/49] Final Prec@1 19.3440%
09/05 12:15:03午前 searchStage_KD_main.py:58 [INFO] DAG = Genotype2(DAG1=[[('skip_connect', 1), ('skip_connect', 0)], [('skip_connect', 1), ('skip_connect', 0)], [('skip_connect', 0), ('skip_connect', 1)], [('max_pool_3x3', 2), ('max_pool_3x3', 3)], [('skip_connect', 1), ('skip_connect', 0)], [('max_pool_3x3', 1), ('max_pool_3x3', 0)]], DAG1_concat=range(6, 8), DAG2=[[('skip_connect', 0), ('skip_connect', 1)], [('skip_connect', 1), ('skip_connect', 0)], [('skip_connect', 1), ('skip_connect', 0)], [('max_pool_3x3', 0), ('max_pool_3x3', 1)], [('skip_connect', 1), ('skip_connect', 0)], [('skip_connect', 0), ('skip_connect', 1)]], DAG2_concat=range(6, 8), DAG3=[[('skip_connect', 1), ('skip_connect', 0)], [('max_pool_3x3', 1), ('max_pool_3x3', 0)], [('max_pool_3x3', 0), ('max_pool_3x3', 1)], [('max_pool_3x3', 0), ('max_pool_3x3', 2)], [('max_pool_3x3', 0), ('max_pool_3x3', 1)], [('max_pool_3x3', 0), ('max_pool_3x3', 1)]], DAG3_concat=range(6, 8))
09/05 12:15:04午前 searchStage_KD_main.py:89 [INFO] Until now, best Prec@1 = 19.3440%
####### ALPHA #######
# Alpha - DAG
tensor([[0.2518, 0.2423, 0.2543, 0.2516],
        [0.2522, 0.2410, 0.2580, 0.2488]], device='cuda:0',
       grad_fn=<SoftmaxBackward0>)
tensor([[0.2497, 0.2408, 0.2585, 0.2510],
        [0.2494, 0.2418, 0.2600, 0.2487],
        [0.2487, 0.2495, 0.2507, 0.2511]], device='cuda:0',
       grad_fn=<SoftmaxBackward0>)
tensor([[0.2455, 0.2413, 0.2651, 0.2480],
        [0.2493, 0.2403, 0.2620, 0.2485],
        [0.2478, 0.2473, 0.2522, 0.2527],
        [0.2495, 0.2497, 0.2500, 0.2508]], device='cuda:0',
       grad_fn=<SoftmaxBackward0>)
tensor([[0.2515, 0.2430, 0.2550, 0.2505],
        [0.2512, 0.2419, 0.2543, 0.2526],
        [0.2559, 0.2484, 0.2501, 0.2457],
        [0.2556, 0.2469, 0.2517, 0.2459],
        [0.2537, 0.2436, 0.2467, 0.2560]], device='cuda:0',
       grad_fn=<SoftmaxBackward0>)
tensor([[0.2467, 0.2432, 0.2745, 0.2356],
        [0.2502, 0.2464, 0.2788, 0.2245],
        [0.2476, 0.2446, 0.2486, 0.2592],
        [0.2481, 0.2419, 0.2549, 0.2551],
        [0.2452, 0.2386, 0.2509, 0.2652],
        [0.2429, 0.2429, 0.2509, 0.2632]], device='cuda:0',
       grad_fn=<SoftmaxBackward0>)
tensor([[0.2709, 0.2408, 0.2583, 0.2301],
        [0.2765, 0.2393, 0.2569, 0.2273],
        [0.2566, 0.2446, 0.2457, 0.2531],
        [0.2518, 0.2403, 0.2458, 0.2621],
        [0.2532, 0.2420, 0.2449, 0.2600],
        [0.2506, 0.2411, 0.2412, 0.2671],
        [0.2562, 0.2430, 0.2527, 0.2482]], device='cuda:0',
       grad_fn=<SoftmaxBackward0>)
tensor([[0.2427, 0.2370, 0.2697, 0.2507],
        [0.2457, 0.2404, 0.2671, 0.2468]], device='cuda:0',
       grad_fn=<SoftmaxBackward0>)
tensor([[0.2483, 0.2406, 0.2549, 0.2563],
        [0.2494, 0.2443, 0.2589, 0.2474],
        [0.2519, 0.2468, 0.2540, 0.2473]], device='cuda:0',
       grad_fn=<SoftmaxBackward0>)
tensor([[0.2491, 0.2429, 0.2564, 0.2516],
        [0.2486, 0.2452, 0.2564, 0.2498],
        [0.2474, 0.2484, 0.2543, 0.2499],
        [0.2490, 0.2491, 0.2527, 0.2491]], device='cuda:0',
       grad_fn=<SoftmaxBackward0>)
tensor([[0.2532, 0.2463, 0.2520, 0.2485],
        [0.2533, 0.2437, 0.2494, 0.2536],
        [0.2497, 0.2481, 0.2532, 0.2490],
        [0.2503, 0.2502, 0.2527, 0.2468],
        [0.2491, 0.2486, 0.2486, 0.2536]], device='cuda:0',
       grad_fn=<SoftmaxBackward0>)
tensor([[0.2537, 0.2465, 0.2579, 0.2419],
        [0.2539, 0.2490, 0.2610, 0.2361],
        [0.2488, 0.2466, 0.2512, 0.2534],
        [0.2486, 0.2466, 0.2563, 0.2485],
        [0.2419, 0.2481, 0.2509, 0.2591],
        [0.2494, 0.2475, 0.2433, 0.2597]], device='cuda:0',
       grad_fn=<SoftmaxBackward0>)
tensor([[0.2500, 0.2524, 0.2612, 0.2364],
        [0.2528, 0.2545, 0.2591, 0.2337],
        [0.2536, 0.2439, 0.2564, 0.2461],
        [0.2440, 0.2465, 0.2472, 0.2623],
        [0.2444, 0.2464, 0.2466, 0.2627],
        [0.2528, 0.2460, 0.2510, 0.2502],
        [0.2473, 0.2468, 0.2509, 0.2551]], device='cuda:0',
       grad_fn=<SoftmaxBackward0>)
tensor([[0.2548, 0.2340, 0.2632, 0.2480],
        [0.2512, 0.2303, 0.2662, 0.2523]], device='cuda:0',
       grad_fn=<SoftmaxBackward0>)
tensor([[0.2594, 0.2359, 0.2557, 0.2490],
        [0.2660, 0.2356, 0.2542, 0.2442],
        [0.2548, 0.2436, 0.2456, 0.2560]], device='cuda:0',
       grad_fn=<SoftmaxBackward0>)
tensor([[0.2598, 0.2409, 0.2510, 0.2483],
        [0.2568, 0.2403, 0.2531, 0.2498],
        [0.2532, 0.2443, 0.2521, 0.2504],
        [0.2564, 0.2446, 0.2466, 0.2524]], device='cuda:0',
       grad_fn=<SoftmaxBackward0>)
tensor([[0.2595, 0.2436, 0.2498, 0.2471],
        [0.2535, 0.2438, 0.2513, 0.2514],
        [0.2538, 0.2476, 0.2502, 0.2484],
        [0.2527, 0.2450, 0.2524, 0.2499],
        [0.2531, 0.2465, 0.2475, 0.2530]], device='cuda:0',
       grad_fn=<SoftmaxBackward0>)
tensor([[0.2752, 0.2454, 0.2463, 0.2331],
        [0.2722, 0.2446, 0.2478, 0.2354],
        [0.2646, 0.2385, 0.2452, 0.2517],
        [0.2694, 0.2384, 0.2411, 0.2511],
        [0.2587, 0.2374, 0.2405, 0.2634],
        [0.2573, 0.2389, 0.2384, 0.2654]], device='cuda:0',
       grad_fn=<SoftmaxBackward0>)
tensor([[0.2785, 0.2499, 0.2432, 0.2284],
        [0.2767, 0.2435, 0.2432, 0.2366],
        [0.2732, 0.2387, 0.2419, 0.2462],
        [0.2725, 0.2378, 0.2327, 0.2571],
        [0.2644, 0.2376, 0.2349, 0.2630],
        [0.2613, 0.2373, 0.2335, 0.2678],
        [0.2625, 0.2458, 0.2414, 0.2503]], device='cuda:0',
       grad_fn=<SoftmaxBackward0>)
#####################
09/05 12:15:22午前 searchStage_trainer.py:268 [INFO] Train: Epoch: [3][50/390]	Step 1223	lr 0.02479	Loss 1.7042 (1.5954)	Hard Loss 3.3625 (3.1448)	Soft Loss 0.0005 (0.0005)	Arch Loss 1.6977 (1.6360)	Arch Hard Loss 3.3522 (3.2268)	Arch Soft Loss 0.0004 (0.0005)	Arch depth Loss 0.0000 (0.0000)	Prec@(1,5) (21.2%, 51.9%)	
09/05 12:15:39午前 searchStage_trainer.py:268 [INFO] Train: Epoch: [3][100/390]	Step 1273	lr 0.02479	Loss 1.4601 (1.5805)	Hard Loss 2.8742 (3.1150)	Soft Loss 0.0005 (0.0005)	Arch Loss 1.5916 (1.6302)	Arch Hard Loss 3.1384 (3.2152)	Arch Soft Loss 0.0004 (0.0005)	Arch depth Loss 0.0000 (0.0000)	Prec@(1,5) (22.0%, 52.2%)	
09/05 12:15:56午前 searchStage_trainer.py:268 [INFO] Train: Epoch: [3][150/390]	Step 1323	lr 0.02479	Loss 1.7176 (1.5910)	Hard Loss 3.3867 (3.1360)	Soft Loss 0.0005 (0.0005)	Arch Loss 1.6330 (1.6260)	Arch Hard Loss 3.2218 (3.2071)	Arch Soft Loss 0.0004 (0.0004)	Arch depth Loss 0.0000 (0.0000)	Prec@(1,5) (21.8%, 51.7%)	
09/05 12:16:12午前 searchStage_trainer.py:268 [INFO] Train: Epoch: [3][200/390]	Step 1373	lr 0.02479	Loss 1.4955 (1.5910)	Hard Loss 2.9449 (3.1362)	Soft Loss 0.0005 (0.0005)	Arch Loss 1.6435 (1.6197)	Arch Hard Loss 3.2432 (3.1944)	Arch Soft Loss 0.0004 (0.0004)	Arch depth Loss 0.0000 (0.0000)	Prec@(1,5) (21.9%, 51.8%)	
09/05 12:16:29午前 searchStage_trainer.py:268 [INFO] Train: Epoch: [3][250/390]	Step 1423	lr 0.02479	Loss 1.6915 (1.5865)	Hard Loss 3.3374 (3.1272)	Soft Loss 0.0005 (0.0005)	Arch Loss 1.7257 (1.6133)	Arch Hard Loss 3.4033 (3.1817)	Arch Soft Loss 0.0005 (0.0004)	Arch depth Loss 0.0000 (0.0000)	Prec@(1,5) (22.2%, 52.1%)	
09/05 12:16:46午前 searchStage_trainer.py:268 [INFO] Train: Epoch: [3][300/390]	Step 1473	lr 0.02479	Loss 1.5981 (1.5798)	Hard Loss 3.1460 (3.1139)	Soft Loss 0.0005 (0.0005)	Arch Loss 1.5799 (1.6094)	Arch Hard Loss 3.1116 (3.1740)	Arch Soft Loss 0.0005 (0.0004)	Arch depth Loss 0.0000 (0.0000)	Prec@(1,5) (22.5%, 52.4%)	
09/05 12:17:03午前 searchStage_trainer.py:268 [INFO] Train: Epoch: [3][350/390]	Step 1523	lr 0.02479	Loss 1.6789 (1.5766)	Hard Loss 3.3120 (3.1074)	Soft Loss 0.0005 (0.0005)	Arch Loss 1.6080 (1.6032)	Arch Hard Loss 3.1685 (3.1616)	Arch Soft Loss 0.0005 (0.0004)	Arch depth Loss 0.0000 (0.0000)	Prec@(1,5) (22.7%, 52.6%)	
09/05 12:17:17午前 searchStage_trainer.py:268 [INFO] Train: Epoch: [3][390/390]	Step 1563	lr 0.02479	Loss 1.4664 (1.5718)	Hard Loss 2.8883 (3.0980)	Soft Loss 0.0004 (0.0005)	Arch Loss 1.5733 (1.5952)	Arch Hard Loss 3.1006 (3.1455)	Arch Soft Loss 0.0005 (0.0004)	Arch depth Loss 0.0000 (0.0000)	Prec@(1,5) (22.9%, 52.9%)	
09/05 12:17:17午前 searchStage_trainer.py:284 [INFO] Train: [  3/49] Final Prec@1 22.8840%
09/05 12:17:20午前 searchStage_trainer.py:312 [INFO] Valid: Epoch: [3][50/391]	Step 1564	Loss 3.1115	Prec@(1,5) (22.3%, 52.7%)
09/05 12:17:22午前 searchStage_trainer.py:312 [INFO] Valid: Epoch: [3][100/391]	Step 1564	Loss 3.0884	Prec@(1,5) (22.6%, 53.1%)
09/05 12:17:24午前 searchStage_trainer.py:312 [INFO] Valid: Epoch: [3][150/391]	Step 1564	Loss 3.0923	Prec@(1,5) (22.4%, 53.2%)
09/05 12:17:26午前 searchStage_trainer.py:312 [INFO] Valid: Epoch: [3][200/391]	Step 1564	Loss 3.1045	Prec@(1,5) (22.0%, 52.8%)
09/05 12:17:29午前 searchStage_trainer.py:312 [INFO] Valid: Epoch: [3][250/391]	Step 1564	Loss 3.1058	Prec@(1,5) (22.0%, 52.8%)
09/05 12:17:31午前 searchStage_trainer.py:312 [INFO] Valid: Epoch: [3][300/391]	Step 1564	Loss 3.1018	Prec@(1,5) (22.2%, 53.0%)
09/05 12:17:33午前 searchStage_trainer.py:312 [INFO] Valid: Epoch: [3][350/391]	Step 1564	Loss 3.1004	Prec@(1,5) (22.3%, 53.0%)
