08/10 06:54:33PM parser.py:28 [INFO] 
08/10 06:54:33PM parser.py:29 [INFO] Parameters:
08/10 06:54:33PM parser.py:31 [INFO] DAG_PATH=results/search_stage/cifar10/BASELINE/DARTS-20240810-185433/DAG
08/10 06:54:33PM parser.py:31 [INFO] ALPHA_LR=0.0003
08/10 06:54:33PM parser.py:31 [INFO] ALPHA_WEIGHT_DECAY=0.001
08/10 06:54:33PM parser.py:31 [INFO] BATCH_SIZE=64
08/10 06:54:33PM parser.py:31 [INFO] DATA_PATH=../data/
08/10 06:54:33PM parser.py:31 [INFO] DATASET=cifar10
08/10 06:54:33PM parser.py:31 [INFO] EPOCHS=50
08/10 06:54:33PM parser.py:31 [INFO] EXP_NAME=DARTS-20240810-185433
08/10 06:54:33PM parser.py:31 [INFO] GENOTYPE=Genotype(normal=[[('sep_conv_3x3', 1), ('sep_conv_3x3', 0)], [('skip_connect', 0), ('sep_conv_3x3', 1)], [('skip_connect', 0), ('sep_conv_3x3', 1)], [('sep_conv_3x3', 0), ('skip_connect', 2)]], normal_concat=[2, 3, 4, 5], reduce=[[('max_pool_3x3', 0), ('max_pool_3x3', 1)], [('skip_connect', 2), ('max_pool_3x3', 0)], [('max_pool_3x3', 0), ('skip_connect', 2)], [('skip_connect', 2), ('avg_pool_3x3', 0)]], reduce_concat=[2, 3, 4, 5])
08/10 06:54:33PM parser.py:31 [INFO] GPUS=[0]
08/10 06:54:33PM parser.py:31 [INFO] INIT_CHANNELS=16
08/10 06:54:33PM parser.py:31 [INFO] LAYERS=20
08/10 06:54:33PM parser.py:31 [INFO] LOCAL_RANK=0
08/10 06:54:33PM parser.py:31 [INFO] LOGGER=<Logger H-DAS (INFO)>
08/10 06:54:33PM parser.py:31 [INFO] NAME=BASELINE
08/10 06:54:33PM parser.py:31 [INFO] PATH=results/search_stage/cifar10/BASELINE/DARTS-20240810-185433
08/10 06:54:33PM parser.py:31 [INFO] PLOT_PATH=results/search_stage/cifar10/BASELINE/DARTS-20240810-185433/plots
08/10 06:54:33PM parser.py:31 [INFO] PRINT_FREQ=50
08/10 06:54:33PM parser.py:31 [INFO] RESUME_PATH=None
08/10 06:54:33PM parser.py:31 [INFO] SAVE=DARTS
08/10 06:54:33PM parser.py:31 [INFO] SEED=0
08/10 06:54:33PM parser.py:31 [INFO] W_GRAD_CLIP=5.0
08/10 06:54:33PM parser.py:31 [INFO] W_LR=0.025
08/10 06:54:33PM parser.py:31 [INFO] W_LR_MIN=0.001
08/10 06:54:33PM parser.py:31 [INFO] W_MOMENTUM=0.9
08/10 06:54:33PM parser.py:31 [INFO] W_WEIGHT_DECAY=0.0003
08/10 06:54:33PM parser.py:31 [INFO] WORKERS=4
08/10 06:54:33PM parser.py:32 [INFO] 
08/10 06:54:36PM searchStage_trainer.py:99 [INFO] --> No loaded checkpoint!
####### ALPHA #######
# Alpha - DAG
tensor([[0.2504, 0.2499, 0.2495, 0.2502],
        [0.2498, 0.2497, 0.2502, 0.2503]], device='cuda:0',
       grad_fn=<SoftmaxBackward0>)
tensor([[0.2499, 0.2500, 0.2499, 0.2501],
        [0.2498, 0.2503, 0.2498, 0.2501],
        [0.2500, 0.2503, 0.2499, 0.2498]], device='cuda:0',
       grad_fn=<SoftmaxBackward0>)
tensor([[0.2499, 0.2501, 0.2500, 0.2500],
        [0.2501, 0.2504, 0.2497, 0.2498],
        [0.2501, 0.2499, 0.2502, 0.2498]], device='cuda:0',
       grad_fn=<SoftmaxBackward0>)
tensor([[0.2501, 0.2502, 0.2495, 0.2501],
        [0.2499, 0.2500, 0.2502, 0.2499],
        [0.2500, 0.2501, 0.2500, 0.2498]], device='cuda:0',
       grad_fn=<SoftmaxBackward0>)
tensor([[0.2498, 0.2500, 0.2501, 0.2500],
        [0.2504, 0.2499, 0.2499, 0.2497],
        [0.2501, 0.2505, 0.2498, 0.2496]], device='cuda:0',
       grad_fn=<SoftmaxBackward0>)
tensor([[0.2497, 0.2499, 0.2504, 0.2501],
        [0.2496, 0.2497, 0.2502, 0.2505],
        [0.2500, 0.2500, 0.2497, 0.2504]], device='cuda:0',
       grad_fn=<SoftmaxBackward0>)
tensor([[0.2503, 0.2502, 0.2500, 0.2495],
        [0.2496, 0.2502, 0.2502, 0.2500]], device='cuda:0',
       grad_fn=<SoftmaxBackward0>)
tensor([[0.2500, 0.2501, 0.2498, 0.2500],
        [0.2500, 0.2502, 0.2498, 0.2500],
        [0.2499, 0.2503, 0.2499, 0.2499]], device='cuda:0',
       grad_fn=<SoftmaxBackward0>)
tensor([[0.2499, 0.2501, 0.2497, 0.2503],
        [0.2501, 0.2500, 0.2500, 0.2499],
        [0.2501, 0.2502, 0.2499, 0.2498]], device='cuda:0',
       grad_fn=<SoftmaxBackward0>)
tensor([[0.2502, 0.2505, 0.2497, 0.2496],
        [0.2496, 0.2505, 0.2496, 0.2503],
        [0.2502, 0.2500, 0.2500, 0.2498]], device='cuda:0',
       grad_fn=<SoftmaxBackward0>)
tensor([[0.2499, 0.2500, 0.2500, 0.2500],
        [0.2498, 0.2501, 0.2502, 0.2499],
        [0.2496, 0.2501, 0.2503, 0.2500]], device='cuda:0',
       grad_fn=<SoftmaxBackward0>)
tensor([[0.2503, 0.2500, 0.2497, 0.2501],
        [0.2501, 0.2500, 0.2500, 0.2499],
        [0.2496, 0.2502, 0.2500, 0.2502]], device='cuda:0',
       grad_fn=<SoftmaxBackward0>)
tensor([[0.2500, 0.2504, 0.2496, 0.2499],
        [0.2503, 0.2503, 0.2498, 0.2497]], device='cuda:0',
       grad_fn=<SoftmaxBackward0>)
tensor([[0.2501, 0.2500, 0.2499, 0.2500],
        [0.2499, 0.2495, 0.2504, 0.2501],
        [0.2503, 0.2498, 0.2499, 0.2500]], device='cuda:0',
       grad_fn=<SoftmaxBackward0>)
tensor([[0.2497, 0.2502, 0.2503, 0.2498],
        [0.2498, 0.2504, 0.2500, 0.2498],
        [0.2502, 0.2497, 0.2501, 0.2500]], device='cuda:0',
       grad_fn=<SoftmaxBackward0>)
tensor([[0.2501, 0.2499, 0.2500, 0.2499],
        [0.2498, 0.2500, 0.2499, 0.2503],
        [0.2499, 0.2504, 0.2499, 0.2499]], device='cuda:0',
       grad_fn=<SoftmaxBackward0>)
tensor([[0.2497, 0.2503, 0.2500, 0.2500],
        [0.2499, 0.2502, 0.2501, 0.2499],
        [0.2499, 0.2505, 0.2497, 0.2499]], device='cuda:0',
       grad_fn=<SoftmaxBackward0>)
tensor([[0.2500, 0.2502, 0.2499, 0.2499],
        [0.2502, 0.2496, 0.2504, 0.2499],
        [0.2501, 0.2502, 0.2499, 0.2499]], device='cuda:0',
       grad_fn=<SoftmaxBackward0>)
#####################
08/10 06:55:10PM searchStage_trainer.py:198 [INFO] Train: Epoch: [0][50/390]	Step 50	lr 0.025	Loss 2.2398 (2.2765)	Prec@(1,5) (16.4%, 64.5%)	
08/10 06:55:41PM searchStage_trainer.py:198 [INFO] Train: Epoch: [0][100/390]	Step 100	lr 0.025	Loss 2.0607 (2.2172)	Prec@(1,5) (19.2%, 70.1%)	
08/10 06:56:14PM searchStage_trainer.py:198 [INFO] Train: Epoch: [0][150/390]	Step 150	lr 0.025	Loss 2.0552 (2.1335)	Prec@(1,5) (21.0%, 74.1%)	
08/10 06:56:47PM searchStage_trainer.py:198 [INFO] Train: Epoch: [0][200/390]	Step 200	lr 0.025	Loss 1.8198 (2.0600)	Prec@(1,5) (23.3%, 76.6%)	
08/10 06:57:19PM searchStage_trainer.py:198 [INFO] Train: Epoch: [0][250/390]	Step 250	lr 0.025	Loss 1.7477 (1.9986)	Prec@(1,5) (25.2%, 78.7%)	
08/10 06:57:52PM searchStage_trainer.py:198 [INFO] Train: Epoch: [0][300/390]	Step 300	lr 0.025	Loss 1.6820 (1.9550)	Prec@(1,5) (26.7%, 80.1%)	
08/10 06:58:25PM searchStage_trainer.py:198 [INFO] Train: Epoch: [0][350/390]	Step 350	lr 0.025	Loss 1.5802 (1.9131)	Prec@(1,5) (28.2%, 81.2%)	
08/10 06:58:51PM searchStage_trainer.py:198 [INFO] Train: Epoch: [0][390/390]	Step 390	lr 0.025	Loss 1.3796 (1.8833)	Prec@(1,5) (29.3%, 82.1%)	
08/10 06:58:53PM searchStage_trainer.py:208 [INFO] Train: [  0/49] Final Prec@1 29.3360%
08/10 06:58:59PM searchStage_trainer.py:236 [INFO] Valid: Epoch: [0][50/391]	Step 391	Loss 1.6283	Prec@(1,5) (39.5%, 89.0%)
08/10 06:59:04PM searchStage_trainer.py:236 [INFO] Valid: Epoch: [0][100/391]	Step 391	Loss 1.6499	Prec@(1,5) (38.8%, 89.0%)
08/10 06:59:10PM searchStage_trainer.py:236 [INFO] Valid: Epoch: [0][150/391]	Step 391	Loss 1.6414	Prec@(1,5) (39.3%, 89.1%)
08/10 06:59:15PM searchStage_trainer.py:236 [INFO] Valid: Epoch: [0][200/391]	Step 391	Loss 1.6417	Prec@(1,5) (39.6%, 89.2%)
08/10 06:59:21PM searchStage_trainer.py:236 [INFO] Valid: Epoch: [0][250/391]	Step 391	Loss 1.6320	Prec@(1,5) (39.9%, 89.4%)
08/10 06:59:26PM searchStage_trainer.py:236 [INFO] Valid: Epoch: [0][300/391]	Step 391	Loss 1.6340	Prec@(1,5) (39.8%, 89.4%)
08/10 06:59:32PM searchStage_trainer.py:236 [INFO] Valid: Epoch: [0][350/391]	Step 391	Loss 1.6386	Prec@(1,5) (39.6%, 89.3%)
08/10 06:59:36PM searchStage_trainer.py:236 [INFO] Valid: Epoch: [0][390/391]	Step 391	Loss 1.6396	Prec@(1,5) (39.7%, 89.2%)
08/10 06:59:36PM searchStage_trainer.py:247 [INFO] Valid: [  0/49] Final Prec@1 39.6880%
08/10 06:59:36PM searchStage_main.py:47 [INFO] DAG = Genotype2(DAG1=[[('max_pool_3x3', 1), ('skip_connect', 0)], [('avg_pool_3x3', 2), ('avg_pool_3x3', 1)], [('avg_pool_3x3', 2), ('avg_pool_3x3', 3)], [('avg_pool_3x3', 2), ('avg_pool_3x3', 4)], [('max_pool_3x3', 4), ('avg_pool_3x3', 5)], [('avg_pool_3x3', 5), ('avg_pool_3x3', 6)]], DAG1_concat=range(6, 8), DAG2=[[('avg_pool_3x3', 0), ('avg_pool_3x3', 1)], [('avg_pool_3x3', 2), ('skip_connect', 0)], [('max_pool_3x3', 2), ('avg_pool_3x3', 3)], [('avg_pool_3x3', 2), ('avg_pool_3x3', 3)], [('avg_pool_3x3', 5), ('avg_pool_3x3', 4)], [('max_pool_3x3', 4), ('max_pool_3x3', 5)]], DAG2_concat=range(6, 8), DAG3=[[('avg_pool_3x3', 0), ('avg_pool_3x3', 1)], [('avg_pool_3x3', 2), ('skip_connect', 1)], [('avg_pool_3x3', 2), ('max_pool_3x3', 3)], [('avg_pool_3x3', 4), ('skip_connect', 2)], [('skip_connect', 5), ('skip_connect', 4)], [('skip_connect', 4), ('skip_connect', 5)]], DAG3_concat=range(6, 8))
08/10 06:59:37PM searchStage_main.py:73 [INFO] Until now, best Prec@1 = 39.6880%
####### ALPHA #######
# Alpha - DAG
tensor([[0.2478, 0.2526, 0.2532, 0.2464],
        [0.2531, 0.2519, 0.2496, 0.2453]], device='cuda:0',
       grad_fn=<SoftmaxBackward0>)
tensor([[0.2511, 0.2512, 0.2518, 0.2459],
        [0.2499, 0.2528, 0.2514, 0.2459],
        [0.2533, 0.2568, 0.2459, 0.2440]], device='cuda:0',
       grad_fn=<SoftmaxBackward0>)
tensor([[0.2499, 0.2512, 0.2504, 0.2485],
        [0.2514, 0.2556, 0.2484, 0.2447],
        [0.2527, 0.2549, 0.2463, 0.2461]], device='cuda:0',
       grad_fn=<SoftmaxBackward0>)
tensor([[0.2516, 0.2533, 0.2478, 0.2474],
        [0.2534, 0.2529, 0.2477, 0.2460],
        [0.2526, 0.2531, 0.2470, 0.2473]], device='cuda:0',
       grad_fn=<SoftmaxBackward0>)
tensor([[0.2522, 0.2519, 0.2490, 0.2469],
        [0.2545, 0.2524, 0.2450, 0.2480],
        [0.2531, 0.2540, 0.2474, 0.2455]], device='cuda:0',
       grad_fn=<SoftmaxBackward0>)
tensor([[0.2511, 0.2525, 0.2483, 0.2481],
        [0.2505, 0.2527, 0.2470, 0.2498],
        [0.2515, 0.2527, 0.2485, 0.2473]], device='cuda:0',
       grad_fn=<SoftmaxBackward0>)
tensor([[0.2500, 0.2511, 0.2507, 0.2481],
        [0.2490, 0.2506, 0.2498, 0.2506]], device='cuda:0',
       grad_fn=<SoftmaxBackward0>)
tensor([[0.2501, 0.2503, 0.2506, 0.2491],
        [0.2496, 0.2503, 0.2497, 0.2504],
        [0.2500, 0.2514, 0.2502, 0.2484]], device='cuda:0',
       grad_fn=<SoftmaxBackward0>)
tensor([[0.2500, 0.2504, 0.2499, 0.2497],
        [0.2511, 0.2505, 0.2495, 0.2489],
        [0.2506, 0.2509, 0.2487, 0.2498]], device='cuda:0',
       grad_fn=<SoftmaxBackward0>)
tensor([[0.2501, 0.2509, 0.2496, 0.2494],
        [0.2496, 0.2512, 0.2498, 0.2494],
        [0.2500, 0.2505, 0.2496, 0.2498]], device='cuda:0',
       grad_fn=<SoftmaxBackward0>)
tensor([[0.2502, 0.2503, 0.2491, 0.2504],
        [0.2498, 0.2507, 0.2496, 0.2499],
        [0.2504, 0.2511, 0.2502, 0.2484]], device='cuda:0',
       grad_fn=<SoftmaxBackward0>)
tensor([[0.2507, 0.2501, 0.2490, 0.2502],
        [0.2504, 0.2502, 0.2495, 0.2498],
        [0.2503, 0.2504, 0.2499, 0.2494]], device='cuda:0',
       grad_fn=<SoftmaxBackward0>)
tensor([[0.2503, 0.2505, 0.2497, 0.2495],
        [0.2499, 0.2504, 0.2497, 0.2500]], device='cuda:0',
       grad_fn=<SoftmaxBackward0>)
tensor([[0.2498, 0.2502, 0.2503, 0.2498],
        [0.2496, 0.2496, 0.2508, 0.2500],
        [0.2498, 0.2500, 0.2500, 0.2502]], device='cuda:0',
       grad_fn=<SoftmaxBackward0>)
tensor([[0.2497, 0.2501, 0.2506, 0.2496],
        [0.2494, 0.2509, 0.2508, 0.2488],
        [0.2500, 0.2496, 0.2495, 0.2509]], device='cuda:0',
       grad_fn=<SoftmaxBackward0>)
tensor([[0.2500, 0.2497, 0.2504, 0.2500],
        [0.2500, 0.2498, 0.2500, 0.2502],
        [0.2498, 0.2504, 0.2499, 0.2499]], device='cuda:0',
       grad_fn=<SoftmaxBackward0>)
tensor([[0.2495, 0.2494, 0.2494, 0.2518],
        [0.2488, 0.2505, 0.2516, 0.2492],
        [0.2484, 0.2508, 0.2521, 0.2488]], device='cuda:0',
       grad_fn=<SoftmaxBackward0>)
tensor([[0.2492, 0.2504, 0.2513, 0.2491],
        [0.2496, 0.2491, 0.2504, 0.2509],
        [0.2498, 0.2503, 0.2503, 0.2495]], device='cuda:0',
       grad_fn=<SoftmaxBackward0>)
#####################
08/10 07:00:09PM searchStage_trainer.py:198 [INFO] Train: Epoch: [1][50/390]	Step 441	lr 0.02498	Loss 1.4806 (1.6035)	Prec@(1,5) (40.4%, 89.3%)	
08/10 07:00:36PM searchStage_trainer.py:198 [INFO] Train: Epoch: [1][100/390]	Step 491	lr 0.02498	Loss 1.5929 (1.6009)	Prec@(1,5) (40.7%, 89.3%)	
08/10 07:00:52PM searchStage_trainer.py:198 [INFO] Train: Epoch: [1][150/390]	Step 541	lr 0.02498	Loss 1.5280 (1.5707)	Prec@(1,5) (41.7%, 89.9%)	
08/10 07:01:08PM searchStage_trainer.py:198 [INFO] Train: Epoch: [1][200/390]	Step 591	lr 0.02498	Loss 1.9046 (1.5570)	Prec@(1,5) (42.3%, 90.2%)	
08/10 07:01:23PM searchStage_trainer.py:198 [INFO] Train: Epoch: [1][250/390]	Step 641	lr 0.02498	Loss 1.8542 (1.5470)	Prec@(1,5) (42.8%, 90.4%)	
08/10 07:01:38PM searchStage_trainer.py:198 [INFO] Train: Epoch: [1][300/390]	Step 691	lr 0.02498	Loss 1.3017 (1.5310)	Prec@(1,5) (43.5%, 90.6%)	
08/10 07:01:54PM searchStage_trainer.py:198 [INFO] Train: Epoch: [1][350/390]	Step 741	lr 0.02498	Loss 1.3284 (1.5139)	Prec@(1,5) (44.0%, 90.9%)	
08/10 07:02:06PM searchStage_trainer.py:198 [INFO] Train: Epoch: [1][390/390]	Step 781	lr 0.02498	Loss 1.4771 (1.5095)	Prec@(1,5) (44.3%, 91.0%)	
08/10 07:02:07PM searchStage_trainer.py:208 [INFO] Train: [  1/49] Final Prec@1 44.2920%
08/10 07:02:09PM searchStage_trainer.py:236 [INFO] Valid: Epoch: [1][50/391]	Step 782	Loss 1.5054	Prec@(1,5) (43.3%, 91.7%)
08/10 07:02:12PM searchStage_trainer.py:236 [INFO] Valid: Epoch: [1][100/391]	Step 782	Loss 1.5275	Prec@(1,5) (42.8%, 91.5%)
08/10 07:02:14PM searchStage_trainer.py:236 [INFO] Valid: Epoch: [1][150/391]	Step 782	Loss 1.5288	Prec@(1,5) (42.7%, 91.3%)
08/10 07:02:17PM searchStage_trainer.py:236 [INFO] Valid: Epoch: [1][200/391]	Step 782	Loss 1.5295	Prec@(1,5) (42.7%, 91.5%)
08/10 07:02:20PM searchStage_trainer.py:236 [INFO] Valid: Epoch: [1][250/391]	Step 782	Loss 1.5274	Prec@(1,5) (43.1%, 91.4%)
08/10 07:02:22PM searchStage_trainer.py:236 [INFO] Valid: Epoch: [1][300/391]	Step 782	Loss 1.5281	Prec@(1,5) (43.2%, 91.3%)
08/10 07:02:25PM searchStage_trainer.py:236 [INFO] Valid: Epoch: [1][350/391]	Step 782	Loss 1.5271	Prec@(1,5) (43.3%, 91.3%)
08/10 07:02:27PM searchStage_trainer.py:236 [INFO] Valid: Epoch: [1][390/391]	Step 782	Loss 1.5216	Prec@(1,5) (43.4%, 91.3%)
08/10 07:02:27PM searchStage_trainer.py:247 [INFO] Valid: [  1/49] Final Prec@1 43.4360%
08/10 07:02:27PM searchStage_main.py:47 [INFO] DAG = Genotype2(DAG1=[[('avg_pool_3x3', 1), ('skip_connect', 0)], [('avg_pool_3x3', 2), ('avg_pool_3x3', 1)], [('avg_pool_3x3', 2), ('avg_pool_3x3', 3)], [('avg_pool_3x3', 4), ('avg_pool_3x3', 2)], [('avg_pool_3x3', 5), ('max_pool_3x3', 4)], [('avg_pool_3x3', 5), ('avg_pool_3x3', 6)]], DAG1_concat=range(6, 8), DAG2=[[('avg_pool_3x3', 1), ('skip_connect', 0)], [('avg_pool_3x3', 2), ('skip_connect', 0)], [('max_pool_3x3', 3), ('max_pool_3x3', 2)], [('avg_pool_3x3', 4), ('avg_pool_3x3', 3)], [('avg_pool_3x3', 5), ('avg_pool_3x3', 4)], [('avg_pool_3x3', 6), ('max_pool_3x3', 4)]], DAG2_concat=range(6, 8), DAG3=[[('avg_pool_3x3', 0), ('avg_pool_3x3', 1)], [('skip_connect', 2), ('skip_connect', 1)], [('skip_connect', 2), ('avg_pool_3x3', 3)], [('avg_pool_3x3', 4), ('skip_connect', 2)], [('skip_connect', 5), ('skip_connect', 4)], [('skip_connect', 4), ('skip_connect', 6)]], DAG3_concat=range(6, 8))
08/10 07:02:27PM searchStage_main.py:73 [INFO] Until now, best Prec@1 = 43.4360%
####### ALPHA #######
# Alpha - DAG
tensor([[0.2473, 0.2553, 0.2558, 0.2416],
        [0.2527, 0.2552, 0.2517, 0.2404]], device='cuda:0',
       grad_fn=<SoftmaxBackward0>)
tensor([[0.2527, 0.2539, 0.2522, 0.2413],
        [0.2495, 0.2575, 0.2553, 0.2377],
        [0.2526, 0.2638, 0.2411, 0.2425]], device='cuda:0',
       grad_fn=<SoftmaxBackward0>)
tensor([[0.2514, 0.2544, 0.2500, 0.2441],
        [0.2539, 0.2619, 0.2460, 0.2382],
        [0.2539, 0.2593, 0.2418, 0.2449]], device='cuda:0',
       grad_fn=<SoftmaxBackward0>)
tensor([[0.2521, 0.2562, 0.2448, 0.2469],
        [0.2550, 0.2563, 0.2473, 0.2414],
        [0.2547, 0.2570, 0.2447, 0.2436]], device='cuda:0',
       grad_fn=<SoftmaxBackward0>)
tensor([[0.2547, 0.2549, 0.2454, 0.2451],
        [0.2567, 0.2565, 0.2410, 0.2458],
        [0.2537, 0.2589, 0.2471, 0.2403]], device='cuda:0',
       grad_fn=<SoftmaxBackward0>)
tensor([[0.2531, 0.2546, 0.2455, 0.2468],
        [0.2518, 0.2557, 0.2447, 0.2478],
        [0.2540, 0.2561, 0.2460, 0.2439]], device='cuda:0',
       grad_fn=<SoftmaxBackward0>)
tensor([[0.2502, 0.2509, 0.2509, 0.2480],
        [0.2485, 0.2512, 0.2504, 0.2499]], device='cuda:0',
       grad_fn=<SoftmaxBackward0>)
tensor([[0.2501, 0.2506, 0.2512, 0.2482],
        [0.2499, 0.2494, 0.2496, 0.2511],
        [0.2502, 0.2523, 0.2507, 0.2468]], device='cuda:0',
       grad_fn=<SoftmaxBackward0>)
tensor([[0.2511, 0.2505, 0.2500, 0.2484],
        [0.2515, 0.2507, 0.2492, 0.2486],
        [0.2511, 0.2510, 0.2481, 0.2499]], device='cuda:0',
       grad_fn=<SoftmaxBackward0>)
tensor([[0.2498, 0.2515, 0.2499, 0.2488],
        [0.2498, 0.2515, 0.2497, 0.2489],
        [0.2504, 0.2507, 0.2491, 0.2498]], device='cuda:0',
       grad_fn=<SoftmaxBackward0>)
tensor([[0.2505, 0.2508, 0.2492, 0.2495],
        [0.2500, 0.2510, 0.2493, 0.2497],
        [0.2502, 0.2514, 0.2501, 0.2484]], device='cuda:0',
       grad_fn=<SoftmaxBackward0>)
tensor([[0.2511, 0.2503, 0.2485, 0.2501],
        [0.2509, 0.2502, 0.2491, 0.2499],
        [0.2506, 0.2508, 0.2500, 0.2485]], device='cuda:0',
       grad_fn=<SoftmaxBackward0>)
tensor([[0.2503, 0.2505, 0.2498, 0.2494],
        [0.2498, 0.2504, 0.2498, 0.2500]], device='cuda:0',
       grad_fn=<SoftmaxBackward0>)
tensor([[0.2498, 0.2501, 0.2503, 0.2498],
        [0.2490, 0.2497, 0.2513, 0.2501],
        [0.2491, 0.2502, 0.2506, 0.2501]], device='cuda:0',
       grad_fn=<SoftmaxBackward0>)
tensor([[0.2495, 0.2501, 0.2508, 0.2496],
        [0.2491, 0.2514, 0.2517, 0.2477],
        [0.2495, 0.2495, 0.2493, 0.2517]], device='cuda:0',
       grad_fn=<SoftmaxBackward0>)
tensor([[0.2499, 0.2496, 0.2506, 0.2498],
        [0.2501, 0.2498, 0.2500, 0.2501],
        [0.2497, 0.2504, 0.2500, 0.2499]], device='cuda:0',
       grad_fn=<SoftmaxBackward0>)
tensor([[0.2493, 0.2486, 0.2487, 0.2534],
        [0.2480, 0.2507, 0.2531, 0.2482],
        [0.2472, 0.2510, 0.2539, 0.2480]], device='cuda:0',
       grad_fn=<SoftmaxBackward0>)
tensor([[0.2484, 0.2505, 0.2528, 0.2483],
        [0.2492, 0.2486, 0.2503, 0.2519],
        [0.2496, 0.2504, 0.2507, 0.2493]], device='cuda:0',
       grad_fn=<SoftmaxBackward0>)
#####################
08/10 07:02:43PM searchStage_trainer.py:198 [INFO] Train: Epoch: [2][50/390]	Step 832	lr 0.02491	Loss 1.4816 (1.3569)	Prec@(1,5) (49.8%, 93.6%)	
08/10 07:02:58PM searchStage_trainer.py:198 [INFO] Train: Epoch: [2][100/390]	Step 882	lr 0.02491	Loss 1.2583 (1.3682)	Prec@(1,5) (49.1%, 93.2%)	
08/10 07:03:14PM searchStage_trainer.py:198 [INFO] Train: Epoch: [2][150/390]	Step 932	lr 0.02491	Loss 1.2223 (1.3564)	Prec@(1,5) (49.6%, 93.2%)	
08/10 07:03:29PM searchStage_trainer.py:198 [INFO] Train: Epoch: [2][200/390]	Step 982	lr 0.02491	Loss 1.2233 (1.3619)	Prec@(1,5) (49.8%, 93.1%)	
08/10 07:03:45PM searchStage_trainer.py:198 [INFO] Train: Epoch: [2][250/390]	Step 1032	lr 0.02491	Loss 1.1849 (1.3530)	Prec@(1,5) (50.3%, 93.1%)	
08/10 07:04:00PM searchStage_trainer.py:198 [INFO] Train: Epoch: [2][300/390]	Step 1082	lr 0.02491	Loss 1.4922 (1.3434)	Prec@(1,5) (50.7%, 93.3%)	
08/10 07:04:16PM searchStage_trainer.py:198 [INFO] Train: Epoch: [2][350/390]	Step 1132	lr 0.02491	Loss 1.4732 (1.3382)	Prec@(1,5) (51.1%, 93.3%)	
08/10 07:04:28PM searchStage_trainer.py:198 [INFO] Train: Epoch: [2][390/390]	Step 1172	lr 0.02491	Loss 1.2301 (1.3334)	Prec@(1,5) (51.3%, 93.4%)	
08/10 07:04:28PM searchStage_trainer.py:208 [INFO] Train: [  2/49] Final Prec@1 51.3080%
08/10 07:04:31PM searchStage_trainer.py:236 [INFO] Valid: Epoch: [2][50/391]	Step 1173	Loss 1.3352	Prec@(1,5) (52.5%, 93.7%)
08/10 07:04:34PM searchStage_trainer.py:236 [INFO] Valid: Epoch: [2][100/391]	Step 1173	Loss 1.3463	Prec@(1,5) (51.9%, 93.6%)
08/10 07:04:36PM searchStage_trainer.py:236 [INFO] Valid: Epoch: [2][150/391]	Step 1173	Loss 1.3444	Prec@(1,5) (51.7%, 93.6%)
08/10 07:04:39PM searchStage_trainer.py:236 [INFO] Valid: Epoch: [2][200/391]	Step 1173	Loss 1.3412	Prec@(1,5) (51.5%, 93.6%)
08/10 07:04:41PM searchStage_trainer.py:236 [INFO] Valid: Epoch: [2][250/391]	Step 1173	Loss 1.3413	Prec@(1,5) (51.5%, 93.6%)
08/10 07:04:44PM searchStage_trainer.py:236 [INFO] Valid: Epoch: [2][300/391]	Step 1173	Loss 1.3449	Prec@(1,5) (51.6%, 93.6%)
08/10 07:04:46PM searchStage_trainer.py:236 [INFO] Valid: Epoch: [2][350/391]	Step 1173	Loss 1.3454	Prec@(1,5) (51.7%, 93.6%)
08/10 07:04:48PM searchStage_trainer.py:236 [INFO] Valid: Epoch: [2][390/391]	Step 1173	Loss 1.3430	Prec@(1,5) (51.8%, 93.6%)
08/10 07:04:49PM searchStage_trainer.py:247 [INFO] Valid: [  2/49] Final Prec@1 51.7840%
08/10 07:04:49PM searchStage_main.py:47 [INFO] DAG = Genotype2(DAG1=[[('avg_pool_3x3', 1), ('skip_connect', 0)], [('avg_pool_3x3', 2), ('avg_pool_3x3', 1)], [('avg_pool_3x3', 2), ('avg_pool_3x3', 3)], [('avg_pool_3x3', 4), ('avg_pool_3x3', 3)], [('avg_pool_3x3', 5), ('avg_pool_3x3', 4)], [('avg_pool_3x3', 5), ('avg_pool_3x3', 6)]], DAG1_concat=range(6, 8), DAG2=[[('avg_pool_3x3', 1), ('avg_pool_3x3', 0)], [('avg_pool_3x3', 2), ('skip_connect', 0)], [('max_pool_3x3', 3), ('max_pool_3x3', 2)], [('avg_pool_3x3', 4), ('avg_pool_3x3', 3)], [('avg_pool_3x3', 5), ('avg_pool_3x3', 4)], [('avg_pool_3x3', 6), ('max_pool_3x3', 5)]], DAG2_concat=range(6, 8), DAG3=[[('avg_pool_3x3', 0), ('avg_pool_3x3', 1)], [('skip_connect', 2), ('skip_connect', 1)], [('skip_connect', 2), ('avg_pool_3x3', 3)], [('avg_pool_3x3', 4), ('max_pool_3x3', 3)], [('skip_connect', 5), ('skip_connect', 4)], [('skip_connect', 4), ('skip_connect', 6)]], DAG3_concat=range(6, 8))
08/10 07:04:49PM searchStage_main.py:73 [INFO] Until now, best Prec@1 = 51.7840%
####### ALPHA #######
# Alpha - DAG
tensor([[0.2478, 0.2556, 0.2577, 0.2389],
        [0.2555, 0.2594, 0.2518, 0.2334]], device='cuda:0',
       grad_fn=<SoftmaxBackward0>)
tensor([[0.2546, 0.2557, 0.2517, 0.2379],
        [0.2502, 0.2601, 0.2566, 0.2331],
        [0.2556, 0.2687, 0.2388, 0.2368]], device='cuda:0',
       grad_fn=<SoftmaxBackward0>)
tensor([[0.2530, 0.2569, 0.2504, 0.2398],
        [0.2562, 0.2650, 0.2441, 0.2346],
        [0.2556, 0.2628, 0.2397, 0.2419]], device='cuda:0',
       grad_fn=<SoftmaxBackward0>)
tensor([[0.2534, 0.2583, 0.2436, 0.2446],
        [0.2574, 0.2588, 0.2452, 0.2386],
        [0.2566, 0.2597, 0.2431, 0.2406]], device='cuda:0',
       grad_fn=<SoftmaxBackward0>)
tensor([[0.2575, 0.2580, 0.2435, 0.2411],
        [0.2588, 0.2591, 0.2376, 0.2445],
        [0.2563, 0.2617, 0.2448, 0.2372]], device='cuda:0',
       grad_fn=<SoftmaxBackward0>)
tensor([[0.2546, 0.2568, 0.2448, 0.2438],
        [0.2533, 0.2579, 0.2438, 0.2450],
        [0.2559, 0.2577, 0.2431, 0.2434]], device='cuda:0',
       grad_fn=<SoftmaxBackward0>)
tensor([[0.2504, 0.2508, 0.2506, 0.2482],
        [0.2483, 0.2519, 0.2509, 0.2490]], device='cuda:0',
       grad_fn=<SoftmaxBackward0>)
tensor([[0.2506, 0.2508, 0.2510, 0.2477],
        [0.2502, 0.2499, 0.2497, 0.2502],
        [0.2500, 0.2527, 0.2507, 0.2466]], device='cuda:0',
       grad_fn=<SoftmaxBackward0>)
tensor([[0.2516, 0.2506, 0.2499, 0.2480],
        [0.2517, 0.2510, 0.2490, 0.2483],
        [0.2513, 0.2512, 0.2480, 0.2496]], device='cuda:0',
       grad_fn=<SoftmaxBackward0>)
tensor([[0.2499, 0.2515, 0.2498, 0.2488],
        [0.2497, 0.2520, 0.2501, 0.2482],
        [0.2506, 0.2509, 0.2488, 0.2497]], device='cuda:0',
       grad_fn=<SoftmaxBackward0>)
tensor([[0.2510, 0.2510, 0.2486, 0.2494],
        [0.2499, 0.2512, 0.2492, 0.2497],
        [0.2506, 0.2518, 0.2499, 0.2476]], device='cuda:0',
       grad_fn=<SoftmaxBackward0>)
tensor([[0.2511, 0.2505, 0.2486, 0.2498],
        [0.2511, 0.2502, 0.2486, 0.2501],
        [0.2509, 0.2511, 0.2501, 0.2479]], device='cuda:0',
       grad_fn=<SoftmaxBackward0>)
tensor([[0.2505, 0.2506, 0.2498, 0.2491],
        [0.2497, 0.2502, 0.2499, 0.2502]], device='cuda:0',
       grad_fn=<SoftmaxBackward0>)
tensor([[0.2496, 0.2501, 0.2505, 0.2498],
        [0.2486, 0.2498, 0.2517, 0.2499],
        [0.2488, 0.2503, 0.2507, 0.2503]], device='cuda:0',
       grad_fn=<SoftmaxBackward0>)
tensor([[0.2493, 0.2502, 0.2510, 0.2495],
        [0.2489, 0.2517, 0.2523, 0.2470],
        [0.2492, 0.2495, 0.2491, 0.2522]], device='cuda:0',
       grad_fn=<SoftmaxBackward0>)
tensor([[0.2500, 0.2495, 0.2508, 0.2497],
        [0.2502, 0.2497, 0.2500, 0.2501],
        [0.2495, 0.2503, 0.2501, 0.2500]], device='cuda:0',
       grad_fn=<SoftmaxBackward0>)
tensor([[0.2490, 0.2480, 0.2482, 0.2547],
        [0.2473, 0.2509, 0.2543, 0.2474],
        [0.2460, 0.2511, 0.2555, 0.2474]], device='cuda:0',
       grad_fn=<SoftmaxBackward0>)
tensor([[0.2478, 0.2507, 0.2541, 0.2475],
        [0.2488, 0.2483, 0.2502, 0.2527],
        [0.2493, 0.2505, 0.2511, 0.2491]], device='cuda:0',
       grad_fn=<SoftmaxBackward0>)
#####################
08/10 07:05:05PM searchStage_trainer.py:198 [INFO] Train: Epoch: [3][50/390]	Step 1223	lr 0.02479	Loss 1.1959 (1.2593)	Prec@(1,5) (53.6%, 94.5%)	
08/10 07:05:20PM searchStage_trainer.py:198 [INFO] Train: Epoch: [3][100/390]	Step 1273	lr 0.02479	Loss 1.3143 (1.2413)	Prec@(1,5) (54.4%, 94.9%)	
08/10 07:05:36PM searchStage_trainer.py:198 [INFO] Train: Epoch: [3][150/390]	Step 1323	lr 0.02479	Loss 1.2797 (1.2417)	Prec@(1,5) (54.3%, 94.9%)	
08/10 07:05:51PM searchStage_trainer.py:198 [INFO] Train: Epoch: [3][200/390]	Step 1373	lr 0.02479	Loss 1.1816 (1.2346)	Prec@(1,5) (55.0%, 94.8%)	
08/10 07:06:07PM searchStage_trainer.py:198 [INFO] Train: Epoch: [3][250/390]	Step 1423	lr 0.02479	Loss 1.1113 (1.2252)	Prec@(1,5) (55.5%, 94.9%)	
08/10 07:06:22PM searchStage_trainer.py:198 [INFO] Train: Epoch: [3][300/390]	Step 1473	lr 0.02479	Loss 1.2328 (1.2145)	Prec@(1,5) (56.0%, 94.9%)	
08/10 07:06:38PM searchStage_trainer.py:198 [INFO] Train: Epoch: [3][350/390]	Step 1523	lr 0.02479	Loss 1.2804 (1.2058)	Prec@(1,5) (56.4%, 95.0%)	
08/10 07:06:50PM searchStage_trainer.py:198 [INFO] Train: Epoch: [3][390/390]	Step 1563	lr 0.02479	Loss 1.2607 (1.2025)	Prec@(1,5) (56.5%, 94.9%)	
08/10 07:06:51PM searchStage_trainer.py:208 [INFO] Train: [  3/49] Final Prec@1 56.4840%
08/10 07:06:53PM searchStage_trainer.py:236 [INFO] Valid: Epoch: [3][50/391]	Step 1564	Loss 1.2254	Prec@(1,5) (55.7%, 94.9%)
08/10 07:06:56PM searchStage_trainer.py:236 [INFO] Valid: Epoch: [3][100/391]	Step 1564	Loss 1.2251	Prec@(1,5) (55.8%, 95.1%)
08/10 07:06:58PM searchStage_trainer.py:236 [INFO] Valid: Epoch: [3][150/391]	Step 1564	Loss 1.2199	Prec@(1,5) (55.9%, 95.2%)
08/10 07:07:01PM searchStage_trainer.py:236 [INFO] Valid: Epoch: [3][200/391]	Step 1564	Loss 1.2292	Prec@(1,5) (55.8%, 95.0%)
08/10 07:07:03PM searchStage_trainer.py:236 [INFO] Valid: Epoch: [3][250/391]	Step 1564	Loss 1.2294	Prec@(1,5) (56.0%, 94.9%)
08/10 07:07:06PM searchStage_trainer.py:236 [INFO] Valid: Epoch: [3][300/391]	Step 1564	Loss 1.2328	Prec@(1,5) (55.8%, 95.0%)
08/10 07:07:08PM searchStage_trainer.py:236 [INFO] Valid: Epoch: [3][350/391]	Step 1564	Loss 1.2323	Prec@(1,5) (55.8%, 94.9%)
08/10 07:07:10PM searchStage_trainer.py:236 [INFO] Valid: Epoch: [3][390/391]	Step 1564	Loss 1.2313	Prec@(1,5) (55.8%, 94.9%)
08/10 07:07:11PM searchStage_trainer.py:247 [INFO] Valid: [  3/49] Final Prec@1 55.7600%
08/10 07:07:11PM searchStage_main.py:47 [INFO] DAG = Genotype2(DAG1=[[('avg_pool_3x3', 1), ('avg_pool_3x3', 0)], [('avg_pool_3x3', 2), ('avg_pool_3x3', 1)], [('avg_pool_3x3', 3), ('avg_pool_3x3', 2)], [('avg_pool_3x3', 4), ('avg_pool_3x3', 3)], [('avg_pool_3x3', 5), ('avg_pool_3x3', 4)], [('avg_pool_3x3', 6), ('avg_pool_3x3', 5)]], DAG1_concat=range(6, 8), DAG2=[[('avg_pool_3x3', 1), ('skip_connect', 0)], [('avg_pool_3x3', 2), ('skip_connect', 0)], [('max_pool_3x3', 3), ('max_pool_3x3', 2)], [('avg_pool_3x3', 4), ('avg_pool_3x3', 3)], [('avg_pool_3x3', 5), ('avg_pool_3x3', 4)], [('avg_pool_3x3', 6), ('max_pool_3x3', 5)]], DAG2_concat=range(6, 8), DAG3=[[('avg_pool_3x3', 0), ('avg_pool_3x3', 1)], [('skip_connect', 2), ('skip_connect', 1)], [('skip_connect', 2), ('avg_pool_3x3', 3)], [('skip_connect', 4), ('max_pool_3x3', 3)], [('skip_connect', 5), ('skip_connect', 4)], [('skip_connect', 6), ('skip_connect', 4)]], DAG3_concat=range(6, 8))
08/10 07:07:11PM searchStage_main.py:73 [INFO] Until now, best Prec@1 = 55.7600%
####### ALPHA #######
# Alpha - DAG
tensor([[0.2478, 0.2590, 0.2589, 0.2342],
        [0.2556, 0.2620, 0.2537, 0.2287]], device='cuda:0',
       grad_fn=<SoftmaxBackward0>)
tensor([[0.2554, 0.2580, 0.2540, 0.2326],
        [0.2509, 0.2619, 0.2575, 0.2297],
        [0.2576, 0.2723, 0.2374, 0.2328]], device='cuda:0',
       grad_fn=<SoftmaxBackward0>)
tensor([[0.2537, 0.2590, 0.2518, 0.2354],
        [0.2577, 0.2675, 0.2433, 0.2314],
        [0.2572, 0.2648, 0.2381, 0.2399]], device='cuda:0',
       grad_fn=<SoftmaxBackward0>)
tensor([[0.2544, 0.2600, 0.2427, 0.2429],
        [0.2582, 0.2605, 0.2445, 0.2369],
        [0.2576, 0.2617, 0.2430, 0.2376]], device='cuda:0',
       grad_fn=<SoftmaxBackward0>)
tensor([[0.2583, 0.2602, 0.2434, 0.2382],
        [0.2597, 0.2617, 0.2362, 0.2424],
        [0.2579, 0.2636, 0.2433, 0.2351]], device='cuda:0',
       grad_fn=<SoftmaxBackward0>)
tensor([[0.2558, 0.2587, 0.2438, 0.2417],
        [0.2542, 0.2594, 0.2434, 0.2430],
        [0.2568, 0.2599, 0.2414, 0.2419]], device='cuda:0',
       grad_fn=<SoftmaxBackward0>)
tensor([[0.2499, 0.2508, 0.2511, 0.2483],
        [0.2482, 0.2526, 0.2508, 0.2484]], device='cuda:0',
       grad_fn=<SoftmaxBackward0>)
tensor([[0.2509, 0.2511, 0.2512, 0.2468],
        [0.2503, 0.2497, 0.2494, 0.2506],
        [0.2501, 0.2528, 0.2509, 0.2462]], device='cuda:0',
       grad_fn=<SoftmaxBackward0>)
tensor([[0.2516, 0.2506, 0.2501, 0.2477],
        [0.2518, 0.2511, 0.2491, 0.2480],
        [0.2514, 0.2513, 0.2479, 0.2494]], device='cuda:0',
       grad_fn=<SoftmaxBackward0>)
tensor([[0.2501, 0.2516, 0.2495, 0.2489],
        [0.2499, 0.2521, 0.2497, 0.2483],
        [0.2507, 0.2512, 0.2490, 0.2490]], device='cuda:0',
       grad_fn=<SoftmaxBackward0>)
tensor([[0.2510, 0.2511, 0.2485, 0.2495],
        [0.2499, 0.2515, 0.2493, 0.2493],
        [0.2509, 0.2522, 0.2496, 0.2473]], device='cuda:0',
       grad_fn=<SoftmaxBackward0>)
tensor([[0.2512, 0.2505, 0.2483, 0.2500],
        [0.2511, 0.2505, 0.2489, 0.2496],
        [0.2505, 0.2514, 0.2503, 0.2478]], device='cuda:0',
       grad_fn=<SoftmaxBackward0>)
tensor([[0.2505, 0.2506, 0.2499, 0.2490],
        [0.2497, 0.2502, 0.2499, 0.2501]], device='cuda:0',
       grad_fn=<SoftmaxBackward0>)
tensor([[0.2495, 0.2501, 0.2509, 0.2495],
        [0.2483, 0.2498, 0.2520, 0.2499],
        [0.2485, 0.2503, 0.2507, 0.2505]], device='cuda:0',
       grad_fn=<SoftmaxBackward0>)
tensor([[0.2491, 0.2503, 0.2512, 0.2494],
        [0.2488, 0.2520, 0.2527, 0.2465],
        [0.2490, 0.2493, 0.2490, 0.2527]], device='cuda:0',
       grad_fn=<SoftmaxBackward0>)
tensor([[0.2499, 0.2495, 0.2510, 0.2497],
        [0.2502, 0.2496, 0.2501, 0.2501],
        [0.2494, 0.2503, 0.2503, 0.2500]], device='cuda:0',
       grad_fn=<SoftmaxBackward0>)
tensor([[0.2488, 0.2476, 0.2479, 0.2557],
        [0.2467, 0.2511, 0.2553, 0.2469],
        [0.2452, 0.2511, 0.2567, 0.2470]], device='cuda:0',
       grad_fn=<SoftmaxBackward0>)
tensor([[0.2472, 0.2508, 0.2551, 0.2468],
        [0.2485, 0.2479, 0.2502, 0.2534],
        [0.2491, 0.2505, 0.2514, 0.2490]], device='cuda:0',
       grad_fn=<SoftmaxBackward0>)
#####################
08/10 07:07:27PM searchStage_trainer.py:198 [INFO] Train: Epoch: [4][50/390]	Step 1614	lr 0.02462	Loss 1.0594 (1.1277)	Prec@(1,5) (59.6%, 95.6%)	
08/10 07:07:42PM searchStage_trainer.py:198 [INFO] Train: Epoch: [4][100/390]	Step 1664	lr 0.02462	Loss 1.1242 (1.0977)	Prec@(1,5) (60.6%, 96.2%)	
08/10 07:07:58PM searchStage_trainer.py:198 [INFO] Train: Epoch: [4][150/390]	Step 1714	lr 0.02462	Loss 1.0593 (1.1041)	Prec@(1,5) (60.0%, 96.3%)	
08/10 07:08:14PM searchStage_trainer.py:198 [INFO] Train: Epoch: [4][200/390]	Step 1764	lr 0.02462	Loss 1.1659 (1.1052)	Prec@(1,5) (60.1%, 96.2%)	
08/10 07:08:29PM searchStage_trainer.py:198 [INFO] Train: Epoch: [4][250/390]	Step 1814	lr 0.02462	Loss 1.1613 (1.1009)	Prec@(1,5) (60.3%, 96.2%)	
08/10 07:08:45PM searchStage_trainer.py:198 [INFO] Train: Epoch: [4][300/390]	Step 1864	lr 0.02462	Loss 0.9462 (1.0940)	Prec@(1,5) (60.6%, 96.2%)	
08/10 07:09:00PM searchStage_trainer.py:198 [INFO] Train: Epoch: [4][350/390]	Step 1914	lr 0.02462	Loss 1.1536 (1.0893)	Prec@(1,5) (61.0%, 96.2%)	
08/10 07:09:13PM searchStage_trainer.py:198 [INFO] Train: Epoch: [4][390/390]	Step 1954	lr 0.02462	Loss 1.0021 (1.0915)	Prec@(1,5) (60.9%, 96.1%)	
08/10 07:09:13PM searchStage_trainer.py:208 [INFO] Train: [  4/49] Final Prec@1 60.9520%
08/10 07:09:16PM searchStage_trainer.py:236 [INFO] Valid: Epoch: [4][50/391]	Step 1955	Loss 1.1584	Prec@(1,5) (59.3%, 95.4%)
08/10 07:09:18PM searchStage_trainer.py:236 [INFO] Valid: Epoch: [4][100/391]	Step 1955	Loss 1.1457	Prec@(1,5) (59.6%, 94.9%)
08/10 07:09:21PM searchStage_trainer.py:236 [INFO] Valid: Epoch: [4][150/391]	Step 1955	Loss 1.1451	Prec@(1,5) (59.6%, 95.0%)
08/10 07:09:23PM searchStage_trainer.py:236 [INFO] Valid: Epoch: [4][200/391]	Step 1955	Loss 1.1407	Prec@(1,5) (59.7%, 95.1%)
08/10 07:09:26PM searchStage_trainer.py:236 [INFO] Valid: Epoch: [4][250/391]	Step 1955	Loss 1.1430	Prec@(1,5) (59.8%, 95.0%)
08/10 07:09:29PM searchStage_trainer.py:236 [INFO] Valid: Epoch: [4][300/391]	Step 1955	Loss 1.1456	Prec@(1,5) (59.8%, 95.0%)
08/10 07:09:31PM searchStage_trainer.py:236 [INFO] Valid: Epoch: [4][350/391]	Step 1955	Loss 1.1524	Prec@(1,5) (59.5%, 94.9%)
08/10 07:09:33PM searchStage_trainer.py:236 [INFO] Valid: Epoch: [4][390/391]	Step 1955	Loss 1.1563	Prec@(1,5) (59.4%, 94.9%)
08/10 07:09:33PM searchStage_trainer.py:247 [INFO] Valid: [  4/49] Final Prec@1 59.4000%
08/10 07:09:33PM searchStage_main.py:47 [INFO] DAG = Genotype2(DAG1=[[('avg_pool_3x3', 1), ('skip_connect', 0)], [('avg_pool_3x3', 2), ('avg_pool_3x3', 1)], [('avg_pool_3x3', 3), ('avg_pool_3x3', 2)], [('avg_pool_3x3', 4), ('avg_pool_3x3', 3)], [('avg_pool_3x3', 5), ('avg_pool_3x3', 4)], [('avg_pool_3x3', 6), ('avg_pool_3x3', 5)]], DAG1_concat=range(6, 8), DAG2=[[('avg_pool_3x3', 1), ('skip_connect', 0)], [('avg_pool_3x3', 2), ('max_pool_3x3', 0)], [('avg_pool_3x3', 3), ('max_pool_3x3', 2)], [('avg_pool_3x3', 4), ('avg_pool_3x3', 3)], [('avg_pool_3x3', 5), ('avg_pool_3x3', 4)], [('avg_pool_3x3', 6), ('max_pool_3x3', 5)]], DAG2_concat=range(6, 8), DAG3=[[('avg_pool_3x3', 0), ('avg_pool_3x3', 1)], [('skip_connect', 2), ('skip_connect', 1)], [('avg_pool_3x3', 3), ('skip_connect', 2)], [('skip_connect', 4), ('max_pool_3x3', 3)], [('skip_connect', 5), ('skip_connect', 4)], [('skip_connect', 6), ('skip_connect', 4)]], DAG3_concat=range(6, 8))
08/10 07:09:33PM searchStage_main.py:73 [INFO] Until now, best Prec@1 = 59.4000%
####### ALPHA #######
# Alpha - DAG
tensor([[0.2488, 0.2594, 0.2595, 0.2324],
        [0.2577, 0.2651, 0.2543, 0.2229]], device='cuda:0',
       grad_fn=<SoftmaxBackward0>)
tensor([[0.2564, 0.2605, 0.2541, 0.2290],
        [0.2517, 0.2649, 0.2583, 0.2251],
        [0.2593, 0.2745, 0.2351, 0.2311]], device='cuda:0',
       grad_fn=<SoftmaxBackward0>)
tensor([[0.2545, 0.2610, 0.2524, 0.2322],
        [0.2580, 0.2701, 0.2436, 0.2283],
        [0.2574, 0.2667, 0.2368, 0.2391]], device='cuda:0',
       grad_fn=<SoftmaxBackward0>)
tensor([[0.2553, 0.2611, 0.2424, 0.2412],
        [0.2589, 0.2620, 0.2431, 0.2360],
        [0.2584, 0.2634, 0.2426, 0.2356]], device='cuda:0',
       grad_fn=<SoftmaxBackward0>)
tensor([[0.2591, 0.2621, 0.2427, 0.2360],
        [0.2606, 0.2634, 0.2351, 0.2410],
        [0.2590, 0.2651, 0.2425, 0.2334]], device='cuda:0',
       grad_fn=<SoftmaxBackward0>)
tensor([[0.2566, 0.2601, 0.2438, 0.2395],
        [0.2548, 0.2609, 0.2427, 0.2416],
        [0.2582, 0.2615, 0.2392, 0.2411]], device='cuda:0',
       grad_fn=<SoftmaxBackward0>)
tensor([[0.2498, 0.2510, 0.2510, 0.2482],
        [0.2481, 0.2528, 0.2509, 0.2482]], device='cuda:0',
       grad_fn=<SoftmaxBackward0>)
tensor([[0.2513, 0.2509, 0.2513, 0.2465],
        [0.2501, 0.2497, 0.2495, 0.2507],
        [0.2500, 0.2531, 0.2511, 0.2458]], device='cuda:0',
       grad_fn=<SoftmaxBackward0>)
tensor([[0.2517, 0.2505, 0.2502, 0.2477],
        [0.2518, 0.2511, 0.2492, 0.2480],
        [0.2514, 0.2515, 0.2480, 0.2490]], device='cuda:0',
       grad_fn=<SoftmaxBackward0>)
tensor([[0.2501, 0.2517, 0.2497, 0.2485],
        [0.2500, 0.2520, 0.2497, 0.2483],
        [0.2509, 0.2512, 0.2488, 0.2490]], device='cuda:0',
       grad_fn=<SoftmaxBackward0>)
tensor([[0.2509, 0.2512, 0.2488, 0.2491],
        [0.2498, 0.2517, 0.2492, 0.2493],
        [0.2510, 0.2523, 0.2494, 0.2474]], device='cuda:0',
       grad_fn=<SoftmaxBackward0>)
tensor([[0.2512, 0.2506, 0.2485, 0.2497],
        [0.2510, 0.2505, 0.2486, 0.2499],
        [0.2505, 0.2515, 0.2506, 0.2474]], device='cuda:0',
       grad_fn=<SoftmaxBackward0>)
tensor([[0.2505, 0.2506, 0.2500, 0.2489],
        [0.2496, 0.2502, 0.2500, 0.2502]], device='cuda:0',
       grad_fn=<SoftmaxBackward0>)
tensor([[0.2495, 0.2501, 0.2511, 0.2493],
        [0.2480, 0.2499, 0.2523, 0.2498],
        [0.2484, 0.2503, 0.2507, 0.2506]], device='cuda:0',
       grad_fn=<SoftmaxBackward0>)
tensor([[0.2490, 0.2503, 0.2513, 0.2494],
        [0.2487, 0.2521, 0.2531, 0.2461],
        [0.2488, 0.2493, 0.2490, 0.2530]], device='cuda:0',
       grad_fn=<SoftmaxBackward0>)
tensor([[0.2498, 0.2494, 0.2512, 0.2496],
        [0.2502, 0.2496, 0.2502, 0.2500],
        [0.2493, 0.2502, 0.2504, 0.2501]], device='cuda:0',
       grad_fn=<SoftmaxBackward0>)
tensor([[0.2487, 0.2472, 0.2476, 0.2565],
        [0.2463, 0.2512, 0.2560, 0.2465],
        [0.2446, 0.2512, 0.2576, 0.2466]], device='cuda:0',
       grad_fn=<SoftmaxBackward0>)
tensor([[0.2468, 0.2509, 0.2559, 0.2464],
        [0.2483, 0.2477, 0.2501, 0.2539],
        [0.2490, 0.2505, 0.2516, 0.2488]], device='cuda:0',
       grad_fn=<SoftmaxBackward0>)
#####################
08/10 07:09:49PM searchStage_trainer.py:198 [INFO] Train: Epoch: [5][50/390]	Step 2005	lr 0.02441	Loss 1.4712 (1.0261)	Prec@(1,5) (62.8%, 96.7%)	
08/10 07:10:05PM searchStage_trainer.py:198 [INFO] Train: Epoch: [5][100/390]	Step 2055	lr 0.02441	Loss 1.1101 (1.0117)	Prec@(1,5) (64.0%, 96.9%)	
08/10 07:10:21PM searchStage_trainer.py:198 [INFO] Train: Epoch: [5][150/390]	Step 2105	lr 0.02441	Loss 0.8373 (1.0101)	Prec@(1,5) (64.0%, 96.9%)	
08/10 07:10:36PM searchStage_trainer.py:198 [INFO] Train: Epoch: [5][200/390]	Step 2155	lr 0.02441	Loss 0.8789 (1.0055)	Prec@(1,5) (63.9%, 96.9%)	
08/10 07:10:52PM searchStage_trainer.py:198 [INFO] Train: Epoch: [5][250/390]	Step 2205	lr 0.02441	Loss 0.9084 (1.0026)	Prec@(1,5) (64.1%, 96.8%)	
08/10 07:11:07PM searchStage_trainer.py:198 [INFO] Train: Epoch: [5][300/390]	Step 2255	lr 0.02441	Loss 0.9244 (0.9967)	Prec@(1,5) (64.5%, 96.8%)	
08/10 07:11:23PM searchStage_trainer.py:198 [INFO] Train: Epoch: [5][350/390]	Step 2305	lr 0.02441	Loss 0.6982 (0.9912)	Prec@(1,5) (64.7%, 96.9%)	
08/10 07:11:35PM searchStage_trainer.py:198 [INFO] Train: Epoch: [5][390/390]	Step 2345	lr 0.02441	Loss 1.0906 (0.9882)	Prec@(1,5) (64.9%, 96.9%)	
08/10 07:11:36PM searchStage_trainer.py:208 [INFO] Train: [  5/49] Final Prec@1 64.8880%
08/10 07:11:38PM searchStage_trainer.py:236 [INFO] Valid: Epoch: [5][50/391]	Step 2346	Loss 1.0297	Prec@(1,5) (63.5%, 96.2%)
08/10 07:11:41PM searchStage_trainer.py:236 [INFO] Valid: Epoch: [5][100/391]	Step 2346	Loss 1.0273	Prec@(1,5) (64.2%, 96.4%)
08/10 07:11:43PM searchStage_trainer.py:236 [INFO] Valid: Epoch: [5][150/391]	Step 2346	Loss 1.0315	Prec@(1,5) (64.1%, 96.3%)
08/10 07:11:46PM searchStage_trainer.py:236 [INFO] Valid: Epoch: [5][200/391]	Step 2346	Loss 1.0370	Prec@(1,5) (63.8%, 96.2%)
08/10 07:11:48PM searchStage_trainer.py:236 [INFO] Valid: Epoch: [5][250/391]	Step 2346	Loss 1.0421	Prec@(1,5) (63.5%, 96.2%)
