08/24 06:01:44AM parser.py:28 [INFO] 
08/24 06:01:44AM parser.py:29 [INFO] Parameters:
08/24 06:01:44AM parser.py:31 [INFO] DAG_PATH=results/search_stage_KD/cifar10/largeSlideWindow/s4-BaselineBestCell/DAG
08/24 06:01:44AM parser.py:31 [INFO] T=10.0
08/24 06:01:44AM parser.py:31 [INFO] ADVANCED=False
08/24 06:01:44AM parser.py:31 [INFO] ALPHA_LR=0.0003
08/24 06:01:44AM parser.py:31 [INFO] ALPHA_WEIGHT_DECAY=0.001
08/24 06:01:44AM parser.py:31 [INFO] BATCH_SIZE=64
08/24 06:01:44AM parser.py:31 [INFO] CASCADE=False
08/24 06:01:44AM parser.py:31 [INFO] CHECKPOINT_RESET=False
08/24 06:01:44AM parser.py:31 [INFO] CUTOUT_LENGTH=0
08/24 06:01:44AM parser.py:31 [INFO] DATA_PATH=../data/
08/24 06:01:44AM parser.py:31 [INFO] DATASET=cifar10
08/24 06:01:44AM parser.py:31 [INFO] DEPTH_COEF=1.0
08/24 06:01:44AM parser.py:31 [INFO] DESCRIPTION=search_stage_on_noKD_with_slideWindow-8
08/24 06:01:44AM parser.py:31 [INFO] EPOCHS=50
08/24 06:01:44AM parser.py:31 [INFO] EXP_NAME=s4-BaselineBestCell
08/24 06:01:44AM parser.py:31 [INFO] GENOTYPE=Genotype3(normal1=[[('sep_conv_5x5', 0), ('sep_conv_3x3', 1)], [('sep_conv_3x3', 1), ('sep_conv_3x3', 0)], [('sep_conv_3x3', 1), ('sep_conv_3x3', 2)], [('sep_conv_3x3', 0), ('sep_conv_5x5', 4)]], normal1_concat=range(2, 6), reduce1=[[('sep_conv_3x3', 0), ('skip_connect', 1)], [('sep_conv_3x3', 1), ('max_pool_3x3', 0)], [('sep_conv_3x3', 2), ('sep_conv_3x3', 1)], [('max_pool_3x3', 0), ('dil_conv_3x3', 1)]], reduce1_concat=range(2, 6), normal2=[[('skip_connect', 0), ('sep_conv_5x5', 1)], [('skip_connect', 0), ('skip_connect', 2)], [('avg_pool_3x3', 0), ('avg_pool_3x3', 2)], [('skip_connect', 0), ('avg_pool_3x3', 2)]], normal2_concat=range(2, 6), reduce2=[[('avg_pool_3x3', 0), ('avg_pool_3x3', 1)], [('avg_pool_3x3', 0), ('skip_connect', 2)], [('skip_connect', 2), ('avg_pool_3x3', 0)], [('skip_connect', 2), ('avg_pool_3x3', 0)]], reduce2_concat=range(2, 6), normal3=[[('skip_connect', 0), ('skip_connect', 1)], [('skip_connect', 0), ('dil_conv_3x3', 1)], [('skip_connect', 0), ('skip_connect', 1)], [('skip_connect', 0), ('skip_connect', 2)]], normal3_concat=range(2, 6))
08/24 06:01:44AM parser.py:31 [INFO] GPUS=[0]
08/24 06:01:44AM parser.py:31 [INFO] INIT_CHANNELS=16
08/24 06:01:44AM parser.py:31 [INFO] L=0.5
08/24 06:01:44AM parser.py:31 [INFO] LAYERS=20
08/24 06:01:44AM parser.py:31 [INFO] LOGGER=<Logger H-DAS (INFO)>
08/24 06:01:44AM parser.py:31 [INFO] NAME=largeSlideWindow
08/24 06:01:44AM parser.py:31 [INFO] NONKD=True
08/24 06:01:44AM parser.py:31 [INFO] PATH=results/search_stage_KD/cifar10/largeSlideWindow/s4-BaselineBestCell
08/24 06:01:44AM parser.py:31 [INFO] PCDARTS=False
08/24 06:01:44AM parser.py:31 [INFO] PLOT_PATH=results/search_stage_KD/cifar10/largeSlideWindow/s4-BaselineBestCell/plots
08/24 06:01:44AM parser.py:31 [INFO] PRINT_FREQ=50
08/24 06:01:44AM parser.py:31 [INFO] RESUME_PATH=None
08/24 06:01:44AM parser.py:31 [INFO] SAVE=s4-BaselineBestCell
08/24 06:01:44AM parser.py:31 [INFO] SEED=4
08/24 06:01:44AM parser.py:31 [INFO] SHARE_STAGE=False
08/24 06:01:44AM parser.py:31 [INFO] SLIDE_WINDOW=8
08/24 06:01:44AM parser.py:31 [INFO] SPEC_CELL=True
08/24 06:01:44AM parser.py:31 [INFO] TEACHER_NAME=non
08/24 06:01:44AM parser.py:31 [INFO] TEACHER_PATH=non
08/24 06:01:44AM parser.py:31 [INFO] TRAIN_PORTION=0.5
08/24 06:01:44AM parser.py:31 [INFO] W_GRAD_CLIP=5.0
08/24 06:01:44AM parser.py:31 [INFO] W_LR=0.025
08/24 06:01:44AM parser.py:31 [INFO] W_LR_MIN=0.001
08/24 06:01:44AM parser.py:31 [INFO] W_MOMENTUM=0.9
08/24 06:01:44AM parser.py:31 [INFO] W_WEIGHT_DECAY=0.0003
08/24 06:01:44AM parser.py:31 [INFO] WORKERS=4
08/24 06:01:44AM parser.py:32 [INFO] 
08/24 06:02:00AM searchStage_trainer.py:137 [INFO] --> No loaded checkpoint!
####### ALPHA #######
# Alpha - DAG
tensor([[0.2495, 0.2500, 0.2505, 0.2501],
        [0.2503, 0.2499, 0.2496, 0.2502]], device='cuda:0',
       grad_fn=<SoftmaxBackward0>)
tensor([[0.2500, 0.2499, 0.2500, 0.2502],
        [0.2501, 0.2501, 0.2499, 0.2500],
        [0.2497, 0.2503, 0.2499, 0.2501]], device='cuda:0',
       grad_fn=<SoftmaxBackward0>)
tensor([[0.2497, 0.2503, 0.2501, 0.2499],
        [0.2498, 0.2503, 0.2502, 0.2497],
        [0.2502, 0.2498, 0.2504, 0.2497],
        [0.2499, 0.2501, 0.2501, 0.2499]], device='cuda:0',
       grad_fn=<SoftmaxBackward0>)
tensor([[0.2496, 0.2502, 0.2499, 0.2503],
        [0.2498, 0.2498, 0.2503, 0.2502],
        [0.2501, 0.2505, 0.2496, 0.2498],
        [0.2502, 0.2500, 0.2499, 0.2500],
        [0.2503, 0.2501, 0.2497, 0.2499]], device='cuda:0',
       grad_fn=<SoftmaxBackward0>)
tensor([[0.2498, 0.2503, 0.2503, 0.2496],
        [0.2499, 0.2496, 0.2506, 0.2499],
        [0.2502, 0.2500, 0.2497, 0.2501],
        [0.2498, 0.2501, 0.2498, 0.2504],
        [0.2498, 0.2503, 0.2502, 0.2497],
        [0.2501, 0.2498, 0.2502, 0.2499]], device='cuda:0',
       grad_fn=<SoftmaxBackward0>)
tensor([[0.2498, 0.2499, 0.2504, 0.2498],
        [0.2503, 0.2501, 0.2497, 0.2500],
        [0.2500, 0.2499, 0.2502, 0.2499],
        [0.2498, 0.2501, 0.2501, 0.2500],
        [0.2503, 0.2501, 0.2499, 0.2497],
        [0.2502, 0.2500, 0.2500, 0.2497],
        [0.2499, 0.2501, 0.2502, 0.2498]], device='cuda:0',
       grad_fn=<SoftmaxBackward0>)
tensor([[0.2504, 0.2498, 0.2501, 0.2496],
        [0.2500, 0.2500, 0.2499, 0.2501]], device='cuda:0',
       grad_fn=<SoftmaxBackward0>)
tensor([[0.2503, 0.2500, 0.2498, 0.2499],
        [0.2497, 0.2502, 0.2500, 0.2501],
        [0.2500, 0.2501, 0.2499, 0.2501]], device='cuda:0',
       grad_fn=<SoftmaxBackward0>)
tensor([[0.2496, 0.2499, 0.2499, 0.2505],
        [0.2496, 0.2502, 0.2501, 0.2500],
        [0.2497, 0.2503, 0.2498, 0.2502],
        [0.2501, 0.2499, 0.2500, 0.2501]], device='cuda:0',
       grad_fn=<SoftmaxBackward0>)
tensor([[0.2502, 0.2500, 0.2499, 0.2499],
        [0.2501, 0.2498, 0.2500, 0.2501],
        [0.2504, 0.2498, 0.2500, 0.2498],
        [0.2500, 0.2500, 0.2500, 0.2501],
        [0.2500, 0.2502, 0.2498, 0.2500]], device='cuda:0',
       grad_fn=<SoftmaxBackward0>)
tensor([[0.2500, 0.2496, 0.2500, 0.2503],
        [0.2498, 0.2503, 0.2502, 0.2497],
        [0.2500, 0.2502, 0.2494, 0.2503],
        [0.2501, 0.2499, 0.2499, 0.2502],
        [0.2499, 0.2500, 0.2501, 0.2500],
        [0.2500, 0.2500, 0.2501, 0.2499]], device='cuda:0',
       grad_fn=<SoftmaxBackward0>)
tensor([[0.2503, 0.2499, 0.2500, 0.2498],
        [0.2500, 0.2496, 0.2501, 0.2503],
        [0.2501, 0.2499, 0.2498, 0.2502],
        [0.2499, 0.2500, 0.2502, 0.2499],
        [0.2499, 0.2501, 0.2501, 0.2500],
        [0.2502, 0.2499, 0.2501, 0.2498],
        [0.2497, 0.2504, 0.2499, 0.2500]], device='cuda:0',
       grad_fn=<SoftmaxBackward0>)
tensor([[0.2502, 0.2495, 0.2503, 0.2500],
        [0.2497, 0.2499, 0.2503, 0.2500]], device='cuda:0',
       grad_fn=<SoftmaxBackward0>)
tensor([[0.2500, 0.2498, 0.2496, 0.2505],
        [0.2497, 0.2499, 0.2500, 0.2504],
        [0.2499, 0.2501, 0.2499, 0.2501]], device='cuda:0',
       grad_fn=<SoftmaxBackward0>)
tensor([[0.2502, 0.2500, 0.2496, 0.2502],
        [0.2502, 0.2501, 0.2501, 0.2496],
        [0.2499, 0.2501, 0.2501, 0.2499],
        [0.2498, 0.2505, 0.2498, 0.2500]], device='cuda:0',
       grad_fn=<SoftmaxBackward0>)
tensor([[0.2503, 0.2496, 0.2501, 0.2499],
        [0.2499, 0.2498, 0.2501, 0.2502],
        [0.2501, 0.2501, 0.2497, 0.2500],
        [0.2502, 0.2502, 0.2497, 0.2499],
        [0.2498, 0.2499, 0.2502, 0.2501]], device='cuda:0',
       grad_fn=<SoftmaxBackward0>)
tensor([[0.2497, 0.2506, 0.2502, 0.2496],
        [0.2501, 0.2497, 0.2501, 0.2502],
        [0.2503, 0.2497, 0.2499, 0.2501],
        [0.2498, 0.2500, 0.2501, 0.2501],
        [0.2502, 0.2502, 0.2494, 0.2502],
        [0.2502, 0.2498, 0.2500, 0.2500]], device='cuda:0',
       grad_fn=<SoftmaxBackward0>)
tensor([[0.2496, 0.2500, 0.2501, 0.2503],
        [0.2500, 0.2500, 0.2500, 0.2500],
        [0.2501, 0.2498, 0.2500, 0.2500],
        [0.2499, 0.2501, 0.2504, 0.2496],
        [0.2497, 0.2503, 0.2500, 0.2500],
        [0.2499, 0.2500, 0.2501, 0.2500],
        [0.2500, 0.2500, 0.2502, 0.2498]], device='cuda:0',
       grad_fn=<SoftmaxBackward0>)
#####################
08/24 06:02:22AM searchStage_trainer.py:268 [INFO] Train: Epoch: [0][50/390]	Step 50	lr 0.025	Loss 2.1381 (2.2643)	Hard Loss 2.1381 (2.2643)	Soft Loss 2.1381 (2.2643)	Arch Loss 2.2521 (2.2906)	Arch Hard Loss 2.2521 (2.2906)	Arch Soft Loss 2.2521 (2.2906)	Arch depth Loss -0.2493 (-0.1242)	Prec@(1,5) (19.7%, 71.2%)	
08/24 06:02:44AM searchStage_trainer.py:268 [INFO] Train: Epoch: [0][100/390]	Step 100	lr 0.025	Loss 1.7183 (2.1026)	Hard Loss 1.7183 (2.1026)	Soft Loss 1.7183 (2.1026)	Arch Loss 1.7474 (2.1157)	Arch Hard Loss 1.7474 (2.1157)	Arch Soft Loss 1.7474 (2.1157)	Arch depth Loss -0.5126 (-0.2535)	Prec@(1,5) (23.1%, 76.5%)	
08/24 06:03:06AM searchStage_trainer.py:268 [INFO] Train: Epoch: [0][150/390]	Step 150	lr 0.025	Loss 1.6679 (1.9918)	Hard Loss 1.6679 (1.9918)	Soft Loss 1.6679 (1.9918)	Arch Loss 1.8558 (2.0006)	Arch Hard Loss 1.8558 (2.0006)	Arch Soft Loss 1.8558 (2.0006)	Arch depth Loss -0.7846 (-0.3859)	Prec@(1,5) (26.4%, 79.8%)	
08/24 06:03:27AM searchStage_trainer.py:268 [INFO] Train: Epoch: [0][200/390]	Step 200	lr 0.025	Loss 1.3926 (1.9215)	Hard Loss 1.3926 (1.9215)	Soft Loss 1.3926 (1.9215)	Arch Loss 1.7034 (1.9273)	Arch Hard Loss 1.7034 (1.9273)	Arch Soft Loss 1.7034 (1.9273)	Arch depth Loss -1.0648 (-0.5211)	Prec@(1,5) (28.8%, 81.9%)	
08/24 06:03:49AM searchStage_trainer.py:268 [INFO] Train: Epoch: [0][250/390]	Step 250	lr 0.025	Loss 1.6877 (1.8726)	Hard Loss 1.6877 (1.8726)	Soft Loss 1.6877 (1.8726)	Arch Loss 1.6998 (1.8813)	Arch Hard Loss 1.6998 (1.8813)	Arch Soft Loss 1.6998 (1.8813)	Arch depth Loss -1.3534 (-0.6591)	Prec@(1,5) (30.5%, 83.2%)	
08/24 06:04:11AM searchStage_trainer.py:268 [INFO] Train: Epoch: [0][300/390]	Step 300	lr 0.025	Loss 1.5792 (1.8252)	Hard Loss 1.5792 (1.8252)	Soft Loss 1.5792 (1.8252)	Arch Loss 1.4379 (1.8344)	Arch Hard Loss 1.4379 (1.8344)	Arch Soft Loss 1.4379 (1.8344)	Arch depth Loss -1.6505 (-0.8000)	Prec@(1,5) (32.0%, 84.5%)	
08/24 06:04:33AM searchStage_trainer.py:268 [INFO] Train: Epoch: [0][350/390]	Step 350	lr 0.025	Loss 1.3880 (1.7892)	Hard Loss 1.3880 (1.7892)	Soft Loss 1.3880 (1.7892)	Arch Loss 1.6533 (1.7987)	Arch Hard Loss 1.6533 (1.7987)	Arch Soft Loss 1.6533 (1.7987)	Arch depth Loss -1.9563 (-0.9437)	Prec@(1,5) (33.3%, 85.4%)	
08/24 06:04:50AM searchStage_trainer.py:268 [INFO] Train: Epoch: [0][390/390]	Step 390	lr 0.025	Loss 1.5838 (1.7665)	Hard Loss 1.5838 (1.7665)	Soft Loss 1.5838 (1.7665)	Arch Loss 1.3755 (1.7719)	Arch Hard Loss 1.3755 (1.7719)	Arch Soft Loss 1.3755 (1.7719)	Arch depth Loss -2.2074 (-1.0607)	Prec@(1,5) (34.1%, 85.8%)	
08/24 06:04:51AM searchStage_trainer.py:284 [INFO] Train: [  0/49] Final Prec@1 34.1440%
08/24 06:04:55AM searchStage_trainer.py:312 [INFO] Valid: Epoch: [0][50/391]	Step 391	Loss 1.7024	Prec@(1,5) (38.9%, 88.7%)
08/24 06:04:58AM searchStage_trainer.py:312 [INFO] Valid: Epoch: [0][100/391]	Step 391	Loss 1.6975	Prec@(1,5) (38.8%, 88.7%)
08/24 06:05:02AM searchStage_trainer.py:312 [INFO] Valid: Epoch: [0][150/391]	Step 391	Loss 1.6990	Prec@(1,5) (38.9%, 88.3%)
08/24 06:05:06AM searchStage_trainer.py:312 [INFO] Valid: Epoch: [0][200/391]	Step 391	Loss 1.6962	Prec@(1,5) (39.0%, 88.5%)
08/24 06:05:09AM searchStage_trainer.py:312 [INFO] Valid: Epoch: [0][250/391]	Step 391	Loss 1.7009	Prec@(1,5) (38.8%, 88.4%)
08/24 06:05:13AM searchStage_trainer.py:312 [INFO] Valid: Epoch: [0][300/391]	Step 391	Loss 1.6977	Prec@(1,5) (38.9%, 88.4%)
08/24 06:05:17AM searchStage_trainer.py:312 [INFO] Valid: Epoch: [0][350/391]	Step 391	Loss 1.6971	Prec@(1,5) (39.0%, 88.4%)
08/24 06:05:20AM searchStage_trainer.py:312 [INFO] Valid: Epoch: [0][390/391]	Step 391	Loss 1.6951	Prec@(1,5) (39.0%, 88.4%)
08/24 06:05:20AM searchStage_trainer.py:323 [INFO] Valid: [  0/49] Final Prec@1 39.0040%
08/24 06:05:20AM searchStage_KD_main.py:58 [INFO] DAG = Genotype2(DAG1=[[('skip_connect', 0), ('max_pool_3x3', 1)], [('avg_pool_3x3', 2), ('max_pool_3x3', 0)], [('avg_pool_3x3', 3), ('max_pool_3x3', 2)], [('avg_pool_3x3', 2), ('max_pool_3x3', 4)], [('avg_pool_3x3', 4), ('avg_pool_3x3', 5)], [('max_pool_3x3', 5), ('max_pool_3x3', 6)]], DAG1_concat=range(6, 8), DAG2=[[('max_pool_3x3', 0), ('skip_connect', 1)], [('avg_pool_3x3', 2), ('avg_pool_3x3', 1)], [('max_pool_3x3', 3), ('avg_pool_3x3', 2)], [('avg_pool_3x3', 4), ('max_pool_3x3', 2)], [('avg_pool_3x3', 2), ('avg_pool_3x3', 5)], [('avg_pool_3x3', 6), ('skip_connect', 4)]], DAG2_concat=range(6, 8), DAG3=[[('skip_connect', 0), ('skip_connect', 1)], [('avg_pool_3x3', 2), ('skip_connect', 0)], [('skip_connect', 2), ('avg_pool_3x3', 3)], [('skip_connect', 4), ('avg_pool_3x3', 3)], [('skip_connect', 5), ('skip_connect', 3)], [('skip_connect', 3), ('skip_connect', 5)]], DAG3_concat=range(6, 8))
08/24 06:05:20AM searchStage_KD_main.py:89 [INFO] Until now, best Prec@1 = 39.0040%
####### ALPHA #######
# Alpha - DAG
tensor([[0.2491, 0.2501, 0.2510, 0.2498],
        [0.2502, 0.2498, 0.2499, 0.2501]], device='cuda:0',
       grad_fn=<SoftmaxBackward0>)
tensor([[0.2504, 0.2499, 0.2499, 0.2497],
        [0.2504, 0.2501, 0.2504, 0.2491],
        [0.2497, 0.2508, 0.2498, 0.2497]], device='cuda:0',
       grad_fn=<SoftmaxBackward0>)
tensor([[0.2501, 0.2503, 0.2503, 0.2493],
        [0.2503, 0.2506, 0.2507, 0.2484],
        [0.2504, 0.2502, 0.2501, 0.2493],
        [0.2504, 0.2506, 0.2493, 0.2498]], device='cuda:0',
       grad_fn=<SoftmaxBackward0>)
tensor([[0.2498, 0.2503, 0.2501, 0.2498],
        [0.2500, 0.2498, 0.2504, 0.2498],
        [0.2504, 0.2507, 0.2497, 0.2493],
        [0.2503, 0.2503, 0.2495, 0.2498],
        [0.2507, 0.2504, 0.2495, 0.2494]], device='cuda:0',
       grad_fn=<SoftmaxBackward0>)
tensor([[0.2507, 0.2502, 0.2504, 0.2487],
        [0.2504, 0.2492, 0.2511, 0.2494],
        [0.2506, 0.2507, 0.2501, 0.2485],
        [0.2507, 0.2511, 0.2486, 0.2497],
        [0.2503, 0.2507, 0.2496, 0.2494],
        [0.2504, 0.2506, 0.2497, 0.2493]], device='cuda:0',
       grad_fn=<SoftmaxBackward0>)
tensor([[0.2508, 0.2499, 0.2507, 0.2485],
        [0.2513, 0.2497, 0.2500, 0.2490],
        [0.2506, 0.2501, 0.2499, 0.2494],
        [0.2506, 0.2504, 0.2500, 0.2490],
        [0.2509, 0.2503, 0.2496, 0.2492],
        [0.2510, 0.2500, 0.2496, 0.2494],
        [0.2508, 0.2502, 0.2494, 0.2497]], device='cuda:0',
       grad_fn=<SoftmaxBackward0>)
tensor([[0.2506, 0.2497, 0.2501, 0.2496],
        [0.2500, 0.2498, 0.2500, 0.2502]], device='cuda:0',
       grad_fn=<SoftmaxBackward0>)
tensor([[0.2504, 0.2499, 0.2499, 0.2499],
        [0.2496, 0.2502, 0.2501, 0.2501],
        [0.2499, 0.2502, 0.2498, 0.2500]], device='cuda:0',
       grad_fn=<SoftmaxBackward0>)
tensor([[0.2498, 0.2497, 0.2498, 0.2507],
        [0.2499, 0.2502, 0.2501, 0.2498],
        [0.2497, 0.2503, 0.2498, 0.2502],
        [0.2502, 0.2498, 0.2499, 0.2501]], device='cuda:0',
       grad_fn=<SoftmaxBackward0>)
tensor([[0.2503, 0.2500, 0.2498, 0.2498],
        [0.2500, 0.2498, 0.2501, 0.2501],
        [0.2503, 0.2499, 0.2500, 0.2498],
        [0.2500, 0.2500, 0.2501, 0.2500],
        [0.2501, 0.2502, 0.2499, 0.2498]], device='cuda:0',
       grad_fn=<SoftmaxBackward0>)
tensor([[0.2502, 0.2497, 0.2501, 0.2500],
        [0.2500, 0.2505, 0.2505, 0.2490],
        [0.2499, 0.2505, 0.2492, 0.2503],
        [0.2499, 0.2499, 0.2497, 0.2504],
        [0.2498, 0.2502, 0.2502, 0.2497],
        [0.2499, 0.2503, 0.2497, 0.2500]], device='cuda:0',
       grad_fn=<SoftmaxBackward0>)
tensor([[0.2505, 0.2497, 0.2502, 0.2496],
        [0.2501, 0.2497, 0.2501, 0.2500],
        [0.2502, 0.2501, 0.2499, 0.2497],
        [0.2499, 0.2501, 0.2499, 0.2501],
        [0.2500, 0.2501, 0.2501, 0.2498],
        [0.2502, 0.2502, 0.2502, 0.2495],
        [0.2497, 0.2505, 0.2497, 0.2500]], device='cuda:0',
       grad_fn=<SoftmaxBackward0>)
tensor([[0.2501, 0.2493, 0.2505, 0.2500],
        [0.2497, 0.2497, 0.2505, 0.2500]], device='cuda:0',
       grad_fn=<SoftmaxBackward0>)
tensor([[0.2499, 0.2498, 0.2499, 0.2504],
        [0.2497, 0.2497, 0.2501, 0.2504],
        [0.2497, 0.2502, 0.2499, 0.2502]], device='cuda:0',
       grad_fn=<SoftmaxBackward0>)
tensor([[0.2500, 0.2500, 0.2498, 0.2502],
        [0.2500, 0.2501, 0.2504, 0.2495],
        [0.2497, 0.2503, 0.2504, 0.2497],
        [0.2495, 0.2504, 0.2499, 0.2502]], device='cuda:0',
       grad_fn=<SoftmaxBackward0>)
tensor([[0.2502, 0.2496, 0.2503, 0.2499],
        [0.2497, 0.2498, 0.2502, 0.2503],
        [0.2500, 0.2501, 0.2498, 0.2501],
        [0.2500, 0.2502, 0.2500, 0.2498],
        [0.2496, 0.2500, 0.2503, 0.2501]], device='cuda:0',
       grad_fn=<SoftmaxBackward0>)
tensor([[0.2499, 0.2507, 0.2506, 0.2488],
        [0.2502, 0.2496, 0.2505, 0.2498],
        [0.2500, 0.2495, 0.2503, 0.2502],
        [0.2493, 0.2500, 0.2506, 0.2502],
        [0.2499, 0.2501, 0.2495, 0.2505],
        [0.2497, 0.2498, 0.2504, 0.2500]], device='cuda:0',
       grad_fn=<SoftmaxBackward0>)
tensor([[0.2499, 0.2498, 0.2504, 0.2499],
        [0.2501, 0.2499, 0.2505, 0.2494],
        [0.2498, 0.2497, 0.2503, 0.2501],
        [0.2497, 0.2500, 0.2505, 0.2498],
        [0.2493, 0.2501, 0.2504, 0.2502],
        [0.2497, 0.2501, 0.2504, 0.2498],
        [0.2500, 0.2501, 0.2503, 0.2497]], device='cuda:0',
       grad_fn=<SoftmaxBackward0>)
#####################
08/24 06:05:43午前 searchStage_trainer.py:268 [INFO] Train: Epoch: [1][50/390]	Step 441	lr 0.02498	Loss 1.5958 (1.5124)	Hard Loss 1.5958 (1.5124)	Soft Loss 1.5958 (1.5124)	Arch Loss 1.4173 (1.5264)	Arch Hard Loss 1.4173 (1.5264)	Arch Soft Loss 1.4173 (1.5264)	Arch depth Loss -2.5358 (-2.3772)	Prec@(1,5) (44.6%, 91.3%)	
08/24 06:06:04午前 searchStage_trainer.py:268 [INFO] Train: Epoch: [1][100/390]	Step 491	lr 0.02498	Loss 1.2938 (1.4857)	Hard Loss 1.2938 (1.4857)	Soft Loss 1.2938 (1.4857)	Arch Loss 1.5067 (1.5254)	Arch Hard Loss 1.5067 (1.5254)	Arch Soft Loss 1.5067 (1.5254)	Arch depth Loss -2.8671 (-2.5406)	Prec@(1,5) (45.2%, 91.9%)	
08/24 06:06:26午前 searchStage_trainer.py:268 [INFO] Train: Epoch: [1][150/390]	Step 541	lr 0.02498	Loss 1.3752 (1.4659)	Hard Loss 1.3752 (1.4659)	Soft Loss 1.3752 (1.4659)	Arch Loss 1.4553 (1.5022)	Arch Hard Loss 1.4553 (1.5022)	Arch Soft Loss 1.4553 (1.5022)	Arch depth Loss -3.2078 (-2.7071)	Prec@(1,5) (46.3%, 92.0%)	
08/24 06:06:48午前 searchStage_trainer.py:268 [INFO] Train: Epoch: [1][200/390]	Step 591	lr 0.02498	Loss 1.4449 (1.4574)	Hard Loss 1.4449 (1.4574)	Soft Loss 1.4449 (1.4574)	Arch Loss 1.2968 (1.4857)	Arch Hard Loss 1.2968 (1.4857)	Arch Soft Loss 1.2968 (1.4857)	Arch depth Loss -3.5581 (-2.8767)	Prec@(1,5) (46.8%, 92.1%)	
08/24 06:07:09午前 searchStage_trainer.py:268 [INFO] Train: Epoch: [1][250/390]	Step 641	lr 0.02498	Loss 1.4444 (1.4370)	Hard Loss 1.4444 (1.4370)	Soft Loss 1.4444 (1.4370)	Arch Loss 1.3651 (1.4659)	Arch Hard Loss 1.3651 (1.4659)	Arch Soft Loss 1.3651 (1.4659)	Arch depth Loss -3.9182 (-3.0496)	Prec@(1,5) (47.3%, 92.5%)	
08/24 06:07:31午前 searchStage_trainer.py:268 [INFO] Train: Epoch: [1][300/390]	Step 691	lr 0.02498	Loss 1.3746 (1.4304)	Hard Loss 1.3746 (1.4304)	Soft Loss 1.3746 (1.4304)	Arch Loss 1.6214 (1.4450)	Arch Hard Loss 1.6214 (1.4450)	Arch Soft Loss 1.6214 (1.4450)	Arch depth Loss -4.2882 (-3.2257)	Prec@(1,5) (47.4%, 92.7%)	
08/24 06:07:53午前 searchStage_trainer.py:268 [INFO] Train: Epoch: [1][350/390]	Step 741	lr 0.02498	Loss 1.4890 (1.4141)	Hard Loss 1.4890 (1.4141)	Soft Loss 1.4890 (1.4141)	Arch Loss 1.3390 (1.4306)	Arch Hard Loss 1.3390 (1.4306)	Arch Soft Loss 1.3390 (1.4306)	Arch depth Loss -4.6685 (-3.4050)	Prec@(1,5) (48.0%, 92.8%)	
08/24 06:08:10午前 searchStage_trainer.py:268 [INFO] Train: Epoch: [1][390/390]	Step 781	lr 0.02498	Loss 1.4507 (1.4034)	Hard Loss 1.4507 (1.4034)	Soft Loss 1.4507 (1.4034)	Arch Loss 1.3276 (1.4186)	Arch Hard Loss 1.3276 (1.4186)	Arch Soft Loss 1.3276 (1.4186)	Arch depth Loss -4.9801 (-3.5509)	Prec@(1,5) (48.4%, 92.9%)	
08/24 06:08:11午前 searchStage_trainer.py:284 [INFO] Train: [  1/49] Final Prec@1 48.4000%
08/24 06:08:15午前 searchStage_trainer.py:312 [INFO] Valid: Epoch: [1][50/391]	Step 782	Loss 1.3799	Prec@(1,5) (50.5%, 92.2%)
08/24 06:08:18午前 searchStage_trainer.py:312 [INFO] Valid: Epoch: [1][100/391]	Step 782	Loss 1.3753	Prec@(1,5) (50.6%, 92.4%)
08/24 06:08:22午前 searchStage_trainer.py:312 [INFO] Valid: Epoch: [1][150/391]	Step 782	Loss 1.3772	Prec@(1,5) (50.7%, 92.6%)
08/24 06:08:25午前 searchStage_trainer.py:312 [INFO] Valid: Epoch: [1][200/391]	Step 782	Loss 1.3743	Prec@(1,5) (50.8%, 92.6%)
08/24 06:08:29午前 searchStage_trainer.py:312 [INFO] Valid: Epoch: [1][250/391]	Step 782	Loss 1.3745	Prec@(1,5) (50.6%, 92.8%)
08/24 06:08:33午前 searchStage_trainer.py:312 [INFO] Valid: Epoch: [1][300/391]	Step 782	Loss 1.3737	Prec@(1,5) (50.6%, 92.7%)
08/24 06:08:36午前 searchStage_trainer.py:312 [INFO] Valid: Epoch: [1][350/391]	Step 782	Loss 1.3791	Prec@(1,5) (50.5%, 92.7%)
08/24 06:08:39午前 searchStage_trainer.py:312 [INFO] Valid: Epoch: [1][390/391]	Step 782	Loss 1.3773	Prec@(1,5) (50.5%, 92.7%)
08/24 06:08:39午前 searchStage_trainer.py:323 [INFO] Valid: [  1/49] Final Prec@1 50.4760%
08/24 06:08:39午前 searchStage_KD_main.py:58 [INFO] DAG = Genotype2(DAG1=[[('skip_connect', 0), ('skip_connect', 1)], [('avg_pool_3x3', 2), ('skip_connect', 1)], [('avg_pool_3x3', 3), ('max_pool_3x3', 2)], [('max_pool_3x3', 4), ('max_pool_3x3', 3)], [('avg_pool_3x3', 5), ('avg_pool_3x3', 4)], [('max_pool_3x3', 5), ('max_pool_3x3', 6)]], DAG1_concat=range(6, 8), DAG2=[[('max_pool_3x3', 0), ('skip_connect', 1)], [('avg_pool_3x3', 2), ('skip_connect', 1)], [('max_pool_3x3', 3), ('avg_pool_3x3', 2)], [('avg_pool_3x3', 4), ('skip_connect', 3)], [('avg_pool_3x3', 5), ('skip_connect', 4)], [('avg_pool_3x3', 6), ('max_pool_3x3', 5)]], DAG2_concat=range(6, 8), DAG3=[[('skip_connect', 0), ('skip_connect', 1)], [('avg_pool_3x3', 2), ('skip_connect', 1)], [('avg_pool_3x3', 3), ('skip_connect', 2)], [('skip_connect', 4), ('avg_pool_3x3', 3)], [('skip_connect', 5), ('skip_connect', 3)], [('skip_connect', 5), ('skip_connect', 4)]], DAG3_concat=range(6, 8))
08/24 06:08:40午前 searchStage_KD_main.py:89 [INFO] Until now, best Prec@1 = 50.4760%
####### ALPHA #######
# Alpha - DAG
tensor([[0.2489, 0.2498, 0.2515, 0.2497],
        [0.2499, 0.2495, 0.2504, 0.2501]], device='cuda:0',
       grad_fn=<SoftmaxBackward0>)
tensor([[0.2504, 0.2495, 0.2503, 0.2497],
        [0.2505, 0.2498, 0.2509, 0.2488],
        [0.2494, 0.2508, 0.2499, 0.2498]], device='cuda:0',
       grad_fn=<SoftmaxBackward0>)
tensor([[0.2500, 0.2499, 0.2507, 0.2493],
        [0.2504, 0.2503, 0.2512, 0.2481],
        [0.2504, 0.2502, 0.2500, 0.2495],
        [0.2505, 0.2506, 0.2494, 0.2496]], device='cuda:0',
       grad_fn=<SoftmaxBackward0>)
tensor([[0.2499, 0.2502, 0.2505, 0.2493],
        [0.2500, 0.2497, 0.2508, 0.2495],
        [0.2503, 0.2506, 0.2495, 0.2497],
        [0.2504, 0.2503, 0.2495, 0.2498],
        [0.2508, 0.2504, 0.2495, 0.2494]], device='cuda:0',
       grad_fn=<SoftmaxBackward0>)
tensor([[0.2503, 0.2491, 0.2531, 0.2475],
        [0.2499, 0.2481, 0.2538, 0.2482],
        [0.2499, 0.2507, 0.2511, 0.2483],
        [0.2505, 0.2511, 0.2488, 0.2495],
        [0.2497, 0.2506, 0.2498, 0.2499],
        [0.2498, 0.2506, 0.2496, 0.2500]], device='cuda:0',
       grad_fn=<SoftmaxBackward0>)
tensor([[0.2520, 0.2490, 0.2511, 0.2478],
        [0.2524, 0.2488, 0.2506, 0.2481],
        [0.2507, 0.2499, 0.2499, 0.2495],
        [0.2508, 0.2504, 0.2500, 0.2488],
        [0.2509, 0.2501, 0.2495, 0.2494],
        [0.2509, 0.2500, 0.2498, 0.2493],
        [0.2508, 0.2501, 0.2496, 0.2495]], device='cuda:0',
       grad_fn=<SoftmaxBackward0>)
tensor([[0.2505, 0.2496, 0.2502, 0.2497],
        [0.2500, 0.2497, 0.2502, 0.2501]], device='cuda:0',
       grad_fn=<SoftmaxBackward0>)
tensor([[0.2504, 0.2498, 0.2500, 0.2498],
        [0.2497, 0.2502, 0.2502, 0.2499],
        [0.2498, 0.2502, 0.2497, 0.2503]], device='cuda:0',
       grad_fn=<SoftmaxBackward0>)
tensor([[0.2498, 0.2497, 0.2500, 0.2505],
        [0.2499, 0.2502, 0.2502, 0.2496],
        [0.2497, 0.2502, 0.2497, 0.2504],
        [0.2502, 0.2498, 0.2499, 0.2501]], device='cuda:0',
       grad_fn=<SoftmaxBackward0>)
tensor([[0.2503, 0.2501, 0.2499, 0.2498],
        [0.2500, 0.2499, 0.2501, 0.2500],
        [0.2503, 0.2499, 0.2500, 0.2498],
        [0.2500, 0.2499, 0.2501, 0.2499],
        [0.2502, 0.2502, 0.2497, 0.2500]], device='cuda:0',
       grad_fn=<SoftmaxBackward0>)
tensor([[0.2504, 0.2497, 0.2503, 0.2496],
        [0.2503, 0.2506, 0.2506, 0.2485],
        [0.2499, 0.2504, 0.2489, 0.2508],
        [0.2501, 0.2497, 0.2495, 0.2507],
        [0.2501, 0.2502, 0.2504, 0.2493],
        [0.2500, 0.2503, 0.2495, 0.2502]], device='cuda:0',
       grad_fn=<SoftmaxBackward0>)
tensor([[0.2505, 0.2498, 0.2504, 0.2494],
        [0.2502, 0.2498, 0.2503, 0.2498],
        [0.2503, 0.2501, 0.2502, 0.2494],
        [0.2499, 0.2500, 0.2499, 0.2502],
        [0.2501, 0.2500, 0.2499, 0.2499],
        [0.2503, 0.2503, 0.2499, 0.2495],
        [0.2498, 0.2506, 0.2495, 0.2501]], device='cuda:0',
       grad_fn=<SoftmaxBackward0>)
tensor([[0.2501, 0.2492, 0.2507, 0.2500],
        [0.2497, 0.2496, 0.2507, 0.2501]], device='cuda:0',
       grad_fn=<SoftmaxBackward0>)
tensor([[0.2499, 0.2497, 0.2500, 0.2504],
        [0.2498, 0.2496, 0.2502, 0.2504],
        [0.2497, 0.2501, 0.2499, 0.2502]], device='cuda:0',
       grad_fn=<SoftmaxBackward0>)
tensor([[0.2501, 0.2499, 0.2499, 0.2501],
        [0.2500, 0.2500, 0.2505, 0.2495],
        [0.2497, 0.2502, 0.2504, 0.2497],
        [0.2495, 0.2504, 0.2499, 0.2502]], device='cuda:0',
       grad_fn=<SoftmaxBackward0>)
tensor([[0.2502, 0.2496, 0.2503, 0.2499],
        [0.2497, 0.2497, 0.2503, 0.2503],
        [0.2500, 0.2501, 0.2499, 0.2500],
        [0.2500, 0.2502, 0.2501, 0.2498],
        [0.2495, 0.2500, 0.2504, 0.2501]], device='cuda:0',
       grad_fn=<SoftmaxBackward0>)
tensor([[0.2502, 0.2504, 0.2507, 0.2487],
        [0.2504, 0.2494, 0.2506, 0.2497],
        [0.2500, 0.2493, 0.2503, 0.2503],
        [0.2491, 0.2498, 0.2507, 0.2503],
        [0.2499, 0.2499, 0.2498, 0.2504],
        [0.2496, 0.2498, 0.2506, 0.2499]], device='cuda:0',
       grad_fn=<SoftmaxBackward0>)
tensor([[0.2502, 0.2496, 0.2505, 0.2497],
        [0.2503, 0.2498, 0.2506, 0.2493],
        [0.2498, 0.2496, 0.2503, 0.2502],
        [0.2496, 0.2499, 0.2505, 0.2500],
        [0.2492, 0.2500, 0.2507, 0.2501],
        [0.2497, 0.2500, 0.2506, 0.2497],
        [0.2500, 0.2500, 0.2503, 0.2497]], device='cuda:0',
       grad_fn=<SoftmaxBackward0>)
#####################
08/24 06:09:02午前 searchStage_trainer.py:268 [INFO] Train: Epoch: [2][50/390]	Step 832	lr 0.02491	Loss 1.0845 (1.2458)	Hard Loss 1.0845 (1.2458)	Soft Loss 1.0845 (1.2458)	Arch Loss 1.1600 (1.2999)	Arch Hard Loss 1.1600 (1.2999)	Arch Soft Loss 1.1600 (1.2999)	Arch depth Loss -5.3871 (-5.1907)	Prec@(1,5) (55.7%, 94.5%)	
08/24 06:09:24午前 searchStage_trainer.py:268 [INFO] Train: Epoch: [2][100/390]	Step 882	lr 0.02491	Loss 1.1786 (1.2461)	Hard Loss 1.1786 (1.2461)	Soft Loss 1.1786 (1.2461)	Arch Loss 1.2328 (1.2982)	Arch Hard Loss 1.2328 (1.2982)	Arch Soft Loss 1.2328 (1.2982)	Arch depth Loss -5.7970 (-5.3930)	Prec@(1,5) (55.6%, 94.3%)	
08/24 06:09:46午前 searchStage_trainer.py:268 [INFO] Train: Epoch: [2][150/390]	Step 932	lr 0.02491	Loss 1.1667 (1.2525)	Hard Loss 1.1667 (1.2525)	Soft Loss 1.1667 (1.2525)	Arch Loss 1.0777 (1.2859)	Arch Hard Loss 1.0777 (1.2859)	Arch Soft Loss 1.0777 (1.2859)	Arch depth Loss -6.2178 (-5.5989)	Prec@(1,5) (55.5%, 94.4%)	
08/24 06:10:07午前 searchStage_trainer.py:268 [INFO] Train: Epoch: [2][200/390]	Step 982	lr 0.02491	Loss 1.1892 (1.2465)	Hard Loss 1.1892 (1.2465)	Soft Loss 1.1892 (1.2465)	Arch Loss 1.0689 (1.2676)	Arch Hard Loss 1.0689 (1.2676)	Arch Soft Loss 1.0689 (1.2676)	Arch depth Loss -6.6496 (-5.8084)	Prec@(1,5) (55.5%, 94.4%)	
08/24 06:10:29午前 searchStage_trainer.py:268 [INFO] Train: Epoch: [2][250/390]	Step 1032	lr 0.02491	Loss 1.1437 (1.2341)	Hard Loss 1.1437 (1.2341)	Soft Loss 1.1437 (1.2341)	Arch Loss 1.0171 (1.2545)	Arch Hard Loss 1.0171 (1.2545)	Arch Soft Loss 1.0171 (1.2545)	Arch depth Loss -7.0926 (-6.0216)	Prec@(1,5) (55.7%, 94.6%)	
08/24 06:10:51午前 searchStage_trainer.py:268 [INFO] Train: Epoch: [2][300/390]	Step 1082	lr 0.02491	Loss 1.2738 (1.2276)	Hard Loss 1.2738 (1.2276)	Soft Loss 1.2738 (1.2276)	Arch Loss 1.1926 (1.2424)	Arch Hard Loss 1.1926 (1.2424)	Arch Soft Loss 1.1926 (1.2424)	Arch depth Loss -7.5471 (-6.2386)	Prec@(1,5) (56.0%, 94.6%)	
08/24 06:11:13午前 searchStage_trainer.py:268 [INFO] Train: Epoch: [2][350/390]	Step 1132	lr 0.02491	Loss 1.0121 (1.2130)	Hard Loss 1.0121 (1.2130)	Soft Loss 1.0121 (1.2130)	Arch Loss 0.9833 (1.2283)	Arch Hard Loss 0.9833 (1.2283)	Arch Soft Loss 0.9833 (1.2283)	Arch depth Loss -8.0132 (-6.4594)	Prec@(1,5) (56.7%, 94.7%)	
08/24 06:11:30午前 searchStage_trainer.py:268 [INFO] Train: Epoch: [2][390/390]	Step 1172	lr 0.02491	Loss 1.1438 (1.2045)	Hard Loss 1.1438 (1.2045)	Soft Loss 1.1438 (1.2045)	Arch Loss 1.2052 (1.2147)	Arch Hard Loss 1.2052 (1.2147)	Arch Soft Loss 1.2052 (1.2147)	Arch depth Loss -8.3946 (-6.6387)	Prec@(1,5) (56.9%, 94.9%)	
08/24 06:11:30午前 searchStage_trainer.py:284 [INFO] Train: [  2/49] Final Prec@1 56.8760%
08/24 06:11:34午前 searchStage_trainer.py:312 [INFO] Valid: Epoch: [2][50/391]	Step 1173	Loss 1.0811	Prec@(1,5) (61.1%, 96.3%)
08/24 06:11:38午前 searchStage_trainer.py:312 [INFO] Valid: Epoch: [2][100/391]	Step 1173	Loss 1.1011	Prec@(1,5) (60.3%, 96.0%)
08/24 06:11:41午前 searchStage_trainer.py:312 [INFO] Valid: Epoch: [2][150/391]	Step 1173	Loss 1.1018	Prec@(1,5) (60.1%, 95.9%)
08/24 06:11:45午前 searchStage_trainer.py:312 [INFO] Valid: Epoch: [2][200/391]	Step 1173	Loss 1.1049	Prec@(1,5) (59.9%, 95.8%)
08/24 06:11:49午前 searchStage_trainer.py:312 [INFO] Valid: Epoch: [2][250/391]	Step 1173	Loss 1.1011	Prec@(1,5) (59.9%, 96.0%)
08/24 06:11:52午前 searchStage_trainer.py:312 [INFO] Valid: Epoch: [2][300/391]	Step 1173	Loss 1.1056	Prec@(1,5) (59.8%, 95.9%)
08/24 06:11:56午前 searchStage_trainer.py:312 [INFO] Valid: Epoch: [2][350/391]	Step 1173	Loss 1.1073	Prec@(1,5) (59.8%, 95.9%)
08/24 06:11:59午前 searchStage_trainer.py:312 [INFO] Valid: Epoch: [2][390/391]	Step 1173	Loss 1.1125	Prec@(1,5) (59.7%, 95.8%)
08/24 06:11:59午前 searchStage_trainer.py:323 [INFO] Valid: [  2/49] Final Prec@1 59.7200%
08/24 06:11:59午前 searchStage_KD_main.py:58 [INFO] DAG = Genotype2(DAG1=[[('skip_connect', 0), ('skip_connect', 1)], [('avg_pool_3x3', 2), ('skip_connect', 1)], [('avg_pool_3x3', 3), ('max_pool_3x3', 2)], [('max_pool_3x3', 4), ('max_pool_3x3', 3)], [('avg_pool_3x3', 5), ('skip_connect', 4)], [('max_pool_3x3', 6), ('max_pool_3x3', 5)]], DAG1_concat=range(6, 8), DAG2=[[('max_pool_3x3', 0), ('skip_connect', 1)], [('avg_pool_3x3', 2), ('skip_connect', 1)], [('max_pool_3x3', 3), ('avg_pool_3x3', 2)], [('max_pool_3x3', 4), ('skip_connect', 3)], [('avg_pool_3x3', 5), ('skip_connect', 4)], [('avg_pool_3x3', 6), ('max_pool_3x3', 5)]], DAG2_concat=range(6, 8), DAG3=[[('skip_connect', 0), ('skip_connect', 1)], [('avg_pool_3x3', 2), ('skip_connect', 0)], [('avg_pool_3x3', 3), ('skip_connect', 2)], [('skip_connect', 4), ('avg_pool_3x3', 3)], [('skip_connect', 5), ('skip_connect', 3)], [('skip_connect', 5), ('skip_connect', 6)]], DAG3_concat=range(6, 8))
08/24 06:12:00午前 searchStage_KD_main.py:89 [INFO] Until now, best Prec@1 = 59.7200%
####### ALPHA #######
# Alpha - DAG
tensor([[0.2487, 0.2495, 0.2521, 0.2497],
        [0.2495, 0.2492, 0.2511, 0.2501]], device='cuda:0',
       grad_fn=<SoftmaxBackward0>)
tensor([[0.2501, 0.2492, 0.2510, 0.2496],
        [0.2503, 0.2495, 0.2516, 0.2486],
        [0.2492, 0.2508, 0.2501, 0.2499]], device='cuda:0',
       grad_fn=<SoftmaxBackward0>)
tensor([[0.2498, 0.2496, 0.2513, 0.2493],
        [0.2502, 0.2501, 0.2518, 0.2479],
        [0.2503, 0.2501, 0.2500, 0.2497],
        [0.2504, 0.2506, 0.2496, 0.2494]], device='cuda:0',
       grad_fn=<SoftmaxBackward0>)
tensor([[0.2497, 0.2500, 0.2510, 0.2493],
        [0.2499, 0.2495, 0.2511, 0.2495],
        [0.2502, 0.2505, 0.2496, 0.2496],
        [0.2504, 0.2503, 0.2496, 0.2497],
        [0.2507, 0.2504, 0.2495, 0.2494]], device='cuda:0',
       grad_fn=<SoftmaxBackward0>)
tensor([[0.2492, 0.2467, 0.2579, 0.2461],
        [0.2485, 0.2459, 0.2588, 0.2468],
        [0.2493, 0.2503, 0.2518, 0.2485],
        [0.2503, 0.2508, 0.2494, 0.2495],
        [0.2493, 0.2503, 0.2503, 0.2501],
        [0.2493, 0.2504, 0.2499, 0.2505]], device='cuda:0',
       grad_fn=<SoftmaxBackward0>)
tensor([[0.2527, 0.2479, 0.2524, 0.2470],
        [0.2525, 0.2479, 0.2520, 0.2476],
        [0.2505, 0.2497, 0.2503, 0.2495],
        [0.2506, 0.2503, 0.2508, 0.2484],
        [0.2507, 0.2499, 0.2495, 0.2499],
        [0.2505, 0.2500, 0.2501, 0.2495],
        [0.2505, 0.2501, 0.2500, 0.2494]], device='cuda:0',
       grad_fn=<SoftmaxBackward0>)
tensor([[0.2504, 0.2495, 0.2503, 0.2498],
        [0.2500, 0.2497, 0.2503, 0.2501]], device='cuda:0',
       grad_fn=<SoftmaxBackward0>)
tensor([[0.2503, 0.2497, 0.2502, 0.2498],
        [0.2497, 0.2501, 0.2503, 0.2498],
        [0.2498, 0.2501, 0.2498, 0.2503]], device='cuda:0',
       grad_fn=<SoftmaxBackward0>)
tensor([[0.2497, 0.2498, 0.2502, 0.2504],
        [0.2499, 0.2503, 0.2504, 0.2494],
        [0.2496, 0.2502, 0.2496, 0.2505],
        [0.2502, 0.2498, 0.2499, 0.2501]], device='cuda:0',
       grad_fn=<SoftmaxBackward0>)
tensor([[0.2503, 0.2501, 0.2499, 0.2497],
        [0.2501, 0.2498, 0.2501, 0.2499],
        [0.2503, 0.2498, 0.2499, 0.2500],
        [0.2499, 0.2500, 0.2502, 0.2499],
        [0.2502, 0.2502, 0.2496, 0.2500]], device='cuda:0',
       grad_fn=<SoftmaxBackward0>)
tensor([[0.2505, 0.2498, 0.2505, 0.2492],
        [0.2503, 0.2506, 0.2507, 0.2484],
        [0.2500, 0.2503, 0.2486, 0.2510],
        [0.2502, 0.2496, 0.2491, 0.2510],
        [0.2504, 0.2502, 0.2506, 0.2488],
        [0.2502, 0.2503, 0.2492, 0.2503]], device='cuda:0',
       grad_fn=<SoftmaxBackward0>)
tensor([[0.2505, 0.2498, 0.2506, 0.2491],
        [0.2503, 0.2500, 0.2504, 0.2493],
        [0.2503, 0.2501, 0.2504, 0.2492],
        [0.2498, 0.2500, 0.2500, 0.2501],
        [0.2503, 0.2500, 0.2495, 0.2502],
        [0.2505, 0.2503, 0.2497, 0.2496],
        [0.2498, 0.2507, 0.2494, 0.2501]], device='cuda:0',
       grad_fn=<SoftmaxBackward0>)
tensor([[0.2502, 0.2491, 0.2508, 0.2500],
        [0.2497, 0.2495, 0.2508, 0.2501]], device='cuda:0',
       grad_fn=<SoftmaxBackward0>)
tensor([[0.2499, 0.2496, 0.2501, 0.2504],
        [0.2498, 0.2496, 0.2503, 0.2503],
        [0.2497, 0.2501, 0.2500, 0.2502]], device='cuda:0',
       grad_fn=<SoftmaxBackward0>)
tensor([[0.2501, 0.2498, 0.2500, 0.2501],
        [0.2500, 0.2500, 0.2505, 0.2495],
        [0.2497, 0.2502, 0.2504, 0.2497],
        [0.2495, 0.2504, 0.2499, 0.2502]], device='cuda:0',
       grad_fn=<SoftmaxBackward0>)
tensor([[0.2502, 0.2495, 0.2504, 0.2499],
        [0.2498, 0.2497, 0.2503, 0.2503],
        [0.2500, 0.2500, 0.2500, 0.2500],
        [0.2499, 0.2501, 0.2501, 0.2498],
        [0.2495, 0.2499, 0.2504, 0.2501]], device='cuda:0',
       grad_fn=<SoftmaxBackward0>)
tensor([[0.2507, 0.2503, 0.2509, 0.2481],
        [0.2509, 0.2493, 0.2507, 0.2491],
        [0.2501, 0.2492, 0.2503, 0.2504],
        [0.2491, 0.2496, 0.2506, 0.2506],
        [0.2499, 0.2498, 0.2499, 0.2505],
        [0.2496, 0.2496, 0.2506, 0.2502]], device='cuda:0',
       grad_fn=<SoftmaxBackward0>)
tensor([[0.2508, 0.2495, 0.2508, 0.2489],
        [0.2511, 0.2495, 0.2508, 0.2487],
        [0.2501, 0.2493, 0.2502, 0.2504],
        [0.2496, 0.2496, 0.2504, 0.2504],
        [0.2493, 0.2497, 0.2508, 0.2502],
        [0.2498, 0.2498, 0.2507, 0.2497],
        [0.2501, 0.2499, 0.2502, 0.2498]], device='cuda:0',
       grad_fn=<SoftmaxBackward0>)
#####################
08/24 06:12:22午前 searchStage_trainer.py:268 [INFO] Train: Epoch: [3][50/390]	Step 1223	lr 0.02479	Loss 1.0996 (1.0888)	Hard Loss 1.0996 (1.0888)	Soft Loss 1.0996 (1.0888)	Arch Loss 1.3456 (1.1236)	Arch Hard Loss 1.3456 (1.1236)	Arch Soft Loss 1.3456 (1.1236)	Arch depth Loss -8.8919 (-8.6519)	Prec@(1,5) (61.7%, 95.9%)	
08/24 06:12:44午前 searchStage_trainer.py:268 [INFO] Train: Epoch: [3][100/390]	Step 1273	lr 0.02479	Loss 0.8552 (1.0874)	Hard Loss 0.8552 (1.0874)	Soft Loss 0.8552 (1.0874)	Arch Loss 1.0381 (1.1108)	Arch Hard Loss 1.0381 (1.1108)	Arch Soft Loss 1.0381 (1.1108)	Arch depth Loss -9.3918 (-8.8989)	Prec@(1,5) (61.0%, 95.9%)	
08/24 06:13:05午前 searchStage_trainer.py:268 [INFO] Train: Epoch: [3][150/390]	Step 1323	lr 0.02479	Loss 1.2569 (1.0787)	Hard Loss 1.2569 (1.0787)	Soft Loss 1.2569 (1.0787)	Arch Loss 1.1090 (1.1221)	Arch Hard Loss 1.1090 (1.1221)	Arch Soft Loss 1.1090 (1.1221)	Arch depth Loss -9.9040 (-9.1499)	Prec@(1,5) (61.1%, 95.9%)	
08/24 06:13:27午前 searchStage_trainer.py:268 [INFO] Train: Epoch: [3][200/390]	Step 1373	lr 0.02479	Loss 1.1423 (1.0796)	Hard Loss 1.1423 (1.0796)	Soft Loss 1.1423 (1.0796)	Arch Loss 1.0331 (1.1165)	Arch Hard Loss 1.0331 (1.1165)	Arch Soft Loss 1.0331 (1.1165)	Arch depth Loss -10.4287 (-9.4051)	Prec@(1,5) (61.0%, 95.9%)	
08/24 06:13:49午前 searchStage_trainer.py:268 [INFO] Train: Epoch: [3][250/390]	Step 1423	lr 0.02479	Loss 1.0964 (1.0746)	Hard Loss 1.0964 (1.0746)	Soft Loss 1.0964 (1.0746)	Arch Loss 1.3810 (1.1071)	Arch Hard Loss 1.3810 (1.1071)	Arch Soft Loss 1.3810 (1.1071)	Arch depth Loss -10.9661 (-9.6644)	Prec@(1,5) (61.1%, 96.0%)	
08/24 06:14:10午前 searchStage_trainer.py:268 [INFO] Train: Epoch: [3][300/390]	Step 1473	lr 0.02479	Loss 1.0309 (1.0717)	Hard Loss 1.0309 (1.0717)	Soft Loss 1.0309 (1.0717)	Arch Loss 1.3593 (1.1001)	Arch Hard Loss 1.3593 (1.1001)	Arch Soft Loss 1.3593 (1.1001)	Arch depth Loss -11.5165 (-9.9279)	Prec@(1,5) (61.3%, 96.0%)	
08/24 06:14:32午前 searchStage_trainer.py:268 [INFO] Train: Epoch: [3][350/390]	Step 1523	lr 0.02479	Loss 1.1344 (1.0656)	Hard Loss 1.1344 (1.0656)	Soft Loss 1.1344 (1.0656)	Arch Loss 1.2630 (1.0932)	Arch Hard Loss 1.2630 (1.0932)	Arch Soft Loss 1.2630 (1.0932)	Arch depth Loss -12.0800 (-10.1958)	Prec@(1,5) (61.7%, 96.1%)	
08/24 06:14:50午前 searchStage_trainer.py:268 [INFO] Train: Epoch: [3][390/390]	Step 1563	lr 0.02479	Loss 0.9238 (1.0576)	Hard Loss 0.9238 (1.0576)	Soft Loss 0.9238 (1.0576)	Arch Loss 1.0317 (1.0875)	Arch Hard Loss 1.0317 (1.0875)	Arch Soft Loss 1.0317 (1.0875)	Arch depth Loss -12.5403 (-10.4132)	Prec@(1,5) (61.9%, 96.2%)	
08/24 06:14:50午前 searchStage_trainer.py:284 [INFO] Train: [  3/49] Final Prec@1 61.9520%
08/24 06:14:54午前 searchStage_trainer.py:312 [INFO] Valid: Epoch: [3][50/391]	Step 1564	Loss 1.0031	Prec@(1,5) (64.9%, 97.0%)
08/24 06:14:57午前 searchStage_trainer.py:312 [INFO] Valid: Epoch: [3][100/391]	Step 1564	Loss 0.9785	Prec@(1,5) (65.5%, 97.1%)
08/24 06:15:01午前 searchStage_trainer.py:312 [INFO] Valid: Epoch: [3][150/391]	Step 1564	Loss 0.9878	Prec@(1,5) (65.2%, 97.0%)
08/24 06:15:05午前 searchStage_trainer.py:312 [INFO] Valid: Epoch: [3][200/391]	Step 1564	Loss 0.9922	Prec@(1,5) (64.9%, 97.0%)
08/24 06:15:08午前 searchStage_trainer.py:312 [INFO] Valid: Epoch: [3][250/391]	Step 1564	Loss 1.0011	Prec@(1,5) (64.5%, 97.0%)
08/24 06:15:12午前 searchStage_trainer.py:312 [INFO] Valid: Epoch: [3][300/391]	Step 1564	Loss 1.0014	Prec@(1,5) (64.5%, 96.9%)
08/24 06:15:16午前 searchStage_trainer.py:312 [INFO] Valid: Epoch: [3][350/391]	Step 1564	Loss 1.0034	Prec@(1,5) (64.5%, 96.9%)
08/24 06:15:19午前 searchStage_trainer.py:312 [INFO] Valid: Epoch: [3][390/391]	Step 1564	Loss 1.0003	Prec@(1,5) (64.6%, 97.0%)
08/24 06:15:19午前 searchStage_trainer.py:323 [INFO] Valid: [  3/49] Final Prec@1 64.6520%
