08/06 07:30:13AM parser.py:28 [INFO] 
08/06 07:30:13AM parser.py:29 [INFO] Parameters:
08/06 07:30:13AM parser.py:31 [INFO] DAG_PATH=results/search_cell_KD/cifar100/WEIGHT_ONLY/s4-20240806-073013/DAG
08/06 07:30:13AM parser.py:31 [INFO] T=10.0
08/06 07:30:13AM parser.py:31 [INFO] ADVANCED=True
08/06 07:30:13AM parser.py:31 [INFO] ALPHA_LR=0.0003
08/06 07:30:13AM parser.py:31 [INFO] ALPHA_WEIGHT_DECAY=0.001
08/06 07:30:13AM parser.py:31 [INFO] BATCH_SIZE=64
08/06 07:30:13AM parser.py:31 [INFO] CUTOUT_LENGTH=0
08/06 07:30:13AM parser.py:31 [INFO] DATA_PATH=../data/
08/06 07:30:13AM parser.py:31 [INFO] DATASET=cifar100
08/06 07:30:13AM parser.py:31 [INFO] DESCRIPTION=search_cell_with_simple_kd_on_seed-4
08/06 07:30:13AM parser.py:31 [INFO] EPOCHS=50
08/06 07:30:13AM parser.py:31 [INFO] EXP_NAME=s4-20240806-073013
08/06 07:30:13AM parser.py:31 [INFO] GPUS=[0]
08/06 07:30:13AM parser.py:31 [INFO] INIT_CHANNELS=16
08/06 07:30:13AM parser.py:31 [INFO] L=0.5
08/06 07:30:13AM parser.py:31 [INFO] LAYERS=8
08/06 07:30:13AM parser.py:31 [INFO] LOCAL_RANK=0
08/06 07:30:13AM parser.py:31 [INFO] LOGGER=<Logger H-DAS (INFO)>
08/06 07:30:13AM parser.py:31 [INFO] NAME=WEIGHT_ONLY
08/06 07:30:13AM parser.py:31 [INFO] NONKD=False
08/06 07:30:13AM parser.py:31 [INFO] PATH=results/search_cell_KD/cifar100/WEIGHT_ONLY/s4-20240806-073013
08/06 07:30:13AM parser.py:31 [INFO] PCDARTS=False
08/06 07:30:13AM parser.py:31 [INFO] PLOT_PATH=results/search_cell_KD/cifar100/WEIGHT_ONLY/s4-20240806-073013/plots
08/06 07:30:13AM parser.py:31 [INFO] PRINT_FREQ=50
08/06 07:30:13AM parser.py:31 [INFO] RESUME_PATH=None
08/06 07:30:13AM parser.py:31 [INFO] SAVE=s4
08/06 07:30:13AM parser.py:31 [INFO] SEED=4
08/06 07:30:13AM parser.py:31 [INFO] TEACHER_NAME=efficientnet_v2_s
08/06 07:30:13AM parser.py:31 [INFO] TEACHER_PATH=/home/miura/lab/KD-hdas/results/teacher/cifar100/efficientnet_v2_s/FINETUNE2/pretrained-20240716-002108/best.pth.tar
08/06 07:30:13AM parser.py:31 [INFO] TRAIN_PORTION=0.5
08/06 07:30:13AM parser.py:31 [INFO] W_GRAD_CLIP=5.0
08/06 07:30:13AM parser.py:31 [INFO] W_LR=0.025
08/06 07:30:13AM parser.py:31 [INFO] W_LR_MIN=0.001
08/06 07:30:13AM parser.py:31 [INFO] W_MOMENTUM=0.9
08/06 07:30:13AM parser.py:31 [INFO] W_WEIGHT_DECAY=0.0003
08/06 07:30:13AM parser.py:31 [INFO] WORKERS=4
08/06 07:30:13AM parser.py:32 [INFO] 
08/06 07:30:14AM searchCell_trainer.py:120 [INFO] --> Loaded teacher model 'efficientnet_v2_s' from '/home/miura/lab/KD-hdas/results/teacher/cifar100/efficientnet_v2_s/FINETUNE2/pretrained-20240716-002108/best.pth.tar' and Freezed parameters)
08/06 07:30:15AM eval_util.py:125 [INFO] Test: Step 000/390 Prec@(1,5) (98.4%, 100.0%)
08/06 07:30:24AM eval_util.py:125 [INFO] Test: Step 390/390 Prec@(1,5) (97.0%, 99.6%)
08/06 07:30:24AM eval_util.py:130 [INFO] Teacher=(efficientnet_v2_s <- (/home/miura/lab/KD-hdas/results/teacher/cifar100/efficientnet_v2_s/FINETUNE2/pretrained-20240716-002108/best.pth.tar)) achives Test Prec(@1, @5) = (97.0360%, 99.5760%)
08/06 07:30:39AM searchCell_trainer.py:127 [INFO] --> No loaded checkpoint!
####### ALPHA #######
# Alpha - normal
tensor([[0.1249, 0.1252, 0.1250, 0.1250, 0.1250, 0.1250, 0.1247, 0.1251],
        [0.1250, 0.1250, 0.1251, 0.1251, 0.1251, 0.1251, 0.1248, 0.1248]],
       device='cuda:0', grad_fn=<SoftmaxBackward0>)
tensor([[0.1251, 0.1249, 0.1249, 0.1249, 0.1251, 0.1249, 0.1251, 0.1250],
        [0.1248, 0.1252, 0.1250, 0.1249, 0.1249, 0.1252, 0.1251, 0.1249],
        [0.1251, 0.1250, 0.1252, 0.1249, 0.1249, 0.1250, 0.1250, 0.1249]],
       device='cuda:0', grad_fn=<SoftmaxBackward0>)
tensor([[0.1248, 0.1251, 0.1250, 0.1251, 0.1249, 0.1248, 0.1250, 0.1252],
        [0.1250, 0.1248, 0.1249, 0.1252, 0.1250, 0.1250, 0.1250, 0.1251],
        [0.1249, 0.1251, 0.1250, 0.1253, 0.1248, 0.1248, 0.1251, 0.1250],
        [0.1250, 0.1250, 0.1249, 0.1252, 0.1251, 0.1250, 0.1249, 0.1250]],
       device='cuda:0', grad_fn=<SoftmaxBackward0>)
tensor([[0.1250, 0.1249, 0.1251, 0.1250, 0.1249, 0.1251, 0.1251, 0.1248],
        [0.1250, 0.1250, 0.1250, 0.1251, 0.1252, 0.1249, 0.1248, 0.1250],
        [0.1251, 0.1249, 0.1250, 0.1251, 0.1249, 0.1250, 0.1250, 0.1250],
        [0.1252, 0.1249, 0.1251, 0.1248, 0.1249, 0.1250, 0.1252, 0.1249],
        [0.1249, 0.1251, 0.1249, 0.1252, 0.1250, 0.1249, 0.1250, 0.1249]],
       device='cuda:0', grad_fn=<SoftmaxBackward0>)
tensor([[0.1252, 0.1248, 0.1249, 0.1250, 0.1252, 0.1252, 0.1249, 0.1248],
        [0.1251, 0.1249, 0.1251, 0.1251, 0.1251, 0.1249, 0.1249, 0.1249]],
       device='cuda:0', grad_fn=<SoftmaxBackward0>)
tensor([[0.1250, 0.1251, 0.1251, 0.1251, 0.1251, 0.1250, 0.1249, 0.1248],
        [0.1251, 0.1251, 0.1248, 0.1250, 0.1248, 0.1249, 0.1250, 0.1252],
        [0.1250, 0.1251, 0.1250, 0.1249, 0.1251, 0.1250, 0.1249, 0.1250]],
       device='cuda:0', grad_fn=<SoftmaxBackward0>)
tensor([[0.1251, 0.1250, 0.1249, 0.1248, 0.1250, 0.1252, 0.1250, 0.1250],
        [0.1248, 0.1250, 0.1249, 0.1251, 0.1252, 0.1250, 0.1250, 0.1249],
        [0.1249, 0.1250, 0.1250, 0.1253, 0.1247, 0.1250, 0.1250, 0.1249],
        [0.1248, 0.1251, 0.1248, 0.1251, 0.1251, 0.1250, 0.1250, 0.1251]],
       device='cuda:0', grad_fn=<SoftmaxBackward0>)
tensor([[0.1251, 0.1250, 0.1250, 0.1250, 0.1250, 0.1251, 0.1251, 0.1247],
        [0.1251, 0.1247, 0.1252, 0.1249, 0.1249, 0.1250, 0.1251, 0.1252],
        [0.1250, 0.1249, 0.1250, 0.1250, 0.1251, 0.1249, 0.1250, 0.1251],
        [0.1249, 0.1252, 0.1251, 0.1249, 0.1249, 0.1252, 0.1252, 0.1247],
        [0.1251, 0.1248, 0.1250, 0.1249, 0.1248, 0.1250, 0.1250, 0.1253]],
       device='cuda:0', grad_fn=<SoftmaxBackward0>)
tensor([[0.1249, 0.1249, 0.1249, 0.1252, 0.1250, 0.1251, 0.1247, 0.1252],
        [0.1251, 0.1248, 0.1249, 0.1252, 0.1249, 0.1250, 0.1250, 0.1250]],
       device='cuda:0', grad_fn=<SoftmaxBackward0>)
tensor([[0.1249, 0.1249, 0.1251, 0.1249, 0.1252, 0.1250, 0.1251, 0.1250],
        [0.1250, 0.1250, 0.1250, 0.1249, 0.1248, 0.1249, 0.1251, 0.1253],
        [0.1251, 0.1251, 0.1251, 0.1249, 0.1248, 0.1248, 0.1252, 0.1250]],
       device='cuda:0', grad_fn=<SoftmaxBackward0>)
tensor([[0.1250, 0.1248, 0.1250, 0.1249, 0.1250, 0.1251, 0.1252, 0.1250],
        [0.1249, 0.1250, 0.1250, 0.1252, 0.1248, 0.1251, 0.1249, 0.1251],
        [0.1251, 0.1250, 0.1251, 0.1250, 0.1250, 0.1250, 0.1249, 0.1250],
        [0.1251, 0.1251, 0.1250, 0.1250, 0.1249, 0.1248, 0.1249, 0.1253]],
       device='cuda:0', grad_fn=<SoftmaxBackward0>)
tensor([[0.1249, 0.1249, 0.1250, 0.1249, 0.1250, 0.1252, 0.1251, 0.1249],
        [0.1253, 0.1250, 0.1250, 0.1250, 0.1250, 0.1250, 0.1247, 0.1250],
        [0.1251, 0.1250, 0.1248, 0.1251, 0.1251, 0.1250, 0.1251, 0.1248],
        [0.1250, 0.1251, 0.1250, 0.1251, 0.1250, 0.1250, 0.1248, 0.1249],
        [0.1250, 0.1249, 0.1251, 0.1250, 0.1253, 0.1252, 0.1248, 0.1248]],
       device='cuda:0', grad_fn=<SoftmaxBackward0>)

# Alpha - reduce
tensor([[0.1251, 0.1251, 0.1249, 0.1250, 0.1251, 0.1251, 0.1248, 0.1250],
        [0.1249, 0.1250, 0.1251, 0.1251, 0.1250, 0.1251, 0.1250, 0.1247]],
       device='cuda:0', grad_fn=<SoftmaxBackward0>)
tensor([[0.1251, 0.1249, 0.1251, 0.1251, 0.1250, 0.1250, 0.1250, 0.1248],
        [0.1249, 0.1250, 0.1250, 0.1250, 0.1252, 0.1250, 0.1252, 0.1247],
        [0.1251, 0.1249, 0.1250, 0.1250, 0.1247, 0.1251, 0.1250, 0.1251]],
       device='cuda:0', grad_fn=<SoftmaxBackward0>)
tensor([[0.1250, 0.1250, 0.1251, 0.1250, 0.1249, 0.1251, 0.1248, 0.1250],
        [0.1250, 0.1252, 0.1250, 0.1251, 0.1249, 0.1248, 0.1250, 0.1250],
        [0.1251, 0.1251, 0.1250, 0.1249, 0.1249, 0.1250, 0.1251, 0.1249],
        [0.1251, 0.1251, 0.1249, 0.1248, 0.1247, 0.1253, 0.1251, 0.1250]],
       device='cuda:0', grad_fn=<SoftmaxBackward0>)
tensor([[0.1248, 0.1250, 0.1251, 0.1250, 0.1249, 0.1250, 0.1251, 0.1251],
        [0.1251, 0.1250, 0.1251, 0.1252, 0.1250, 0.1248, 0.1250, 0.1249],
        [0.1248, 0.1252, 0.1250, 0.1250, 0.1251, 0.1251, 0.1251, 0.1247],
        [0.1249, 0.1249, 0.1249, 0.1249, 0.1249, 0.1252, 0.1251, 0.1251],
        [0.1251, 0.1250, 0.1249, 0.1250, 0.1250, 0.1248, 0.1250, 0.1252]],
       device='cuda:0', grad_fn=<SoftmaxBackward0>)
tensor([[0.1251, 0.1250, 0.1249, 0.1252, 0.1249, 0.1249, 0.1248, 0.1251],
        [0.1249, 0.1250, 0.1250, 0.1250, 0.1249, 0.1249, 0.1252, 0.1250]],
       device='cuda:0', grad_fn=<SoftmaxBackward0>)
tensor([[0.1249, 0.1250, 0.1249, 0.1250, 0.1251, 0.1254, 0.1249, 0.1248],
        [0.1251, 0.1249, 0.1250, 0.1250, 0.1251, 0.1248, 0.1251, 0.1250],
        [0.1251, 0.1250, 0.1248, 0.1251, 0.1249, 0.1249, 0.1251, 0.1252]],
       device='cuda:0', grad_fn=<SoftmaxBackward0>)
tensor([[0.1249, 0.1251, 0.1248, 0.1251, 0.1251, 0.1250, 0.1250, 0.1250],
        [0.1250, 0.1251, 0.1250, 0.1251, 0.1250, 0.1250, 0.1249, 0.1248],
        [0.1250, 0.1248, 0.1249, 0.1250, 0.1250, 0.1250, 0.1252, 0.1252],
        [0.1250, 0.1250, 0.1250, 0.1251, 0.1250, 0.1250, 0.1250, 0.1249]],
       device='cuda:0', grad_fn=<SoftmaxBackward0>)
tensor([[0.1248, 0.1252, 0.1250, 0.1250, 0.1248, 0.1250, 0.1251, 0.1251],
        [0.1252, 0.1249, 0.1249, 0.1249, 0.1250, 0.1250, 0.1250, 0.1251],
        [0.1247, 0.1250, 0.1251, 0.1250, 0.1250, 0.1251, 0.1251, 0.1250],
        [0.1249, 0.1251, 0.1248, 0.1251, 0.1250, 0.1249, 0.1250, 0.1252],
        [0.1249, 0.1252, 0.1249, 0.1249, 0.1252, 0.1250, 0.1249, 0.1250]],
       device='cuda:0', grad_fn=<SoftmaxBackward0>)
#####################
08/06 07:30:54AM searchCell_trainer.py:218 [INFO] Train: Epoch: [0][50/390]	Step 50	lr 0.025	Loss 2.2498 (2.2648)	Hard Loss 4.4519 (4.4788)	Soft Loss 0.0005 (0.0005)	Arch Loss 2.1652 (2.2740)	Arch Hard Loss 4.2832 (4.4977)	Arch Soft Loss 0.0005 (0.0005)	Prec@(1,5) (3.2%, 13.4%)	
08/06 07:31:09AM searchCell_trainer.py:218 [INFO] Train: Epoch: [0][100/390]	Step 100	lr 0.025	Loss 2.0270 (2.1856)	Hard Loss 4.0044 (4.3216)	Soft Loss 0.0005 (0.0005)	Arch Loss 1.9396 (2.1941)	Arch Hard Loss 3.8328 (4.3390)	Arch Soft Loss 0.0005 (0.0005)	Prec@(1,5) (4.6%, 18.1%)	
08/06 07:31:23AM searchCell_trainer.py:218 [INFO] Train: Epoch: [0][150/390]	Step 150	lr 0.025	Loss 2.0217 (2.1308)	Hard Loss 3.9990 (4.2126)	Soft Loss 0.0004 (0.0005)	Arch Loss 1.8423 (2.1442)	Arch Hard Loss 3.6410 (4.2398)	Arch Soft Loss 0.0004 (0.0005)	Prec@(1,5) (6.0%, 20.9%)	
08/06 07:31:38AM searchCell_trainer.py:218 [INFO] Train: Epoch: [0][200/390]	Step 200	lr 0.025	Loss 1.9464 (2.0936)	Hard Loss 3.8500 (4.1384)	Soft Loss 0.0004 (0.0005)	Arch Loss 2.0970 (2.0953)	Arch Hard Loss 4.1476 (4.1426)	Arch Soft Loss 0.0005 (0.0005)	Prec@(1,5) (6.6%, 22.9%)	
08/06 07:31:52AM searchCell_trainer.py:218 [INFO] Train: Epoch: [0][250/390]	Step 250	lr 0.025	Loss 1.8789 (2.0642)	Hard Loss 3.7156 (4.0800)	Soft Loss 0.0004 (0.0005)	Arch Loss 1.8054 (2.0638)	Arch Hard Loss 3.5708 (4.0800)	Arch Soft Loss 0.0004 (0.0005)	Prec@(1,5) (7.4%, 24.7%)	
08/06 07:32:07AM searchCell_trainer.py:218 [INFO] Train: Epoch: [0][300/390]	Step 300	lr 0.025	Loss 1.9739 (2.0372)	Hard Loss 3.9007 (4.0263)	Soft Loss 0.0005 (0.0005)	Arch Loss 1.7704 (2.0347)	Arch Hard Loss 3.4933 (4.0221)	Arch Soft Loss 0.0005 (0.0005)	Prec@(1,5) (8.1%, 26.3%)	
08/06 07:32:22AM searchCell_trainer.py:218 [INFO] Train: Epoch: [0][350/390]	Step 350	lr 0.025	Loss 2.0534 (2.0116)	Hard Loss 4.0643 (3.9753)	Soft Loss 0.0004 (0.0005)	Arch Loss 1.8241 (2.0096)	Arch Hard Loss 3.6020 (3.9720)	Arch Soft Loss 0.0005 (0.0005)	Prec@(1,5) (8.8%, 27.9%)	
08/06 07:32:33AM searchCell_trainer.py:218 [INFO] Train: Epoch: [0][390/390]	Step 390	lr 0.025	Loss 1.8634 (1.9942)	Hard Loss 3.6777 (3.9407)	Soft Loss 0.0005 (0.0005)	Arch Loss 1.8909 (1.9897)	Arch Hard Loss 3.7408 (3.9326)	Arch Soft Loss 0.0004 (0.0005)	Prec@(1,5) (9.3%, 29.0%)	
08/06 07:32:34AM searchCell_trainer.py:233 [INFO] Train: [  0/49] Final Prec@1 9.2800%
08/06 07:32:36AM searchCell_trainer.py:261 [INFO] Valid: Epoch: [0][50/391]	Step 391	Loss 3.5800	Prec@(1,5) (14.0%, 42.0%)
08/06 07:32:38AM searchCell_trainer.py:261 [INFO] Valid: Epoch: [0][100/391]	Step 391	Loss 3.5584	Prec@(1,5) (14.2%, 41.1%)
08/06 07:32:39AM searchCell_trainer.py:261 [INFO] Valid: Epoch: [0][150/391]	Step 391	Loss 3.5460	Prec@(1,5) (14.6%, 41.2%)
08/06 07:32:41AM searchCell_trainer.py:261 [INFO] Valid: Epoch: [0][200/391]	Step 391	Loss 3.5412	Prec@(1,5) (14.7%, 41.6%)
08/06 07:32:43AM searchCell_trainer.py:261 [INFO] Valid: Epoch: [0][250/391]	Step 391	Loss 3.5474	Prec@(1,5) (14.7%, 41.4%)
08/06 07:32:45AM searchCell_trainer.py:261 [INFO] Valid: Epoch: [0][300/391]	Step 391	Loss 3.5484	Prec@(1,5) (14.6%, 41.3%)
08/06 07:32:46AM searchCell_trainer.py:261 [INFO] Valid: Epoch: [0][350/391]	Step 391	Loss 3.5495	Prec@(1,5) (14.6%, 41.4%)
08/06 07:32:48AM searchCell_trainer.py:261 [INFO] Valid: Epoch: [0][390/391]	Step 391	Loss 3.5501	Prec@(1,5) (14.7%, 41.2%)
08/06 07:32:48AM searchCell_trainer.py:268 [INFO] Valid: [  0/49] Final Prec@1 14.7200%
08/06 07:32:48AM searchCell_KD_main.py:58 [INFO] genotype = Genotype3(normal1=[[('max_pool_3x3', 0), ('sep_conv_5x5', 1)], [('max_pool_3x3', 0), ('max_pool_3x3', 2)], [('max_pool_3x3', 0), ('dil_conv_5x5', 1)], [('max_pool_3x3', 0), ('max_pool_3x3', 2)]], normal1_concat=range(2, 6), reduce1=[[('sep_conv_5x5', 1), ('max_pool_3x3', 0)], [('dil_conv_3x3', 2), ('sep_conv_5x5', 1)], [('sep_conv_3x3', 2), ('max_pool_3x3', 0)], [('dil_conv_5x5', 2), ('skip_connect', 0)]], reduce1_concat=range(2, 6), normal2=[[('max_pool_3x3', 0), ('dil_conv_5x5', 1)], [('max_pool_3x3', 0), ('dil_conv_5x5', 1)], [('dil_conv_3x3', 1), ('dil_conv_3x3', 2)], [('dil_conv_3x3', 4), ('sep_conv_5x5', 2)]], normal2_concat=range(2, 6), reduce2=[[('sep_conv_5x5', 1), ('sep_conv_3x3', 0)], [('dil_conv_5x5', 1), ('dil_conv_5x5', 2)], [('sep_conv_3x3', 0), ('dil_conv_3x3', 2)], [('sep_conv_5x5', 2), ('sep_conv_3x3', 4)]], reduce2_concat=range(2, 6), normal3=[[('dil_conv_3x3', 1), ('sep_conv_3x3', 0)], [('dil_conv_5x5', 1), ('sep_conv_3x3', 2)], [('dil_conv_3x3', 2), ('sep_conv_3x3', 1)], [('sep_conv_3x3', 3), ('sep_conv_5x5', 1)]], normal3_concat=range(2, 6))
08/06 07:32:48AM searchCell_KD_main.py:92 [INFO] Until now, best Prec@1 = 14.7200%
####### ALPHA #######
# Alpha - normal
tensor([[0.1283, 0.1246, 0.1260, 0.1234, 0.1227, 0.1255, 0.1273, 0.1222],
        [0.1236, 0.1205, 0.1225, 0.1258, 0.1277, 0.1267, 0.1260, 0.1272]],
       device='cuda:0', grad_fn=<SoftmaxBackward0>)
tensor([[0.1285, 0.1248, 0.1266, 0.1240, 0.1264, 0.1256, 0.1227, 0.1214],
        [0.1247, 0.1224, 0.1241, 0.1256, 0.1242, 0.1260, 0.1263, 0.1267],
        [0.1267, 0.1243, 0.1265, 0.1257, 0.1238, 0.1255, 0.1216, 0.1259]],
       device='cuda:0', grad_fn=<SoftmaxBackward0>)
tensor([[0.1268, 0.1243, 0.1255, 0.1248, 0.1255, 0.1258, 0.1229, 0.1244],
        [0.1242, 0.1221, 0.1233, 0.1265, 0.1261, 0.1242, 0.1269, 0.1267],
        [0.1248, 0.1233, 0.1238, 0.1262, 0.1256, 0.1266, 0.1254, 0.1242],
        [0.1244, 0.1229, 0.1241, 0.1243, 0.1254, 0.1254, 0.1254, 0.1281]],
       device='cuda:0', grad_fn=<SoftmaxBackward0>)
tensor([[0.1292, 0.1235, 0.1251, 0.1247, 0.1237, 0.1238, 0.1267, 0.1233],
        [0.1254, 0.1219, 0.1233, 0.1255, 0.1250, 0.1263, 0.1256, 0.1271],
        [0.1268, 0.1235, 0.1243, 0.1246, 0.1260, 0.1254, 0.1248, 0.1245],
        [0.1261, 0.1236, 0.1245, 0.1244, 0.1258, 0.1257, 0.1244, 0.1255],
        [0.1261, 0.1243, 0.1252, 0.1257, 0.1240, 0.1248, 0.1247, 0.1253]],
       device='cuda:0', grad_fn=<SoftmaxBackward0>)
tensor([[0.1271, 0.1230, 0.1251, 0.1246, 0.1263, 0.1243, 0.1265, 0.1230],
        [0.1248, 0.1224, 0.1243, 0.1246, 0.1254, 0.1249, 0.1265, 0.1270]],
       device='cuda:0', grad_fn=<SoftmaxBackward0>)
tensor([[0.1277, 0.1247, 0.1267, 0.1240, 0.1245, 0.1242, 0.1244, 0.1238],
        [0.1243, 0.1229, 0.1240, 0.1277, 0.1231, 0.1251, 0.1277, 0.1252],
        [0.1249, 0.1232, 0.1242, 0.1262, 0.1256, 0.1263, 0.1260, 0.1234]],
       device='cuda:0', grad_fn=<SoftmaxBackward0>)
tensor([[0.1265, 0.1238, 0.1250, 0.1252, 0.1265, 0.1237, 0.1241, 0.1252],
        [0.1239, 0.1224, 0.1231, 0.1243, 0.1261, 0.1273, 0.1272, 0.1258],
        [0.1238, 0.1228, 0.1234, 0.1265, 0.1254, 0.1270, 0.1252, 0.1258],
        [0.1239, 0.1235, 0.1242, 0.1256, 0.1266, 0.1242, 0.1255, 0.1264]],
       device='cuda:0', grad_fn=<SoftmaxBackward0>)
tensor([[0.1264, 0.1236, 0.1250, 0.1252, 0.1245, 0.1266, 0.1251, 0.1236],
        [0.1244, 0.1224, 0.1235, 0.1261, 0.1255, 0.1256, 0.1261, 0.1266],
        [0.1247, 0.1231, 0.1243, 0.1242, 0.1268, 0.1251, 0.1263, 0.1256],
        [0.1243, 0.1231, 0.1238, 0.1262, 0.1265, 0.1254, 0.1253, 0.1253],
        [0.1242, 0.1226, 0.1236, 0.1238, 0.1239, 0.1284, 0.1276, 0.1258]],
       device='cuda:0', grad_fn=<SoftmaxBackward0>)
tensor([[0.1254, 0.1236, 0.1243, 0.1261, 0.1259, 0.1235, 0.1254, 0.1258],
        [0.1222, 0.1202, 0.1205, 0.1275, 0.1265, 0.1276, 0.1273, 0.1282]],
       device='cuda:0', grad_fn=<SoftmaxBackward0>)
tensor([[0.1236, 0.1226, 0.1231, 0.1248, 0.1265, 0.1255, 0.1273, 0.1264],
        [0.1214, 0.1205, 0.1206, 0.1258, 0.1257, 0.1278, 0.1290, 0.1293],
        [0.1222, 0.1212, 0.1214, 0.1272, 0.1268, 0.1263, 0.1270, 0.1280]],
       device='cuda:0', grad_fn=<SoftmaxBackward0>)
tensor([[0.1223, 0.1213, 0.1216, 0.1265, 0.1272, 0.1271, 0.1275, 0.1266],
        [0.1218, 0.1212, 0.1213, 0.1276, 0.1271, 0.1264, 0.1262, 0.1285],
        [0.1223, 0.1217, 0.1214, 0.1253, 0.1268, 0.1282, 0.1268, 0.1275],
        [0.1224, 0.1218, 0.1215, 0.1266, 0.1266, 0.1266, 0.1264, 0.1280]],
       device='cuda:0', grad_fn=<SoftmaxBackward0>)
tensor([[0.1231, 0.1219, 0.1221, 0.1252, 0.1279, 0.1264, 0.1262, 0.1270],
        [0.1215, 0.1203, 0.1202, 0.1266, 0.1283, 0.1270, 0.1273, 0.1287],
        [0.1224, 0.1216, 0.1211, 0.1281, 0.1276, 0.1262, 0.1263, 0.1268],
        [0.1220, 0.1214, 0.1209, 0.1287, 0.1270, 0.1256, 0.1273, 0.1271],
        [0.1220, 0.1211, 0.1210, 0.1267, 0.1279, 0.1272, 0.1271, 0.1271]],
       device='cuda:0', grad_fn=<SoftmaxBackward0>)

# Alpha - reduce
tensor([[0.1271, 0.1246, 0.1247, 0.1243, 0.1246, 0.1246, 0.1264, 0.1239],
        [0.1261, 0.1248, 0.1257, 0.1220, 0.1272, 0.1243, 0.1242, 0.1256]],
       device='cuda:0', grad_fn=<SoftmaxBackward0>)
tensor([[0.1250, 0.1223, 0.1269, 0.1248, 0.1254, 0.1264, 0.1257, 0.1235],
        [0.1246, 0.1233, 0.1251, 0.1273, 0.1273, 0.1233, 0.1247, 0.1244],
        [0.1232, 0.1208, 0.1229, 0.1260, 0.1264, 0.1289, 0.1260, 0.1259]],
       device='cuda:0', grad_fn=<SoftmaxBackward0>)
tensor([[0.1267, 0.1244, 0.1242, 0.1243, 0.1266, 0.1240, 0.1233, 0.1264],
        [0.1247, 0.1238, 0.1243, 0.1244, 0.1251, 0.1268, 0.1258, 0.1251],
        [0.1243, 0.1221, 0.1242, 0.1274, 0.1249, 0.1244, 0.1260, 0.1268],
        [0.1257, 0.1242, 0.1256, 0.1248, 0.1241, 0.1259, 0.1250, 0.1247]],
       device='cuda:0', grad_fn=<SoftmaxBackward0>)
tensor([[0.1257, 0.1233, 0.1272, 0.1249, 0.1253, 0.1244, 0.1254, 0.1238],
        [0.1250, 0.1235, 0.1241, 0.1257, 0.1256, 0.1258, 0.1256, 0.1247],
        [0.1238, 0.1219, 0.1235, 0.1247, 0.1264, 0.1264, 0.1275, 0.1258],
        [0.1252, 0.1237, 0.1250, 0.1243, 0.1262, 0.1257, 0.1242, 0.1258],
        [0.1244, 0.1229, 0.1241, 0.1245, 0.1256, 0.1263, 0.1260, 0.1263]],
       device='cuda:0', grad_fn=<SoftmaxBackward0>)
tensor([[0.1257, 0.1238, 0.1251, 0.1265, 0.1239, 0.1255, 0.1247, 0.1248],
        [0.1245, 0.1238, 0.1254, 0.1257, 0.1268, 0.1232, 0.1243, 0.1263]],
       device='cuda:0', grad_fn=<SoftmaxBackward0>)
tensor([[0.1246, 0.1232, 0.1256, 0.1241, 0.1248, 0.1268, 0.1256, 0.1253],
        [0.1233, 0.1226, 0.1241, 0.1257, 0.1249, 0.1267, 0.1273, 0.1254],
        [0.1247, 0.1225, 0.1241, 0.1249, 0.1252, 0.1250, 0.1271, 0.1264]],
       device='cuda:0', grad_fn=<SoftmaxBackward0>)
tensor([[0.1260, 0.1244, 0.1252, 0.1272, 0.1251, 0.1241, 0.1241, 0.1238],
        [0.1242, 0.1234, 0.1255, 0.1249, 0.1232, 0.1267, 0.1260, 0.1262],
        [0.1258, 0.1232, 0.1244, 0.1235, 0.1259, 0.1271, 0.1247, 0.1254],
        [0.1254, 0.1231, 0.1237, 0.1258, 0.1258, 0.1264, 0.1253, 0.1244]],
       device='cuda:0', grad_fn=<SoftmaxBackward0>)
tensor([[0.1247, 0.1240, 0.1272, 0.1247, 0.1260, 0.1243, 0.1247, 0.1245],
        [0.1232, 0.1220, 0.1266, 0.1245, 0.1266, 0.1255, 0.1258, 0.1257],
        [0.1241, 0.1222, 0.1218, 0.1254, 0.1286, 0.1265, 0.1269, 0.1245],
        [0.1251, 0.1234, 0.1230, 0.1266, 0.1265, 0.1245, 0.1264, 0.1246],
        [0.1249, 0.1235, 0.1240, 0.1276, 0.1253, 0.1238, 0.1267, 0.1241]],
       device='cuda:0', grad_fn=<SoftmaxBackward0>)
#####################
08/06 07:33:03午前 searchCell_trainer.py:218 [INFO] Train: Epoch: [1][50/390]	Step 441	lr 0.02498	Loss 1.7851 (1.7865)	Hard Loss 3.5248 (3.5282)	Soft Loss 0.0005 (0.0004)	Arch Loss 1.8866 (1.8003)	Arch Hard Loss 3.7303 (3.5564)	Arch Soft Loss 0.0004 (0.0004)	Prec@(1,5) (14.8%, 42.5%)	
08/06 07:33:17午前 searchCell_trainer.py:218 [INFO] Train: Epoch: [1][100/390]	Step 491	lr 0.02498	Loss 1.8414 (1.7742)	Hard Loss 3.6389 (3.5032)	Soft Loss 0.0004 (0.0005)	Arch Loss 1.8906 (1.8013)	Arch Hard Loss 3.7344 (3.5581)	Arch Soft Loss 0.0005 (0.0004)	Prec@(1,5) (15.9%, 43.4%)	
08/06 07:33:32午前 searchCell_trainer.py:218 [INFO] Train: Epoch: [1][150/390]	Step 541	lr 0.02498	Loss 1.7173 (1.7649)	Hard Loss 3.3901 (3.4846)	Soft Loss 0.0004 (0.0005)	Arch Loss 1.6741 (1.7789)	Arch Hard Loss 3.3043 (3.5131)	Arch Soft Loss 0.0004 (0.0004)	Prec@(1,5) (16.0%, 43.1%)	
08/06 07:33:46午前 searchCell_trainer.py:218 [INFO] Train: Epoch: [1][200/390]	Step 591	lr 0.02498	Loss 1.6695 (1.7576)	Hard Loss 3.2914 (3.4700)	Soft Loss 0.0005 (0.0005)	Arch Loss 1.7240 (1.7665)	Arch Hard Loss 3.4049 (3.4884)	Arch Soft Loss 0.0004 (0.0004)	Prec@(1,5) (16.2%, 43.4%)	
08/06 07:34:01午前 searchCell_trainer.py:218 [INFO] Train: Epoch: [1][250/390]	Step 641	lr 0.02498	Loss 1.6510 (1.7478)	Hard Loss 3.2597 (3.4504)	Soft Loss 0.0004 (0.0005)	Arch Loss 1.6013 (1.7486)	Arch Hard Loss 3.1550 (3.4525)	Arch Soft Loss 0.0005 (0.0004)	Prec@(1,5) (16.7%, 43.8%)	
08/06 07:34:15午前 searchCell_trainer.py:218 [INFO] Train: Epoch: [1][300/390]	Step 691	lr 0.02498	Loss 1.7558 (1.7391)	Hard Loss 3.4623 (3.4329)	Soft Loss 0.0005 (0.0005)	Arch Loss 1.4619 (1.7373)	Arch Hard Loss 2.8776 (3.4300)	Arch Soft Loss 0.0005 (0.0004)	Prec@(1,5) (16.9%, 44.3%)	
08/06 07:34:29午前 searchCell_trainer.py:218 [INFO] Train: Epoch: [1][350/390]	Step 741	lr 0.02498	Loss 1.6691 (1.7266)	Hard Loss 3.2937 (3.4078)	Soft Loss 0.0004 (0.0005)	Arch Loss 1.8041 (1.7289)	Arch Hard Loss 3.5637 (3.4131)	Arch Soft Loss 0.0004 (0.0004)	Prec@(1,5) (17.2%, 45.0%)	
08/06 07:34:41午前 searchCell_trainer.py:218 [INFO] Train: Epoch: [1][390/390]	Step 781	lr 0.02498	Loss 1.5583 (1.7179)	Hard Loss 3.0710 (3.3905)	Soft Loss 0.0005 (0.0005)	Arch Loss 1.7228 (1.7192)	Arch Hard Loss 3.4033 (3.3939)	Arch Soft Loss 0.0004 (0.0004)	Prec@(1,5) (17.5%, 45.6%)	
08/06 07:34:41午前 searchCell_trainer.py:233 [INFO] Train: [  1/49] Final Prec@1 17.5400%
08/06 07:34:43午前 searchCell_trainer.py:261 [INFO] Valid: Epoch: [1][50/391]	Step 782	Loss 3.2602	Prec@(1,5) (19.2%, 49.7%)
08/06 07:34:45午前 searchCell_trainer.py:261 [INFO] Valid: Epoch: [1][100/391]	Step 782	Loss 3.2499	Prec@(1,5) (19.8%, 49.1%)
08/06 07:34:46午前 searchCell_trainer.py:261 [INFO] Valid: Epoch: [1][150/391]	Step 782	Loss 3.2247	Prec@(1,5) (20.5%, 50.1%)
08/06 07:34:48午前 searchCell_trainer.py:261 [INFO] Valid: Epoch: [1][200/391]	Step 782	Loss 3.2279	Prec@(1,5) (20.5%, 50.2%)
08/06 07:34:50午前 searchCell_trainer.py:261 [INFO] Valid: Epoch: [1][250/391]	Step 782	Loss 3.2173	Prec@(1,5) (20.5%, 50.4%)
08/06 07:34:52午前 searchCell_trainer.py:261 [INFO] Valid: Epoch: [1][300/391]	Step 782	Loss 3.2141	Prec@(1,5) (20.7%, 50.6%)
08/06 07:34:53午前 searchCell_trainer.py:261 [INFO] Valid: Epoch: [1][350/391]	Step 782	Loss 3.2186	Prec@(1,5) (20.5%, 50.5%)
08/06 07:34:55午前 searchCell_trainer.py:261 [INFO] Valid: Epoch: [1][390/391]	Step 782	Loss 3.2174	Prec@(1,5) (20.5%, 50.5%)
08/06 07:34:55午前 searchCell_trainer.py:268 [INFO] Valid: [  1/49] Final Prec@1 20.4760%
08/06 07:34:55午前 searchCell_KD_main.py:58 [INFO] genotype = Genotype3(normal1=[[('max_pool_3x3', 0), ('sep_conv_5x5', 1)], [('dil_conv_5x5', 1), ('max_pool_3x3', 0)], [('dil_conv_5x5', 1), ('dil_conv_3x3', 2)], [('max_pool_3x3', 0), ('max_pool_3x3', 2)]], normal1_concat=range(2, 6), reduce1=[[('sep_conv_5x5', 1), ('max_pool_3x3', 0)], [('dil_conv_3x3', 2), ('sep_conv_3x3', 1)], [('dil_conv_3x3', 1), ('dil_conv_5x5', 2)], [('dil_conv_5x5', 2), ('sep_conv_5x5', 1)]], reduce1_concat=range(2, 6), normal2=[[('dil_conv_5x5', 1), ('dil_conv_5x5', 0)], [('dil_conv_5x5', 1), ('max_pool_3x3', 0)], [('dil_conv_3x3', 1), ('sep_conv_3x3', 2)], [('sep_conv_5x5', 2), ('dil_conv_3x3', 3)]], normal2_concat=range(2, 6), reduce2=[[('sep_conv_5x5', 1), ('max_pool_3x3', 0)], [('dil_conv_5x5', 1), ('max_pool_3x3', 2)], [('dil_conv_3x3', 1), ('dil_conv_3x3', 3)], [('sep_conv_5x5', 2), ('sep_conv_5x5', 1)]], reduce2_concat=range(2, 6), normal3=[[('dil_conv_5x5', 1), ('max_pool_3x3', 0)], [('dil_conv_5x5', 1), ('dil_conv_5x5', 0)], [('dil_conv_3x3', 2), ('sep_conv_3x3', 1)], [('sep_conv_5x5', 1), ('sep_conv_3x3', 2)]], normal3_concat=range(2, 6))
08/06 07:34:55午前 searchCell_KD_main.py:92 [INFO] Until now, best Prec@1 = 20.4760%
####### ALPHA #######
# Alpha - normal
tensor([[0.1296, 0.1221, 0.1253, 0.1235, 0.1225, 0.1270, 0.1291, 0.1208],
        [0.1221, 0.1168, 0.1200, 0.1274, 0.1296, 0.1271, 0.1281, 0.1289]],
       device='cuda:0', grad_fn=<SoftmaxBackward0>)
tensor([[0.1292, 0.1223, 0.1258, 0.1258, 0.1286, 0.1274, 0.1212, 0.1198],
        [0.1221, 0.1185, 0.1218, 0.1263, 0.1237, 0.1283, 0.1300, 0.1294],
        [0.1247, 0.1214, 0.1248, 0.1289, 0.1263, 0.1273, 0.1207, 0.1258]],
       device='cuda:0', grad_fn=<SoftmaxBackward0>)
tensor([[0.1283, 0.1225, 0.1252, 0.1256, 0.1255, 0.1254, 0.1243, 0.1232],
        [0.1218, 0.1176, 0.1200, 0.1274, 0.1274, 0.1250, 0.1309, 0.1299],
        [0.1235, 0.1204, 0.1220, 0.1269, 0.1277, 0.1296, 0.1251, 0.1247],
        [0.1228, 0.1204, 0.1224, 0.1230, 0.1269, 0.1260, 0.1278, 0.1307]],
       device='cuda:0', grad_fn=<SoftmaxBackward0>)
tensor([[0.1314, 0.1210, 0.1246, 0.1239, 0.1242, 0.1238, 0.1286, 0.1225],
        [0.1254, 0.1192, 0.1223, 0.1254, 0.1266, 0.1269, 0.1263, 0.1278],
        [0.1280, 0.1224, 0.1251, 0.1251, 0.1268, 0.1249, 0.1228, 0.1249],
        [0.1260, 0.1217, 0.1235, 0.1252, 0.1283, 0.1278, 0.1255, 0.1221],
        [0.1265, 0.1235, 0.1267, 0.1271, 0.1225, 0.1230, 0.1251, 0.1255]],
       device='cuda:0', grad_fn=<SoftmaxBackward0>)
tensor([[0.1289, 0.1210, 0.1254, 0.1242, 0.1258, 0.1238, 0.1294, 0.1215],
        [0.1239, 0.1178, 0.1216, 0.1254, 0.1281, 0.1243, 0.1294, 0.1294]],
       device='cuda:0', grad_fn=<SoftmaxBackward0>)
tensor([[0.1294, 0.1228, 0.1268, 0.1227, 0.1259, 0.1238, 0.1261, 0.1226],
        [0.1238, 0.1190, 0.1219, 0.1275, 0.1264, 0.1255, 0.1302, 0.1257],
        [0.1241, 0.1194, 0.1221, 0.1277, 0.1287, 0.1265, 0.1295, 0.1222]],
       device='cuda:0', grad_fn=<SoftmaxBackward0>)
tensor([[0.1276, 0.1220, 0.1254, 0.1273, 0.1259, 0.1228, 0.1238, 0.1253],
        [0.1228, 0.1182, 0.1208, 0.1256, 0.1269, 0.1297, 0.1278, 0.1282],
        [0.1228, 0.1197, 0.1224, 0.1287, 0.1268, 0.1272, 0.1268, 0.1256],
        [0.1241, 0.1215, 0.1244, 0.1254, 0.1258, 0.1249, 0.1262, 0.1276]],
       device='cuda:0', grad_fn=<SoftmaxBackward0>)
tensor([[0.1281, 0.1221, 0.1249, 0.1261, 0.1249, 0.1277, 0.1252, 0.1210],
        [0.1237, 0.1189, 0.1214, 0.1267, 0.1257, 0.1261, 0.1275, 0.1301],
        [0.1237, 0.1191, 0.1221, 0.1237, 0.1300, 0.1262, 0.1299, 0.1254],
        [0.1242, 0.1199, 0.1224, 0.1240, 0.1278, 0.1291, 0.1287, 0.1239],
        [0.1244, 0.1198, 0.1231, 0.1254, 0.1233, 0.1280, 0.1282, 0.1279]],
       device='cuda:0', grad_fn=<SoftmaxBackward0>)
tensor([[0.1290, 0.1226, 0.1238, 0.1270, 0.1261, 0.1215, 0.1259, 0.1241],
        [0.1225, 0.1174, 0.1182, 0.1288, 0.1257, 0.1275, 0.1292, 0.1309]],
       device='cuda:0', grad_fn=<SoftmaxBackward0>)
tensor([[0.1267, 0.1218, 0.1229, 0.1239, 0.1275, 0.1232, 0.1288, 0.1251],
        [0.1198, 0.1168, 0.1172, 0.1258, 0.1275, 0.1283, 0.1332, 0.1313],
        [0.1231, 0.1200, 0.1196, 0.1274, 0.1275, 0.1259, 0.1285, 0.1278]],
       device='cuda:0', grad_fn=<SoftmaxBackward0>)
tensor([[0.1242, 0.1203, 0.1207, 0.1263, 0.1292, 0.1260, 0.1281, 0.1251],
        [0.1222, 0.1194, 0.1196, 0.1294, 0.1279, 0.1252, 0.1271, 0.1293],
        [0.1236, 0.1214, 0.1199, 0.1258, 0.1262, 0.1309, 0.1262, 0.1259],
        [0.1242, 0.1220, 0.1214, 0.1265, 0.1278, 0.1255, 0.1260, 0.1267]],
       device='cuda:0', grad_fn=<SoftmaxBackward0>)
tensor([[0.1256, 0.1214, 0.1219, 0.1244, 0.1293, 0.1262, 0.1250, 0.1263],
        [0.1213, 0.1181, 0.1181, 0.1266, 0.1317, 0.1272, 0.1275, 0.1296],
        [0.1236, 0.1215, 0.1193, 0.1311, 0.1268, 0.1272, 0.1258, 0.1247],
        [0.1235, 0.1215, 0.1204, 0.1300, 0.1272, 0.1244, 0.1272, 0.1259],
        [0.1236, 0.1212, 0.1209, 0.1265, 0.1290, 0.1265, 0.1267, 0.1256]],
       device='cuda:0', grad_fn=<SoftmaxBackward0>)

# Alpha - reduce
tensor([[0.1293, 0.1243, 0.1256, 0.1243, 0.1244, 0.1232, 0.1268, 0.1221],
        [0.1263, 0.1234, 0.1270, 0.1214, 0.1292, 0.1234, 0.1221, 0.1272]],
       device='cuda:0', grad_fn=<SoftmaxBackward0>)
tensor([[0.1258, 0.1206, 0.1252, 0.1258, 0.1255, 0.1290, 0.1266, 0.1215],
        [0.1234, 0.1204, 0.1243, 0.1292, 0.1287, 0.1229, 0.1251, 0.1258],
        [0.1216, 0.1173, 0.1219, 0.1253, 0.1275, 0.1319, 0.1290, 0.1255]],
       device='cuda:0', grad_fn=<SoftmaxBackward0>)
tensor([[0.1282, 0.1238, 0.1255, 0.1238, 0.1258, 0.1229, 0.1234, 0.1267],
        [0.1238, 0.1211, 0.1222, 0.1252, 0.1277, 0.1293, 0.1251, 0.1254],
        [0.1220, 0.1177, 0.1216, 0.1292, 0.1260, 0.1273, 0.1298, 0.1264],
        [0.1246, 0.1223, 0.1248, 0.1265, 0.1245, 0.1252, 0.1273, 0.1248]],
       device='cuda:0', grad_fn=<SoftmaxBackward0>)
tensor([[0.1284, 0.1234, 0.1273, 0.1230, 0.1265, 0.1240, 0.1251, 0.1223],
        [0.1221, 0.1191, 0.1244, 0.1257, 0.1287, 0.1280, 0.1267, 0.1253],
        [0.1222, 0.1189, 0.1225, 0.1259, 0.1267, 0.1278, 0.1297, 0.1263],
        [0.1225, 0.1207, 0.1239, 0.1246, 0.1274, 0.1285, 0.1255, 0.1268],
        [0.1227, 0.1204, 0.1241, 0.1237, 0.1263, 0.1275, 0.1256, 0.1297]],
       device='cuda:0', grad_fn=<SoftmaxBackward0>)
tensor([[0.1291, 0.1219, 0.1240, 0.1274, 0.1252, 0.1254, 0.1249, 0.1221],
        [0.1218, 0.1192, 0.1226, 0.1277, 0.1313, 0.1220, 0.1258, 0.1297]],
       device='cuda:0', grad_fn=<SoftmaxBackward0>)
tensor([[0.1276, 0.1208, 0.1273, 0.1229, 0.1250, 0.1278, 0.1248, 0.1239],
        [0.1204, 0.1176, 0.1239, 0.1258, 0.1267, 0.1286, 0.1291, 0.1279],
        [0.1288, 0.1177, 0.1217, 0.1243, 0.1285, 0.1257, 0.1280, 0.1252]],
       device='cuda:0', grad_fn=<SoftmaxBackward0>)
tensor([[0.1270, 0.1210, 0.1234, 0.1289, 0.1263, 0.1241, 0.1256, 0.1236],
        [0.1217, 0.1194, 0.1242, 0.1246, 0.1248, 0.1291, 0.1273, 0.1289],
        [0.1286, 0.1182, 0.1202, 0.1245, 0.1275, 0.1292, 0.1282, 0.1236],
        [0.1280, 0.1192, 0.1206, 0.1253, 0.1266, 0.1298, 0.1262, 0.1242]],
       device='cuda:0', grad_fn=<SoftmaxBackward0>)
tensor([[0.1265, 0.1212, 0.1291, 0.1263, 0.1273, 0.1224, 0.1245, 0.1227],
        [0.1205, 0.1169, 0.1254, 0.1238, 0.1293, 0.1261, 0.1288, 0.1293],
        [0.1287, 0.1168, 0.1187, 0.1248, 0.1317, 0.1270, 0.1275, 0.1248],
        [0.1276, 0.1188, 0.1192, 0.1278, 0.1288, 0.1259, 0.1285, 0.1235],
        [0.1274, 0.1188, 0.1208, 0.1301, 0.1279, 0.1228, 0.1285, 0.1236]],
       device='cuda:0', grad_fn=<SoftmaxBackward0>)
#####################
08/06 07:35:10午前 searchCell_trainer.py:218 [INFO] Train: Epoch: [2][50/390]	Step 832	lr 0.02491	Loss 1.6267 (1.6009)	Hard Loss 3.2078 (3.1571)	Soft Loss 0.0005 (0.0004)	Arch Loss 1.6901 (1.6368)	Arch Hard Loss 3.3345 (3.2296)	Arch Soft Loss 0.0005 (0.0004)	Prec@(1,5) (21.9%, 50.7%)	
08/06 07:35:24午前 searchCell_trainer.py:218 [INFO] Train: Epoch: [2][100/390]	Step 882	lr 0.02491	Loss 1.8219 (1.5824)	Hard Loss 3.5991 (3.1204)	Soft Loss 0.0004 (0.0004)	Arch Loss 1.7089 (1.6255)	Arch Hard Loss 3.3748 (3.2070)	Arch Soft Loss 0.0004 (0.0004)	Prec@(1,5) (22.7%, 52.5%)	
08/06 07:35:39午前 searchCell_trainer.py:218 [INFO] Train: Epoch: [2][150/390]	Step 932	lr 0.02491	Loss 1.8987 (1.5900)	Hard Loss 3.7528 (3.1355)	Soft Loss 0.0004 (0.0004)	Arch Loss 1.4639 (1.6138)	Arch Hard Loss 2.8815 (3.1834)	Arch Soft Loss 0.0005 (0.0004)	Prec@(1,5) (22.7%, 52.7%)	
08/06 07:35:53午前 searchCell_trainer.py:218 [INFO] Train: Epoch: [2][200/390]	Step 982	lr 0.02491	Loss 1.5875 (1.5799)	Hard Loss 3.1309 (3.1153)	Soft Loss 0.0004 (0.0004)	Arch Loss 1.6589 (1.6049)	Arch Hard Loss 3.2707 (3.1655)	Arch Soft Loss 0.0005 (0.0004)	Prec@(1,5) (23.0%, 52.9%)	
08/06 07:36:07午前 searchCell_trainer.py:218 [INFO] Train: Epoch: [2][250/390]	Step 1032	lr 0.02491	Loss 1.4239 (1.5750)	Hard Loss 2.8041 (3.1054)	Soft Loss 0.0004 (0.0004)	Arch Loss 1.6179 (1.5977)	Arch Hard Loss 3.1916 (3.1512)	Arch Soft Loss 0.0004 (0.0004)	Prec@(1,5) (23.3%, 53.0%)	
08/06 07:36:22午前 searchCell_trainer.py:218 [INFO] Train: Epoch: [2][300/390]	Step 1082	lr 0.02491	Loss 1.4019 (1.5685)	Hard Loss 2.7590 (3.0924)	Soft Loss 0.0004 (0.0004)	Arch Loss 1.5113 (1.5910)	Arch Hard Loss 2.9819 (3.1380)	Arch Soft Loss 0.0004 (0.0004)	Prec@(1,5) (23.4%, 53.4%)	
08/06 07:36:36午前 searchCell_trainer.py:218 [INFO] Train: Epoch: [2][350/390]	Step 1132	lr 0.02491	Loss 1.5256 (1.5678)	Hard Loss 3.0065 (3.0910)	Soft Loss 0.0004 (0.0004)	Arch Loss 1.4308 (1.5816)	Arch Hard Loss 2.8184 (3.1194)	Arch Soft Loss 0.0004 (0.0004)	Prec@(1,5) (23.5%, 53.5%)	
08/06 07:36:48午前 searchCell_trainer.py:218 [INFO] Train: Epoch: [2][390/390]	Step 1172	lr 0.02491	Loss 1.5163 (1.5620)	Hard Loss 2.9837 (3.0793)	Soft Loss 0.0005 (0.0004)	Arch Loss 1.6417 (1.5785)	Arch Hard Loss 3.2431 (3.1132)	Arch Soft Loss 0.0004 (0.0004)	Prec@(1,5) (23.6%, 53.7%)	
08/06 07:36:48午前 searchCell_trainer.py:233 [INFO] Train: [  2/49] Final Prec@1 23.6280%
08/06 07:36:50午前 searchCell_trainer.py:261 [INFO] Valid: Epoch: [2][50/391]	Step 1173	Loss 3.0094	Prec@(1,5) (25.0%, 57.0%)
08/06 07:36:52午前 searchCell_trainer.py:261 [INFO] Valid: Epoch: [2][100/391]	Step 1173	Loss 3.0258	Prec@(1,5) (24.9%, 55.9%)
08/06 07:36:53午前 searchCell_trainer.py:261 [INFO] Valid: Epoch: [2][150/391]	Step 1173	Loss 3.0202	Prec@(1,5) (25.3%, 56.2%)
08/06 07:36:55午前 searchCell_trainer.py:261 [INFO] Valid: Epoch: [2][200/391]	Step 1173	Loss 3.0206	Prec@(1,5) (25.3%, 56.0%)
08/06 07:36:57午前 searchCell_trainer.py:261 [INFO] Valid: Epoch: [2][250/391]	Step 1173	Loss 3.0368	Prec@(1,5) (24.8%, 55.5%)
08/06 07:36:58午前 searchCell_trainer.py:261 [INFO] Valid: Epoch: [2][300/391]	Step 1173	Loss 3.0333	Prec@(1,5) (24.9%, 55.4%)
08/06 07:37:00午前 searchCell_trainer.py:261 [INFO] Valid: Epoch: [2][350/391]	Step 1173	Loss 3.0295	Prec@(1,5) (24.9%, 55.5%)
08/06 07:37:01午前 searchCell_trainer.py:261 [INFO] Valid: Epoch: [2][390/391]	Step 1173	Loss 3.0380	Prec@(1,5) (24.7%, 55.3%)
08/06 07:37:02午前 searchCell_trainer.py:268 [INFO] Valid: [  2/49] Final Prec@1 24.7160%
08/06 07:37:02午前 searchCell_KD_main.py:58 [INFO] genotype = Genotype3(normal1=[[('max_pool_3x3', 0), ('dil_conv_5x5', 1)], [('dil_conv_5x5', 1), ('sep_conv_3x3', 2)], [('dil_conv_5x5', 1), ('max_pool_3x3', 0)], [('max_pool_3x3', 0), ('sep_conv_5x5', 3)]], normal1_concat=range(2, 6), reduce1=[[('max_pool_3x3', 0), ('sep_conv_5x5', 1)], [('dil_conv_3x3', 2), ('sep_conv_5x5', 1)], [('dil_conv_5x5', 2), ('dil_conv_3x3', 1)], [('dil_conv_5x5', 2), ('sep_conv_5x5', 3)]], reduce1_concat=range(2, 6), normal2=[[('max_pool_3x3', 0), ('dil_conv_5x5', 1)], [('max_pool_3x3', 0), ('dil_conv_5x5', 2)], [('max_pool_3x3', 0), ('dil_conv_3x3', 1)], [('max_pool_3x3', 0), ('sep_conv_5x5', 2)]], normal2_concat=range(2, 6), reduce2=[[('sep_conv_5x5', 1), ('max_pool_3x3', 0)], [('dil_conv_5x5', 1), ('sep_conv_5x5', 2)], [('dil_conv_3x3', 1), ('dil_conv_3x3', 3)], [('sep_conv_5x5', 2), ('dil_conv_5x5', 4)]], reduce2_concat=range(2, 6), normal3=[[('dil_conv_5x5', 1), ('max_pool_3x3', 0)], [('dil_conv_5x5', 1), ('dil_conv_5x5', 2)], [('sep_conv_3x3', 1), ('sep_conv_5x5', 0)], [('sep_conv_5x5', 1), ('sep_conv_3x3', 2)]], normal3_concat=range(2, 6))
08/06 07:37:02午前 searchCell_KD_main.py:92 [INFO] Until now, best Prec@1 = 24.7160%
####### ALPHA #######
# Alpha - normal
tensor([[0.1325, 0.1204, 0.1261, 0.1227, 0.1229, 0.1257, 0.1301, 0.1196],
        [0.1204, 0.1131, 0.1178, 0.1299, 0.1307, 0.1261, 0.1316, 0.1305]],
       device='cuda:0', grad_fn=<SoftmaxBackward0>)
tensor([[0.1316, 0.1205, 0.1261, 0.1278, 0.1284, 0.1269, 0.1196, 0.1191],
        [0.1208, 0.1151, 0.1199, 0.1267, 0.1234, 0.1309, 0.1327, 0.1305],
        [0.1235, 0.1181, 0.1239, 0.1324, 0.1289, 0.1275, 0.1195, 0.1261]],
       device='cuda:0', grad_fn=<SoftmaxBackward0>)
tensor([[0.1317, 0.1208, 0.1257, 0.1274, 0.1247, 0.1240, 0.1235, 0.1222],
        [0.1214, 0.1146, 0.1183, 0.1287, 0.1280, 0.1249, 0.1325, 0.1316],
        [0.1242, 0.1183, 0.1221, 0.1274, 0.1297, 0.1297, 0.1239, 0.1245],
        [0.1225, 0.1178, 0.1217, 0.1240, 0.1266, 0.1273, 0.1275, 0.1326]],
       device='cuda:0', grad_fn=<SoftmaxBackward0>)
tensor([[0.1344, 0.1184, 0.1241, 0.1230, 0.1243, 0.1250, 0.1297, 0.1211],
        [0.1259, 0.1159, 0.1206, 0.1270, 0.1275, 0.1281, 0.1268, 0.1282],
        [0.1290, 0.1194, 0.1249, 0.1254, 0.1276, 0.1266, 0.1214, 0.1257],
        [0.1254, 0.1181, 0.1219, 0.1266, 0.1311, 0.1286, 0.1276, 0.1208],
        [0.1260, 0.1212, 0.1271, 0.1283, 0.1233, 0.1223, 0.1264, 0.1253]],
       device='cuda:0', grad_fn=<SoftmaxBackward0>)
tensor([[0.1316, 0.1202, 0.1267, 0.1239, 0.1248, 0.1235, 0.1299, 0.1194],
        [0.1219, 0.1139, 0.1190, 0.1266, 0.1305, 0.1249, 0.1311, 0.1321]],
       device='cuda:0', grad_fn=<SoftmaxBackward0>)
tensor([[0.1331, 0.1226, 0.1281, 0.1210, 0.1263, 0.1229, 0.1253, 0.1208],
        [0.1230, 0.1160, 0.1201, 0.1277, 0.1303, 0.1260, 0.1304, 0.1265],
        [0.1246, 0.1178, 0.1219, 0.1283, 0.1297, 0.1244, 0.1315, 0.1218]],
       device='cuda:0', grad_fn=<SoftmaxBackward0>)
tensor([[0.1309, 0.1221, 0.1273, 0.1271, 0.1246, 0.1207, 0.1226, 0.1247],
        [0.1225, 0.1155, 0.1190, 0.1270, 0.1278, 0.1302, 0.1283, 0.1298],
        [0.1230, 0.1180, 0.1225, 0.1287, 0.1266, 0.1271, 0.1284, 0.1257],
        [0.1243, 0.1194, 0.1238, 0.1272, 0.1251, 0.1261, 0.1275, 0.1267]],
       device='cuda:0', grad_fn=<SoftmaxBackward0>)
tensor([[0.1321, 0.1221, 0.1261, 0.1253, 0.1240, 0.1267, 0.1247, 0.1190],
        [0.1236, 0.1162, 0.1198, 0.1276, 0.1246, 0.1255, 0.1298, 0.1330],
        [0.1243, 0.1175, 0.1216, 0.1226, 0.1315, 0.1262, 0.1311, 0.1252],
        [0.1249, 0.1181, 0.1222, 0.1232, 0.1270, 0.1303, 0.1305, 0.1238],
        [0.1249, 0.1182, 0.1230, 0.1247, 0.1230, 0.1289, 0.1278, 0.1295]],
       device='cuda:0', grad_fn=<SoftmaxBackward0>)
tensor([[0.1311, 0.1213, 0.1227, 0.1287, 0.1272, 0.1200, 0.1267, 0.1222],
        [0.1213, 0.1131, 0.1143, 0.1309, 0.1260, 0.1300, 0.1311, 0.1333]],
       device='cuda:0', grad_fn=<SoftmaxBackward0>)
tensor([[0.1289, 0.1208, 0.1222, 0.1230, 0.1291, 0.1224, 0.1295, 0.1241],
        [0.1172, 0.1116, 0.1123, 0.1270, 0.1303, 0.1297, 0.1369, 0.1349],
        [0.1240, 0.1179, 0.1174, 0.1273, 0.1287, 0.1260, 0.1308, 0.1279]],
       device='cuda:0', grad_fn=<SoftmaxBackward0>)
tensor([[0.1242, 0.1179, 0.1185, 0.1278, 0.1323, 0.1260, 0.1283, 0.1250],
        [0.1206, 0.1153, 0.1158, 0.1330, 0.1301, 0.1252, 0.1286, 0.1315],
        [0.1236, 0.1191, 0.1168, 0.1275, 0.1286, 0.1326, 0.1264, 0.1254],
        [0.1239, 0.1197, 0.1189, 0.1283, 0.1290, 0.1256, 0.1277, 0.1271]],
       device='cuda:0', grad_fn=<SoftmaxBackward0>)
tensor([[0.1264, 0.1198, 0.1205, 0.1244, 0.1307, 0.1263, 0.1250, 0.1269],
        [0.1190, 0.1134, 0.1137, 0.1280, 0.1363, 0.1281, 0.1292, 0.1323],
        [0.1230, 0.1190, 0.1165, 0.1346, 0.1265, 0.1288, 0.1264, 0.1251],
        [0.1228, 0.1189, 0.1176, 0.1327, 0.1280, 0.1250, 0.1292, 0.1258],
        [0.1230, 0.1188, 0.1186, 0.1280, 0.1308, 0.1264, 0.1283, 0.1261]],
       device='cuda:0', grad_fn=<SoftmaxBackward0>)

# Alpha - reduce
tensor([[0.1314, 0.1245, 0.1247, 0.1247, 0.1238, 0.1221, 0.1278, 0.1210],
        [0.1269, 0.1229, 0.1281, 0.1218, 0.1306, 0.1217, 0.1199, 0.1282]],
