09/05 04:10:28PM parser.py:28 [INFO] 
09/05 04:10:28PM parser.py:29 [INFO] Parameters:
09/05 04:10:28PM parser.py:31 [INFO] DAG_PATH=results/search_stage_KD/cifar100/SIMPLE-KD-ONLYARCH/s0-BaselineBestCell/DAG
09/05 04:10:28PM parser.py:31 [INFO] T=10.0
09/05 04:10:28PM parser.py:31 [INFO] ADVANCED=True
09/05 04:10:28PM parser.py:31 [INFO] ALPHA_LR=0.0003
09/05 04:10:28PM parser.py:31 [INFO] ALPHA_WEIGHT_DECAY=0.001
09/05 04:10:28PM parser.py:31 [INFO] BATCH_SIZE=64
09/05 04:10:28PM parser.py:31 [INFO] CASCADE=False
09/05 04:10:28PM parser.py:31 [INFO] CHECKPOINT_RESET=False
09/05 04:10:28PM parser.py:31 [INFO] CUTOUT_LENGTH=0
09/05 04:10:28PM parser.py:31 [INFO] DATA_PATH=../data/
09/05 04:10:28PM parser.py:31 [INFO] DATASET=cifar100
09/05 04:10:28PM parser.py:31 [INFO] DEPTH_COEF=0.0
09/05 04:10:28PM parser.py:31 [INFO] DESCRIPTION=search_architecture_on_KD_for_architecture_parameters_without_depth_loss_with_large_slidewindow
09/05 04:10:28PM parser.py:31 [INFO] EPOCHS=50
09/05 04:10:28PM parser.py:31 [INFO] EXP_NAME=s0-BaselineBestCell
09/05 04:10:28PM parser.py:31 [INFO] GENOTYPE=Genotype3(normal1=[[('sep_conv_5x5', 0), ('sep_conv_3x3', 1)], [('sep_conv_3x3', 1), ('sep_conv_3x3', 0)], [('sep_conv_3x3', 1), ('sep_conv_3x3', 2)], [('sep_conv_3x3', 0), ('sep_conv_5x5', 4)]], normal1_concat=range(2, 6), reduce1=[[('sep_conv_3x3', 0), ('skip_connect', 1)], [('sep_conv_3x3', 1), ('max_pool_3x3', 0)], [('sep_conv_3x3', 2), ('sep_conv_3x3', 1)], [('max_pool_3x3', 0), ('dil_conv_3x3', 1)]], reduce1_concat=range(2, 6), normal2=[[('skip_connect', 0), ('sep_conv_5x5', 1)], [('skip_connect', 0), ('skip_connect', 2)], [('avg_pool_3x3', 0), ('avg_pool_3x3', 2)], [('skip_connect', 0), ('avg_pool_3x3', 2)]], normal2_concat=range(2, 6), reduce2=[[('avg_pool_3x3', 0), ('avg_pool_3x3', 1)], [('avg_pool_3x3', 0), ('skip_connect', 2)], [('skip_connect', 2), ('avg_pool_3x3', 0)], [('skip_connect', 2), ('avg_pool_3x3', 0)]], reduce2_concat=range(2, 6), normal3=[[('skip_connect', 0), ('skip_connect', 1)], [('skip_connect', 0), ('dil_conv_3x3', 1)], [('skip_connect', 0), ('skip_connect', 1)], [('skip_connect', 0), ('skip_connect', 2)]], normal3_concat=range(2, 6))
09/05 04:10:28PM parser.py:31 [INFO] GPUS=[0]
09/05 04:10:28PM parser.py:31 [INFO] INIT_CHANNELS=16
09/05 04:10:28PM parser.py:31 [INFO] L=0.5
09/05 04:10:28PM parser.py:31 [INFO] LAYERS=20
09/05 04:10:28PM parser.py:31 [INFO] LOGGER=<Logger H-DAS (INFO)>
09/05 04:10:28PM parser.py:31 [INFO] NAME=SIMPLE-KD-ONLYARCH
09/05 04:10:28PM parser.py:31 [INFO] NONKD=False
09/05 04:10:28PM parser.py:31 [INFO] PATH=results/search_stage_KD/cifar100/SIMPLE-KD-ONLYARCH/s0-BaselineBestCell
09/05 04:10:28PM parser.py:31 [INFO] PCDARTS=False
09/05 04:10:28PM parser.py:31 [INFO] PLOT_PATH=results/search_stage_KD/cifar100/SIMPLE-KD-ONLYARCH/s0-BaselineBestCell/plots
09/05 04:10:28PM parser.py:31 [INFO] PRINT_FREQ=50
09/05 04:10:28PM parser.py:31 [INFO] RESUME_PATH=None
09/05 04:10:28PM parser.py:31 [INFO] SAVE=s0-BaselineBestCell
09/05 04:10:28PM parser.py:31 [INFO] SEED=0
09/05 04:10:28PM parser.py:31 [INFO] SHARE_STAGE=False
09/05 04:10:28PM parser.py:31 [INFO] SLIDE_WINDOW=8
09/05 04:10:28PM parser.py:31 [INFO] SPEC_CELL=True
09/05 04:10:28PM parser.py:31 [INFO] TEACHER_NAME=efficientnet_v2_s
09/05 04:10:28PM parser.py:31 [INFO] TEACHER_PATH=/home/miura/lab/KD-hdas/results/teacher/cifar100/efficientnet_v2_s/FINETUNE2/pretrained-20240716-002108/best.pth.tar
09/05 04:10:28PM parser.py:31 [INFO] TRAIN_PORTION=0.5
09/05 04:10:28PM parser.py:31 [INFO] W_GRAD_CLIP=5.0
09/05 04:10:28PM parser.py:31 [INFO] W_LR=0.025
09/05 04:10:28PM parser.py:31 [INFO] W_LR_MIN=0.001
09/05 04:10:28PM parser.py:31 [INFO] W_MOMENTUM=0.9
09/05 04:10:28PM parser.py:31 [INFO] W_WEIGHT_DECAY=0.0003
09/05 04:10:28PM parser.py:31 [INFO] WORKERS=4
09/05 04:10:28PM parser.py:32 [INFO] 
09/05 04:10:30PM searchStage_trainer.py:130 [INFO] --> Loaded teacher model 'efficientnet_v2_s' from '/home/miura/lab/KD-hdas/results/teacher/cifar100/efficientnet_v2_s/FINETUNE2/pretrained-20240716-002108/best.pth.tar' and Freezed parameters)
09/05 04:10:31PM eval_util.py:125 [INFO] Test: Step 000/390 Prec@(1,5) (96.9%, 100.0%)
09/05 04:10:43PM eval_util.py:125 [INFO] Test: Step 390/390 Prec@(1,5) (97.2%, 99.7%)
09/05 04:10:43PM eval_util.py:130 [INFO] Teacher=(efficientnet_v2_s <- (/home/miura/lab/KD-hdas/results/teacher/cifar100/efficientnet_v2_s/FINETUNE2/pretrained-20240716-002108/best.pth.tar)) achives Test Prec(@1, @5) = (97.1600%, 99.6520%)
09/05 04:11:39PM parser.py:28 [INFO] 
09/05 04:11:39PM parser.py:29 [INFO] Parameters:
09/05 04:11:39PM parser.py:31 [INFO] DAG_PATH=results/search_stage_KD/cifar100/SIMPLE-KD-ONLYARCH/s0-BaselineBestCell/DAG
09/05 04:11:39PM parser.py:31 [INFO] T=10.0
09/05 04:11:39PM parser.py:31 [INFO] ADVANCED=True
09/05 04:11:39PM parser.py:31 [INFO] ALPHA_LR=0.0003
09/05 04:11:39PM parser.py:31 [INFO] ALPHA_WEIGHT_DECAY=0.001
09/05 04:11:39PM parser.py:31 [INFO] BATCH_SIZE=64
09/05 04:11:39PM parser.py:31 [INFO] CASCADE=False
09/05 04:11:39PM parser.py:31 [INFO] CHECKPOINT_RESET=False
09/05 04:11:39PM parser.py:31 [INFO] CUTOUT_LENGTH=0
09/05 04:11:39PM parser.py:31 [INFO] DATA_PATH=../data/
09/05 04:11:39PM parser.py:31 [INFO] DATASET=cifar100
09/05 04:11:39PM parser.py:31 [INFO] DEPTH_COEF=0.0
09/05 04:11:39PM parser.py:31 [INFO] DESCRIPTION=search_architecture_on_KD_for_architecture_parameters_without_depth_loss_with_large_slidewindow
09/05 04:11:39PM parser.py:31 [INFO] EPOCHS=50
09/05 04:11:39PM parser.py:31 [INFO] EXP_NAME=s0-BaselineBestCell
09/05 04:11:39PM parser.py:31 [INFO] GENOTYPE=Genotype3(normal1=[[('sep_conv_5x5', 0), ('sep_conv_3x3', 1)], [('sep_conv_3x3', 1), ('sep_conv_3x3', 0)], [('sep_conv_3x3', 1), ('sep_conv_3x3', 2)], [('sep_conv_3x3', 0), ('sep_conv_5x5', 4)]], normal1_concat=range(2, 6), reduce1=[[('sep_conv_3x3', 0), ('skip_connect', 1)], [('sep_conv_3x3', 1), ('max_pool_3x3', 0)], [('sep_conv_3x3', 2), ('sep_conv_3x3', 1)], [('max_pool_3x3', 0), ('dil_conv_3x3', 1)]], reduce1_concat=range(2, 6), normal2=[[('skip_connect', 0), ('sep_conv_5x5', 1)], [('skip_connect', 0), ('skip_connect', 2)], [('avg_pool_3x3', 0), ('avg_pool_3x3', 2)], [('skip_connect', 0), ('avg_pool_3x3', 2)]], normal2_concat=range(2, 6), reduce2=[[('avg_pool_3x3', 0), ('avg_pool_3x3', 1)], [('avg_pool_3x3', 0), ('skip_connect', 2)], [('skip_connect', 2), ('avg_pool_3x3', 0)], [('skip_connect', 2), ('avg_pool_3x3', 0)]], reduce2_concat=range(2, 6), normal3=[[('skip_connect', 0), ('skip_connect', 1)], [('skip_connect', 0), ('dil_conv_3x3', 1)], [('skip_connect', 0), ('skip_connect', 1)], [('skip_connect', 0), ('skip_connect', 2)]], normal3_concat=range(2, 6))
09/05 04:11:39PM parser.py:31 [INFO] GPUS=[0]
09/05 04:11:39PM parser.py:31 [INFO] INIT_CHANNELS=16
09/05 04:11:39PM parser.py:31 [INFO] L=0.5
09/05 04:11:39PM parser.py:31 [INFO] LAYERS=20
09/05 04:11:39PM parser.py:31 [INFO] LOGGER=<Logger H-DAS (INFO)>
09/05 04:11:39PM parser.py:31 [INFO] NAME=SIMPLE-KD-ONLYARCH
09/05 04:11:39PM parser.py:31 [INFO] NONKD=False
09/05 04:11:39PM parser.py:31 [INFO] PATH=results/search_stage_KD/cifar100/SIMPLE-KD-ONLYARCH/s0-BaselineBestCell
09/05 04:11:39PM parser.py:31 [INFO] PCDARTS=False
09/05 04:11:39PM parser.py:31 [INFO] PLOT_PATH=results/search_stage_KD/cifar100/SIMPLE-KD-ONLYARCH/s0-BaselineBestCell/plots
09/05 04:11:39PM parser.py:31 [INFO] PRINT_FREQ=50
09/05 04:11:39PM parser.py:31 [INFO] RESUME_PATH=None
09/05 04:11:39PM parser.py:31 [INFO] SAVE=s0-BaselineBestCell
09/05 04:11:39PM parser.py:31 [INFO] SEED=0
09/05 04:11:39PM parser.py:31 [INFO] SHARE_STAGE=False
09/05 04:11:39PM parser.py:31 [INFO] SLIDE_WINDOW=8
09/05 04:11:39PM parser.py:31 [INFO] SPEC_CELL=True
09/05 04:11:39PM parser.py:31 [INFO] TEACHER_NAME=efficientnet_v2_s
09/05 04:11:39PM parser.py:31 [INFO] TEACHER_PATH=/home/miura/lab/KD-hdas/results/teacher/cifar100/efficientnet_v2_s/FINETUNE2/pretrained-20240716-002108/best.pth.tar
09/05 04:11:39PM parser.py:31 [INFO] TRAIN_PORTION=0.5
09/05 04:11:39PM parser.py:31 [INFO] W_GRAD_CLIP=5.0
09/05 04:11:39PM parser.py:31 [INFO] W_LR=0.025
09/05 04:11:39PM parser.py:31 [INFO] W_LR_MIN=0.001
09/05 04:11:39PM parser.py:31 [INFO] W_MOMENTUM=0.9
09/05 04:11:39PM parser.py:31 [INFO] W_WEIGHT_DECAY=0.0003
09/05 04:11:39PM parser.py:31 [INFO] WORKERS=4
09/05 04:11:39PM parser.py:32 [INFO] 
09/05 04:11:41PM searchStage_trainer.py:130 [INFO] --> Loaded teacher model 'efficientnet_v2_s' from '/home/miura/lab/KD-hdas/results/teacher/cifar100/efficientnet_v2_s/FINETUNE2/pretrained-20240716-002108/best.pth.tar' and Freezed parameters)
09/05 04:11:42PM eval_util.py:125 [INFO] Test: Step 000/390 Prec@(1,5) (96.9%, 100.0%)
09/05 04:11:53PM eval_util.py:125 [INFO] Test: Step 390/390 Prec@(1,5) (97.2%, 99.7%)
09/05 04:11:53PM eval_util.py:130 [INFO] Teacher=(efficientnet_v2_s <- (/home/miura/lab/KD-hdas/results/teacher/cifar100/efficientnet_v2_s/FINETUNE2/pretrained-20240716-002108/best.pth.tar)) achives Test Prec(@1, @5) = (97.1600%, 99.6520%)
09/05 04:12:13PM searchStage_trainer.py:137 [INFO] --> No loaded checkpoint!
####### ALPHA #######
# Alpha - DAG
tensor([[0.2504, 0.2499, 0.2495, 0.2502],
        [0.2498, 0.2497, 0.2502, 0.2503]], device='cuda:0',
       grad_fn=<SoftmaxBackward0>)
tensor([[0.2499, 0.2500, 0.2499, 0.2501],
        [0.2498, 0.2503, 0.2498, 0.2501],
        [0.2500, 0.2503, 0.2499, 0.2498]], device='cuda:0',
       grad_fn=<SoftmaxBackward0>)
tensor([[0.2500, 0.2498, 0.2501, 0.2501],
        [0.2499, 0.2498, 0.2502, 0.2501],
        [0.2503, 0.2500, 0.2497, 0.2500],
        [0.2499, 0.2500, 0.2496, 0.2505]], device='cuda:0',
       grad_fn=<SoftmaxBackward0>)
tensor([[0.2501, 0.2500, 0.2499, 0.2499],
        [0.2499, 0.2501, 0.2499, 0.2501],
        [0.2500, 0.2502, 0.2498, 0.2500],
        [0.2498, 0.2500, 0.2501, 0.2501],
        [0.2499, 0.2506, 0.2495, 0.2500]], device='cuda:0',
       grad_fn=<SoftmaxBackward0>)
tensor([[0.2503, 0.2501, 0.2499, 0.2497],
        [0.2503, 0.2496, 0.2500, 0.2501],
        [0.2502, 0.2501, 0.2497, 0.2500],
        [0.2499, 0.2504, 0.2499, 0.2498],
        [0.2498, 0.2501, 0.2500, 0.2501],
        [0.2503, 0.2501, 0.2500, 0.2497]], device='cuda:0',
       grad_fn=<SoftmaxBackward0>)
tensor([[0.2500, 0.2500, 0.2504, 0.2496],
        [0.2503, 0.2500, 0.2502, 0.2495],
        [0.2500, 0.2498, 0.2500, 0.2501],
        [0.2502, 0.2497, 0.2501, 0.2500],
        [0.2501, 0.2498, 0.2501, 0.2500],
        [0.2500, 0.2500, 0.2499, 0.2500],
        [0.2501, 0.2499, 0.2502, 0.2498]], device='cuda:0',
       grad_fn=<SoftmaxBackward0>)
tensor([[0.2499, 0.2501, 0.2497, 0.2503],
        [0.2501, 0.2500, 0.2500, 0.2499]], device='cuda:0',
       grad_fn=<SoftmaxBackward0>)
tensor([[0.2501, 0.2502, 0.2499, 0.2498],
        [0.2502, 0.2505, 0.2497, 0.2496],
        [0.2496, 0.2505, 0.2496, 0.2503]], device='cuda:0',
       grad_fn=<SoftmaxBackward0>)
tensor([[0.2500, 0.2499, 0.2502, 0.2498],
        [0.2501, 0.2495, 0.2499, 0.2505],
        [0.2500, 0.2497, 0.2503, 0.2500],
        [0.2501, 0.2503, 0.2499, 0.2497]], device='cuda:0',
       grad_fn=<SoftmaxBackward0>)
tensor([[0.2499, 0.2505, 0.2498, 0.2499],
        [0.2500, 0.2500, 0.2499, 0.2501],
        [0.2501, 0.2499, 0.2500, 0.2500],
        [0.2505, 0.2498, 0.2498, 0.2499],
        [0.2499, 0.2503, 0.2501, 0.2498]], device='cuda:0',
       grad_fn=<SoftmaxBackward0>)
tensor([[0.2504, 0.2501, 0.2497, 0.2498],
        [0.2499, 0.2501, 0.2501, 0.2500],
        [0.2501, 0.2498, 0.2501, 0.2500],
        [0.2498, 0.2503, 0.2498, 0.2501],
        [0.2503, 0.2498, 0.2502, 0.2498],
        [0.2499, 0.2502, 0.2500, 0.2499]], device='cuda:0',
       grad_fn=<SoftmaxBackward0>)
tensor([[0.2502, 0.2499, 0.2501, 0.2499],
        [0.2498, 0.2500, 0.2505, 0.2497],
        [0.2503, 0.2499, 0.2498, 0.2499],
        [0.2499, 0.2507, 0.2497, 0.2498],
        [0.2501, 0.2499, 0.2497, 0.2503],
        [0.2507, 0.2499, 0.2496, 0.2497],
        [0.2502, 0.2498, 0.2504, 0.2497]], device='cuda:0',
       grad_fn=<SoftmaxBackward0>)
tensor([[0.2499, 0.2504, 0.2499, 0.2499],
        [0.2497, 0.2503, 0.2500, 0.2500]], device='cuda:0',
       grad_fn=<SoftmaxBackward0>)
tensor([[0.2499, 0.2502, 0.2501, 0.2499],
        [0.2499, 0.2505, 0.2497, 0.2499],
        [0.2500, 0.2502, 0.2499, 0.2499]], device='cuda:0',
       grad_fn=<SoftmaxBackward0>)
tensor([[0.2500, 0.2497, 0.2499, 0.2504],
        [0.2497, 0.2500, 0.2500, 0.2502],
        [0.2499, 0.2500, 0.2502, 0.2499],
        [0.2497, 0.2504, 0.2501, 0.2498]], device='cuda:0',
       grad_fn=<SoftmaxBackward0>)
tensor([[0.2500, 0.2497, 0.2499, 0.2504],
        [0.2497, 0.2502, 0.2499, 0.2502],
        [0.2503, 0.2501, 0.2497, 0.2499],
        [0.2498, 0.2502, 0.2498, 0.2501],
        [0.2501, 0.2500, 0.2501, 0.2498]], device='cuda:0',
       grad_fn=<SoftmaxBackward0>)
tensor([[0.2499, 0.2499, 0.2500, 0.2502],
        [0.2497, 0.2500, 0.2505, 0.2498],
        [0.2501, 0.2499, 0.2501, 0.2499],
        [0.2501, 0.2499, 0.2502, 0.2499],
        [0.2502, 0.2499, 0.2505, 0.2494],
        [0.2502, 0.2501, 0.2500, 0.2498]], device='cuda:0',
       grad_fn=<SoftmaxBackward0>)
tensor([[0.2499, 0.2502, 0.2503, 0.2495],
        [0.2501, 0.2498, 0.2500, 0.2501],
        [0.2497, 0.2504, 0.2498, 0.2501],
        [0.2499, 0.2499, 0.2499, 0.2503],
        [0.2500, 0.2499, 0.2504, 0.2497],
        [0.2498, 0.2502, 0.2497, 0.2503],
        [0.2500, 0.2502, 0.2497, 0.2501]], device='cuda:0',
       grad_fn=<SoftmaxBackward0>)
#####################
09/05 04:12:31PM searchStage_trainer.py:268 [INFO] Train: Epoch: [0][50/390]	Step 50	lr 0.025	Loss 4.5632 (4.7087)	Hard Loss 4.5632 (4.7087)	Soft Loss 4.5632 (4.7087)	Arch Loss 2.3851 (2.3790)	Arch Hard Loss 4.7179 (4.7053)	Arch Soft Loss 0.0005 (0.0005)	Arch depth Loss 0.0000 (0.0000)	Prec@(1,5) (2.1%, 8.3%)	
09/05 04:12:46PM searchStage_trainer.py:268 [INFO] Train: Epoch: [0][100/390]	Step 100	lr 0.025	Loss 4.2024 (4.5915)	Hard Loss 4.2024 (4.5915)	Soft Loss 4.2024 (4.5915)	Arch Loss 2.2586 (2.3254)	Arch Hard Loss 4.4626 (4.5998)	Arch Soft Loss 0.0005 (0.0005)	Arch depth Loss 0.0000 (0.0000)	Prec@(1,5) (2.6%, 10.4%)	
09/05 04:13:02PM searchStage_trainer.py:268 [INFO] Train: Epoch: [0][150/390]	Step 150	lr 0.025	Loss 4.1949 (4.4715)	Hard Loss 4.1949 (4.4715)	Soft Loss 4.1949 (4.4715)	Arch Loss 2.1513 (2.2659)	Arch Hard Loss 4.2568 (4.4817)	Arch Soft Loss 0.0005 (0.0005)	Arch depth Loss 0.0000 (0.0000)	Prec@(1,5) (3.5%, 13.6%)	
09/05 04:13:17PM searchStage_trainer.py:268 [INFO] Train: Epoch: [0][200/390]	Step 200	lr 0.025	Loss 3.9622 (4.3792)	Hard Loss 3.9622 (4.3792)	Soft Loss 3.9622 (4.3792)	Arch Loss 2.0717 (2.2200)	Arch Hard Loss 4.0982 (4.3907)	Arch Soft Loss 0.0005 (0.0005)	Arch depth Loss 0.0000 (0.0000)	Prec@(1,5) (4.2%, 15.9%)	
09/05 04:13:33PM searchStage_trainer.py:268 [INFO] Train: Epoch: [0][250/390]	Step 250	lr 0.025	Loss 4.2983 (4.3108)	Hard Loss 4.2983 (4.3108)	Soft Loss 4.2983 (4.3108)	Arch Loss 2.0479 (2.1823)	Arch Hard Loss 4.0508 (4.3159)	Arch Soft Loss 0.0004 (0.0005)	Arch depth Loss 0.0000 (0.0000)	Prec@(1,5) (4.9%, 17.8%)	
09/05 04:13:48PM searchStage_trainer.py:268 [INFO] Train: Epoch: [0][300/390]	Step 300	lr 0.025	Loss 3.8415 (4.2612)	Hard Loss 3.8415 (4.2612)	Soft Loss 3.8415 (4.2612)	Arch Loss 2.0671 (2.1547)	Arch Hard Loss 4.0903 (4.2612)	Arch Soft Loss 0.0004 (0.0005)	Arch depth Loss 0.0000 (0.0000)	Prec@(1,5) (5.3%, 19.0%)	
09/05 04:14:03PM searchStage_trainer.py:268 [INFO] Train: Epoch: [0][350/390]	Step 350	lr 0.025	Loss 3.8328 (4.2137)	Hard Loss 3.8328 (4.2137)	Soft Loss 3.8328 (4.2137)	Arch Loss 2.0304 (2.1290)	Arch Hard Loss 4.0138 (4.2099)	Arch Soft Loss 0.0005 (0.0005)	Arch depth Loss 0.0000 (0.0000)	Prec@(1,5) (5.8%, 20.3%)	
09/05 04:14:15PM searchStage_trainer.py:268 [INFO] Train: Epoch: [0][390/390]	Step 390	lr 0.025	Loss 4.1867 (4.1804)	Hard Loss 4.1867 (4.1804)	Soft Loss 4.1867 (4.1804)	Arch Loss 2.0814 (2.1126)	Arch Hard Loss 4.1152 (4.1770)	Arch Soft Loss 0.0005 (0.0005)	Arch depth Loss 0.0000 (0.0000)	Prec@(1,5) (6.1%, 21.2%)	
09/05 04:14:16PM searchStage_trainer.py:284 [INFO] Train: [  0/49] Final Prec@1 6.1000%
09/05 04:14:19PM searchStage_trainer.py:312 [INFO] Valid: Epoch: [0][50/391]	Step 391	Loss 3.9219	Prec@(1,5) (8.8%, 28.3%)
09/05 04:14:21PM searchStage_trainer.py:312 [INFO] Valid: Epoch: [0][100/391]	Step 391	Loss 3.9141	Prec@(1,5) (9.3%, 28.9%)
09/05 04:14:23PM searchStage_trainer.py:312 [INFO] Valid: Epoch: [0][150/391]	Step 391	Loss 3.9001	Prec@(1,5) (9.7%, 29.2%)
09/05 04:14:26PM searchStage_trainer.py:312 [INFO] Valid: Epoch: [0][200/391]	Step 391	Loss 3.9048	Prec@(1,5) (9.4%, 29.1%)
09/05 04:14:28PM searchStage_trainer.py:312 [INFO] Valid: Epoch: [0][250/391]	Step 391	Loss 3.9052	Prec@(1,5) (9.3%, 29.1%)
09/05 04:14:30PM searchStage_trainer.py:312 [INFO] Valid: Epoch: [0][300/391]	Step 391	Loss 3.9024	Prec@(1,5) (9.3%, 29.3%)
09/05 04:14:32PM searchStage_trainer.py:312 [INFO] Valid: Epoch: [0][350/391]	Step 391	Loss 3.9023	Prec@(1,5) (9.2%, 29.4%)
09/05 04:14:34PM searchStage_trainer.py:312 [INFO] Valid: Epoch: [0][390/391]	Step 391	Loss 3.9016	Prec@(1,5) (9.2%, 29.4%)
09/05 04:14:34PM searchStage_trainer.py:323 [INFO] Valid: [  0/49] Final Prec@1 9.1920%
09/05 04:14:34PM searchStage_KD_main.py:58 [INFO] DAG = Genotype2(DAG1=[[('max_pool_3x3', 0), ('skip_connect', 1)], [('max_pool_3x3', 2), ('max_pool_3x3', 0)], [('max_pool_3x3', 1), ('max_pool_3x3', 2)], [('max_pool_3x3', 2), ('max_pool_3x3', 0)], [('skip_connect', 0), ('skip_connect', 1)], [('max_pool_3x3', 3), ('max_pool_3x3', 2)]], DAG1_concat=range(6, 8), DAG2=[[('skip_connect', 0), ('max_pool_3x3', 1)], [('skip_connect', 0), ('skip_connect', 1)], [('max_pool_3x3', 0), ('skip_connect', 1)], [('max_pool_3x3', 1), ('max_pool_3x3', 2)], [('max_pool_3x3', 0), ('max_pool_3x3', 1)], [('max_pool_3x3', 0), ('max_pool_3x3', 1)]], DAG2_concat=range(6, 8), DAG3=[[('skip_connect', 1), ('skip_connect', 0)], [('skip_connect', 0), ('skip_connect', 1)], [('skip_connect', 1), ('skip_connect', 0)], [('max_pool_3x3', 3), ('max_pool_3x3', 1)], [('max_pool_3x3', 0), ('max_pool_3x3', 1)], [('max_pool_3x3', 1), ('max_pool_3x3', 0)]], DAG3_concat=range(6, 8))
09/05 04:14:35PM searchStage_KD_main.py:89 [INFO] Until now, best Prec@1 = 9.1920%
####### ALPHA #######
# Alpha - DAG
tensor([[0.2510, 0.2485, 0.2501, 0.2503],
        [0.2503, 0.2486, 0.2510, 0.2502]], device='cuda:0',
       grad_fn=<SoftmaxBackward0>)
tensor([[0.2509, 0.2492, 0.2502, 0.2497],
        [0.2503, 0.2492, 0.2501, 0.2504],
        [0.2511, 0.2487, 0.2501, 0.2501]], device='cuda:0',
       grad_fn=<SoftmaxBackward0>)
tensor([[0.2510, 0.2492, 0.2499, 0.2498],
        [0.2518, 0.2490, 0.2501, 0.2491],
        [0.2515, 0.2489, 0.2498, 0.2499],
        [0.2507, 0.2491, 0.2485, 0.2516]], device='cuda:0',
       grad_fn=<SoftmaxBackward0>)
tensor([[0.2512, 0.2495, 0.2498, 0.2495],
        [0.2509, 0.2490, 0.2496, 0.2505],
        [0.2519, 0.2486, 0.2488, 0.2506],
        [0.2507, 0.2492, 0.2500, 0.2501],
        [0.2511, 0.2497, 0.2495, 0.2498]], device='cuda:0',
       grad_fn=<SoftmaxBackward0>)
tensor([[0.2514, 0.2507, 0.2515, 0.2464],
        [0.2503, 0.2492, 0.2514, 0.2492],
        [0.2498, 0.2491, 0.2499, 0.2512],
        [0.2500, 0.2504, 0.2500, 0.2496],
        [0.2500, 0.2490, 0.2503, 0.2507],
        [0.2502, 0.2491, 0.2493, 0.2513]], device='cuda:0',
       grad_fn=<SoftmaxBackward0>)
tensor([[0.2542, 0.2480, 0.2506, 0.2472],
        [0.2544, 0.2488, 0.2513, 0.2455],
        [0.2553, 0.2461, 0.2477, 0.2508],
        [0.2557, 0.2458, 0.2494, 0.2491],
        [0.2529, 0.2472, 0.2482, 0.2518],
        [0.2520, 0.2467, 0.2469, 0.2544],
        [0.2528, 0.2482, 0.2495, 0.2496]], device='cuda:0',
       grad_fn=<SoftmaxBackward0>)
tensor([[0.2481, 0.2459, 0.2528, 0.2533],
        [0.2524, 0.2491, 0.2520, 0.2465]], device='cuda:0',
       grad_fn=<SoftmaxBackward0>)
tensor([[0.2507, 0.2491, 0.2524, 0.2478],
        [0.2517, 0.2493, 0.2522, 0.2468],
        [0.2482, 0.2491, 0.2485, 0.2542]], device='cuda:0',
       grad_fn=<SoftmaxBackward0>)
tensor([[0.2518, 0.2486, 0.2511, 0.2485],
        [0.2515, 0.2483, 0.2516, 0.2486],
        [0.2512, 0.2471, 0.2512, 0.2506],
        [0.2498, 0.2489, 0.2490, 0.2523]], device='cuda:0',
       grad_fn=<SoftmaxBackward0>)
tensor([[0.2526, 0.2489, 0.2494, 0.2491],
        [0.2536, 0.2481, 0.2491, 0.2492],
        [0.2525, 0.2488, 0.2477, 0.2510],
        [0.2522, 0.2486, 0.2489, 0.2503],
        [0.2511, 0.2478, 0.2508, 0.2503]], device='cuda:0',
       grad_fn=<SoftmaxBackward0>)
tensor([[0.2529, 0.2514, 0.2520, 0.2436],
        [0.2530, 0.2515, 0.2529, 0.2427],
        [0.2513, 0.2477, 0.2495, 0.2516],
        [0.2526, 0.2470, 0.2486, 0.2518],
        [0.2528, 0.2447, 0.2468, 0.2557],
        [0.2494, 0.2486, 0.2496, 0.2524]], device='cuda:0',
       grad_fn=<SoftmaxBackward0>)
tensor([[0.2538, 0.2498, 0.2508, 0.2456],
        [0.2540, 0.2472, 0.2487, 0.2500],
        [0.2523, 0.2474, 0.2504, 0.2499],
        [0.2526, 0.2482, 0.2497, 0.2495],
        [0.2518, 0.2467, 0.2490, 0.2525],
        [0.2507, 0.2489, 0.2512, 0.2492],
        [0.2521, 0.2469, 0.2489, 0.2521]], device='cuda:0',
       grad_fn=<SoftmaxBackward0>)
tensor([[0.2508, 0.2429, 0.2557, 0.2506],
        [0.2506, 0.2421, 0.2578, 0.2495]], device='cuda:0',
       grad_fn=<SoftmaxBackward0>)
tensor([[0.2494, 0.2480, 0.2553, 0.2473],
        [0.2493, 0.2478, 0.2548, 0.2481],
        [0.2482, 0.2476, 0.2503, 0.2539]], device='cuda:0',
       grad_fn=<SoftmaxBackward0>)
tensor([[0.2521, 0.2458, 0.2522, 0.2499],
        [0.2502, 0.2455, 0.2531, 0.2513],
        [0.2521, 0.2482, 0.2491, 0.2506],
        [0.2515, 0.2471, 0.2523, 0.2491]], device='cuda:0',
       grad_fn=<SoftmaxBackward0>)
tensor([[0.2512, 0.2485, 0.2520, 0.2482],
        [0.2523, 0.2481, 0.2511, 0.2484],
        [0.2504, 0.2483, 0.2488, 0.2525],
        [0.2525, 0.2482, 0.2478, 0.2515],
        [0.2506, 0.2480, 0.2516, 0.2498]], device='cuda:0',
       grad_fn=<SoftmaxBackward0>)
tensor([[0.2585, 0.2443, 0.2487, 0.2485],
        [0.2576, 0.2458, 0.2509, 0.2456],
        [0.2543, 0.2450, 0.2502, 0.2505],
        [0.2533, 0.2453, 0.2519, 0.2496],
        [0.2512, 0.2439, 0.2525, 0.2524],
        [0.2507, 0.2446, 0.2515, 0.2532]], device='cuda:0',
       grad_fn=<SoftmaxBackward0>)
tensor([[0.2552, 0.2473, 0.2506, 0.2469],
        [0.2573, 0.2500, 0.2518, 0.2409],
        [0.2533, 0.2460, 0.2523, 0.2485],
        [0.2501, 0.2461, 0.2539, 0.2499],
        [0.2509, 0.2458, 0.2484, 0.2549],
        [0.2516, 0.2442, 0.2501, 0.2541],
        [0.2480, 0.2433, 0.2518, 0.2569]], device='cuda:0',
       grad_fn=<SoftmaxBackward0>)
#####################
09/05 04:14:52午後 searchStage_trainer.py:268 [INFO] Train: Epoch: [1][50/390]	Step 441	lr 0.02498	Loss 3.7194 (3.8250)	Hard Loss 3.7194 (3.8250)	Soft Loss 3.7194 (3.8250)	Arch Loss 1.9154 (1.9526)	Arch Hard Loss 3.7878 (3.8591)	Arch Soft Loss 0.0004 (0.0005)	Arch depth Loss 0.0000 (0.0000)	Prec@(1,5) (9.5%, 31.9%)	
09/05 04:15:08午後 searchStage_trainer.py:268 [INFO] Train: Epoch: [1][100/390]	Step 491	lr 0.02498	Loss 4.0089 (3.7987)	Hard Loss 4.0089 (3.7987)	Soft Loss 4.0089 (3.7987)	Arch Loss 1.7943 (1.9435)	Arch Hard Loss 3.5442 (3.8408)	Arch Soft Loss 0.0004 (0.0005)	Arch depth Loss 0.0000 (0.0000)	Prec@(1,5) (9.8%, 32.1%)	
09/05 04:15:23午後 searchStage_trainer.py:268 [INFO] Train: Epoch: [1][150/390]	Step 541	lr 0.02498	Loss 3.8231 (3.7988)	Hard Loss 3.8231 (3.7988)	Soft Loss 3.8231 (3.7988)	Arch Loss 1.9206 (1.9274)	Arch Hard Loss 3.7962 (3.8087)	Arch Soft Loss 0.0004 (0.0005)	Arch depth Loss 0.0000 (0.0000)	Prec@(1,5) (9.7%, 32.0%)	
09/05 04:15:39午後 searchStage_trainer.py:268 [INFO] Train: Epoch: [1][200/390]	Step 591	lr 0.02498	Loss 3.6315 (3.7864)	Hard Loss 3.6315 (3.7864)	Soft Loss 3.6315 (3.7864)	Arch Loss 1.9634 (1.9159)	Arch Hard Loss 3.8798 (3.7857)	Arch Soft Loss 0.0005 (0.0005)	Arch depth Loss 0.0000 (0.0000)	Prec@(1,5) (10.1%, 32.5%)	
09/05 04:15:54午後 searchStage_trainer.py:268 [INFO] Train: Epoch: [1][250/390]	Step 641	lr 0.02498	Loss 3.4362 (3.7637)	Hard Loss 3.4362 (3.7637)	Soft Loss 3.4362 (3.7637)	Arch Loss 1.7629 (1.9001)	Arch Hard Loss 3.4805 (3.7541)	Arch Soft Loss 0.0005 (0.0005)	Arch depth Loss 0.0000 (0.0000)	Prec@(1,5) (10.4%, 33.3%)	
09/05 04:16:10午後 searchStage_trainer.py:268 [INFO] Train: Epoch: [1][300/390]	Step 691	lr 0.02498	Loss 3.5526 (3.7352)	Hard Loss 3.5526 (3.7352)	Soft Loss 3.5526 (3.7352)	Arch Loss 1.9113 (1.8883)	Arch Hard Loss 3.7744 (3.7304)	Arch Soft Loss 0.0005 (0.0005)	Arch depth Loss 0.0000 (0.0000)	Prec@(1,5) (11.1%, 34.2%)	
09/05 04:16:25午後 searchStage_trainer.py:268 [INFO] Train: Epoch: [1][350/390]	Step 741	lr 0.02498	Loss 3.5459 (3.7152)	Hard Loss 3.5459 (3.7152)	Soft Loss 3.5459 (3.7152)	Arch Loss 1.7283 (1.8826)	Arch Hard Loss 3.4116 (3.7190)	Arch Soft Loss 0.0005 (0.0005)	Arch depth Loss 0.0000 (0.0000)	Prec@(1,5) (11.3%, 34.8%)	
09/05 04:16:38午後 searchStage_trainer.py:268 [INFO] Train: Epoch: [1][390/390]	Step 781	lr 0.02498	Loss 3.7124 (3.6986)	Hard Loss 3.7124 (3.6986)	Soft Loss 3.7124 (3.6986)	Arch Loss 1.6134 (1.8729)	Arch Hard Loss 3.1793 (3.6996)	Arch Soft Loss 0.0005 (0.0005)	Arch depth Loss 0.0000 (0.0000)	Prec@(1,5) (11.6%, 35.3%)	
09/05 04:16:38午後 searchStage_trainer.py:284 [INFO] Train: [  1/49] Final Prec@1 11.5680%
09/05 04:16:41午後 searchStage_trainer.py:312 [INFO] Valid: Epoch: [1][50/391]	Step 782	Loss 3.7143	Prec@(1,5) (13.4%, 38.0%)
09/05 04:16:43午後 searchStage_trainer.py:312 [INFO] Valid: Epoch: [1][100/391]	Step 782	Loss 3.7215	Prec@(1,5) (13.1%, 37.9%)
09/05 04:16:46午後 searchStage_trainer.py:312 [INFO] Valid: Epoch: [1][150/391]	Step 782	Loss 3.7208	Prec@(1,5) (12.8%, 37.5%)
09/05 04:16:48午後 searchStage_trainer.py:312 [INFO] Valid: Epoch: [1][200/391]	Step 782	Loss 3.7125	Prec@(1,5) (12.9%, 37.7%)
09/05 04:16:50午後 searchStage_trainer.py:312 [INFO] Valid: Epoch: [1][250/391]	Step 782	Loss 3.7066	Prec@(1,5) (13.0%, 37.9%)
09/05 04:16:52午後 searchStage_trainer.py:312 [INFO] Valid: Epoch: [1][300/391]	Step 782	Loss 3.7139	Prec@(1,5) (13.0%, 37.9%)
09/05 04:16:55午後 searchStage_trainer.py:312 [INFO] Valid: Epoch: [1][350/391]	Step 782	Loss 3.7182	Prec@(1,5) (13.0%, 37.7%)
09/05 04:16:56午後 searchStage_trainer.py:312 [INFO] Valid: Epoch: [1][390/391]	Step 782	Loss 3.7196	Prec@(1,5) (13.0%, 37.7%)
09/05 04:16:57午後 searchStage_trainer.py:323 [INFO] Valid: [  1/49] Final Prec@1 13.0040%
09/05 04:16:57午後 searchStage_KD_main.py:58 [INFO] DAG = Genotype2(DAG1=[[('skip_connect', 1), ('skip_connect', 0)], [('skip_connect', 0), ('skip_connect', 1)], [('skip_connect', 0), ('skip_connect', 1)], [('skip_connect', 0), ('skip_connect', 4)], [('skip_connect', 0), ('skip_connect', 1)], [('max_pool_3x3', 1), ('max_pool_3x3', 0)]], DAG1_concat=range(6, 8), DAG2=[[('skip_connect', 0), ('skip_connect', 1)], [('skip_connect', 0), ('skip_connect', 1)], [('skip_connect', 0), ('skip_connect', 1)], [('max_pool_3x3', 2), ('max_pool_3x3', 1)], [('max_pool_3x3', 0), ('max_pool_3x3', 1)], [('max_pool_3x3', 0), ('max_pool_3x3', 1)]], DAG2_concat=range(6, 8), DAG3=[[('max_pool_3x3', 1), ('max_pool_3x3', 0)], [('skip_connect', 1), ('skip_connect', 0)], [('max_pool_3x3', 0), ('skip_connect', 1)], [('max_pool_3x3', 1), ('max_pool_3x3', 3)], [('max_pool_3x3', 0), ('max_pool_3x3', 1)], [('max_pool_3x3', 1), ('max_pool_3x3', 0)]], DAG3_concat=range(6, 8))
09/05 04:16:57午後 searchStage_KD_main.py:89 [INFO] Until now, best Prec@1 = 13.0040%
####### ALPHA #######
# Alpha - DAG
tensor([[0.2515, 0.2461, 0.2517, 0.2507],
        [0.2508, 0.2453, 0.2541, 0.2498]], device='cuda:0',
       grad_fn=<SoftmaxBackward0>)
tensor([[0.2493, 0.2470, 0.2532, 0.2505],
        [0.2494, 0.2463, 0.2526, 0.2516],
        [0.2495, 0.2494, 0.2524, 0.2486]], device='cuda:0',
       grad_fn=<SoftmaxBackward0>)
tensor([[0.2518, 0.2452, 0.2528, 0.2502],
        [0.2525, 0.2455, 0.2528, 0.2492],
        [0.2518, 0.2474, 0.2501, 0.2507],
        [0.2508, 0.2480, 0.2503, 0.2509]], device='cuda:0',
       grad_fn=<SoftmaxBackward0>)
tensor([[0.2507, 0.2491, 0.2529, 0.2473],
        [0.2510, 0.2478, 0.2516, 0.2496],
        [0.2499, 0.2480, 0.2484, 0.2537],
        [0.2496, 0.2507, 0.2510, 0.2487],
        [0.2486, 0.2482, 0.2524, 0.2508]], device='cuda:0',
       grad_fn=<SoftmaxBackward0>)
tensor([[0.2546, 0.2491, 0.2550, 0.2414],
        [0.2538, 0.2473, 0.2546, 0.2443],
        [0.2471, 0.2502, 0.2501, 0.2526],
        [0.2476, 0.2510, 0.2494, 0.2521],
        [0.2497, 0.2471, 0.2526, 0.2506],
        [0.2477, 0.2466, 0.2486, 0.2571]], device='cuda:0',
       grad_fn=<SoftmaxBackward0>)
tensor([[0.2613, 0.2452, 0.2571, 0.2364],
        [0.2617, 0.2454, 0.2559, 0.2369],
        [0.2562, 0.2429, 0.2447, 0.2563],
        [0.2558, 0.2441, 0.2480, 0.2520],
        [0.2559, 0.2417, 0.2482, 0.2543],
        [0.2531, 0.2426, 0.2439, 0.2604],
        [0.2539, 0.2452, 0.2468, 0.2541]], device='cuda:0',
       grad_fn=<SoftmaxBackward0>)
tensor([[0.2450, 0.2420, 0.2588, 0.2542],
        [0.2502, 0.2467, 0.2584, 0.2447]], device='cuda:0',
       grad_fn=<SoftmaxBackward0>)
tensor([[0.2487, 0.2479, 0.2579, 0.2455],
        [0.2518, 0.2483, 0.2577, 0.2422],
        [0.2457, 0.2478, 0.2467, 0.2599]], device='cuda:0',
       grad_fn=<SoftmaxBackward0>)
tensor([[0.2498, 0.2459, 0.2556, 0.2487],
        [0.2514, 0.2465, 0.2548, 0.2473],
        [0.2493, 0.2459, 0.2507, 0.2541],
        [0.2497, 0.2477, 0.2525, 0.2500]], device='cuda:0',
       grad_fn=<SoftmaxBackward0>)
tensor([[0.2520, 0.2459, 0.2516, 0.2505],
        [0.2527, 0.2477, 0.2522, 0.2474],
        [0.2532, 0.2487, 0.2494, 0.2486],
        [0.2508, 0.2484, 0.2495, 0.2513],
        [0.2502, 0.2472, 0.2509, 0.2518]], device='cuda:0',
       grad_fn=<SoftmaxBackward0>)
tensor([[0.2576, 0.2530, 0.2568, 0.2326],
        [0.2577, 0.2516, 0.2565, 0.2343],
        [0.2492, 0.2472, 0.2439, 0.2597],
        [0.2549, 0.2436, 0.2485, 0.2530],
        [0.2527, 0.2414, 0.2416, 0.2643],
        [0.2480, 0.2476, 0.2496, 0.2548]], device='cuda:0',
       grad_fn=<SoftmaxBackward0>)
tensor([[0.2604, 0.2533, 0.2537, 0.2326],
        [0.2602, 0.2487, 0.2526, 0.2385],
        [0.2542, 0.2449, 0.2514, 0.2496],
        [0.2530, 0.2467, 0.2528, 0.2475],
        [0.2538, 0.2440, 0.2472, 0.2551],
        [0.2498, 0.2471, 0.2468, 0.2563],
        [0.2478, 0.2451, 0.2408, 0.2663]], device='cuda:0',
       grad_fn=<SoftmaxBackward0>)
tensor([[0.2593, 0.2317, 0.2566, 0.2525],
        [0.2605, 0.2319, 0.2596, 0.2481]], device='cuda:0',
       grad_fn=<SoftmaxBackward0>)
tensor([[0.2552, 0.2403, 0.2570, 0.2476],
        [0.2544, 0.2404, 0.2574, 0.2478],
        [0.2518, 0.2428, 0.2507, 0.2546]], device='cuda:0',
       grad_fn=<SoftmaxBackward0>)
tensor([[0.2584, 0.2411, 0.2545, 0.2461],
        [0.2548, 0.2396, 0.2554, 0.2503],
        [0.2540, 0.2429, 0.2481, 0.2551],
        [0.2543, 0.2448, 0.2524, 0.2485]], device='cuda:0',
       grad_fn=<SoftmaxBackward0>)
tensor([[0.2565, 0.2428, 0.2526, 0.2482],
        [0.2600, 0.2420, 0.2505, 0.2475],
        [0.2536, 0.2446, 0.2480, 0.2537],
        [0.2573, 0.2434, 0.2473, 0.2520],
        [0.2558, 0.2457, 0.2494, 0.2491]], device='cuda:0',
       grad_fn=<SoftmaxBackward0>)
tensor([[0.2733, 0.2400, 0.2444, 0.2423],
        [0.2706, 0.2418, 0.2476, 0.2400],
        [0.2630, 0.2397, 0.2442, 0.2531],
        [0.2586, 0.2392, 0.2473, 0.2549],
        [0.2573, 0.2378, 0.2507, 0.2541],
        [0.2566, 0.2383, 0.2500, 0.2552]], device='cuda:0',
       grad_fn=<SoftmaxBackward0>)
tensor([[0.2698, 0.2448, 0.2472, 0.2383],
        [0.2711, 0.2489, 0.2500, 0.2300],
        [0.2600, 0.2422, 0.2466, 0.2512],
        [0.2530, 0.2420, 0.2467, 0.2584],
        [0.2570, 0.2416, 0.2429, 0.2585],
        [0.2562, 0.2394, 0.2456, 0.2589],
        [0.2504, 0.2402, 0.2499, 0.2595]], device='cuda:0',
       grad_fn=<SoftmaxBackward0>)
#####################
09/05 04:17:15午後 searchStage_trainer.py:268 [INFO] Train: Epoch: [2][50/390]	Step 832	lr 0.02491	Loss 3.3533 (3.4602)	Hard Loss 3.3533 (3.4602)	Soft Loss 3.3533 (3.4602)	Arch Loss 1.6183 (1.7596)	Arch Hard Loss 3.1899 (3.4737)	Arch Soft Loss 0.0005 (0.0005)	Arch depth Loss 0.0000 (0.0000)	Prec@(1,5) (15.8%, 42.0%)	
09/05 04:17:30午後 searchStage_trainer.py:268 [INFO] Train: Epoch: [2][100/390]	Step 882	lr 0.02491	Loss 3.5504 (3.4476)	Hard Loss 3.5504 (3.4476)	Soft Loss 3.5504 (3.4476)	Arch Loss 1.5916 (1.7640)	Arch Hard Loss 3.1374 (3.4820)	Arch Soft Loss 0.0005 (0.0005)	Arch depth Loss 0.0000 (0.0000)	Prec@(1,5) (15.8%, 42.7%)	
09/05 04:17:46午後 searchStage_trainer.py:268 [INFO] Train: Epoch: [2][150/390]	Step 932	lr 0.02491	Loss 3.3501 (3.4595)	Hard Loss 3.3501 (3.4595)	Soft Loss 3.3501 (3.4595)	Arch Loss 1.7469 (1.7609)	Arch Hard Loss 3.4525 (3.4758)	Arch Soft Loss 0.0004 (0.0005)	Arch depth Loss 0.0000 (0.0000)	Prec@(1,5) (15.9%, 42.7%)	
09/05 04:18:02午後 searchStage_trainer.py:268 [INFO] Train: Epoch: [2][200/390]	Step 982	lr 0.02491	Loss 3.4797 (3.4549)	Hard Loss 3.4797 (3.4549)	Soft Loss 3.4797 (3.4549)	Arch Loss 1.8427 (1.7503)	Arch Hard Loss 3.6423 (3.4548)	Arch Soft Loss 0.0004 (0.0005)	Arch depth Loss 0.0000 (0.0000)	Prec@(1,5) (15.8%, 42.9%)	
09/05 04:18:18午後 searchStage_trainer.py:268 [INFO] Train: Epoch: [2][250/390]	Step 1032	lr 0.02491	Loss 3.5216 (3.4416)	Hard Loss 3.5216 (3.4416)	Soft Loss 3.5216 (3.4416)	Arch Loss 1.7917 (1.7447)	Arch Hard Loss 3.5361 (3.4436)	Arch Soft Loss 0.0005 (0.0005)	Arch depth Loss 0.0000 (0.0000)	Prec@(1,5) (16.0%, 43.3%)	
09/05 04:18:34午後 searchStage_trainer.py:268 [INFO] Train: Epoch: [2][300/390]	Step 1082	lr 0.02491	Loss 3.5858 (3.4352)	Hard Loss 3.5858 (3.4352)	Soft Loss 3.5858 (3.4352)	Arch Loss 1.7377 (1.7345)	Arch Hard Loss 3.4277 (3.4231)	Arch Soft Loss 0.0005 (0.0005)	Arch depth Loss -0.0000 (0.0000)	Prec@(1,5) (16.1%, 43.4%)	
09/05 04:18:50午後 searchStage_trainer.py:268 [INFO] Train: Epoch: [2][350/390]	Step 1132	lr 0.02491	Loss 3.4829 (3.4250)	Hard Loss 3.4829 (3.4250)	Soft Loss 3.4829 (3.4250)	Arch Loss 1.7857 (1.7300)	Arch Hard Loss 3.5264 (3.4141)	Arch Soft Loss 0.0004 (0.0005)	Arch depth Loss -0.0000 (0.0000)	Prec@(1,5) (16.2%, 43.8%)	
09/05 04:19:03午後 searchStage_trainer.py:268 [INFO] Train: Epoch: [2][390/390]	Step 1172	lr 0.02491	Loss 3.2710 (3.4079)	Hard Loss 3.2710 (3.4079)	Soft Loss 3.2710 (3.4079)	Arch Loss 1.7336 (1.7283)	Arch Hard Loss 3.4215 (3.4107)	Arch Soft Loss 0.0005 (0.0005)	Arch depth Loss -0.0000 (0.0000)	Prec@(1,5) (16.6%, 44.2%)	
09/05 04:19:03午後 searchStage_trainer.py:284 [INFO] Train: [  2/49] Final Prec@1 16.5400%
09/05 04:19:06午後 searchStage_trainer.py:312 [INFO] Valid: Epoch: [2][50/391]	Step 1173	Loss 3.3780	Prec@(1,5) (18.0%, 45.9%)
09/05 04:19:08午後 searchStage_trainer.py:312 [INFO] Valid: Epoch: [2][100/391]	Step 1173	Loss 3.3449	Prec@(1,5) (18.3%, 46.6%)
09/05 04:19:10午後 searchStage_trainer.py:312 [INFO] Valid: Epoch: [2][150/391]	Step 1173	Loss 3.3304	Prec@(1,5) (18.4%, 47.1%)
09/05 04:19:13午後 searchStage_trainer.py:312 [INFO] Valid: Epoch: [2][200/391]	Step 1173	Loss 3.3366	Prec@(1,5) (18.3%, 46.8%)
09/05 04:19:15午後 searchStage_trainer.py:312 [INFO] Valid: Epoch: [2][250/391]	Step 1173	Loss 3.3334	Prec@(1,5) (18.3%, 47.0%)
09/05 04:19:17午後 searchStage_trainer.py:312 [INFO] Valid: Epoch: [2][300/391]	Step 1173	Loss 3.3331	Prec@(1,5) (18.2%, 47.1%)
09/05 04:19:19午後 searchStage_trainer.py:312 [INFO] Valid: Epoch: [2][350/391]	Step 1173	Loss 3.3293	Prec@(1,5) (18.3%, 47.2%)
09/05 04:19:21午後 searchStage_trainer.py:312 [INFO] Valid: Epoch: [2][390/391]	Step 1173	Loss 3.3234	Prec@(1,5) (18.3%, 47.4%)
09/05 04:19:21午後 searchStage_trainer.py:323 [INFO] Valid: [  2/49] Final Prec@1 18.3240%
09/05 04:19:21午後 searchStage_KD_main.py:58 [INFO] DAG = Genotype2(DAG1=[[('skip_connect', 1), ('skip_connect', 0)], [('skip_connect', 1), ('skip_connect', 0)], [('skip_connect', 1), ('skip_connect', 0)], [('skip_connect', 1), ('skip_connect', 0)], [('skip_connect', 0), ('skip_connect', 1)], [('max_pool_3x3', 0), ('max_pool_3x3', 1)]], DAG1_concat=range(6, 8), DAG2=[[('skip_connect', 0), ('skip_connect', 1)], [('skip_connect', 0), ('skip_connect', 1)], [('skip_connect', 0), ('skip_connect', 1)], [('skip_connect', 1), ('skip_connect', 2)], [('skip_connect', 0), ('skip_connect', 1)], [('max_pool_3x3', 1), ('max_pool_3x3', 0)]], DAG2_concat=range(6, 8), DAG3=[[('max_pool_3x3', 1), ('max_pool_3x3', 0)], [('skip_connect', 0), ('skip_connect', 1)], [('max_pool_3x3', 0), ('skip_connect', 1)], [('max_pool_3x3', 1), ('max_pool_3x3', 0)], [('max_pool_3x3', 0), ('max_pool_3x3', 1)], [('max_pool_3x3', 1), ('max_pool_3x3', 0)]], DAG3_concat=range(6, 8))
09/05 04:19:22午後 searchStage_KD_main.py:89 [INFO] Until now, best Prec@1 = 18.3240%
####### ALPHA #######
# Alpha - DAG
tensor([[0.2475, 0.2432, 0.2594, 0.2499],
        [0.2465, 0.2405, 0.2633, 0.2496]], device='cuda:0',
       grad_fn=<SoftmaxBackward0>)
tensor([[0.2467, 0.2444, 0.2581, 0.2509],
        [0.2480, 0.2456, 0.2588, 0.2476],
        [0.2457, 0.2486, 0.2540, 0.2517]], device='cuda:0',
       grad_fn=<SoftmaxBackward0>)
tensor([[0.2508, 0.2415, 0.2612, 0.2465],
        [0.2515, 0.2429, 0.2619, 0.2437],
        [0.2473, 0.2461, 0.2506, 0.2560],
        [0.2481, 0.2466, 0.2512, 0.2541]], device='cuda:0',
       grad_fn=<SoftmaxBackward0>)
tensor([[0.2481, 0.2505, 0.2583, 0.2431],
        [0.2476, 0.2492, 0.2585, 0.2447],
        [0.2430, 0.2483, 0.2502, 0.2584],
        [0.2457, 0.2534, 0.2522, 0.2487],
        [0.2440, 0.2482, 0.2539, 0.2540]], device='cuda:0',
       grad_fn=<SoftmaxBackward0>)
tensor([[0.2546, 0.2463, 0.2660, 0.2331],
        [0.2541, 0.2448, 0.2645, 0.2365],
        [0.2456, 0.2492, 0.2499, 0.2552],
        [0.2441, 0.2469, 0.2510, 0.2580],
        [0.2458, 0.2443, 0.2557, 0.2542],
        [0.2457, 0.2420, 0.2470, 0.2653]], device='cuda:0',
       grad_fn=<SoftmaxBackward0>)
tensor([[0.2667, 0.2427, 0.2664, 0.2243],
        [0.2659, 0.2427, 0.2628, 0.2285],
        [0.2541, 0.2402, 0.2420, 0.2638],
        [0.2515, 0.2406, 0.2444, 0.2635],
        [0.2539, 0.2392, 0.2490, 0.2579],
        [0.2506, 0.2414, 0.2435, 0.2644],
        [0.2525, 0.2460, 0.2469, 0.2547]], device='cuda:0',
       grad_fn=<SoftmaxBackward0>)
tensor([[0.2446, 0.2402, 0.2618, 0.2534],
        [0.2493, 0.2443, 0.2608, 0.2456]], device='cuda:0',
       grad_fn=<SoftmaxBackward0>)
tensor([[0.2483, 0.2507, 0.2607, 0.2403],
        [0.2477, 0.2463, 0.2596, 0.2465],
        [0.2429, 0.2498, 0.2462, 0.2612]], device='cuda:0',
       grad_fn=<SoftmaxBackward0>)
tensor([[0.2489, 0.2481, 0.2576, 0.2454],
        [0.2498, 0.2462, 0.2555, 0.2485],
        [0.2488, 0.2467, 0.2494, 0.2552],
        [0.2472, 0.2498, 0.2529, 0.2502]], device='cuda:0',
       grad_fn=<SoftmaxBackward0>)
tensor([[0.2484, 0.2475, 0.2519, 0.2523],
        [0.2488, 0.2515, 0.2545, 0.2452],
        [0.2503, 0.2507, 0.2521, 0.2469],
        [0.2505, 0.2486, 0.2505, 0.2505],
        [0.2466, 0.2507, 0.2482, 0.2545]], device='cuda:0',
       grad_fn=<SoftmaxBackward0>)
tensor([[0.2591, 0.2523, 0.2611, 0.2274],
        [0.2586, 0.2489, 0.2617, 0.2307],
        [0.2489, 0.2454, 0.2418, 0.2639],
        [0.2544, 0.2435, 0.2492, 0.2529],
        [0.2530, 0.2408, 0.2394, 0.2668],
        [0.2449, 0.2492, 0.2479, 0.2579]], device='cuda:0',
       grad_fn=<SoftmaxBackward0>)
tensor([[0.2624, 0.2517, 0.2572, 0.2286],
        [0.2644, 0.2449, 0.2548, 0.2359],
        [0.2552, 0.2419, 0.2506, 0.2523],
        [0.2538, 0.2450, 0.2533, 0.2479],
        [0.2532, 0.2424, 0.2487, 0.2557],
        [0.2505, 0.2467, 0.2468, 0.2561],
        [0.2469, 0.2442, 0.2375, 0.2713]], device='cuda:0',
       grad_fn=<SoftmaxBackward0>)
tensor([[0.2631, 0.2265, 0.2576, 0.2528],
        [0.2641, 0.2281, 0.2602, 0.2476]], device='cuda:0',
       grad_fn=<SoftmaxBackward0>)
tensor([[0.2525, 0.2383, 0.2601, 0.2492],
        [0.2545, 0.2387, 0.2599, 0.2469],
        [0.2482, 0.2469, 0.2512, 0.2537]], device='cuda:0',
       grad_fn=<SoftmaxBackward0>)
tensor([[0.2584, 0.2411, 0.2554, 0.2450],
        [0.2545, 0.2399, 0.2566, 0.2490],
        [0.2514, 0.2464, 0.2465, 0.2557],
