10/14 01:55:16PM parser.py:28 [INFO] 
10/14 01:55:16PM parser.py:29 [INFO] Parameters:
10/14 01:55:16PM parser.py:31 [INFO] DAG=Genotype2(DAG1=[[('skip_connect', 0), ('skip_connect', 1)], [('skip_connect', 1), ('skip_connect', 0)], [('skip_connect', 3), ('skip_connect', 1)], [('skip_connect', 3), ('skip_connect', 4)], [('skip_connect', 3), ('skip_connect', 4)], [('skip_connect', 4), ('skip_connect', 6)]], DAG1_concat=range(6, 8), DAG2=[[('skip_connect', 0), ('skip_connect', 1)], [('skip_connect', 0), ('skip_connect', 1)], [('skip_connect', 1), ('skip_connect', 2)], [('skip_connect', 2), ('skip_connect', 3)], [('skip_connect', 4), ('skip_connect', 3)], [('skip_connect', 5), ('skip_connect', 4)]], DAG2_concat=range(6, 8), DAG3=[[('skip_connect', 1), ('skip_connect', 0)], [('skip_connect', 0), ('skip_connect', 1)], [('skip_connect', 1), ('skip_connect', 2)], [('skip_connect', 3), ('skip_connect', 2)], [('skip_connect', 3), ('skip_connect', 4)], [('skip_connect', 5), ('skip_connect', 4)]], DAG3_concat=range(6, 8))
10/14 01:55:16PM parser.py:31 [INFO] T=10.0
10/14 01:55:16PM parser.py:31 [INFO] ADVANCED=True
10/14 01:55:16PM parser.py:31 [INFO] AUX_WEIGHT=0.4
10/14 01:55:16PM parser.py:31 [INFO] BATCH_SIZE=64
10/14 01:55:16PM parser.py:31 [INFO] CHECKPOINT_RESET=False
10/14 01:55:16PM parser.py:31 [INFO] CUTOUT_LENGTH=16
10/14 01:55:16PM parser.py:31 [INFO] DATA_PATH=../data/
10/14 01:55:16PM parser.py:31 [INFO] DATASET=cifar100
10/14 01:55:16PM parser.py:31 [INFO] DEPTH_COEF=0.0
10/14 01:55:16PM parser.py:31 [INFO] DESCRIPTION=ArchHint_KD_mimic_only_teacher_archtecture
10/14 01:55:16PM parser.py:31 [INFO] DROP_PATH_PROB=0.2
10/14 01:55:16PM parser.py:31 [INFO] EPOCHS=100
10/14 01:55:16PM parser.py:31 [INFO] EXP_NAME=s5l0.01-h_das_teacher
10/14 01:55:16PM parser.py:31 [INFO] GENOTYPE=Genotype3(normal1=[[('sep_conv_5x5', 0), ('sep_conv_3x3', 1)], [('sep_conv_3x3', 1), ('sep_conv_3x3', 0)], [('sep_conv_3x3', 1), ('sep_conv_3x3', 2)], [('sep_conv_3x3', 0), ('sep_conv_5x5', 4)]], normal1_concat=range(2, 6), reduce1=[[('sep_conv_3x3', 0), ('skip_connect', 1)], [('sep_conv_3x3', 1), ('max_pool_3x3', 0)], [('sep_conv_3x3', 2), ('sep_conv_3x3', 1)], [('max_pool_3x3', 0), ('dil_conv_3x3', 1)]], reduce1_concat=range(2, 6), normal2=[[('skip_connect', 0), ('sep_conv_5x5', 1)], [('skip_connect', 0), ('skip_connect', 2)], [('avg_pool_3x3', 0), ('avg_pool_3x3', 2)], [('skip_connect', 0), ('avg_pool_3x3', 2)]], normal2_concat=range(2, 6), reduce2=[[('avg_pool_3x3', 0), ('avg_pool_3x3', 1)], [('avg_pool_3x3', 0), ('skip_connect', 2)], [('skip_connect', 2), ('avg_pool_3x3', 0)], [('skip_connect', 2), ('avg_pool_3x3', 0)]], reduce2_concat=range(2, 6), normal3=[[('skip_connect', 0), ('skip_connect', 1)], [('skip_connect', 0), ('dil_conv_3x3', 1)], [('skip_connect', 0), ('skip_connect', 1)], [('skip_connect', 0), ('skip_connect', 2)]], normal3_concat=range(2, 6))
10/14 01:55:16PM parser.py:31 [INFO] GPUS=[0]
10/14 01:55:16PM parser.py:31 [INFO] INIT_CHANNELS=32
10/14 01:55:16PM parser.py:31 [INFO] L=0.5
10/14 01:55:16PM parser.py:31 [INFO] LAYERS=20
10/14 01:55:16PM parser.py:31 [INFO] LOGGER=<Logger H-DAS (INFO)>
10/14 01:55:16PM parser.py:31 [INFO] NAME=ARCH-KD
10/14 01:55:16PM parser.py:31 [INFO] NONKD=True
10/14 01:55:16PM parser.py:31 [INFO] PATH=results/evaluate_stage_KD/cifar100/ARCH-KD/s5l0.01-h_das_teacher
10/14 01:55:16PM parser.py:31 [INFO] PLOT_PATH=results/evaluate_stage_KD/cifar100/ARCH-KD/s5l0.01-h_das_teacher/plots
10/14 01:55:16PM parser.py:31 [INFO] PRINT_FREQ=100
10/14 01:55:16PM parser.py:31 [INFO] RESUME_PATH=/home/miura/lab/KD-hdas/results/search_stage_KD/cifar100/ARCH-KD/l0.01-2-h_das_teacher/best.pth.tar
10/14 01:55:16PM parser.py:31 [INFO] SAVE=s5l0.01-h_das_teacher
10/14 01:55:16PM parser.py:31 [INFO] SEED=5
10/14 01:55:16PM parser.py:31 [INFO] SLIDE_WINDOW=8
10/14 01:55:16PM parser.py:31 [INFO] SPEC_CELL=True
10/14 01:55:16PM parser.py:31 [INFO] TEACHER_NAME=none
10/14 01:55:16PM parser.py:31 [INFO] TEACHER_PATH=none
10/14 01:55:16PM parser.py:31 [INFO] TRAIN_PORTION=0.9
10/14 01:55:16PM parser.py:31 [INFO] W_GRAD_CLIP=5.0
10/14 01:55:16PM parser.py:31 [INFO] W_LR=0.025
10/14 01:55:16PM parser.py:31 [INFO] W_LR_MIN=0.001
10/14 01:55:16PM parser.py:31 [INFO] W_MOMENTUM=0.9
10/14 01:55:16PM parser.py:31 [INFO] W_WEIGHT_DECAY=0.0003
10/14 01:55:16PM parser.py:31 [INFO] WORKERS=4
10/14 01:55:16PM parser.py:32 [INFO] 
10/14 01:55:35PM evaluateStageRelax_trainer.py:115 [INFO] --> Loaded checkpoint '/home/miura/lab/KD-hdas/results/search_stage_KD/cifar100/ARCH-KD/l0.01-2-h_das_teacher/best.pth.tar'(Reseted epoch 0)
10/14 01:55:35PM evaluateStageRelax_trainer.py:138 [INFO] --> Loaded alpha parameters are Freezed
####### ALPHA #######
# Alpha - DAG
tensor([[0.1750, 0.1787, 0.4658, 0.1805],
        [0.1756, 0.1783, 0.4658, 0.1803]], device='cuda:0')
tensor([[0.1399, 0.1576, 0.5315, 0.1710],
        [0.1362, 0.1540, 0.5423, 0.1675],
        [0.2383, 0.2561, 0.2621, 0.2435]], device='cuda:0')
tensor([[0.2391, 0.2454, 0.2577, 0.2578],
        [0.1704, 0.1749, 0.4730, 0.1817],
        [0.2478, 0.2536, 0.2516, 0.2470],
        [0.1646, 0.1640, 0.5009, 0.1704]], device='cuda:0')
tensor([[0.2484, 0.2523, 0.2528, 0.2465],
        [0.2497, 0.2528, 0.2532, 0.2443],
        [0.2486, 0.2482, 0.2507, 0.2526],
        [0.1796, 0.1766, 0.4570, 0.1868],
        [0.1799, 0.1830, 0.4563, 0.1808]], device='cuda:0')
tensor([[0.2391, 0.2277, 0.2554, 0.2778],
        [0.2411, 0.2290, 0.2617, 0.2682],
        [0.2390, 0.2447, 0.2602, 0.2561],
        [0.1381, 0.1345, 0.5876, 0.1399],
        [0.1666, 0.1686, 0.4878, 0.1770],
        [0.2495, 0.2464, 0.2503, 0.2538]], device='cuda:0')
tensor([[0.2183, 0.2242, 0.2622, 0.2953],
        [0.2176, 0.2254, 0.2728, 0.2842],
        [0.2434, 0.2527, 0.2622, 0.2417],
        [0.2101, 0.2209, 0.3473, 0.2217],
        [0.1605, 0.1664, 0.5076, 0.1655],
        [0.2439, 0.2484, 0.2615, 0.2463],
        [0.1602, 0.1673, 0.5034, 0.1691]], device='cuda:0')
tensor([[0.1748, 0.1801, 0.4634, 0.1817],
        [0.1755, 0.1817, 0.4628, 0.1800]], device='cuda:0')
tensor([[0.1742, 0.1787, 0.4671, 0.1799],
        [0.1757, 0.1775, 0.4657, 0.1811],
        [0.2464, 0.2498, 0.2527, 0.2511]], device='cuda:0')
tensor([[0.2479, 0.2525, 0.2579, 0.2417],
        [0.1763, 0.1796, 0.4681, 0.1761],
        [0.1802, 0.1812, 0.4542, 0.1844],
        [0.2391, 0.2484, 0.2507, 0.2617]], device='cuda:0')
tensor([[0.2456, 0.2425, 0.2564, 0.2554],
        [0.2460, 0.2426, 0.2551, 0.2563],
        [0.1829, 0.1837, 0.4556, 0.1778],
        [0.1833, 0.1851, 0.4504, 0.1812],
        [0.2492, 0.2520, 0.2499, 0.2489]], device='cuda:0')
tensor([[0.2327, 0.2539, 0.2775, 0.2359],
        [0.2302, 0.2507, 0.2777, 0.2414],
        [0.2412, 0.2697, 0.2621, 0.2270],
        [0.1722, 0.1750, 0.4651, 0.1877],
        [0.1708, 0.1780, 0.4652, 0.1860],
        [0.2270, 0.2413, 0.2515, 0.2802]], device='cuda:0')
tensor([[0.2239, 0.2495, 0.2898, 0.2368],
        [0.2265, 0.2470, 0.2887, 0.2378],
        [0.2425, 0.2619, 0.2646, 0.2310],
        [0.2373, 0.2416, 0.2604, 0.2607],
        [0.1767, 0.1786, 0.4597, 0.1850],
        [0.1742, 0.1770, 0.4598, 0.1890],
        [0.2454, 0.2449, 0.2459, 0.2638]], device='cuda:0')
tensor([[0.1401, 0.1505, 0.5361, 0.1733],
        [0.1405, 0.1520, 0.5464, 0.1611]], device='cuda:0')
tensor([[0.1444, 0.1574, 0.5380, 0.1603],
        [0.1495, 0.1579, 0.5266, 0.1661],
        [0.2142, 0.2404, 0.2673, 0.2781]], device='cuda:0')
tensor([[0.2194, 0.2477, 0.3055, 0.2274],
        [0.1522, 0.1613, 0.5271, 0.1594],
        [0.1618, 0.1728, 0.4698, 0.1957],
        [0.2287, 0.2432, 0.2546, 0.2734]], device='cuda:0')
tensor([[0.2219, 0.2528, 0.3033, 0.2220],
        [0.2298, 0.2497, 0.2948, 0.2258],
        [0.1765, 0.1857, 0.4539, 0.1839],
        [0.1702, 0.1784, 0.4554, 0.1961],
        [0.2346, 0.2404, 0.2406, 0.2845]], device='cuda:0')
tensor([[0.1629, 0.1666, 0.5327, 0.1377],
        [0.1785, 0.1693, 0.4960, 0.1561],
        [0.2123, 0.2193, 0.2810, 0.2874],
        [0.1295, 0.1377, 0.5205, 0.2124],
        [0.1373, 0.1463, 0.4878, 0.2285],
        [0.1440, 0.1487, 0.2107, 0.4967]], device='cuda:0')
tensor([[0.1926, 0.1753, 0.4935, 0.1387],
        [0.2121, 0.1805, 0.4496, 0.1578],
        [0.2521, 0.2382, 0.2588, 0.2509],
        [0.2212, 0.2084, 0.2570, 0.3134],
        [0.1446, 0.1461, 0.4854, 0.2240],
        [0.1255, 0.1290, 0.5147, 0.2307],
        [0.1718, 0.1625, 0.2044, 0.4613]], device='cuda:0')
#####################
10/14 01:55:54PM evaluateStageRelax_trainer.py:198 [INFO] Train: Epoch: [0][100/703]	Step 100	lr 0.025	Loss 6.1999 (6.4868)	Hard Loss 0.0000 (0.0000)	Soft Loss 0.0000 (0.0000)	Prec@(1,5) (2.8%, 11.9%)	
10/14 01:56:11PM evaluateStageRelax_trainer.py:198 [INFO] Train: Epoch: [0][200/703]	Step 200	lr 0.025	Loss 5.7170 (6.1773)	Hard Loss 0.0000 (0.0000)	Soft Loss 0.0000 (0.0000)	Prec@(1,5) (4.0%, 16.0%)	
10/14 01:56:28PM evaluateStageRelax_trainer.py:198 [INFO] Train: Epoch: [0][300/703]	Step 300	lr 0.025	Loss 5.8193 (5.9935)	Hard Loss 0.0000 (0.0000)	Soft Loss 0.0000 (0.0000)	Prec@(1,5) (5.1%, 19.4%)	
10/14 01:56:45PM evaluateStageRelax_trainer.py:198 [INFO] Train: Epoch: [0][400/703]	Step 400	lr 0.025	Loss 5.0510 (5.8517)	Hard Loss 0.0000 (0.0000)	Soft Loss 0.0000 (0.0000)	Prec@(1,5) (6.1%, 22.0%)	
10/14 01:57:02PM evaluateStageRelax_trainer.py:198 [INFO] Train: Epoch: [0][500/703]	Step 500	lr 0.025	Loss 5.3932 (5.7463)	Hard Loss 0.0000 (0.0000)	Soft Loss 0.0000 (0.0000)	Prec@(1,5) (7.0%, 24.2%)	
10/14 01:57:19PM evaluateStageRelax_trainer.py:198 [INFO] Train: Epoch: [0][600/703]	Step 600	lr 0.025	Loss 5.0428 (5.6571)	Hard Loss 0.0000 (0.0000)	Soft Loss 0.0000 (0.0000)	Prec@(1,5) (7.6%, 26.0%)	
10/14 01:57:36PM evaluateStageRelax_trainer.py:198 [INFO] Train: Epoch: [0][700/703]	Step 700	lr 0.025	Loss 4.6626 (5.5705)	Hard Loss 0.0000 (0.0000)	Soft Loss 0.0000 (0.0000)	Prec@(1,5) (8.4%, 27.7%)	
10/14 01:57:36PM evaluateStageRelax_trainer.py:198 [INFO] Train: Epoch: [0][703/703]	Step 703	lr 0.025	Loss 4.9373 (5.5677)	Hard Loss 0.0000 (0.0000)	Soft Loss 0.0000 (0.0000)	Prec@(1,5) (8.5%, 27.8%)	
10/14 01:57:37PM evaluateStageRelax_trainer.py:207 [INFO] Train: [  0/99] Final Prec@1 8.4711%
10/14 01:57:42PM evaluateStageRelax_trainer.py:242 [INFO] Valid: [  0/99] Final Prec@1 13.3600%
10/14 01:57:43午後 evaluateStageRelax_main.py:73 [INFO] Until now, best Prec@1 = 13.3600%
####### ALPHA #######
# Alpha - DAG
tensor([[0.1750, 0.1787, 0.4658, 0.1805],
        [0.1756, 0.1783, 0.4658, 0.1803]], device='cuda:0')
tensor([[0.1399, 0.1576, 0.5315, 0.1710],
        [0.1362, 0.1540, 0.5423, 0.1675],
        [0.2383, 0.2561, 0.2621, 0.2435]], device='cuda:0')
tensor([[0.2391, 0.2454, 0.2577, 0.2578],
        [0.1704, 0.1749, 0.4730, 0.1817],
        [0.2478, 0.2536, 0.2516, 0.2470],
        [0.1646, 0.1640, 0.5009, 0.1704]], device='cuda:0')
tensor([[0.2484, 0.2523, 0.2528, 0.2465],
        [0.2497, 0.2528, 0.2532, 0.2443],
        [0.2486, 0.2482, 0.2507, 0.2526],
        [0.1796, 0.1766, 0.4570, 0.1868],
        [0.1799, 0.1830, 0.4563, 0.1808]], device='cuda:0')
tensor([[0.2391, 0.2277, 0.2554, 0.2778],
        [0.2411, 0.2290, 0.2617, 0.2682],
        [0.2390, 0.2447, 0.2602, 0.2561],
        [0.1381, 0.1345, 0.5876, 0.1399],
        [0.1666, 0.1686, 0.4878, 0.1770],
        [0.2495, 0.2464, 0.2503, 0.2538]], device='cuda:0')
tensor([[0.2183, 0.2242, 0.2622, 0.2953],
        [0.2176, 0.2254, 0.2728, 0.2842],
        [0.2434, 0.2527, 0.2622, 0.2417],
        [0.2101, 0.2209, 0.3473, 0.2217],
        [0.1605, 0.1664, 0.5076, 0.1655],
        [0.2439, 0.2484, 0.2615, 0.2463],
        [0.1602, 0.1673, 0.5034, 0.1691]], device='cuda:0')
tensor([[0.1748, 0.1801, 0.4634, 0.1817],
        [0.1755, 0.1817, 0.4628, 0.1800]], device='cuda:0')
tensor([[0.1742, 0.1787, 0.4671, 0.1799],
        [0.1757, 0.1775, 0.4657, 0.1811],
        [0.2464, 0.2498, 0.2527, 0.2511]], device='cuda:0')
tensor([[0.2479, 0.2525, 0.2579, 0.2417],
        [0.1763, 0.1796, 0.4681, 0.1761],
        [0.1802, 0.1812, 0.4542, 0.1844],
        [0.2391, 0.2484, 0.2507, 0.2617]], device='cuda:0')
tensor([[0.2456, 0.2425, 0.2564, 0.2554],
        [0.2460, 0.2426, 0.2551, 0.2563],
        [0.1829, 0.1837, 0.4556, 0.1778],
        [0.1833, 0.1851, 0.4504, 0.1812],
        [0.2492, 0.2520, 0.2499, 0.2489]], device='cuda:0')
tensor([[0.2327, 0.2539, 0.2775, 0.2359],
        [0.2302, 0.2507, 0.2777, 0.2414],
        [0.2412, 0.2697, 0.2621, 0.2270],
        [0.1722, 0.1750, 0.4651, 0.1877],
        [0.1708, 0.1780, 0.4652, 0.1860],
        [0.2270, 0.2413, 0.2515, 0.2802]], device='cuda:0')
tensor([[0.2239, 0.2495, 0.2898, 0.2368],
        [0.2265, 0.2470, 0.2887, 0.2378],
        [0.2425, 0.2619, 0.2646, 0.2310],
        [0.2373, 0.2416, 0.2604, 0.2607],
        [0.1767, 0.1786, 0.4597, 0.1850],
        [0.1742, 0.1770, 0.4598, 0.1890],
        [0.2454, 0.2449, 0.2459, 0.2638]], device='cuda:0')
tensor([[0.1401, 0.1505, 0.5361, 0.1733],
        [0.1405, 0.1520, 0.5464, 0.1611]], device='cuda:0')
tensor([[0.1444, 0.1574, 0.5380, 0.1603],
        [0.1495, 0.1579, 0.5266, 0.1661],
        [0.2142, 0.2404, 0.2673, 0.2781]], device='cuda:0')
tensor([[0.2194, 0.2477, 0.3055, 0.2274],
        [0.1522, 0.1613, 0.5271, 0.1594],
        [0.1618, 0.1728, 0.4698, 0.1957],
        [0.2287, 0.2432, 0.2546, 0.2734]], device='cuda:0')
tensor([[0.2219, 0.2528, 0.3033, 0.2220],
        [0.2298, 0.2497, 0.2948, 0.2258],
        [0.1765, 0.1857, 0.4539, 0.1839],
        [0.1702, 0.1784, 0.4554, 0.1961],
        [0.2346, 0.2404, 0.2406, 0.2845]], device='cuda:0')
tensor([[0.1629, 0.1666, 0.5327, 0.1377],
        [0.1785, 0.1693, 0.4960, 0.1561],
        [0.2123, 0.2193, 0.2810, 0.2874],
        [0.1295, 0.1377, 0.5205, 0.2124],
        [0.1373, 0.1463, 0.4878, 0.2285],
        [0.1440, 0.1487, 0.2107, 0.4967]], device='cuda:0')
tensor([[0.1926, 0.1753, 0.4935, 0.1387],
        [0.2121, 0.1805, 0.4496, 0.1578],
        [0.2521, 0.2382, 0.2588, 0.2509],
        [0.2212, 0.2084, 0.2570, 0.3134],
        [0.1446, 0.1461, 0.4854, 0.2240],
        [0.1255, 0.1290, 0.5147, 0.2307],
        [0.1718, 0.1625, 0.2044, 0.4613]], device='cuda:0')
#####################
10/14 01:58:01午後 evaluateStageRelax_trainer.py:198 [INFO] Train: Epoch: [1][100/703]	Step 804	lr 0.02499	Loss 4.4453 (4.9093)	Hard Loss 0.0000 (0.0000)	Soft Loss 0.0000 (0.0000)	Prec@(1,5) (15.1%, 42.1%)	
10/14 01:58:18午後 evaluateStageRelax_trainer.py:198 [INFO] Train: Epoch: [1][200/703]	Step 904	lr 0.02499	Loss 4.8959 (4.8655)	Hard Loss 0.0000 (0.0000)	Soft Loss 0.0000 (0.0000)	Prec@(1,5) (15.8%, 42.7%)	
10/14 01:58:35午後 evaluateStageRelax_trainer.py:198 [INFO] Train: Epoch: [1][300/703]	Step 1004	lr 0.02499	Loss 4.6996 (4.8188)	Hard Loss 0.0000 (0.0000)	Soft Loss 0.0000 (0.0000)	Prec@(1,5) (16.4%, 43.2%)	
10/14 01:58:53午後 evaluateStageRelax_trainer.py:198 [INFO] Train: Epoch: [1][400/703]	Step 1104	lr 0.02499	Loss 4.3815 (4.7664)	Hard Loss 0.0000 (0.0000)	Soft Loss 0.0000 (0.0000)	Prec@(1,5) (17.1%, 44.4%)	
10/14 01:59:10午後 evaluateStageRelax_trainer.py:198 [INFO] Train: Epoch: [1][500/703]	Step 1204	lr 0.02499	Loss 4.4635 (4.7150)	Hard Loss 0.0000 (0.0000)	Soft Loss 0.0000 (0.0000)	Prec@(1,5) (17.8%, 45.4%)	
10/14 01:59:27午後 evaluateStageRelax_trainer.py:198 [INFO] Train: Epoch: [1][600/703]	Step 1304	lr 0.02499	Loss 4.5339 (4.6675)	Hard Loss 0.0000 (0.0000)	Soft Loss 0.0000 (0.0000)	Prec@(1,5) (18.3%, 46.2%)	
10/14 01:59:45午後 evaluateStageRelax_trainer.py:198 [INFO] Train: Epoch: [1][700/703]	Step 1404	lr 0.02499	Loss 4.3870 (4.6262)	Hard Loss 0.0000 (0.0000)	Soft Loss 0.0000 (0.0000)	Prec@(1,5) (18.9%, 47.1%)	
10/14 01:59:45午後 evaluateStageRelax_trainer.py:198 [INFO] Train: Epoch: [1][703/703]	Step 1407	lr 0.02499	Loss 3.9164 (4.6256)	Hard Loss 0.0000 (0.0000)	Soft Loss 0.0000 (0.0000)	Prec@(1,5) (18.9%, 47.1%)	
10/14 01:59:45午後 evaluateStageRelax_trainer.py:207 [INFO] Train: [  1/99] Final Prec@1 18.9178%
10/14 01:59:50午後 evaluateStageRelax_trainer.py:242 [INFO] Valid: [  1/99] Final Prec@1 19.6800%
10/14 01:59:51午後 evaluateStageRelax_main.py:73 [INFO] Until now, best Prec@1 = 19.6800%
####### ALPHA #######
# Alpha - DAG
tensor([[0.1750, 0.1787, 0.4658, 0.1805],
        [0.1756, 0.1783, 0.4658, 0.1803]], device='cuda:0')
tensor([[0.1399, 0.1576, 0.5315, 0.1710],
        [0.1362, 0.1540, 0.5423, 0.1675],
        [0.2383, 0.2561, 0.2621, 0.2435]], device='cuda:0')
tensor([[0.2391, 0.2454, 0.2577, 0.2578],
        [0.1704, 0.1749, 0.4730, 0.1817],
        [0.2478, 0.2536, 0.2516, 0.2470],
        [0.1646, 0.1640, 0.5009, 0.1704]], device='cuda:0')
tensor([[0.2484, 0.2523, 0.2528, 0.2465],
        [0.2497, 0.2528, 0.2532, 0.2443],
        [0.2486, 0.2482, 0.2507, 0.2526],
        [0.1796, 0.1766, 0.4570, 0.1868],
        [0.1799, 0.1830, 0.4563, 0.1808]], device='cuda:0')
tensor([[0.2391, 0.2277, 0.2554, 0.2778],
        [0.2411, 0.2290, 0.2617, 0.2682],
        [0.2390, 0.2447, 0.2602, 0.2561],
        [0.1381, 0.1345, 0.5876, 0.1399],
        [0.1666, 0.1686, 0.4878, 0.1770],
        [0.2495, 0.2464, 0.2503, 0.2538]], device='cuda:0')
tensor([[0.2183, 0.2242, 0.2622, 0.2953],
        [0.2176, 0.2254, 0.2728, 0.2842],
        [0.2434, 0.2527, 0.2622, 0.2417],
        [0.2101, 0.2209, 0.3473, 0.2217],
        [0.1605, 0.1664, 0.5076, 0.1655],
        [0.2439, 0.2484, 0.2615, 0.2463],
        [0.1602, 0.1673, 0.5034, 0.1691]], device='cuda:0')
tensor([[0.1748, 0.1801, 0.4634, 0.1817],
        [0.1755, 0.1817, 0.4628, 0.1800]], device='cuda:0')
tensor([[0.1742, 0.1787, 0.4671, 0.1799],
        [0.1757, 0.1775, 0.4657, 0.1811],
        [0.2464, 0.2498, 0.2527, 0.2511]], device='cuda:0')
tensor([[0.2479, 0.2525, 0.2579, 0.2417],
        [0.1763, 0.1796, 0.4681, 0.1761],
        [0.1802, 0.1812, 0.4542, 0.1844],
        [0.2391, 0.2484, 0.2507, 0.2617]], device='cuda:0')
tensor([[0.2456, 0.2425, 0.2564, 0.2554],
        [0.2460, 0.2426, 0.2551, 0.2563],
        [0.1829, 0.1837, 0.4556, 0.1778],
        [0.1833, 0.1851, 0.4504, 0.1812],
        [0.2492, 0.2520, 0.2499, 0.2489]], device='cuda:0')
tensor([[0.2327, 0.2539, 0.2775, 0.2359],
        [0.2302, 0.2507, 0.2777, 0.2414],
        [0.2412, 0.2697, 0.2621, 0.2270],
        [0.1722, 0.1750, 0.4651, 0.1877],
        [0.1708, 0.1780, 0.4652, 0.1860],
        [0.2270, 0.2413, 0.2515, 0.2802]], device='cuda:0')
tensor([[0.2239, 0.2495, 0.2898, 0.2368],
        [0.2265, 0.2470, 0.2887, 0.2378],
        [0.2425, 0.2619, 0.2646, 0.2310],
        [0.2373, 0.2416, 0.2604, 0.2607],
        [0.1767, 0.1786, 0.4597, 0.1850],
        [0.1742, 0.1770, 0.4598, 0.1890],
        [0.2454, 0.2449, 0.2459, 0.2638]], device='cuda:0')
tensor([[0.1401, 0.1505, 0.5361, 0.1733],
        [0.1405, 0.1520, 0.5464, 0.1611]], device='cuda:0')
tensor([[0.1444, 0.1574, 0.5380, 0.1603],
        [0.1495, 0.1579, 0.5266, 0.1661],
        [0.2142, 0.2404, 0.2673, 0.2781]], device='cuda:0')
tensor([[0.2194, 0.2477, 0.3055, 0.2274],
        [0.1522, 0.1613, 0.5271, 0.1594],
        [0.1618, 0.1728, 0.4698, 0.1957],
        [0.2287, 0.2432, 0.2546, 0.2734]], device='cuda:0')
tensor([[0.2219, 0.2528, 0.3033, 0.2220],
        [0.2298, 0.2497, 0.2948, 0.2258],
        [0.1765, 0.1857, 0.4539, 0.1839],
        [0.1702, 0.1784, 0.4554, 0.1961],
        [0.2346, 0.2404, 0.2406, 0.2845]], device='cuda:0')
tensor([[0.1629, 0.1666, 0.5327, 0.1377],
        [0.1785, 0.1693, 0.4960, 0.1561],
        [0.2123, 0.2193, 0.2810, 0.2874],
        [0.1295, 0.1377, 0.5205, 0.2124],
        [0.1373, 0.1463, 0.4878, 0.2285],
        [0.1440, 0.1487, 0.2107, 0.4967]], device='cuda:0')
tensor([[0.1926, 0.1753, 0.4935, 0.1387],
        [0.2121, 0.1805, 0.4496, 0.1578],
        [0.2521, 0.2382, 0.2588, 0.2509],
        [0.2212, 0.2084, 0.2570, 0.3134],
        [0.1446, 0.1461, 0.4854, 0.2240],
        [0.1255, 0.1290, 0.5147, 0.2307],
        [0.1718, 0.1625, 0.2044, 0.4613]], device='cuda:0')
#####################
10/14 02:00:09午後 evaluateStageRelax_trainer.py:198 [INFO] Train: Epoch: [2][100/703]	Step 1508	lr 0.02498	Loss 4.0295 (4.2291)	Hard Loss 0.0000 (0.0000)	Soft Loss 0.0000 (0.0000)	Prec@(1,5) (24.3%, 55.6%)	
10/14 02:00:26午後 evaluateStageRelax_trainer.py:198 [INFO] Train: Epoch: [2][200/703]	Step 1608	lr 0.02498	Loss 4.1897 (4.2087)	Hard Loss 0.0000 (0.0000)	Soft Loss 0.0000 (0.0000)	Prec@(1,5) (24.3%, 56.1%)	
10/14 02:00:44午後 evaluateStageRelax_trainer.py:198 [INFO] Train: Epoch: [2][300/703]	Step 1708	lr 0.02498	Loss 4.1804 (4.1546)	Hard Loss 0.0000 (0.0000)	Soft Loss 0.0000 (0.0000)	Prec@(1,5) (25.0%, 56.8%)	
10/14 02:01:01午後 evaluateStageRelax_trainer.py:198 [INFO] Train: Epoch: [2][400/703]	Step 1808	lr 0.02498	Loss 3.6816 (4.1092)	Hard Loss 0.0000 (0.0000)	Soft Loss 0.0000 (0.0000)	Prec@(1,5) (25.7%, 57.6%)	
10/14 02:01:18午後 evaluateStageRelax_trainer.py:198 [INFO] Train: Epoch: [2][500/703]	Step 1908	lr 0.02498	Loss 4.2345 (4.0889)	Hard Loss 0.0000 (0.0000)	Soft Loss 0.0000 (0.0000)	Prec@(1,5) (26.0%, 57.8%)	
10/14 02:01:36午後 evaluateStageRelax_trainer.py:198 [INFO] Train: Epoch: [2][600/703]	Step 2008	lr 0.02498	Loss 3.9582 (4.0566)	Hard Loss 0.0000 (0.0000)	Soft Loss 0.0000 (0.0000)	Prec@(1,5) (26.6%, 58.3%)	
10/14 02:01:53午後 evaluateStageRelax_trainer.py:198 [INFO] Train: Epoch: [2][700/703]	Step 2108	lr 0.02498	Loss 3.5798 (4.0201)	Hard Loss 0.0000 (0.0000)	Soft Loss 0.0000 (0.0000)	Prec@(1,5) (27.2%, 58.9%)	
10/14 02:01:54午後 evaluateStageRelax_trainer.py:198 [INFO] Train: Epoch: [2][703/703]	Step 2111	lr 0.02498	Loss 3.5766 (4.0186)	Hard Loss 0.0000 (0.0000)	Soft Loss 0.0000 (0.0000)	Prec@(1,5) (27.2%, 59.0%)	
10/14 02:01:54午後 evaluateStageRelax_trainer.py:207 [INFO] Train: [  2/99] Final Prec@1 27.1867%
10/14 02:01:59午後 evaluateStageRelax_trainer.py:242 [INFO] Valid: [  2/99] Final Prec@1 27.9200%
10/14 02:01:59午後 evaluateStageRelax_main.py:73 [INFO] Until now, best Prec@1 = 27.9200%
####### ALPHA #######
# Alpha - DAG
tensor([[0.1750, 0.1787, 0.4658, 0.1805],
        [0.1756, 0.1783, 0.4658, 0.1803]], device='cuda:0')
tensor([[0.1399, 0.1576, 0.5315, 0.1710],
        [0.1362, 0.1540, 0.5423, 0.1675],
        [0.2383, 0.2561, 0.2621, 0.2435]], device='cuda:0')
tensor([[0.2391, 0.2454, 0.2577, 0.2578],
        [0.1704, 0.1749, 0.4730, 0.1817],
        [0.2478, 0.2536, 0.2516, 0.2470],
        [0.1646, 0.1640, 0.5009, 0.1704]], device='cuda:0')
tensor([[0.2484, 0.2523, 0.2528, 0.2465],
        [0.2497, 0.2528, 0.2532, 0.2443],
        [0.2486, 0.2482, 0.2507, 0.2526],
        [0.1796, 0.1766, 0.4570, 0.1868],
        [0.1799, 0.1830, 0.4563, 0.1808]], device='cuda:0')
tensor([[0.2391, 0.2277, 0.2554, 0.2778],
        [0.2411, 0.2290, 0.2617, 0.2682],
        [0.2390, 0.2447, 0.2602, 0.2561],
        [0.1381, 0.1345, 0.5876, 0.1399],
        [0.1666, 0.1686, 0.4878, 0.1770],
        [0.2495, 0.2464, 0.2503, 0.2538]], device='cuda:0')
tensor([[0.2183, 0.2242, 0.2622, 0.2953],
        [0.2176, 0.2254, 0.2728, 0.2842],
        [0.2434, 0.2527, 0.2622, 0.2417],
        [0.2101, 0.2209, 0.3473, 0.2217],
        [0.1605, 0.1664, 0.5076, 0.1655],
        [0.2439, 0.2484, 0.2615, 0.2463],
        [0.1602, 0.1673, 0.5034, 0.1691]], device='cuda:0')
tensor([[0.1748, 0.1801, 0.4634, 0.1817],
        [0.1755, 0.1817, 0.4628, 0.1800]], device='cuda:0')
tensor([[0.1742, 0.1787, 0.4671, 0.1799],
        [0.1757, 0.1775, 0.4657, 0.1811],
        [0.2464, 0.2498, 0.2527, 0.2511]], device='cuda:0')
tensor([[0.2479, 0.2525, 0.2579, 0.2417],
        [0.1763, 0.1796, 0.4681, 0.1761],
        [0.1802, 0.1812, 0.4542, 0.1844],
        [0.2391, 0.2484, 0.2507, 0.2617]], device='cuda:0')
tensor([[0.2456, 0.2425, 0.2564, 0.2554],
        [0.2460, 0.2426, 0.2551, 0.2563],
        [0.1829, 0.1837, 0.4556, 0.1778],
        [0.1833, 0.1851, 0.4504, 0.1812],
        [0.2492, 0.2520, 0.2499, 0.2489]], device='cuda:0')
tensor([[0.2327, 0.2539, 0.2775, 0.2359],
        [0.2302, 0.2507, 0.2777, 0.2414],
        [0.2412, 0.2697, 0.2621, 0.2270],
        [0.1722, 0.1750, 0.4651, 0.1877],
        [0.1708, 0.1780, 0.4652, 0.1860],
        [0.2270, 0.2413, 0.2515, 0.2802]], device='cuda:0')
tensor([[0.2239, 0.2495, 0.2898, 0.2368],
        [0.2265, 0.2470, 0.2887, 0.2378],
        [0.2425, 0.2619, 0.2646, 0.2310],
        [0.2373, 0.2416, 0.2604, 0.2607],
        [0.1767, 0.1786, 0.4597, 0.1850],
        [0.1742, 0.1770, 0.4598, 0.1890],
        [0.2454, 0.2449, 0.2459, 0.2638]], device='cuda:0')
tensor([[0.1401, 0.1505, 0.5361, 0.1733],
        [0.1405, 0.1520, 0.5464, 0.1611]], device='cuda:0')
tensor([[0.1444, 0.1574, 0.5380, 0.1603],
        [0.1495, 0.1579, 0.5266, 0.1661],
        [0.2142, 0.2404, 0.2673, 0.2781]], device='cuda:0')
tensor([[0.2194, 0.2477, 0.3055, 0.2274],
        [0.1522, 0.1613, 0.5271, 0.1594],
        [0.1618, 0.1728, 0.4698, 0.1957],
        [0.2287, 0.2432, 0.2546, 0.2734]], device='cuda:0')
tensor([[0.2219, 0.2528, 0.3033, 0.2220],
        [0.2298, 0.2497, 0.2948, 0.2258],
        [0.1765, 0.1857, 0.4539, 0.1839],
        [0.1702, 0.1784, 0.4554, 0.1961],
        [0.2346, 0.2404, 0.2406, 0.2845]], device='cuda:0')
tensor([[0.1629, 0.1666, 0.5327, 0.1377],
        [0.1785, 0.1693, 0.4960, 0.1561],
        [0.2123, 0.2193, 0.2810, 0.2874],
        [0.1295, 0.1377, 0.5205, 0.2124],
        [0.1373, 0.1463, 0.4878, 0.2285],
        [0.1440, 0.1487, 0.2107, 0.4967]], device='cuda:0')
tensor([[0.1926, 0.1753, 0.4935, 0.1387],
        [0.2121, 0.1805, 0.4496, 0.1578],
        [0.2521, 0.2382, 0.2588, 0.2509],
        [0.2212, 0.2084, 0.2570, 0.3134],
        [0.1446, 0.1461, 0.4854, 0.2240],
        [0.1255, 0.1290, 0.5147, 0.2307],
        [0.1718, 0.1625, 0.2044, 0.4613]], device='cuda:0')
#####################
10/14 02:02:18午後 evaluateStageRelax_trainer.py:198 [INFO] Train: Epoch: [3][100/703]	Step 2212	lr 0.02495	Loss 3.4317 (3.7445)	Hard Loss 0.0000 (0.0000)	Soft Loss 0.0000 (0.0000)	Prec@(1,5) (30.5%, 63.7%)	
10/14 02:02:35午後 evaluateStageRelax_trainer.py:198 [INFO] Train: Epoch: [3][200/703]	Step 2312	lr 0.02495	Loss 3.6486 (3.7073)	Hard Loss 0.0000 (0.0000)	Soft Loss 0.0000 (0.0000)	Prec@(1,5) (31.0%, 64.3%)	
10/14 02:02:52午後 evaluateStageRelax_trainer.py:198 [INFO] Train: Epoch: [3][300/703]	Step 2412	lr 0.02495	Loss 3.4035 (3.6756)	Hard Loss 0.0000 (0.0000)	Soft Loss 0.0000 (0.0000)	Prec@(1,5) (31.7%, 64.7%)	
10/14 02:03:10午後 evaluateStageRelax_trainer.py:198 [INFO] Train: Epoch: [3][400/703]	Step 2512	lr 0.02495	Loss 3.8432 (3.6533)	Hard Loss 0.0000 (0.0000)	Soft Loss 0.0000 (0.0000)	Prec@(1,5) (32.2%, 65.1%)	
10/14 02:03:27午後 evaluateStageRelax_trainer.py:198 [INFO] Train: Epoch: [3][500/703]	Step 2612	lr 0.02495	Loss 3.3561 (3.6212)	Hard Loss 0.0000 (0.0000)	Soft Loss 0.0000 (0.0000)	Prec@(1,5) (32.5%, 65.6%)	
10/14 02:03:44午後 evaluateStageRelax_trainer.py:198 [INFO] Train: Epoch: [3][600/703]	Step 2712	lr 0.02495	Loss 3.2483 (3.5969)	Hard Loss 0.0000 (0.0000)	Soft Loss 0.0000 (0.0000)	Prec@(1,5) (33.0%, 66.1%)	
10/14 02:04:01午後 evaluateStageRelax_trainer.py:198 [INFO] Train: Epoch: [3][700/703]	Step 2812	lr 0.02495	Loss 3.2669 (3.5751)	Hard Loss 0.0000 (0.0000)	Soft Loss 0.0000 (0.0000)	Prec@(1,5) (33.3%, 66.5%)	
10/14 02:04:02午後 evaluateStageRelax_trainer.py:198 [INFO] Train: Epoch: [3][703/703]	Step 2815	lr 0.02495	Loss 4.2060 (3.5752)	Hard Loss 0.0000 (0.0000)	Soft Loss 0.0000 (0.0000)	Prec@(1,5) (33.3%, 66.5%)	
10/14 02:04:02午後 evaluateStageRelax_trainer.py:207 [INFO] Train: [  3/99] Final Prec@1 33.3111%
10/14 02:04:07午後 evaluateStageRelax_trainer.py:242 [INFO] Valid: [  3/99] Final Prec@1 31.8600%
10/14 02:04:08午後 evaluateStageRelax_main.py:73 [INFO] Until now, best Prec@1 = 31.8600%
####### ALPHA #######
# Alpha - DAG
tensor([[0.1750, 0.1787, 0.4658, 0.1805],
        [0.1756, 0.1783, 0.4658, 0.1803]], device='cuda:0')
tensor([[0.1399, 0.1576, 0.5315, 0.1710],
        [0.1362, 0.1540, 0.5423, 0.1675],
        [0.2383, 0.2561, 0.2621, 0.2435]], device='cuda:0')
tensor([[0.2391, 0.2454, 0.2577, 0.2578],
        [0.1704, 0.1749, 0.4730, 0.1817],
        [0.2478, 0.2536, 0.2516, 0.2470],
        [0.1646, 0.1640, 0.5009, 0.1704]], device='cuda:0')
tensor([[0.2484, 0.2523, 0.2528, 0.2465],
        [0.2497, 0.2528, 0.2532, 0.2443],
        [0.2486, 0.2482, 0.2507, 0.2526],
        [0.1796, 0.1766, 0.4570, 0.1868],
        [0.1799, 0.1830, 0.4563, 0.1808]], device='cuda:0')
tensor([[0.2391, 0.2277, 0.2554, 0.2778],
        [0.2411, 0.2290, 0.2617, 0.2682],
        [0.2390, 0.2447, 0.2602, 0.2561],
        [0.1381, 0.1345, 0.5876, 0.1399],
        [0.1666, 0.1686, 0.4878, 0.1770],
        [0.2495, 0.2464, 0.2503, 0.2538]], device='cuda:0')
tensor([[0.2183, 0.2242, 0.2622, 0.2953],
        [0.2176, 0.2254, 0.2728, 0.2842],
        [0.2434, 0.2527, 0.2622, 0.2417],
        [0.2101, 0.2209, 0.3473, 0.2217],
        [0.1605, 0.1664, 0.5076, 0.1655],
        [0.2439, 0.2484, 0.2615, 0.2463],
        [0.1602, 0.1673, 0.5034, 0.1691]], device='cuda:0')
tensor([[0.1748, 0.1801, 0.4634, 0.1817],
        [0.1755, 0.1817, 0.4628, 0.1800]], device='cuda:0')
tensor([[0.1742, 0.1787, 0.4671, 0.1799],
        [0.1757, 0.1775, 0.4657, 0.1811],
        [0.2464, 0.2498, 0.2527, 0.2511]], device='cuda:0')
tensor([[0.2479, 0.2525, 0.2579, 0.2417],
        [0.1763, 0.1796, 0.4681, 0.1761],
        [0.1802, 0.1812, 0.4542, 0.1844],
        [0.2391, 0.2484, 0.2507, 0.2617]], device='cuda:0')
tensor([[0.2456, 0.2425, 0.2564, 0.2554],
        [0.2460, 0.2426, 0.2551, 0.2563],
        [0.1829, 0.1837, 0.4556, 0.1778],
        [0.1833, 0.1851, 0.4504, 0.1812],
        [0.2492, 0.2520, 0.2499, 0.2489]], device='cuda:0')
tensor([[0.2327, 0.2539, 0.2775, 0.2359],
        [0.2302, 0.2507, 0.2777, 0.2414],
        [0.2412, 0.2697, 0.2621, 0.2270],
        [0.1722, 0.1750, 0.4651, 0.1877],
        [0.1708, 0.1780, 0.4652, 0.1860],
        [0.2270, 0.2413, 0.2515, 0.2802]], device='cuda:0')
tensor([[0.2239, 0.2495, 0.2898, 0.2368],
        [0.2265, 0.2470, 0.2887, 0.2378],
        [0.2425, 0.2619, 0.2646, 0.2310],
        [0.2373, 0.2416, 0.2604, 0.2607],
        [0.1767, 0.1786, 0.4597, 0.1850],
        [0.1742, 0.1770, 0.4598, 0.1890],
        [0.2454, 0.2449, 0.2459, 0.2638]], device='cuda:0')
tensor([[0.1401, 0.1505, 0.5361, 0.1733],
        [0.1405, 0.1520, 0.5464, 0.1611]], device='cuda:0')
tensor([[0.1444, 0.1574, 0.5380, 0.1603],
        [0.1495, 0.1579, 0.5266, 0.1661],
        [0.2142, 0.2404, 0.2673, 0.2781]], device='cuda:0')
tensor([[0.2194, 0.2477, 0.3055, 0.2274],
        [0.1522, 0.1613, 0.5271, 0.1594],
        [0.1618, 0.1728, 0.4698, 0.1957],
        [0.2287, 0.2432, 0.2546, 0.2734]], device='cuda:0')
tensor([[0.2219, 0.2528, 0.3033, 0.2220],
        [0.2298, 0.2497, 0.2948, 0.2258],
        [0.1765, 0.1857, 0.4539, 0.1839],
        [0.1702, 0.1784, 0.4554, 0.1961],
        [0.2346, 0.2404, 0.2406, 0.2845]], device='cuda:0')
tensor([[0.1629, 0.1666, 0.5327, 0.1377],
        [0.1785, 0.1693, 0.4960, 0.1561],
        [0.2123, 0.2193, 0.2810, 0.2874],
        [0.1295, 0.1377, 0.5205, 0.2124],
        [0.1373, 0.1463, 0.4878, 0.2285],
        [0.1440, 0.1487, 0.2107, 0.4967]], device='cuda:0')
tensor([[0.1926, 0.1753, 0.4935, 0.1387],
        [0.2121, 0.1805, 0.4496, 0.1578],
        [0.2521, 0.2382, 0.2588, 0.2509],
        [0.2212, 0.2084, 0.2570, 0.3134],
        [0.1446, 0.1461, 0.4854, 0.2240],
        [0.1255, 0.1290, 0.5147, 0.2307],
        [0.1718, 0.1625, 0.2044, 0.4613]], device='cuda:0')
#####################
10/14 02:04:25午後 evaluateStageRelax_trainer.py:198 [INFO] Train: Epoch: [4][100/703]	Step 2916	lr 0.02491	Loss 2.9604 (3.2565)	Hard Loss 0.0000 (0.0000)	Soft Loss 0.0000 (0.0000)	Prec@(1,5) (37.8%, 71.3%)	
10/14 02:04:43午後 evaluateStageRelax_trainer.py:198 [INFO] Train: Epoch: [4][200/703]	Step 3016	lr 0.02491	Loss 3.4467 (3.2817)	Hard Loss 0.0000 (0.0000)	Soft Loss 0.0000 (0.0000)	Prec@(1,5) (37.8%, 70.7%)	
10/14 02:05:00午後 evaluateStageRelax_trainer.py:198 [INFO] Train: Epoch: [4][300/703]	Step 3116	lr 0.02491	Loss 3.4420 (3.2865)	Hard Loss 0.0000 (0.0000)	Soft Loss 0.0000 (0.0000)	Prec@(1,5) (37.9%, 70.7%)	
10/14 02:05:17午後 evaluateStageRelax_trainer.py:198 [INFO] Train: Epoch: [4][400/703]	Step 3216	lr 0.02491	Loss 3.4015 (3.2792)	Hard Loss 0.0000 (0.0000)	Soft Loss 0.0000 (0.0000)	Prec@(1,5) (37.8%, 70.9%)	
10/14 02:05:35午後 evaluateStageRelax_trainer.py:198 [INFO] Train: Epoch: [4][500/703]	Step 3316	lr 0.02491	Loss 3.5883 (3.2604)	Hard Loss 0.0000 (0.0000)	Soft Loss 0.0000 (0.0000)	Prec@(1,5) (38.1%, 71.1%)	
10/14 02:05:52午後 evaluateStageRelax_trainer.py:198 [INFO] Train: Epoch: [4][600/703]	Step 3416	lr 0.02491	Loss 3.1181 (3.2509)	Hard Loss 0.0000 (0.0000)	Soft Loss 0.0000 (0.0000)	Prec@(1,5) (38.3%, 71.4%)	
10/14 02:06:09午後 evaluateStageRelax_trainer.py:198 [INFO] Train: Epoch: [4][700/703]	Step 3516	lr 0.02491	Loss 3.6613 (3.2391)	Hard Loss 0.0000 (0.0000)	Soft Loss 0.0000 (0.0000)	Prec@(1,5) (38.5%, 71.5%)	
10/14 02:06:10午後 evaluateStageRelax_trainer.py:198 [INFO] Train: Epoch: [4][703/703]	Step 3519	lr 0.02491	Loss 3.7505 (3.2399)	Hard Loss 0.0000 (0.0000)	Soft Loss 0.0000 (0.0000)	Prec@(1,5) (38.5%, 71.5%)	
10/14 02:06:10午後 evaluateStageRelax_trainer.py:207 [INFO] Train: [  4/99] Final Prec@1 38.5200%
10/14 02:06:15午後 evaluateStageRelax_trainer.py:242 [INFO] Valid: [  4/99] Final Prec@1 38.7600%
10/14 02:06:16午後 evaluateStageRelax_main.py:73 [INFO] Until now, best Prec@1 = 38.7600%
####### ALPHA #######
# Alpha - DAG
tensor([[0.1750, 0.1787, 0.4658, 0.1805],
        [0.1756, 0.1783, 0.4658, 0.1803]], device='cuda:0')
tensor([[0.1399, 0.1576, 0.5315, 0.1710],
        [0.1362, 0.1540, 0.5423, 0.1675],
        [0.2383, 0.2561, 0.2621, 0.2435]], device='cuda:0')
tensor([[0.2391, 0.2454, 0.2577, 0.2578],
        [0.1704, 0.1749, 0.4730, 0.1817],
        [0.2478, 0.2536, 0.2516, 0.2470],
        [0.1646, 0.1640, 0.5009, 0.1704]], device='cuda:0')
tensor([[0.2484, 0.2523, 0.2528, 0.2465],
        [0.2497, 0.2528, 0.2532, 0.2443],
        [0.2486, 0.2482, 0.2507, 0.2526],
        [0.1796, 0.1766, 0.4570, 0.1868],
        [0.1799, 0.1830, 0.4563, 0.1808]], device='cuda:0')
tensor([[0.2391, 0.2277, 0.2554, 0.2778],
        [0.2411, 0.2290, 0.2617, 0.2682],
        [0.2390, 0.2447, 0.2602, 0.2561],
        [0.1381, 0.1345, 0.5876, 0.1399],
        [0.1666, 0.1686, 0.4878, 0.1770],
        [0.2495, 0.2464, 0.2503, 0.2538]], device='cuda:0')
tensor([[0.2183, 0.2242, 0.2622, 0.2953],
        [0.2176, 0.2254, 0.2728, 0.2842],
        [0.2434, 0.2527, 0.2622, 0.2417],
        [0.2101, 0.2209, 0.3473, 0.2217],
        [0.1605, 0.1664, 0.5076, 0.1655],
        [0.2439, 0.2484, 0.2615, 0.2463],
        [0.1602, 0.1673, 0.5034, 0.1691]], device='cuda:0')
tensor([[0.1748, 0.1801, 0.4634, 0.1817],
        [0.1755, 0.1817, 0.4628, 0.1800]], device='cuda:0')
tensor([[0.1742, 0.1787, 0.4671, 0.1799],
        [0.1757, 0.1775, 0.4657, 0.1811],
        [0.2464, 0.2498, 0.2527, 0.2511]], device='cuda:0')
tensor([[0.2479, 0.2525, 0.2579, 0.2417],
        [0.1763, 0.1796, 0.4681, 0.1761],
        [0.1802, 0.1812, 0.4542, 0.1844],
        [0.2391, 0.2484, 0.2507, 0.2617]], device='cuda:0')
tensor([[0.2456, 0.2425, 0.2564, 0.2554],
        [0.2460, 0.2426, 0.2551, 0.2563],
        [0.1829, 0.1837, 0.4556, 0.1778],
        [0.1833, 0.1851, 0.4504, 0.1812],
        [0.2492, 0.2520, 0.2499, 0.2489]], device='cuda:0')
tensor([[0.2327, 0.2539, 0.2775, 0.2359],
        [0.2302, 0.2507, 0.2777, 0.2414],
        [0.2412, 0.2697, 0.2621, 0.2270],
        [0.1722, 0.1750, 0.4651, 0.1877],
        [0.1708, 0.1780, 0.4652, 0.1860],
        [0.2270, 0.2413, 0.2515, 0.2802]], device='cuda:0')
tensor([[0.2239, 0.2495, 0.2898, 0.2368],
        [0.2265, 0.2470, 0.2887, 0.2378],
        [0.2425, 0.2619, 0.2646, 0.2310],
        [0.2373, 0.2416, 0.2604, 0.2607],
        [0.1767, 0.1786, 0.4597, 0.1850],
        [0.1742, 0.1770, 0.4598, 0.1890],
        [0.2454, 0.2449, 0.2459, 0.2638]], device='cuda:0')
tensor([[0.1401, 0.1505, 0.5361, 0.1733],
        [0.1405, 0.1520, 0.5464, 0.1611]], device='cuda:0')
tensor([[0.1444, 0.1574, 0.5380, 0.1603],
        [0.1495, 0.1579, 0.5266, 0.1661],
        [0.2142, 0.2404, 0.2673, 0.2781]], device='cuda:0')
tensor([[0.2194, 0.2477, 0.3055, 0.2274],
        [0.1522, 0.1613, 0.5271, 0.1594],
        [0.1618, 0.1728, 0.4698, 0.1957],
        [0.2287, 0.2432, 0.2546, 0.2734]], device='cuda:0')
tensor([[0.2219, 0.2528, 0.3033, 0.2220],
        [0.2298, 0.2497, 0.2948, 0.2258],
        [0.1765, 0.1857, 0.4539, 0.1839],
        [0.1702, 0.1784, 0.4554, 0.1961],
        [0.2346, 0.2404, 0.2406, 0.2845]], device='cuda:0')
tensor([[0.1629, 0.1666, 0.5327, 0.1377],
        [0.1785, 0.1693, 0.4960, 0.1561],
        [0.2123, 0.2193, 0.2810, 0.2874],
        [0.1295, 0.1377, 0.5205, 0.2124],
        [0.1373, 0.1463, 0.4878, 0.2285],
        [0.1440, 0.1487, 0.2107, 0.4967]], device='cuda:0')
tensor([[0.1926, 0.1753, 0.4935, 0.1387],
        [0.2121, 0.1805, 0.4496, 0.1578],
        [0.2521, 0.2382, 0.2588, 0.2509],
        [0.2212, 0.2084, 0.2570, 0.3134],
        [0.1446, 0.1461, 0.4854, 0.2240],
        [0.1255, 0.1290, 0.5147, 0.2307],
        [0.1718, 0.1625, 0.2044, 0.4613]], device='cuda:0')
#####################
10/14 02:06:34午後 evaluateStageRelax_trainer.py:198 [INFO] Train: Epoch: [5][100/703]	Step 3620	lr 0.02485	Loss 2.8213 (3.0168)	Hard Loss 0.0000 (0.0000)	Soft Loss 0.0000 (0.0000)	Prec@(1,5) (41.9%, 74.8%)	
10/14 02:06:51午後 evaluateStageRelax_trainer.py:198 [INFO] Train: Epoch: [5][200/703]	Step 3720	lr 0.02485	Loss 3.0450 (3.0186)	Hard Loss 0.0000 (0.0000)	Soft Loss 0.0000 (0.0000)	Prec@(1,5) (41.6%, 74.8%)	
10/14 02:07:08午後 evaluateStageRelax_trainer.py:198 [INFO] Train: Epoch: [5][300/703]	Step 3820	lr 0.02485	Loss 3.2963 (2.9895)	Hard Loss 0.0000 (0.0000)	Soft Loss 0.0000 (0.0000)	Prec@(1,5) (42.4%, 75.1%)	
10/14 02:07:26午後 evaluateStageRelax_trainer.py:198 [INFO] Train: Epoch: [5][400/703]	Step 3920	lr 0.02485	Loss 2.6039 (2.9884)	Hard Loss 0.0000 (0.0000)	Soft Loss 0.0000 (0.0000)	Prec@(1,5) (42.3%, 75.3%)	
10/14 02:07:43午後 evaluateStageRelax_trainer.py:198 [INFO] Train: Epoch: [5][500/703]	Step 4020	lr 0.02485	Loss 2.6010 (2.9787)	Hard Loss 0.0000 (0.0000)	Soft Loss 0.0000 (0.0000)	Prec@(1,5) (42.7%, 75.4%)	
10/14 02:08:01午後 evaluateStageRelax_trainer.py:198 [INFO] Train: Epoch: [5][600/703]	Step 4120	lr 0.02485	Loss 2.8873 (2.9662)	Hard Loss 0.0000 (0.0000)	Soft Loss 0.0000 (0.0000)	Prec@(1,5) (43.1%, 75.6%)	
10/14 02:08:18午後 evaluateStageRelax_trainer.py:198 [INFO] Train: Epoch: [5][700/703]	Step 4220	lr 0.02485	Loss 3.0794 (2.9674)	Hard Loss 0.0000 (0.0000)	Soft Loss 0.0000 (0.0000)	Prec@(1,5) (43.0%, 75.6%)	
10/14 02:08:19午後 evaluateStageRelax_trainer.py:198 [INFO] Train: Epoch: [5][703/703]	Step 4223	lr 0.02485	Loss 3.2861 (2.9679)	Hard Loss 0.0000 (0.0000)	Soft Loss 0.0000 (0.0000)	Prec@(1,5) (43.0%, 75.6%)	
10/14 02:08:19午後 evaluateStageRelax_trainer.py:207 [INFO] Train: [  5/99] Final Prec@1 43.0333%
10/14 02:08:24午後 evaluateStageRelax_trainer.py:242 [INFO] Valid: [  5/99] Final Prec@1 40.1200%
10/14 02:08:25午後 evaluateStageRelax_main.py:73 [INFO] Until now, best Prec@1 = 40.1200%
####### ALPHA #######
# Alpha - DAG
tensor([[0.1750, 0.1787, 0.4658, 0.1805],
        [0.1756, 0.1783, 0.4658, 0.1803]], device='cuda:0')
tensor([[0.1399, 0.1576, 0.5315, 0.1710],
        [0.1362, 0.1540, 0.5423, 0.1675],
        [0.2383, 0.2561, 0.2621, 0.2435]], device='cuda:0')
tensor([[0.2391, 0.2454, 0.2577, 0.2578],
        [0.1704, 0.1749, 0.4730, 0.1817],
        [0.2478, 0.2536, 0.2516, 0.2470],
        [0.1646, 0.1640, 0.5009, 0.1704]], device='cuda:0')
tensor([[0.2484, 0.2523, 0.2528, 0.2465],
        [0.2497, 0.2528, 0.2532, 0.2443],
        [0.2486, 0.2482, 0.2507, 0.2526],
        [0.1796, 0.1766, 0.4570, 0.1868],
        [0.1799, 0.1830, 0.4563, 0.1808]], device='cuda:0')
tensor([[0.2391, 0.2277, 0.2554, 0.2778],
        [0.2411, 0.2290, 0.2617, 0.2682],
        [0.2390, 0.2447, 0.2602, 0.2561],
        [0.1381, 0.1345, 0.5876, 0.1399],
        [0.1666, 0.1686, 0.4878, 0.1770],
        [0.2495, 0.2464, 0.2503, 0.2538]], device='cuda:0')
tensor([[0.2183, 0.2242, 0.2622, 0.2953],
        [0.2176, 0.2254, 0.2728, 0.2842],
