08/28 03:29:06AM parser.py:28 [INFO] 
08/28 03:29:06AM parser.py:29 [INFO] Parameters:
08/28 03:29:06AM parser.py:31 [INFO] DAG_PATH=results/search_stage_KD/cifar100/noSWDL/s4-BaselineBestCell/DAG
08/28 03:29:06AM parser.py:31 [INFO] T=10.0
08/28 03:29:06AM parser.py:31 [INFO] ADVANCED=True
08/28 03:29:06AM parser.py:31 [INFO] ALPHA_LR=0.0003
08/28 03:29:06AM parser.py:31 [INFO] ALPHA_WEIGHT_DECAY=0.001
08/28 03:29:06AM parser.py:31 [INFO] BATCH_SIZE=64
08/28 03:29:06AM parser.py:31 [INFO] CASCADE=False
08/28 03:29:06AM parser.py:31 [INFO] CHECKPOINT_RESET=False
08/28 03:29:06AM parser.py:31 [INFO] CUTOUT_LENGTH=0
08/28 03:29:06AM parser.py:31 [INFO] DATA_PATH=../data/
08/28 03:29:06AM parser.py:31 [INFO] DATASET=cifar100
08/28 03:29:06AM parser.py:31 [INFO] DEPTH_COEF=0.0
08/28 03:29:06AM parser.py:31 [INFO] DESCRIPTION=search_architecture_on_noKD_without_depth_loss_with_large_slidewindoe
08/28 03:29:06AM parser.py:31 [INFO] EPOCHS=50
08/28 03:29:06AM parser.py:31 [INFO] EXP_NAME=s4-BaselineBestCell
08/28 03:29:06AM parser.py:31 [INFO] GENOTYPE=Genotype3(normal1=[[('sep_conv_5x5', 0), ('sep_conv_3x3', 1)], [('sep_conv_3x3', 1), ('sep_conv_3x3', 0)], [('sep_conv_3x3', 1), ('sep_conv_3x3', 2)], [('sep_conv_3x3', 0), ('sep_conv_5x5', 4)]], normal1_concat=range(2, 6), reduce1=[[('sep_conv_3x3', 0), ('skip_connect', 1)], [('sep_conv_3x3', 1), ('max_pool_3x3', 0)], [('sep_conv_3x3', 2), ('sep_conv_3x3', 1)], [('max_pool_3x3', 0), ('dil_conv_3x3', 1)]], reduce1_concat=range(2, 6), normal2=[[('skip_connect', 0), ('sep_conv_5x5', 1)], [('skip_connect', 0), ('skip_connect', 2)], [('avg_pool_3x3', 0), ('avg_pool_3x3', 2)], [('skip_connect', 0), ('avg_pool_3x3', 2)]], normal2_concat=range(2, 6), reduce2=[[('avg_pool_3x3', 0), ('avg_pool_3x3', 1)], [('avg_pool_3x3', 0), ('skip_connect', 2)], [('skip_connect', 2), ('avg_pool_3x3', 0)], [('skip_connect', 2), ('avg_pool_3x3', 0)]], reduce2_concat=range(2, 6), normal3=[[('skip_connect', 0), ('skip_connect', 1)], [('skip_connect', 0), ('dil_conv_3x3', 1)], [('skip_connect', 0), ('skip_connect', 1)], [('skip_connect', 0), ('skip_connect', 2)]], normal3_concat=range(2, 6))
08/28 03:29:06AM parser.py:31 [INFO] GPUS=[0]
08/28 03:29:06AM parser.py:31 [INFO] INIT_CHANNELS=16
08/28 03:29:06AM parser.py:31 [INFO] L=0.5
08/28 03:29:06AM parser.py:31 [INFO] LAYERS=20
08/28 03:29:06AM parser.py:31 [INFO] LOGGER=<Logger H-DAS (INFO)>
08/28 03:29:06AM parser.py:31 [INFO] NAME=noSWDL
08/28 03:29:06AM parser.py:31 [INFO] NONKD=True
08/28 03:29:06AM parser.py:31 [INFO] PATH=results/search_stage_KD/cifar100/noSWDL/s4-BaselineBestCell
08/28 03:29:06AM parser.py:31 [INFO] PCDARTS=False
08/28 03:29:06AM parser.py:31 [INFO] PLOT_PATH=results/search_stage_KD/cifar100/noSWDL/s4-BaselineBestCell/plots
08/28 03:29:06AM parser.py:31 [INFO] PRINT_FREQ=50
08/28 03:29:06AM parser.py:31 [INFO] RESUME_PATH=None
08/28 03:29:06AM parser.py:31 [INFO] SAVE=s4-BaselineBestCell
08/28 03:29:06AM parser.py:31 [INFO] SEED=4
08/28 03:29:06AM parser.py:31 [INFO] SHARE_STAGE=False
08/28 03:29:06AM parser.py:31 [INFO] SLIDE_WINDOW=8
08/28 03:29:06AM parser.py:31 [INFO] SPEC_CELL=True
08/28 03:29:06AM parser.py:31 [INFO] TEACHER_NAME=non
08/28 03:29:06AM parser.py:31 [INFO] TEACHER_PATH=non
08/28 03:29:06AM parser.py:31 [INFO] TRAIN_PORTION=0.5
08/28 03:29:06AM parser.py:31 [INFO] W_GRAD_CLIP=5.0
08/28 03:29:06AM parser.py:31 [INFO] W_LR=0.025
08/28 03:29:06AM parser.py:31 [INFO] W_LR_MIN=0.001
08/28 03:29:06AM parser.py:31 [INFO] W_MOMENTUM=0.9
08/28 03:29:06AM parser.py:31 [INFO] W_WEIGHT_DECAY=0.0003
08/28 03:29:06AM parser.py:31 [INFO] WORKERS=4
08/28 03:29:06AM parser.py:32 [INFO] 
08/28 03:29:24AM searchStage_trainer.py:137 [INFO] --> No loaded checkpoint!
####### ALPHA #######
# Alpha - DAG
tensor([[0.2495, 0.2500, 0.2505, 0.2501],
        [0.2503, 0.2499, 0.2496, 0.2502]], device='cuda:0',
       grad_fn=<SoftmaxBackward0>)
tensor([[0.2500, 0.2499, 0.2500, 0.2502],
        [0.2501, 0.2501, 0.2499, 0.2500],
        [0.2497, 0.2503, 0.2499, 0.2501]], device='cuda:0',
       grad_fn=<SoftmaxBackward0>)
tensor([[0.2497, 0.2503, 0.2501, 0.2499],
        [0.2498, 0.2503, 0.2502, 0.2497],
        [0.2502, 0.2498, 0.2504, 0.2497],
        [0.2499, 0.2501, 0.2501, 0.2499]], device='cuda:0',
       grad_fn=<SoftmaxBackward0>)
tensor([[0.2496, 0.2502, 0.2499, 0.2503],
        [0.2498, 0.2498, 0.2503, 0.2502],
        [0.2501, 0.2505, 0.2496, 0.2498],
        [0.2502, 0.2500, 0.2499, 0.2500],
        [0.2503, 0.2501, 0.2497, 0.2499]], device='cuda:0',
       grad_fn=<SoftmaxBackward0>)
tensor([[0.2498, 0.2503, 0.2503, 0.2496],
        [0.2499, 0.2496, 0.2506, 0.2499],
        [0.2502, 0.2500, 0.2497, 0.2501],
        [0.2498, 0.2501, 0.2498, 0.2504],
        [0.2498, 0.2503, 0.2502, 0.2497],
        [0.2501, 0.2498, 0.2502, 0.2499]], device='cuda:0',
       grad_fn=<SoftmaxBackward0>)
tensor([[0.2498, 0.2499, 0.2504, 0.2498],
        [0.2503, 0.2501, 0.2497, 0.2500],
        [0.2500, 0.2499, 0.2502, 0.2499],
        [0.2498, 0.2501, 0.2501, 0.2500],
        [0.2503, 0.2501, 0.2499, 0.2497],
        [0.2502, 0.2500, 0.2500, 0.2497],
        [0.2499, 0.2501, 0.2502, 0.2498]], device='cuda:0',
       grad_fn=<SoftmaxBackward0>)
tensor([[0.2504, 0.2498, 0.2501, 0.2496],
        [0.2500, 0.2500, 0.2499, 0.2501]], device='cuda:0',
       grad_fn=<SoftmaxBackward0>)
tensor([[0.2503, 0.2500, 0.2498, 0.2499],
        [0.2497, 0.2502, 0.2500, 0.2501],
        [0.2500, 0.2501, 0.2499, 0.2501]], device='cuda:0',
       grad_fn=<SoftmaxBackward0>)
tensor([[0.2496, 0.2499, 0.2499, 0.2505],
        [0.2496, 0.2502, 0.2501, 0.2500],
        [0.2497, 0.2503, 0.2498, 0.2502],
        [0.2501, 0.2499, 0.2500, 0.2501]], device='cuda:0',
       grad_fn=<SoftmaxBackward0>)
tensor([[0.2502, 0.2500, 0.2499, 0.2499],
        [0.2501, 0.2498, 0.2500, 0.2501],
        [0.2504, 0.2498, 0.2500, 0.2498],
        [0.2500, 0.2500, 0.2500, 0.2501],
        [0.2500, 0.2502, 0.2498, 0.2500]], device='cuda:0',
       grad_fn=<SoftmaxBackward0>)
tensor([[0.2500, 0.2496, 0.2500, 0.2503],
        [0.2498, 0.2503, 0.2502, 0.2497],
        [0.2500, 0.2502, 0.2494, 0.2503],
        [0.2501, 0.2499, 0.2499, 0.2502],
        [0.2499, 0.2500, 0.2501, 0.2500],
        [0.2500, 0.2500, 0.2501, 0.2499]], device='cuda:0',
       grad_fn=<SoftmaxBackward0>)
tensor([[0.2503, 0.2499, 0.2500, 0.2498],
        [0.2500, 0.2496, 0.2501, 0.2503],
        [0.2501, 0.2499, 0.2498, 0.2502],
        [0.2499, 0.2500, 0.2502, 0.2499],
        [0.2499, 0.2501, 0.2501, 0.2500],
        [0.2502, 0.2499, 0.2501, 0.2498],
        [0.2497, 0.2504, 0.2499, 0.2500]], device='cuda:0',
       grad_fn=<SoftmaxBackward0>)
tensor([[0.2502, 0.2495, 0.2503, 0.2500],
        [0.2497, 0.2499, 0.2503, 0.2500]], device='cuda:0',
       grad_fn=<SoftmaxBackward0>)
tensor([[0.2500, 0.2498, 0.2496, 0.2505],
        [0.2497, 0.2499, 0.2500, 0.2504],
        [0.2499, 0.2501, 0.2499, 0.2501]], device='cuda:0',
       grad_fn=<SoftmaxBackward0>)
tensor([[0.2502, 0.2500, 0.2496, 0.2502],
        [0.2502, 0.2501, 0.2501, 0.2496],
        [0.2499, 0.2501, 0.2501, 0.2499],
        [0.2498, 0.2505, 0.2498, 0.2500]], device='cuda:0',
       grad_fn=<SoftmaxBackward0>)
tensor([[0.2503, 0.2496, 0.2501, 0.2499],
        [0.2499, 0.2498, 0.2501, 0.2502],
        [0.2501, 0.2501, 0.2497, 0.2500],
        [0.2502, 0.2502, 0.2497, 0.2499],
        [0.2498, 0.2499, 0.2502, 0.2501]], device='cuda:0',
       grad_fn=<SoftmaxBackward0>)
tensor([[0.2497, 0.2506, 0.2502, 0.2496],
        [0.2501, 0.2497, 0.2501, 0.2502],
        [0.2503, 0.2497, 0.2499, 0.2501],
        [0.2498, 0.2500, 0.2501, 0.2501],
        [0.2502, 0.2502, 0.2494, 0.2502],
        [0.2502, 0.2498, 0.2500, 0.2500]], device='cuda:0',
       grad_fn=<SoftmaxBackward0>)
tensor([[0.2496, 0.2500, 0.2501, 0.2503],
        [0.2500, 0.2500, 0.2500, 0.2500],
        [0.2501, 0.2498, 0.2500, 0.2500],
        [0.2499, 0.2501, 0.2504, 0.2496],
        [0.2497, 0.2503, 0.2500, 0.2500],
        [0.2499, 0.2500, 0.2501, 0.2500],
        [0.2500, 0.2500, 0.2502, 0.2498]], device='cuda:0',
       grad_fn=<SoftmaxBackward0>)
#####################
08/28 03:29:40AM searchStage_trainer.py:268 [INFO] Train: Epoch: [0][50/390]	Step 50	lr 0.025	Loss 4.5969 (4.7305)	Hard Loss 4.5969 (4.7305)	Soft Loss 4.5969 (4.7305)	Arch Loss 4.5000 (4.7562)	Arch Hard Loss 4.5000 (4.7562)	Arch Soft Loss 4.5000 (4.7562)	Arch depth Loss 0.0000 (0.0000)	Prec@(1,5) (1.8%, 7.7%)	
08/28 03:29:55AM searchStage_trainer.py:268 [INFO] Train: Epoch: [0][100/390]	Step 100	lr 0.025	Loss 4.3940 (4.6125)	Hard Loss 4.3940 (4.6125)	Soft Loss 4.3940 (4.6125)	Arch Loss 4.3283 (4.6318)	Arch Hard Loss 4.3283 (4.6318)	Arch Soft Loss 4.3283 (4.6318)	Arch depth Loss 0.0000 (0.0000)	Prec@(1,5) (2.3%, 9.8%)	
08/28 03:30:09AM searchStage_trainer.py:268 [INFO] Train: Epoch: [0][150/390]	Step 150	lr 0.025	Loss 4.2965 (4.4915)	Hard Loss 4.2965 (4.4915)	Soft Loss 4.2965 (4.4915)	Arch Loss 4.1454 (4.4970)	Arch Hard Loss 4.1454 (4.4970)	Arch Soft Loss 4.1454 (4.4970)	Arch depth Loss 0.0000 (0.0000)	Prec@(1,5) (3.2%, 12.9%)	
08/28 03:30:23AM searchStage_trainer.py:268 [INFO] Train: Epoch: [0][200/390]	Step 200	lr 0.025	Loss 4.0799 (4.4082)	Hard Loss 4.0799 (4.4082)	Soft Loss 4.0799 (4.4082)	Arch Loss 3.9378 (4.4123)	Arch Hard Loss 3.9378 (4.4123)	Arch Soft Loss 3.9378 (4.4123)	Arch depth Loss 0.0000 (0.0000)	Prec@(1,5) (4.0%, 15.0%)	
08/28 03:30:38AM searchStage_trainer.py:268 [INFO] Train: Epoch: [0][250/390]	Step 250	lr 0.025	Loss 3.8709 (4.3359)	Hard Loss 3.8709 (4.3359)	Soft Loss 3.8709 (4.3359)	Arch Loss 4.0031 (4.3370)	Arch Hard Loss 4.0031 (4.3370)	Arch Soft Loss 4.0031 (4.3370)	Arch depth Loss 0.0000 (0.0000)	Prec@(1,5) (4.5%, 16.8%)	
08/28 03:30:53AM searchStage_trainer.py:268 [INFO] Train: Epoch: [0][300/390]	Step 300	lr 0.025	Loss 3.9627 (4.2733)	Hard Loss 3.9627 (4.2733)	Soft Loss 3.9627 (4.2733)	Arch Loss 4.1444 (4.2789)	Arch Hard Loss 4.1444 (4.2789)	Arch Soft Loss 4.1444 (4.2789)	Arch depth Loss 0.0000 (0.0000)	Prec@(1,5) (5.1%, 18.6%)	
08/28 03:31:08AM searchStage_trainer.py:268 [INFO] Train: Epoch: [0][350/390]	Step 350	lr 0.025	Loss 3.8351 (4.2251)	Hard Loss 3.8351 (4.2251)	Soft Loss 3.8351 (4.2251)	Arch Loss 3.8165 (4.2240)	Arch Hard Loss 3.8165 (4.2240)	Arch Soft Loss 3.8165 (4.2240)	Arch depth Loss 0.0000 (0.0000)	Prec@(1,5) (5.6%, 20.1%)	
08/28 03:31:20AM searchStage_trainer.py:268 [INFO] Train: Epoch: [0][390/390]	Step 390	lr 0.025	Loss 4.1434 (4.1960)	Hard Loss 4.1434 (4.1960)	Soft Loss 4.1434 (4.1960)	Arch Loss 3.8726 (4.1897)	Arch Hard Loss 3.8726 (4.1897)	Arch Soft Loss 3.8726 (4.1897)	Arch depth Loss 0.0000 (0.0000)	Prec@(1,5) (5.9%, 20.8%)	
08/28 03:31:21AM searchStage_trainer.py:284 [INFO] Train: [  0/49] Final Prec@1 5.8720%
08/28 03:31:23AM searchStage_trainer.py:312 [INFO] Valid: Epoch: [0][50/391]	Step 391	Loss 3.9305	Prec@(1,5) (8.6%, 29.5%)
08/28 03:31:25AM searchStage_trainer.py:312 [INFO] Valid: Epoch: [0][100/391]	Step 391	Loss 3.9148	Prec@(1,5) (8.5%, 28.9%)
08/28 03:31:27AM searchStage_trainer.py:312 [INFO] Valid: Epoch: [0][150/391]	Step 391	Loss 3.9178	Prec@(1,5) (8.6%, 29.1%)
08/28 03:31:30AM searchStage_trainer.py:312 [INFO] Valid: Epoch: [0][200/391]	Step 391	Loss 3.9198	Prec@(1,5) (8.7%, 29.0%)
08/28 03:31:32AM searchStage_trainer.py:312 [INFO] Valid: Epoch: [0][250/391]	Step 391	Loss 3.9166	Prec@(1,5) (8.8%, 29.0%)
08/28 03:31:34AM searchStage_trainer.py:312 [INFO] Valid: Epoch: [0][300/391]	Step 391	Loss 3.9229	Prec@(1,5) (8.7%, 28.8%)
08/28 03:31:36AM searchStage_trainer.py:312 [INFO] Valid: Epoch: [0][350/391]	Step 391	Loss 3.9175	Prec@(1,5) (8.6%, 29.0%)
08/28 03:31:38AM searchStage_trainer.py:312 [INFO] Valid: Epoch: [0][390/391]	Step 391	Loss 3.9154	Prec@(1,5) (8.6%, 29.0%)
08/28 03:31:38AM searchStage_trainer.py:323 [INFO] Valid: [  0/49] Final Prec@1 8.5840%
08/28 03:31:38AM searchStage_KD_main.py:58 [INFO] DAG = Genotype2(DAG1=[[('skip_connect', 0), ('skip_connect', 1)], [('skip_connect', 0), ('skip_connect', 1)], [('skip_connect', 1), ('skip_connect', 2)], [('max_pool_3x3', 1), ('max_pool_3x3', 0)], [('skip_connect', 0), ('skip_connect', 1)], [('skip_connect', 0), ('skip_connect', 1)]], DAG1_concat=range(6, 8), DAG2=[[('skip_connect', 1), ('skip_connect', 0)], [('skip_connect', 2), ('skip_connect', 0)], [('skip_connect', 1), ('skip_connect', 0)], [('skip_connect', 0), ('skip_connect', 1)], [('max_pool_3x3', 0), ('skip_connect', 1)], [('max_pool_3x3', 0), ('max_pool_3x3', 1)]], DAG2_concat=range(6, 8), DAG3=[[('skip_connect', 1), ('skip_connect', 0)], [('skip_connect', 1), ('skip_connect', 0)], [('skip_connect', 0), ('skip_connect', 1)], [('max_pool_3x3', 1), ('skip_connect', 0)], [('skip_connect', 1), ('skip_connect', 0)], [('max_pool_3x3', 0), ('max_pool_3x3', 1)]], DAG3_concat=range(6, 8))
08/28 03:31:38AM searchStage_KD_main.py:89 [INFO] Until now, best Prec@1 = 8.5840%
####### ALPHA #######
# Alpha - DAG
tensor([[0.2468, 0.2495, 0.2534, 0.2502],
        [0.2490, 0.2494, 0.2516, 0.2500]], device='cuda:0',
       grad_fn=<SoftmaxBackward0>)
tensor([[0.2499, 0.2497, 0.2514, 0.2490],
        [0.2502, 0.2493, 0.2503, 0.2503],
        [0.2494, 0.2499, 0.2496, 0.2511]], device='cuda:0',
       grad_fn=<SoftmaxBackward0>)
tensor([[0.2496, 0.2499, 0.2507, 0.2498],
        [0.2494, 0.2500, 0.2520, 0.2487],
        [0.2500, 0.2492, 0.2512, 0.2496],
        [0.2492, 0.2496, 0.2503, 0.2509]], device='cuda:0',
       grad_fn=<SoftmaxBackward0>)
tensor([[0.2519, 0.2481, 0.2486, 0.2513],
        [0.2521, 0.2476, 0.2503, 0.2501],
        [0.2504, 0.2497, 0.2516, 0.2484],
        [0.2501, 0.2493, 0.2497, 0.2509],
        [0.2514, 0.2487, 0.2501, 0.2498]], device='cuda:0',
       grad_fn=<SoftmaxBackward0>)
tensor([[0.2524, 0.2505, 0.2539, 0.2433],
        [0.2522, 0.2496, 0.2534, 0.2448],
        [0.2501, 0.2479, 0.2507, 0.2514],
        [0.2491, 0.2485, 0.2493, 0.2531],
        [0.2483, 0.2489, 0.2500, 0.2527],
        [0.2485, 0.2494, 0.2482, 0.2539]], device='cuda:0',
       grad_fn=<SoftmaxBackward0>)
tensor([[0.2517, 0.2505, 0.2541, 0.2437],
        [0.2524, 0.2505, 0.2525, 0.2446],
        [0.2490, 0.2483, 0.2515, 0.2512],
        [0.2497, 0.2477, 0.2494, 0.2532],
        [0.2491, 0.2482, 0.2506, 0.2522],
        [0.2497, 0.2487, 0.2494, 0.2523],
        [0.2485, 0.2504, 0.2499, 0.2512]], device='cuda:0',
       grad_fn=<SoftmaxBackward0>)
tensor([[0.2455, 0.2491, 0.2554, 0.2500],
        [0.2463, 0.2491, 0.2561, 0.2484]], device='cuda:0',
       grad_fn=<SoftmaxBackward0>)
tensor([[0.2501, 0.2486, 0.2526, 0.2488],
        [0.2478, 0.2475, 0.2518, 0.2528],
        [0.2479, 0.2503, 0.2535, 0.2483]], device='cuda:0',
       grad_fn=<SoftmaxBackward0>)
tensor([[0.2457, 0.2506, 0.2540, 0.2497],
        [0.2463, 0.2502, 0.2541, 0.2494],
        [0.2475, 0.2499, 0.2524, 0.2502],
        [0.2466, 0.2519, 0.2505, 0.2511]], device='cuda:0',
       grad_fn=<SoftmaxBackward0>)
tensor([[0.2481, 0.2517, 0.2546, 0.2456],
        [0.2506, 0.2517, 0.2527, 0.2449],
        [0.2488, 0.2487, 0.2496, 0.2528],
        [0.2466, 0.2510, 0.2520, 0.2504],
        [0.2480, 0.2489, 0.2485, 0.2546]], device='cuda:0',
       grad_fn=<SoftmaxBackward0>)
tensor([[0.2533, 0.2518, 0.2529, 0.2419],
        [0.2495, 0.2498, 0.2540, 0.2467],
        [0.2482, 0.2498, 0.2488, 0.2532],
        [0.2500, 0.2468, 0.2522, 0.2511],
        [0.2475, 0.2497, 0.2492, 0.2536],
        [0.2495, 0.2476, 0.2504, 0.2525]], device='cuda:0',
       grad_fn=<SoftmaxBackward0>)
tensor([[0.2541, 0.2483, 0.2525, 0.2451],
        [0.2529, 0.2484, 0.2508, 0.2479],
        [0.2517, 0.2470, 0.2503, 0.2510],
        [0.2465, 0.2500, 0.2535, 0.2500],
        [0.2460, 0.2510, 0.2501, 0.2529],
        [0.2467, 0.2495, 0.2511, 0.2527],
        [0.2485, 0.2506, 0.2508, 0.2501]], device='cuda:0',
       grad_fn=<SoftmaxBackward0>)
tensor([[0.2474, 0.2429, 0.2602, 0.2495],
        [0.2457, 0.2429, 0.2611, 0.2502]], device='cuda:0',
       grad_fn=<SoftmaxBackward0>)
tensor([[0.2484, 0.2466, 0.2546, 0.2504],
        [0.2500, 0.2456, 0.2554, 0.2489],
        [0.2492, 0.2474, 0.2521, 0.2513]], device='cuda:0',
       grad_fn=<SoftmaxBackward0>)
tensor([[0.2482, 0.2480, 0.2551, 0.2487],
        [0.2469, 0.2472, 0.2549, 0.2509],
        [0.2515, 0.2461, 0.2496, 0.2528],
        [0.2489, 0.2491, 0.2542, 0.2478]], device='cuda:0',
       grad_fn=<SoftmaxBackward0>)
tensor([[0.2493, 0.2464, 0.2542, 0.2500],
        [0.2543, 0.2474, 0.2528, 0.2456],
        [0.2514, 0.2481, 0.2499, 0.2506],
        [0.2514, 0.2463, 0.2490, 0.2533],
        [0.2510, 0.2473, 0.2511, 0.2506]], device='cuda:0',
       grad_fn=<SoftmaxBackward0>)
tensor([[0.2514, 0.2497, 0.2540, 0.2449],
        [0.2530, 0.2483, 0.2549, 0.2437],
        [0.2515, 0.2452, 0.2518, 0.2515],
        [0.2485, 0.2486, 0.2518, 0.2511],
        [0.2493, 0.2480, 0.2497, 0.2530],
        [0.2498, 0.2472, 0.2468, 0.2562]], device='cuda:0',
       grad_fn=<SoftmaxBackward0>)
tensor([[0.2552, 0.2500, 0.2529, 0.2419],
        [0.2537, 0.2486, 0.2529, 0.2448],
        [0.2535, 0.2462, 0.2516, 0.2487],
        [0.2478, 0.2488, 0.2523, 0.2511],
        [0.2483, 0.2493, 0.2485, 0.2538],
        [0.2503, 0.2468, 0.2477, 0.2552],
        [0.2498, 0.2479, 0.2487, 0.2535]], device='cuda:0',
       grad_fn=<SoftmaxBackward0>)
#####################
08/28 03:31:55午前 searchStage_trainer.py:268 [INFO] Train: Epoch: [1][50/390]	Step 441	lr 0.02498	Loss 3.5035 (3.8704)	Hard Loss 3.5035 (3.8704)	Soft Loss 3.5035 (3.8704)	Arch Loss 3.5991 (3.8613)	Arch Hard Loss 3.5991 (3.8613)	Arch Soft Loss 3.5991 (3.8613)	Arch depth Loss 0.0000 (0.0000)	Prec@(1,5) (9.3%, 30.7%)	
08/28 03:32:10午前 searchStage_trainer.py:268 [INFO] Train: Epoch: [1][100/390]	Step 491	lr 0.02498	Loss 3.8918 (3.8386)	Hard Loss 3.8918 (3.8386)	Soft Loss 3.8918 (3.8386)	Arch Loss 3.8839 (3.8443)	Arch Hard Loss 3.8839 (3.8443)	Arch Soft Loss 3.8839 (3.8443)	Arch depth Loss 0.0000 (0.0000)	Prec@(1,5) (10.1%, 31.0%)	
08/28 03:32:25午前 searchStage_trainer.py:268 [INFO] Train: Epoch: [1][150/390]	Step 541	lr 0.02498	Loss 3.7133 (3.8231)	Hard Loss 3.7133 (3.8231)	Soft Loss 3.7133 (3.8231)	Arch Loss 3.8227 (3.8159)	Arch Hard Loss 3.8227 (3.8159)	Arch Soft Loss 3.8227 (3.8159)	Arch depth Loss 0.0000 (0.0000)	Prec@(1,5) (10.4%, 31.2%)	
08/28 03:32:40午前 searchStage_trainer.py:268 [INFO] Train: Epoch: [1][200/390]	Step 591	lr 0.02498	Loss 3.5800 (3.7919)	Hard Loss 3.5800 (3.7919)	Soft Loss 3.5800 (3.7919)	Arch Loss 3.8758 (3.7998)	Arch Hard Loss 3.8758 (3.7998)	Arch Soft Loss 3.8758 (3.7998)	Arch depth Loss 0.0000 (0.0000)	Prec@(1,5) (10.7%, 32.4%)	
08/28 03:32:55午前 searchStage_trainer.py:268 [INFO] Train: Epoch: [1][250/390]	Step 641	lr 0.02498	Loss 3.5408 (3.7725)	Hard Loss 3.5408 (3.7725)	Soft Loss 3.5408 (3.7725)	Arch Loss 3.7465 (3.7708)	Arch Hard Loss 3.7465 (3.7708)	Arch Soft Loss 3.7465 (3.7708)	Arch depth Loss 0.0000 (0.0000)	Prec@(1,5) (11.1%, 33.0%)	
08/28 03:33:10午前 searchStage_trainer.py:268 [INFO] Train: Epoch: [1][300/390]	Step 691	lr 0.02498	Loss 3.5674 (3.7534)	Hard Loss 3.5674 (3.7534)	Soft Loss 3.5674 (3.7534)	Arch Loss 3.2513 (3.7472)	Arch Hard Loss 3.2513 (3.7472)	Arch Soft Loss 3.2513 (3.7472)	Arch depth Loss -0.0000 (0.0000)	Prec@(1,5) (11.2%, 33.4%)	
08/28 03:33:25午前 searchStage_trainer.py:268 [INFO] Train: Epoch: [1][350/390]	Step 741	lr 0.02498	Loss 3.7753 (3.7319)	Hard Loss 3.7753 (3.7319)	Soft Loss 3.7753 (3.7319)	Arch Loss 3.6832 (3.7259)	Arch Hard Loss 3.6832 (3.7259)	Arch Soft Loss 3.6832 (3.7259)	Arch depth Loss -0.0000 (0.0000)	Prec@(1,5) (11.6%, 34.1%)	
08/28 03:33:36午前 searchStage_trainer.py:268 [INFO] Train: Epoch: [1][390/390]	Step 781	lr 0.02498	Loss 3.5453 (3.7213)	Hard Loss 3.5453 (3.7213)	Soft Loss 3.5453 (3.7213)	Arch Loss 3.3713 (3.7106)	Arch Hard Loss 3.3713 (3.7106)	Arch Soft Loss 3.3713 (3.7106)	Arch depth Loss -0.0000 (0.0000)	Prec@(1,5) (11.8%, 34.5%)	
08/28 03:33:37午前 searchStage_trainer.py:284 [INFO] Train: [  1/49] Final Prec@1 11.8120%
08/28 03:33:40午前 searchStage_trainer.py:312 [INFO] Valid: Epoch: [1][50/391]	Step 782	Loss 3.4936	Prec@(1,5) (15.1%, 41.5%)
08/28 03:33:42午前 searchStage_trainer.py:312 [INFO] Valid: Epoch: [1][100/391]	Step 782	Loss 3.5061	Prec@(1,5) (15.9%, 41.7%)
08/28 03:33:44午前 searchStage_trainer.py:312 [INFO] Valid: Epoch: [1][150/391]	Step 782	Loss 3.5249	Prec@(1,5) (15.5%, 41.1%)
08/28 03:33:46午前 searchStage_trainer.py:312 [INFO] Valid: Epoch: [1][200/391]	Step 782	Loss 3.5267	Prec@(1,5) (15.3%, 40.8%)
08/28 03:33:48午前 searchStage_trainer.py:312 [INFO] Valid: Epoch: [1][250/391]	Step 782	Loss 3.5297	Prec@(1,5) (15.3%, 40.7%)
08/28 03:33:50午前 searchStage_trainer.py:312 [INFO] Valid: Epoch: [1][300/391]	Step 782	Loss 3.5284	Prec@(1,5) (15.2%, 40.7%)
08/28 03:33:53午前 searchStage_trainer.py:312 [INFO] Valid: Epoch: [1][350/391]	Step 782	Loss 3.5317	Prec@(1,5) (15.3%, 40.5%)
08/28 03:33:54午前 searchStage_trainer.py:312 [INFO] Valid: Epoch: [1][390/391]	Step 782	Loss 3.5318	Prec@(1,5) (15.3%, 40.5%)
08/28 03:33:54午前 searchStage_trainer.py:323 [INFO] Valid: [  1/49] Final Prec@1 15.3240%
08/28 03:33:54午前 searchStage_KD_main.py:58 [INFO] DAG = Genotype2(DAG1=[[('skip_connect', 0), ('skip_connect', 1)], [('max_pool_3x3', 1), ('skip_connect', 0)], [('skip_connect', 2), ('skip_connect', 1)], [('max_pool_3x3', 1), ('max_pool_3x3', 3)], [('skip_connect', 0), ('skip_connect', 1)], [('skip_connect', 0), ('skip_connect', 1)]], DAG1_concat=range(6, 8), DAG2=[[('skip_connect', 1), ('skip_connect', 0)], [('skip_connect', 1), ('skip_connect', 0)], [('skip_connect', 0), ('skip_connect', 1)], [('skip_connect', 0), ('skip_connect', 1)], [('skip_connect', 1), ('max_pool_3x3', 0)], [('skip_connect', 0), ('skip_connect', 1)]], DAG2_concat=range(6, 8), DAG3=[[('skip_connect', 1), ('skip_connect', 0)], [('skip_connect', 1), ('skip_connect', 0)], [('skip_connect', 1), ('skip_connect', 0)], [('max_pool_3x3', 1), ('skip_connect', 0)], [('max_pool_3x3', 1), ('max_pool_3x3', 0)], [('max_pool_3x3', 0), ('max_pool_3x3', 1)]], DAG3_concat=range(6, 8))
08/28 03:33:55午前 searchStage_KD_main.py:89 [INFO] Until now, best Prec@1 = 15.3240%
####### ALPHA #######
# Alpha - DAG
tensor([[0.2439, 0.2458, 0.2613, 0.2489],
        [0.2461, 0.2460, 0.2568, 0.2510]], device='cuda:0',
       grad_fn=<SoftmaxBackward0>)
tensor([[0.2509, 0.2440, 0.2521, 0.2530],
        [0.2532, 0.2454, 0.2520, 0.2494],
        [0.2514, 0.2480, 0.2514, 0.2492]], device='cuda:0',
       grad_fn=<SoftmaxBackward0>)
tensor([[0.2508, 0.2465, 0.2516, 0.2511],
        [0.2509, 0.2471, 0.2529, 0.2491],
        [0.2524, 0.2480, 0.2528, 0.2468],
        [0.2504, 0.2472, 0.2499, 0.2524]], device='cuda:0',
       grad_fn=<SoftmaxBackward0>)
tensor([[0.2537, 0.2446, 0.2477, 0.2539],
        [0.2553, 0.2449, 0.2493, 0.2505],
        [0.2510, 0.2479, 0.2523, 0.2488],
        [0.2536, 0.2476, 0.2479, 0.2509],
        [0.2527, 0.2495, 0.2508, 0.2470]], device='cuda:0',
       grad_fn=<SoftmaxBackward0>)
tensor([[0.2507, 0.2488, 0.2626, 0.2379],
        [0.2517, 0.2469, 0.2621, 0.2393],
        [0.2490, 0.2442, 0.2540, 0.2527],
        [0.2476, 0.2468, 0.2487, 0.2569],
        [0.2442, 0.2481, 0.2493, 0.2584],
        [0.2460, 0.2496, 0.2491, 0.2553]], device='cuda:0',
       grad_fn=<SoftmaxBackward0>)
tensor([[0.2554, 0.2533, 0.2603, 0.2311],
        [0.2555, 0.2540, 0.2580, 0.2324],
        [0.2504, 0.2439, 0.2519, 0.2539],
        [0.2488, 0.2433, 0.2448, 0.2631],
        [0.2498, 0.2453, 0.2509, 0.2539],
        [0.2487, 0.2464, 0.2468, 0.2581],
        [0.2454, 0.2471, 0.2491, 0.2584]], device='cuda:0',
       grad_fn=<SoftmaxBackward0>)
tensor([[0.2411, 0.2431, 0.2632, 0.2526],
        [0.2422, 0.2468, 0.2665, 0.2444]], device='cuda:0',
       grad_fn=<SoftmaxBackward0>)
tensor([[0.2467, 0.2477, 0.2591, 0.2465],
        [0.2432, 0.2451, 0.2605, 0.2512],
        [0.2485, 0.2478, 0.2533, 0.2504]], device='cuda:0',
       grad_fn=<SoftmaxBackward0>)
tensor([[0.2456, 0.2485, 0.2581, 0.2478],
        [0.2497, 0.2489, 0.2578, 0.2437],
        [0.2478, 0.2474, 0.2499, 0.2549],
        [0.2460, 0.2510, 0.2506, 0.2523]], device='cuda:0',
       grad_fn=<SoftmaxBackward0>)
tensor([[0.2492, 0.2534, 0.2583, 0.2390],
        [0.2515, 0.2546, 0.2575, 0.2365],
        [0.2501, 0.2473, 0.2460, 0.2566],
        [0.2471, 0.2473, 0.2482, 0.2573],
        [0.2491, 0.2499, 0.2449, 0.2562]], device='cuda:0',
       grad_fn=<SoftmaxBackward0>)
tensor([[0.2571, 0.2513, 0.2559, 0.2356],
        [0.2514, 0.2528, 0.2617, 0.2341],
        [0.2467, 0.2463, 0.2471, 0.2599],
        [0.2507, 0.2435, 0.2467, 0.2591],
        [0.2490, 0.2469, 0.2509, 0.2532],
        [0.2487, 0.2470, 0.2499, 0.2544]], device='cuda:0',
       grad_fn=<SoftmaxBackward0>)
tensor([[0.2556, 0.2472, 0.2595, 0.2376],
        [0.2565, 0.2487, 0.2570, 0.2378],
        [0.2537, 0.2430, 0.2501, 0.2532],
        [0.2481, 0.2439, 0.2464, 0.2616],
        [0.2478, 0.2464, 0.2501, 0.2556],
        [0.2472, 0.2471, 0.2525, 0.2532],
        [0.2504, 0.2467, 0.2526, 0.2503]], device='cuda:0',
       grad_fn=<SoftmaxBackward0>)
tensor([[0.2485, 0.2368, 0.2659, 0.2489],
        [0.2461, 0.2371, 0.2661, 0.2508]], device='cuda:0',
       grad_fn=<SoftmaxBackward0>)
tensor([[0.2519, 0.2424, 0.2565, 0.2492],
        [0.2509, 0.2408, 0.2579, 0.2504],
        [0.2507, 0.2472, 0.2513, 0.2509]], device='cuda:0',
       grad_fn=<SoftmaxBackward0>)
tensor([[0.2548, 0.2445, 0.2550, 0.2458],
        [0.2528, 0.2436, 0.2563, 0.2473],
        [0.2537, 0.2448, 0.2463, 0.2552],
        [0.2514, 0.2452, 0.2521, 0.2513]], device='cuda:0',
       grad_fn=<SoftmaxBackward0>)
tensor([[0.2549, 0.2447, 0.2553, 0.2451],
        [0.2583, 0.2451, 0.2552, 0.2414],
        [0.2512, 0.2452, 0.2477, 0.2560],
        [0.2551, 0.2440, 0.2471, 0.2539],
        [0.2512, 0.2458, 0.2500, 0.2530]], device='cuda:0',
       grad_fn=<SoftmaxBackward0>)
tensor([[0.2658, 0.2495, 0.2513, 0.2335],
        [0.2654, 0.2495, 0.2519, 0.2332],
        [0.2626, 0.2399, 0.2437, 0.2538],
        [0.2557, 0.2440, 0.2449, 0.2554],
        [0.2533, 0.2453, 0.2424, 0.2590],
        [0.2543, 0.2422, 0.2394, 0.2641]], device='cuda:0',
       grad_fn=<SoftmaxBackward0>)
tensor([[0.2708, 0.2495, 0.2500, 0.2297],
        [0.2677, 0.2497, 0.2495, 0.2332],
        [0.2632, 0.2414, 0.2453, 0.2501],
        [0.2554, 0.2455, 0.2462, 0.2529],
        [0.2529, 0.2454, 0.2402, 0.2614],
        [0.2558, 0.2399, 0.2404, 0.2640],
        [0.2539, 0.2430, 0.2448, 0.2583]], device='cuda:0',
       grad_fn=<SoftmaxBackward0>)
#####################
08/28 03:34:11午前 searchStage_trainer.py:268 [INFO] Train: Epoch: [2][50/390]	Step 832	lr 0.02491	Loss 3.6699 (3.4803)	Hard Loss 3.6699 (3.4803)	Soft Loss 3.6699 (3.4803)	Arch Loss 3.6617 (3.5600)	Arch Hard Loss 3.6617 (3.5600)	Arch Soft Loss 3.6617 (3.5600)	Arch depth Loss -0.0000 (0.0000)	Prec@(1,5) (15.5%, 42.7%)	
08/28 03:34:26午前 searchStage_trainer.py:268 [INFO] Train: Epoch: [2][100/390]	Step 882	lr 0.02491	Loss 3.7518 (3.5032)	Hard Loss 3.7518 (3.5032)	Soft Loss 3.7518 (3.5032)	Arch Loss 3.4828 (3.5509)	Arch Hard Loss 3.4828 (3.5509)	Arch Soft Loss 3.4828 (3.5509)	Arch depth Loss -0.0000 (0.0000)	Prec@(1,5) (15.3%, 42.1%)	
08/28 03:34:41午前 searchStage_trainer.py:268 [INFO] Train: Epoch: [2][150/390]	Step 932	lr 0.02491	Loss 3.3914 (3.4887)	Hard Loss 3.3914 (3.4887)	Soft Loss 3.3914 (3.4887)	Arch Loss 3.5096 (3.5272)	Arch Hard Loss 3.5096 (3.5272)	Arch Soft Loss 3.5096 (3.5272)	Arch depth Loss -0.0000 (0.0000)	Prec@(1,5) (15.9%, 42.0%)	
08/28 03:34:56午前 searchStage_trainer.py:268 [INFO] Train: Epoch: [2][200/390]	Step 982	lr 0.02491	Loss 3.7061 (3.4763)	Hard Loss 3.7061 (3.4763)	Soft Loss 3.7061 (3.4763)	Arch Loss 3.6113 (3.5075)	Arch Hard Loss 3.6113 (3.5075)	Arch Soft Loss 3.6113 (3.5075)	Arch depth Loss -0.0000 (0.0000)	Prec@(1,5) (16.0%, 42.4%)	
08/28 03:35:11午前 searchStage_trainer.py:268 [INFO] Train: Epoch: [2][250/390]	Step 1032	lr 0.02491	Loss 3.4522 (3.4649)	Hard Loss 3.4522 (3.4649)	Soft Loss 3.4522 (3.4649)	Arch Loss 3.4362 (3.4845)	Arch Hard Loss 3.4362 (3.4845)	Arch Soft Loss 3.4362 (3.4845)	Arch depth Loss -0.0000 (0.0000)	Prec@(1,5) (16.2%, 42.6%)	
08/28 03:35:26午前 searchStage_trainer.py:268 [INFO] Train: Epoch: [2][300/390]	Step 1082	lr 0.02491	Loss 3.0414 (3.4485)	Hard Loss 3.0414 (3.4485)	Soft Loss 3.0414 (3.4485)	Arch Loss 3.0176 (3.4694)	Arch Hard Loss 3.0176 (3.4694)	Arch Soft Loss 3.0176 (3.4694)	Arch depth Loss -0.0000 (0.0000)	Prec@(1,5) (16.5%, 43.2%)	
08/28 03:35:41午前 searchStage_trainer.py:268 [INFO] Train: Epoch: [2][350/390]	Step 1132	lr 0.02491	Loss 3.1348 (3.4369)	Hard Loss 3.1348 (3.4369)	Soft Loss 3.1348 (3.4369)	Arch Loss 3.6463 (3.4523)	Arch Hard Loss 3.6463 (3.4523)	Arch Soft Loss 3.6463 (3.4523)	Arch depth Loss -0.0000 (0.0000)	Prec@(1,5) (16.5%, 43.5%)	
08/28 03:35:53午前 searchStage_trainer.py:268 [INFO] Train: Epoch: [2][390/390]	Step 1172	lr 0.02491	Loss 3.4230 (3.4254)	Hard Loss 3.4230 (3.4254)	Soft Loss 3.4230 (3.4254)	Arch Loss 3.3299 (3.4431)	Arch Hard Loss 3.3299 (3.4431)	Arch Soft Loss 3.3299 (3.4431)	Arch depth Loss -0.0000 (0.0000)	Prec@(1,5) (16.8%, 43.7%)	
08/28 03:35:53午前 searchStage_trainer.py:284 [INFO] Train: [  2/49] Final Prec@1 16.7880%
08/28 03:35:56午前 searchStage_trainer.py:312 [INFO] Valid: Epoch: [2][50/391]	Step 1173	Loss 3.3643	Prec@(1,5) (17.3%, 46.4%)
08/28 03:35:58午前 searchStage_trainer.py:312 [INFO] Valid: Epoch: [2][100/391]	Step 1173	Loss 3.3675	Prec@(1,5) (17.3%, 45.9%)
08/28 03:36:00午前 searchStage_trainer.py:312 [INFO] Valid: Epoch: [2][150/391]	Step 1173	Loss 3.3739	Prec@(1,5) (17.7%, 45.7%)
08/28 03:36:02午前 searchStage_trainer.py:312 [INFO] Valid: Epoch: [2][200/391]	Step 1173	Loss 3.3779	Prec@(1,5) (17.7%, 45.7%)
08/28 03:36:05午前 searchStage_trainer.py:312 [INFO] Valid: Epoch: [2][250/391]	Step 1173	Loss 3.3745	Prec@(1,5) (17.6%, 45.8%)
08/28 03:36:07午前 searchStage_trainer.py:312 [INFO] Valid: Epoch: [2][300/391]	Step 1173	Loss 3.3733	Prec@(1,5) (17.5%, 45.7%)
08/28 03:36:09午前 searchStage_trainer.py:312 [INFO] Valid: Epoch: [2][350/391]	Step 1173	Loss 3.3789	Prec@(1,5) (17.6%, 45.4%)
08/28 03:36:11午前 searchStage_trainer.py:312 [INFO] Valid: Epoch: [2][390/391]	Step 1173	Loss 3.3828	Prec@(1,5) (17.5%, 45.3%)
08/28 03:36:11午前 searchStage_trainer.py:323 [INFO] Valid: [  2/49] Final Prec@1 17.5320%
08/28 03:36:11午前 searchStage_KD_main.py:58 [INFO] DAG = Genotype2(DAG1=[[('skip_connect', 0), ('skip_connect', 1)], [('skip_connect', 1), ('skip_connect', 0)], [('skip_connect', 1), ('skip_connect', 0)], [('skip_connect', 2), ('max_pool_3x3', 1)], [('skip_connect', 0), ('skip_connect', 1)], [('skip_connect', 0), ('skip_connect', 1)]], DAG1_concat=range(6, 8), DAG2=[[('skip_connect', 1), ('skip_connect', 0)], [('skip_connect', 0), ('skip_connect', 1)], [('skip_connect', 1), ('skip_connect', 0)], [('skip_connect', 1), ('skip_connect', 0)], [('skip_connect', 1), ('skip_connect', 0)], [('skip_connect', 0), ('skip_connect', 1)]], DAG2_concat=range(6, 8), DAG3=[[('skip_connect', 1), ('skip_connect', 0)], [('skip_connect', 1), ('skip_connect', 0)], [('skip_connect', 1), ('max_pool_3x3', 0)], [('max_pool_3x3', 1), ('max_pool_3x3', 0)], [('max_pool_3x3', 1), ('max_pool_3x3', 0)], [('max_pool_3x3', 0), ('max_pool_3x3', 1)]], DAG3_concat=range(6, 8))
08/28 03:36:12午前 searchStage_KD_main.py:89 [INFO] Until now, best Prec@1 = 17.5320%
####### ALPHA #######
# Alpha - DAG
tensor([[0.2381, 0.2381, 0.2741, 0.2497],
        [0.2419, 0.2407, 0.2677, 0.2497]], device='cuda:0',
       grad_fn=<SoftmaxBackward0>)
tensor([[0.2525, 0.2410, 0.2561, 0.2504],
        [0.2545, 0.2415, 0.2562, 0.2478],
        [0.2496, 0.2462, 0.2521, 0.2520]], device='cuda:0',
       grad_fn=<SoftmaxBackward0>)
tensor([[0.2496, 0.2434, 0.2573, 0.2497],
        [0.2504, 0.2468, 0.2600, 0.2428],
        [0.2488, 0.2470, 0.2539, 0.2503],
        [0.2478, 0.2475, 0.2489, 0.2558]], device='cuda:0',
       grad_fn=<SoftmaxBackward0>)
tensor([[0.2522, 0.2420, 0.2500, 0.2558],
        [0.2542, 0.2437, 0.2523, 0.2498],
        [0.2472, 0.2490, 0.2554, 0.2484],
        [0.2521, 0.2499, 0.2498, 0.2482],
        [0.2494, 0.2490, 0.2522, 0.2494]], device='cuda:0',
       grad_fn=<SoftmaxBackward0>)
tensor([[0.2461, 0.2438, 0.2794, 0.2308],
        [0.2481, 0.2448, 0.2785, 0.2286],
        [0.2447, 0.2387, 0.2589, 0.2577],
        [0.2426, 0.2431, 0.2466, 0.2678],
        [0.2429, 0.2459, 0.2473, 0.2639],
        [0.2438, 0.2488, 0.2511, 0.2564]], device='cuda:0',
       grad_fn=<SoftmaxBackward0>)
tensor([[0.2572, 0.2496, 0.2695, 0.2238],
        [0.2568, 0.2511, 0.2672, 0.2250],
        [0.2494, 0.2383, 0.2546, 0.2576],
        [0.2447, 0.2399, 0.2439, 0.2715],
        [0.2473, 0.2425, 0.2496, 0.2605],
        [0.2470, 0.2428, 0.2445, 0.2657],
        [0.2448, 0.2477, 0.2540, 0.2536]], device='cuda:0',
       grad_fn=<SoftmaxBackward0>)
tensor([[0.2389, 0.2358, 0.2704, 0.2549],
        [0.2431, 0.2402, 0.2748, 0.2418]], device='cuda:0',
       grad_fn=<SoftmaxBackward0>)
tensor([[0.2416, 0.2424, 0.2699, 0.2462],
        [0.2412, 0.2434, 0.2684, 0.2469],
        [0.2466, 0.2466, 0.2540, 0.2528]], device='cuda:0',
       grad_fn=<SoftmaxBackward0>)
tensor([[0.2495, 0.2438, 0.2586, 0.2481],
        [0.2517, 0.2476, 0.2630, 0.2378],
        [0.2499, 0.2447, 0.2498, 0.2556],
        [0.2470, 0.2487, 0.2473, 0.2569]], device='cuda:0',
       grad_fn=<SoftmaxBackward0>)
tensor([[0.2547, 0.2490, 0.2596, 0.2367],
        [0.2539, 0.2466, 0.2600, 0.2395],
        [0.2511, 0.2445, 0.2465, 0.2579],
        [0.2488, 0.2456, 0.2450, 0.2607],
        [0.2504, 0.2474, 0.2488, 0.2534]], device='cuda:0',
       grad_fn=<SoftmaxBackward0>)
tensor([[0.2543, 0.2491, 0.2677, 0.2289],
        [0.2513, 0.2482, 0.2698, 0.2307],
        [0.2496, 0.2396, 0.2481, 0.2628],
        [0.2515, 0.2400, 0.2425, 0.2660],
        [0.2509, 0.2441, 0.2459, 0.2592],
        [0.2515, 0.2462, 0.2526, 0.2497]], device='cuda:0',
       grad_fn=<SoftmaxBackward0>)
tensor([[0.2553, 0.2485, 0.2650, 0.2311],
        [0.2592, 0.2473, 0.2613, 0.2321],
        [0.2595, 0.2380, 0.2476, 0.2549],
        [0.2492, 0.2406, 0.2426, 0.2676],
        [0.2502, 0.2424, 0.2467, 0.2607],
        [0.2510, 0.2425, 0.2528, 0.2537],
        [0.2545, 0.2437, 0.2522, 0.2497]], device='cuda:0',
       grad_fn=<SoftmaxBackward0>)
tensor([[0.2522, 0.2251, 0.2726, 0.2501],
        [0.2497, 0.2269, 0.2743, 0.2492]], device='cuda:0',
       grad_fn=<SoftmaxBackward0>)
tensor([[0.2547, 0.2339, 0.2605, 0.2509],
        [0.2511, 0.2342, 0.2627, 0.2520],
        [0.2552, 0.2422, 0.2542, 0.2484]], device='cuda:0',
       grad_fn=<SoftmaxBackward0>)
tensor([[0.2595, 0.2386, 0.2579, 0.2440],
        [0.2586, 0.2376, 0.2597, 0.2441],
        [0.2591, 0.2379, 0.2444, 0.2585],
        [0.2564, 0.2413, 0.2491, 0.2532]], device='cuda:0',
       grad_fn=<SoftmaxBackward0>)
tensor([[0.2573, 0.2404, 0.2564, 0.2459],
        [0.2593, 0.2431, 0.2568, 0.2408],
        [0.2542, 0.2414, 0.2479, 0.2565],
        [0.2563, 0.2423, 0.2467, 0.2546],
        [0.2547, 0.2433, 0.2497, 0.2523]], device='cuda:0',
       grad_fn=<SoftmaxBackward0>)
tensor([[0.2783, 0.2459, 0.2490, 0.2269],
        [0.2776, 0.2477, 0.2507, 0.2240],
        [0.2700, 0.2305, 0.2408, 0.2588],
        [0.2607, 0.2345, 0.2437, 0.2610],
        [0.2590, 0.2394, 0.2367, 0.2650],
        [0.2590, 0.2347, 0.2377, 0.2685]], device='cuda:0',
       grad_fn=<SoftmaxBackward0>)
tensor([[0.2807, 0.2469, 0.2490, 0.2234],
        [0.2787, 0.2477, 0.2482, 0.2254],
        [0.2693, 0.2374, 0.2421, 0.2513],
        [0.2631, 0.2386, 0.2435, 0.2548],
        [0.2605, 0.2391, 0.2334, 0.2670],
        [0.2632, 0.2326, 0.2358, 0.2684],
        [0.2598, 0.2349, 0.2417, 0.2635]], device='cuda:0',
       grad_fn=<SoftmaxBackward0>)
#####################
08/28 03:36:28午前 searchStage_trainer.py:268 [INFO] Train: Epoch: [3][50/390]	Step 1223	lr 0.02479	Loss 3.3949 (3.2144)	Hard Loss 3.3949 (3.2144)	Soft Loss 3.3949 (3.2144)	Arch Loss 3.3082 (3.3081)	Arch Hard Loss 3.3082 (3.3081)	Arch Soft Loss 3.3082 (3.3081)	Arch depth Loss -0.0000 (0.0000)	Prec@(1,5) (19.9%, 49.9%)	
08/28 03:36:43午前 searchStage_trainer.py:268 [INFO] Train: Epoch: [3][100/390]	Step 1273	lr 0.02479	Loss 3.3563 (3.2039)	Hard Loss 3.3563 (3.2039)	Soft Loss 3.3563 (3.2039)	Arch Loss 3.3249 (3.3048)	Arch Hard Loss 3.3249 (3.3048)	Arch Soft Loss 3.3249 (3.3048)	Arch depth Loss 0.0000 (0.0000)	Prec@(1,5) (20.7%, 50.0%)	
08/28 03:36:58午前 searchStage_trainer.py:268 [INFO] Train: Epoch: [3][150/390]	Step 1323	lr 0.02479	Loss 3.1259 (3.1980)	Hard Loss 3.1259 (3.1980)	Soft Loss 3.1259 (3.1980)	Arch Loss 3.0285 (3.2871)	Arch Hard Loss 3.0285 (3.2871)	Arch Soft Loss 3.0285 (3.2871)	Arch depth Loss 0.0000 (0.0000)	Prec@(1,5) (20.7%, 50.2%)	
08/28 03:37:13午前 searchStage_trainer.py:268 [INFO] Train: Epoch: [3][200/390]	Step 1373	lr 0.02479	Loss 3.3466 (3.2009)	Hard Loss 3.3466 (3.2009)	Soft Loss 3.3466 (3.2009)	Arch Loss 3.3969 (3.2641)	Arch Hard Loss 3.3969 (3.2641)	Arch Soft Loss 3.3969 (3.2641)	Arch depth Loss 0.0000 (0.0000)	Prec@(1,5) (21.0%, 49.8%)	
08/28 03:37:28午前 searchStage_trainer.py:268 [INFO] Train: Epoch: [3][250/390]	Step 1423	lr 0.02479	Loss 3.0284 (3.2002)	Hard Loss 3.0284 (3.2002)	Soft Loss 3.0284 (3.2002)	Arch Loss 3.1424 (3.2466)	Arch Hard Loss 3.1424 (3.2466)	Arch Soft Loss 3.1424 (3.2466)	Arch depth Loss 0.0000 (0.0000)	Prec@(1,5) (21.0%, 50.0%)	
08/28 03:37:43午前 searchStage_trainer.py:268 [INFO] Train: Epoch: [3][300/390]	Step 1473	lr 0.02479	Loss 3.0222 (3.1916)	Hard Loss 3.0222 (3.1916)	Soft Loss 3.0222 (3.1916)	Arch Loss 3.3409 (3.2331)	Arch Hard Loss 3.3409 (3.2331)	Arch Soft Loss 3.3409 (3.2331)	Arch depth Loss 0.0000 (0.0000)	Prec@(1,5) (21.2%, 50.3%)	
08/28 03:37:58午前 searchStage_trainer.py:268 [INFO] Train: Epoch: [3][350/390]	Step 1523	lr 0.02479	Loss 2.9684 (3.1802)	Hard Loss 2.9684 (3.1802)	Soft Loss 2.9684 (3.1802)	Arch Loss 3.4204 (3.2265)	Arch Hard Loss 3.4204 (3.2265)	Arch Soft Loss 3.4204 (3.2265)	Arch depth Loss 0.0000 (0.0000)	Prec@(1,5) (21.4%, 50.6%)	
08/28 03:38:10午前 searchStage_trainer.py:268 [INFO] Train: Epoch: [3][390/390]	Step 1563	lr 0.02479	Loss 2.7940 (3.1715)	Hard Loss 2.7940 (3.1715)	Soft Loss 2.7940 (3.1715)	Arch Loss 3.4067 (3.2180)	Arch Hard Loss 3.4067 (3.2180)	Arch Soft Loss 3.4067 (3.2180)	Arch depth Loss 0.0000 (0.0000)	Prec@(1,5) (21.5%, 50.9%)	
08/28 03:38:10午前 searchStage_trainer.py:284 [INFO] Train: [  3/49] Final Prec@1 21.4560%
08/28 03:38:13午前 searchStage_trainer.py:312 [INFO] Valid: Epoch: [3][50/391]	Step 1564	Loss 3.1063	Prec@(1,5) (22.7%, 53.1%)
08/28 03:38:15午前 searchStage_trainer.py:312 [INFO] Valid: Epoch: [3][100/391]	Step 1564	Loss 3.1285	Prec@(1,5) (22.3%, 52.8%)
08/28 03:38:17午前 searchStage_trainer.py:312 [INFO] Valid: Epoch: [3][150/391]	Step 1564	Loss 3.1194	Prec@(1,5) (22.2%, 52.8%)
08/28 03:38:19午前 searchStage_trainer.py:312 [INFO] Valid: Epoch: [3][200/391]	Step 1564	Loss 3.1282	Prec@(1,5) (21.9%, 52.4%)
08/28 03:38:22午前 searchStage_trainer.py:312 [INFO] Valid: Epoch: [3][250/391]	Step 1564	Loss 3.1164	Prec@(1,5) (22.0%, 52.6%)
08/28 03:38:24午前 searchStage_trainer.py:312 [INFO] Valid: Epoch: [3][300/391]	Step 1564	Loss 3.1111	Prec@(1,5) (22.3%, 52.6%)
08/28 03:38:26午前 searchStage_trainer.py:312 [INFO] Valid: Epoch: [3][350/391]	Step 1564	Loss 3.1095	Prec@(1,5) (22.3%, 52.8%)
08/28 03:38:28午前 searchStage_trainer.py:312 [INFO] Valid: Epoch: [3][390/391]	Step 1564	Loss 3.1079	Prec@(1,5) (22.2%, 52.9%)
08/28 03:38:28午前 searchStage_trainer.py:323 [INFO] Valid: [  3/49] Final Prec@1 22.2080%
