08/11 12:05:51AM parser.py:28 [INFO] 
08/11 12:05:51AM parser.py:29 [INFO] Parameters:
08/11 12:05:51AM parser.py:31 [INFO] DAG_PATH=results/search_stage/cifar10/BASELINE/nonDepthLoss-20240811-000551/DAG
08/11 12:05:51AM parser.py:31 [INFO] ADVANCED=False
08/11 12:05:51AM parser.py:31 [INFO] ALPHA_LR=0.0003
08/11 12:05:51AM parser.py:31 [INFO] ALPHA_WEIGHT_DECAY=0.001
08/11 12:05:51AM parser.py:31 [INFO] BATCH_SIZE=64
08/11 12:05:51AM parser.py:31 [INFO] CUTOUT_LENGTH=0
08/11 12:05:51AM parser.py:31 [INFO] DATA_PATH=../data/
08/11 12:05:51AM parser.py:31 [INFO] DATASET=cifar10
08/11 12:05:51AM parser.py:31 [INFO] EPOCHS=50
08/11 12:05:51AM parser.py:31 [INFO] EXP_NAME=nonDepthLoss-20240811-000551
08/11 12:05:51AM parser.py:31 [INFO] GENOTYPE=Genotype3(normal1=[[('sep_conv_5x5', 0), ('sep_conv_3x3', 1)], [('sep_conv_3x3', 1), ('sep_conv_3x3', 0)], [('sep_conv_3x3', 1), ('sep_conv_3x3', 2)], [('sep_conv_3x3', 0), ('sep_conv_5x5', 4)]], normal1_concat=range(2, 6), reduce1=[[('sep_conv_3x3', 0), ('skip_connect', 1)], [('sep_conv_3x3', 1), ('max_pool_3x3', 0)], [('sep_conv_3x3', 2), ('sep_conv_3x3', 1)], [('max_pool_3x3', 0), ('dil_conv_3x3', 1)]], reduce1_concat=range(2, 6), normal2=[[('skip_connect', 0), ('sep_conv_5x5', 1)], [('skip_connect', 0), ('skip_connect', 2)], [('avg_pool_3x3', 0), ('avg_pool_3x3', 2)], [('skip_connect', 0), ('avg_pool_3x3', 2)]], normal2_concat=range(2, 6), reduce2=[[('avg_pool_3x3', 0), ('avg_pool_3x3', 1)], [('avg_pool_3x3', 0), ('skip_connect', 2)], [('skip_connect', 2), ('avg_pool_3x3', 0)], [('skip_connect', 2), ('avg_pool_3x3', 0)]], reduce2_concat=range(2, 6), normal3=[[('skip_connect', 0), ('skip_connect', 1)], [('skip_connect', 0), ('dil_conv_3x3', 1)], [('skip_connect', 0), ('skip_connect', 1)], [('skip_connect', 0), ('skip_connect', 2)]], normal3_concat=range(2, 6))
08/11 12:05:51AM parser.py:31 [INFO] GPUS=[0]
08/11 12:05:51AM parser.py:31 [INFO] INIT_CHANNELS=16
08/11 12:05:51AM parser.py:31 [INFO] LAYERS=20
08/11 12:05:51AM parser.py:31 [INFO] LOCAL_RANK=0
08/11 12:05:51AM parser.py:31 [INFO] LOGGER=<Logger H-DAS (INFO)>
08/11 12:05:51AM parser.py:31 [INFO] NAME=BASELINE
08/11 12:05:51AM parser.py:31 [INFO] PATH=results/search_stage/cifar10/BASELINE/nonDepthLoss-20240811-000551
08/11 12:05:51AM parser.py:31 [INFO] PLOT_PATH=results/search_stage/cifar10/BASELINE/nonDepthLoss-20240811-000551/plots
08/11 12:05:51AM parser.py:31 [INFO] PRINT_FREQ=50
08/11 12:05:51AM parser.py:31 [INFO] RESUME_PATH=None
08/11 12:05:51AM parser.py:31 [INFO] SAVE=nonDepthLoss
08/11 12:05:51AM parser.py:31 [INFO] SEED=0
08/11 12:05:51AM parser.py:31 [INFO] SPEC_CELL=True
08/11 12:05:51AM parser.py:31 [INFO] W_GRAD_CLIP=5.0
08/11 12:05:51AM parser.py:31 [INFO] W_LR=0.025
08/11 12:05:51AM parser.py:31 [INFO] W_LR_MIN=0.001
08/11 12:05:51AM parser.py:31 [INFO] W_MOMENTUM=0.9
08/11 12:05:51AM parser.py:31 [INFO] W_WEIGHT_DECAY=0.0003
08/11 12:05:51AM parser.py:31 [INFO] WORKERS=4
08/11 12:05:51AM parser.py:32 [INFO] 
08/11 12:05:59AM searchStage_trainer.py:99 [INFO] --> No loaded checkpoint!
####### ALPHA #######
# Alpha - DAG
tensor([[0.2504, 0.2499, 0.2495, 0.2502],
        [0.2498, 0.2497, 0.2502, 0.2503]], device='cuda:0',
       grad_fn=<SoftmaxBackward0>)
tensor([[0.2499, 0.2500, 0.2499, 0.2501],
        [0.2498, 0.2503, 0.2498, 0.2501],
        [0.2500, 0.2503, 0.2499, 0.2498]], device='cuda:0',
       grad_fn=<SoftmaxBackward0>)
tensor([[0.2499, 0.2501, 0.2500, 0.2500],
        [0.2501, 0.2504, 0.2497, 0.2498],
        [0.2501, 0.2499, 0.2502, 0.2498]], device='cuda:0',
       grad_fn=<SoftmaxBackward0>)
tensor([[0.2501, 0.2502, 0.2495, 0.2501],
        [0.2499, 0.2500, 0.2502, 0.2499],
        [0.2500, 0.2501, 0.2500, 0.2498]], device='cuda:0',
       grad_fn=<SoftmaxBackward0>)
tensor([[0.2498, 0.2500, 0.2501, 0.2500],
        [0.2504, 0.2499, 0.2499, 0.2497],
        [0.2501, 0.2505, 0.2498, 0.2496]], device='cuda:0',
       grad_fn=<SoftmaxBackward0>)
tensor([[0.2497, 0.2499, 0.2504, 0.2501],
        [0.2496, 0.2497, 0.2502, 0.2505],
        [0.2500, 0.2500, 0.2497, 0.2504]], device='cuda:0',
       grad_fn=<SoftmaxBackward0>)
tensor([[0.2503, 0.2502, 0.2500, 0.2495],
        [0.2496, 0.2502, 0.2502, 0.2500]], device='cuda:0',
       grad_fn=<SoftmaxBackward0>)
tensor([[0.2500, 0.2501, 0.2498, 0.2500],
        [0.2500, 0.2502, 0.2498, 0.2500],
        [0.2499, 0.2503, 0.2499, 0.2499]], device='cuda:0',
       grad_fn=<SoftmaxBackward0>)
tensor([[0.2499, 0.2501, 0.2497, 0.2503],
        [0.2501, 0.2500, 0.2500, 0.2499],
        [0.2501, 0.2502, 0.2499, 0.2498]], device='cuda:0',
       grad_fn=<SoftmaxBackward0>)
tensor([[0.2502, 0.2505, 0.2497, 0.2496],
        [0.2496, 0.2505, 0.2496, 0.2503],
        [0.2502, 0.2500, 0.2500, 0.2498]], device='cuda:0',
       grad_fn=<SoftmaxBackward0>)
tensor([[0.2499, 0.2500, 0.2500, 0.2500],
        [0.2498, 0.2501, 0.2502, 0.2499],
        [0.2496, 0.2501, 0.2503, 0.2500]], device='cuda:0',
       grad_fn=<SoftmaxBackward0>)
tensor([[0.2503, 0.2500, 0.2497, 0.2501],
        [0.2501, 0.2500, 0.2500, 0.2499],
        [0.2496, 0.2502, 0.2500, 0.2502]], device='cuda:0',
       grad_fn=<SoftmaxBackward0>)
tensor([[0.2500, 0.2504, 0.2496, 0.2499],
        [0.2503, 0.2503, 0.2498, 0.2497]], device='cuda:0',
       grad_fn=<SoftmaxBackward0>)
tensor([[0.2501, 0.2500, 0.2499, 0.2500],
        [0.2499, 0.2495, 0.2504, 0.2501],
        [0.2503, 0.2498, 0.2499, 0.2500]], device='cuda:0',
       grad_fn=<SoftmaxBackward0>)
tensor([[0.2497, 0.2502, 0.2503, 0.2498],
        [0.2498, 0.2504, 0.2500, 0.2498],
        [0.2502, 0.2497, 0.2501, 0.2500]], device='cuda:0',
       grad_fn=<SoftmaxBackward0>)
tensor([[0.2501, 0.2499, 0.2500, 0.2499],
        [0.2498, 0.2500, 0.2499, 0.2503],
        [0.2499, 0.2504, 0.2499, 0.2499]], device='cuda:0',
       grad_fn=<SoftmaxBackward0>)
tensor([[0.2497, 0.2503, 0.2500, 0.2500],
        [0.2499, 0.2502, 0.2501, 0.2499],
        [0.2499, 0.2505, 0.2497, 0.2499]], device='cuda:0',
       grad_fn=<SoftmaxBackward0>)
tensor([[0.2500, 0.2502, 0.2499, 0.2499],
        [0.2502, 0.2496, 0.2504, 0.2499],
        [0.2501, 0.2502, 0.2499, 0.2499]], device='cuda:0',
       grad_fn=<SoftmaxBackward0>)
#####################
08/11 12:06:54AM searchStage_trainer.py:200 [INFO] Train: Epoch: [0][50/390]	Step 50	lr 0.025	Loss 2.4168 (2.2608)	Prec@(1,5) (18.6%, 68.8%)	
08/11 12:07:45AM searchStage_trainer.py:200 [INFO] Train: Epoch: [0][100/390]	Step 100	lr 0.025	Loss 2.0623 (2.2432)	Prec@(1,5) (19.8%, 71.9%)	
08/11 12:08:37AM searchStage_trainer.py:200 [INFO] Train: Epoch: [0][150/390]	Step 150	lr 0.025	Loss 1.7340 (2.1424)	Prec@(1,5) (22.5%, 75.6%)	
08/11 12:09:29AM searchStage_trainer.py:200 [INFO] Train: Epoch: [0][200/390]	Step 200	lr 0.025	Loss 1.8258 (2.0641)	Prec@(1,5) (24.7%, 77.8%)	
08/11 12:10:21AM searchStage_trainer.py:200 [INFO] Train: Epoch: [0][250/390]	Step 250	lr 0.025	Loss 1.9802 (2.0058)	Prec@(1,5) (26.4%, 79.5%)	
08/11 12:11:13AM searchStage_trainer.py:200 [INFO] Train: Epoch: [0][300/390]	Step 300	lr 0.025	Loss 1.6907 (1.9636)	Prec@(1,5) (27.6%, 80.7%)	
08/11 12:12:05AM searchStage_trainer.py:200 [INFO] Train: Epoch: [0][350/390]	Step 350	lr 0.025	Loss 1.6937 (1.9191)	Prec@(1,5) (29.3%, 81.9%)	
08/11 12:12:46AM searchStage_trainer.py:200 [INFO] Train: Epoch: [0][390/390]	Step 390	lr 0.025	Loss 1.7608 (1.8897)	Prec@(1,5) (30.3%, 82.6%)	
08/11 12:12:51AM searchStage_trainer.py:210 [INFO] Train: [  0/49] Final Prec@1 30.2600%
08/11 12:13:00AM searchStage_trainer.py:238 [INFO] Valid: Epoch: [0][50/391]	Step 391	Loss 1.6751	Prec@(1,5) (38.2%, 88.3%)
08/11 12:13:08AM searchStage_trainer.py:238 [INFO] Valid: Epoch: [0][100/391]	Step 391	Loss 1.6775	Prec@(1,5) (38.0%, 88.4%)
08/11 12:13:17AM searchStage_trainer.py:238 [INFO] Valid: Epoch: [0][150/391]	Step 391	Loss 1.6811	Prec@(1,5) (37.7%, 88.5%)
08/11 12:13:25AM searchStage_trainer.py:238 [INFO] Valid: Epoch: [0][200/391]	Step 391	Loss 1.6852	Prec@(1,5) (37.9%, 88.4%)
08/11 12:13:34AM searchStage_trainer.py:238 [INFO] Valid: Epoch: [0][250/391]	Step 391	Loss 1.6805	Prec@(1,5) (37.9%, 88.6%)
08/11 12:13:42AM searchStage_trainer.py:238 [INFO] Valid: Epoch: [0][300/391]	Step 391	Loss 1.6792	Prec@(1,5) (38.1%, 88.5%)
08/11 12:13:51AM searchStage_trainer.py:238 [INFO] Valid: Epoch: [0][350/391]	Step 391	Loss 1.6818	Prec@(1,5) (38.0%, 88.5%)
08/11 12:13:58AM searchStage_trainer.py:238 [INFO] Valid: Epoch: [0][390/391]	Step 391	Loss 1.6819	Prec@(1,5) (37.9%, 88.5%)
08/11 12:13:58AM searchStage_trainer.py:249 [INFO] Valid: [  0/49] Final Prec@1 37.9200%
08/11 12:13:58AM searchStage_main.py:47 [INFO] DAG = Genotype2(DAG1=[[('skip_connect', 1), ('max_pool_3x3', 0)], [('max_pool_3x3', 0), ('max_pool_3x3', 1)], [('max_pool_3x3', 1), ('avg_pool_3x3', 3)], [('skip_connect', 3), ('skip_connect', 2)], [('skip_connect', 3), ('max_pool_3x3', 4)], [('skip_connect', 5), ('skip_connect', 4)]], DAG1_concat=range(6, 8), DAG2=[[('skip_connect', 1), ('skip_connect', 0)], [('skip_connect', 1), ('skip_connect', 0)], [('skip_connect', 1), ('skip_connect', 2)], [('skip_connect', 2), ('skip_connect', 3)], [('skip_connect', 3), ('skip_connect', 4)], [('skip_connect', 4), ('skip_connect', 6)]], DAG2_concat=range(6, 8), DAG3=[[('skip_connect', 0), ('skip_connect', 1)], [('skip_connect', 0), ('skip_connect', 1)], [('skip_connect', 1), ('skip_connect', 3)], [('skip_connect', 3), ('skip_connect', 4)], [('skip_connect', 3), ('skip_connect', 4)], [('skip_connect', 5), ('skip_connect', 4)]], DAG3_concat=range(6, 8))
08/11 12:13:58AM searchStage_main.py:73 [INFO] Until now, best Prec@1 = 37.9200%
####### ALPHA #######
# Alpha - DAG
tensor([[0.2509, 0.2490, 0.2498, 0.2502],
        [0.2502, 0.2484, 0.2510, 0.2504]], device='cuda:0',
       grad_fn=<SoftmaxBackward0>)
tensor([[0.2522, 0.2482, 0.2498, 0.2497],
        [0.2519, 0.2483, 0.2487, 0.2510],
        [0.2508, 0.2497, 0.2499, 0.2495]], device='cuda:0',
       grad_fn=<SoftmaxBackward0>)
tensor([[0.2516, 0.2499, 0.2503, 0.2482],
        [0.2496, 0.2502, 0.2495, 0.2507],
        [0.2498, 0.2506, 0.2496, 0.2501]], device='cuda:0',
       grad_fn=<SoftmaxBackward0>)
tensor([[0.2494, 0.2504, 0.2504, 0.2497],
        [0.2493, 0.2505, 0.2511, 0.2492],
        [0.2498, 0.2498, 0.2494, 0.2511]], device='cuda:0',
       grad_fn=<SoftmaxBackward0>)
tensor([[0.2507, 0.2494, 0.2507, 0.2492],
        [0.2502, 0.2502, 0.2502, 0.2494],
        [0.2495, 0.2495, 0.2496, 0.2514]], device='cuda:0',
       grad_fn=<SoftmaxBackward0>)
tensor([[0.2497, 0.2501, 0.2507, 0.2495],
        [0.2496, 0.2490, 0.2505, 0.2510],
        [0.2494, 0.2500, 0.2498, 0.2508]], device='cuda:0',
       grad_fn=<SoftmaxBackward0>)
tensor([[0.2497, 0.2493, 0.2515, 0.2496],
        [0.2486, 0.2499, 0.2520, 0.2496]], device='cuda:0',
       grad_fn=<SoftmaxBackward0>)
tensor([[0.2509, 0.2489, 0.2515, 0.2486],
        [0.2507, 0.2481, 0.2520, 0.2491],
        [0.2498, 0.2483, 0.2499, 0.2520]], device='cuda:0',
       grad_fn=<SoftmaxBackward0>)
tensor([[0.2506, 0.2501, 0.2514, 0.2479],
        [0.2484, 0.2488, 0.2518, 0.2510],
        [0.2476, 0.2494, 0.2510, 0.2520]], device='cuda:0',
       grad_fn=<SoftmaxBackward0>)
tensor([[0.2490, 0.2500, 0.2515, 0.2495],
        [0.2493, 0.2491, 0.2511, 0.2506],
        [0.2485, 0.2498, 0.2505, 0.2511]], device='cuda:0',
       grad_fn=<SoftmaxBackward0>)
tensor([[0.2489, 0.2507, 0.2518, 0.2485],
        [0.2489, 0.2490, 0.2516, 0.2505],
        [0.2487, 0.2485, 0.2509, 0.2519]], device='cuda:0',
       grad_fn=<SoftmaxBackward0>)
tensor([[0.2480, 0.2501, 0.2519, 0.2500],
        [0.2497, 0.2479, 0.2504, 0.2520],
        [0.2494, 0.2474, 0.2526, 0.2506]], device='cuda:0',
       grad_fn=<SoftmaxBackward0>)
tensor([[0.2442, 0.2478, 0.2589, 0.2490],
        [0.2442, 0.2484, 0.2576, 0.2498]], device='cuda:0',
       grad_fn=<SoftmaxBackward0>)
tensor([[0.2466, 0.2473, 0.2582, 0.2480],
        [0.2463, 0.2464, 0.2579, 0.2493],
        [0.2457, 0.2478, 0.2539, 0.2526]], device='cuda:0',
       grad_fn=<SoftmaxBackward0>)
tensor([[0.2477, 0.2492, 0.2580, 0.2451],
        [0.2440, 0.2466, 0.2548, 0.2546],
        [0.2463, 0.2465, 0.2556, 0.2516]], device='cuda:0',
       grad_fn=<SoftmaxBackward0>)
tensor([[0.2483, 0.2467, 0.2524, 0.2526],
        [0.2481, 0.2467, 0.2559, 0.2493],
        [0.2477, 0.2461, 0.2557, 0.2505]], device='cuda:0',
       grad_fn=<SoftmaxBackward0>)
tensor([[0.2468, 0.2476, 0.2568, 0.2489],
        [0.2444, 0.2468, 0.2571, 0.2517],
        [0.2448, 0.2469, 0.2553, 0.2530]], device='cuda:0',
       grad_fn=<SoftmaxBackward0>)
tensor([[0.2454, 0.2465, 0.2571, 0.2510],
        [0.2471, 0.2456, 0.2576, 0.2496],
        [0.2465, 0.2451, 0.2557, 0.2528]], device='cuda:0',
       grad_fn=<SoftmaxBackward0>)
#####################
08/11 12:14:50AM searchStage_trainer.py:200 [INFO] Train: Epoch: [1][50/390]	Step 441	lr 0.02498	Loss 1.4397 (1.6210)	Prec@(1,5) (39.3%, 88.9%)	
08/11 12:15:41AM searchStage_trainer.py:200 [INFO] Train: Epoch: [1][100/390]	Step 491	lr 0.02498	Loss 1.6284 (1.6091)	Prec@(1,5) (39.5%, 89.7%)	
08/11 12:16:33AM searchStage_trainer.py:200 [INFO] Train: Epoch: [1][150/390]	Step 541	lr 0.02498	Loss 1.5987 (1.6042)	Prec@(1,5) (40.2%, 89.4%)	
08/11 12:17:25AM searchStage_trainer.py:200 [INFO] Train: Epoch: [1][200/390]	Step 591	lr 0.02498	Loss 1.6829 (1.5870)	Prec@(1,5) (40.9%, 89.9%)	
08/11 12:18:17AM searchStage_trainer.py:200 [INFO] Train: Epoch: [1][250/390]	Step 641	lr 0.02498	Loss 1.5215 (1.5712)	Prec@(1,5) (41.7%, 90.1%)	
08/11 12:19:08AM searchStage_trainer.py:200 [INFO] Train: Epoch: [1][300/390]	Step 691	lr 0.02498	Loss 1.5270 (1.5566)	Prec@(1,5) (42.3%, 90.5%)	
08/11 12:20:00AM searchStage_trainer.py:200 [INFO] Train: Epoch: [1][350/390]	Step 741	lr 0.02498	Loss 1.5840 (1.5475)	Prec@(1,5) (42.7%, 90.5%)	
08/11 12:20:42AM searchStage_trainer.py:200 [INFO] Train: Epoch: [1][390/390]	Step 781	lr 0.02498	Loss 1.4423 (1.5424)	Prec@(1,5) (43.0%, 90.7%)	
08/11 12:20:43AM searchStage_trainer.py:210 [INFO] Train: [  1/49] Final Prec@1 42.9960%
08/11 12:20:51AM searchStage_trainer.py:238 [INFO] Valid: Epoch: [1][50/391]	Step 782	Loss 1.5319	Prec@(1,5) (43.4%, 91.7%)
08/11 12:21:00AM searchStage_trainer.py:238 [INFO] Valid: Epoch: [1][100/391]	Step 782	Loss 1.5392	Prec@(1,5) (43.4%, 91.6%)
08/11 12:21:09AM searchStage_trainer.py:238 [INFO] Valid: Epoch: [1][150/391]	Step 782	Loss 1.5306	Prec@(1,5) (43.6%, 91.6%)
08/11 12:21:17AM searchStage_trainer.py:238 [INFO] Valid: Epoch: [1][200/391]	Step 782	Loss 1.5259	Prec@(1,5) (43.5%, 91.8%)
08/11 12:21:26AM searchStage_trainer.py:238 [INFO] Valid: Epoch: [1][250/391]	Step 782	Loss 1.5245	Prec@(1,5) (43.7%, 91.8%)
08/11 12:21:34AM searchStage_trainer.py:238 [INFO] Valid: Epoch: [1][300/391]	Step 782	Loss 1.5257	Prec@(1,5) (43.9%, 91.7%)
08/11 12:21:43AM searchStage_trainer.py:238 [INFO] Valid: Epoch: [1][350/391]	Step 782	Loss 1.5288	Prec@(1,5) (43.8%, 91.6%)
08/11 12:21:50AM searchStage_trainer.py:238 [INFO] Valid: Epoch: [1][390/391]	Step 782	Loss 1.5322	Prec@(1,5) (43.6%, 91.6%)
08/11 12:21:50AM searchStage_trainer.py:249 [INFO] Valid: [  1/49] Final Prec@1 43.5880%
08/11 12:21:50AM searchStage_main.py:47 [INFO] DAG = Genotype2(DAG1=[[('skip_connect', 1), ('skip_connect', 0)], [('max_pool_3x3', 0), ('max_pool_3x3', 1)], [('max_pool_3x3', 1), ('max_pool_3x3', 2)], [('skip_connect', 3), ('skip_connect', 2)], [('max_pool_3x3', 4), ('max_pool_3x3', 3)], [('skip_connect', 6), ('max_pool_3x3', 4)]], DAG1_concat=range(6, 8), DAG2=[[('skip_connect', 1), ('skip_connect', 0)], [('skip_connect', 1), ('skip_connect', 0)], [('max_pool_3x3', 1), ('skip_connect', 2)], [('skip_connect', 2), ('skip_connect', 3)], [('skip_connect', 3), ('skip_connect', 4)], [('skip_connect', 4), ('skip_connect', 5)]], DAG2_concat=range(6, 8), DAG3=[[('skip_connect', 0), ('skip_connect', 1)], [('skip_connect', 0), ('skip_connect', 1)], [('skip_connect', 1), ('skip_connect', 2)], [('skip_connect', 3), ('skip_connect', 2)], [('skip_connect', 3), ('skip_connect', 4)], [('skip_connect', 4), ('skip_connect', 5)]], DAG3_concat=range(6, 8))
08/11 12:21:50AM searchStage_main.py:73 [INFO] Until now, best Prec@1 = 43.5880%
####### ALPHA #######
# Alpha - DAG
tensor([[0.2502, 0.2450, 0.2527, 0.2521],
        [0.2511, 0.2453, 0.2547, 0.2488]], device='cuda:0',
       grad_fn=<SoftmaxBackward0>)
tensor([[0.2611, 0.2399, 0.2488, 0.2502],
        [0.2591, 0.2424, 0.2474, 0.2512],
        [0.2549, 0.2465, 0.2487, 0.2499]], device='cuda:0',
       grad_fn=<SoftmaxBackward0>)
tensor([[0.2584, 0.2443, 0.2521, 0.2452],
        [0.2511, 0.2477, 0.2494, 0.2518],
        [0.2504, 0.2486, 0.2492, 0.2518]], device='cuda:0',
       grad_fn=<SoftmaxBackward0>)
tensor([[0.2502, 0.2492, 0.2514, 0.2493],
        [0.2497, 0.2498, 0.2518, 0.2487],
        [0.2495, 0.2487, 0.2493, 0.2524]], device='cuda:0',
       grad_fn=<SoftmaxBackward0>)
tensor([[0.2528, 0.2470, 0.2522, 0.2479],
        [0.2535, 0.2471, 0.2498, 0.2496],
        [0.2515, 0.2478, 0.2474, 0.2532]], device='cuda:0',
       grad_fn=<SoftmaxBackward0>)
tensor([[0.2521, 0.2459, 0.2519, 0.2501],
        [0.2516, 0.2458, 0.2505, 0.2521],
        [0.2482, 0.2491, 0.2525, 0.2503]], device='cuda:0',
       grad_fn=<SoftmaxBackward0>)
tensor([[0.2499, 0.2463, 0.2544, 0.2494],
        [0.2481, 0.2475, 0.2551, 0.2494]], device='cuda:0',
       grad_fn=<SoftmaxBackward0>)
tensor([[0.2535, 0.2469, 0.2541, 0.2455],
        [0.2532, 0.2459, 0.2558, 0.2450],
        [0.2499, 0.2443, 0.2470, 0.2588]], device='cuda:0',
       grad_fn=<SoftmaxBackward0>)
tensor([[0.2548, 0.2485, 0.2518, 0.2448],
        [0.2510, 0.2458, 0.2520, 0.2512],
        [0.2468, 0.2472, 0.2502, 0.2557]], device='cuda:0',
       grad_fn=<SoftmaxBackward0>)
tensor([[0.2503, 0.2471, 0.2543, 0.2484],
        [0.2487, 0.2464, 0.2534, 0.2514],
        [0.2484, 0.2491, 0.2497, 0.2527]], device='cuda:0',
       grad_fn=<SoftmaxBackward0>)
tensor([[0.2506, 0.2482, 0.2582, 0.2429],
        [0.2497, 0.2468, 0.2527, 0.2508],
        [0.2477, 0.2461, 0.2473, 0.2590]], device='cuda:0',
       grad_fn=<SoftmaxBackward0>)
tensor([[0.2493, 0.2483, 0.2545, 0.2479],
        [0.2496, 0.2464, 0.2537, 0.2503],
        [0.2487, 0.2459, 0.2503, 0.2550]], device='cuda:0',
       grad_fn=<SoftmaxBackward0>)
tensor([[0.2424, 0.2425, 0.2661, 0.2490],
        [0.2430, 0.2436, 0.2640, 0.2494]], device='cuda:0',
       grad_fn=<SoftmaxBackward0>)
tensor([[0.2436, 0.2452, 0.2662, 0.2450],
        [0.2444, 0.2425, 0.2645, 0.2486],
        [0.2447, 0.2455, 0.2542, 0.2556]], device='cuda:0',
       grad_fn=<SoftmaxBackward0>)
tensor([[0.2470, 0.2479, 0.2647, 0.2405],
        [0.2431, 0.2438, 0.2605, 0.2526],
        [0.2441, 0.2427, 0.2552, 0.2579]], device='cuda:0',
       grad_fn=<SoftmaxBackward0>)
tensor([[0.2502, 0.2451, 0.2556, 0.2491],
        [0.2474, 0.2428, 0.2588, 0.2510],
        [0.2470, 0.2432, 0.2559, 0.2539]], device='cuda:0',
       grad_fn=<SoftmaxBackward0>)
tensor([[0.2485, 0.2450, 0.2597, 0.2469],
        [0.2442, 0.2424, 0.2609, 0.2525],
        [0.2436, 0.2440, 0.2568, 0.2556]], device='cuda:0',
       grad_fn=<SoftmaxBackward0>)
tensor([[0.2468, 0.2438, 0.2625, 0.2469],
        [0.2455, 0.2441, 0.2594, 0.2510],
        [0.2440, 0.2403, 0.2587, 0.2570]], device='cuda:0',
       grad_fn=<SoftmaxBackward0>)
#####################
08/11 12:22:42AM searchStage_trainer.py:200 [INFO] Train: Epoch: [2][50/390]	Step 832	lr 0.02491	Loss 1.5354 (1.4093)	Prec@(1,5) (49.1%, 92.6%)	
08/11 12:23:33AM searchStage_trainer.py:200 [INFO] Train: Epoch: [2][100/390]	Step 882	lr 0.02491	Loss 1.2919 (1.4189)	Prec@(1,5) (48.2%, 92.5%)	
08/11 12:24:25AM searchStage_trainer.py:200 [INFO] Train: Epoch: [2][150/390]	Step 932	lr 0.02491	Loss 1.3609 (1.4101)	Prec@(1,5) (48.3%, 92.8%)	
08/11 12:25:17AM searchStage_trainer.py:200 [INFO] Train: Epoch: [2][200/390]	Step 982	lr 0.02491	Loss 1.3431 (1.4081)	Prec@(1,5) (48.3%, 92.9%)	
08/11 12:26:09AM searchStage_trainer.py:200 [INFO] Train: Epoch: [2][250/390]	Step 1032	lr 0.02491	Loss 1.3957 (1.4014)	Prec@(1,5) (48.6%, 93.0%)	
08/11 12:27:01AM searchStage_trainer.py:200 [INFO] Train: Epoch: [2][300/390]	Step 1082	lr 0.02491	Loss 1.2298 (1.3896)	Prec@(1,5) (49.0%, 93.2%)	
08/11 12:27:53AM searchStage_trainer.py:200 [INFO] Train: Epoch: [2][350/390]	Step 1132	lr 0.02491	Loss 1.3090 (1.3824)	Prec@(1,5) (49.4%, 93.3%)	
08/11 12:28:34AM searchStage_trainer.py:200 [INFO] Train: Epoch: [2][390/390]	Step 1172	lr 0.02491	Loss 1.3149 (1.3705)	Prec@(1,5) (49.8%, 93.3%)	
08/11 12:28:35AM searchStage_trainer.py:210 [INFO] Train: [  2/49] Final Prec@1 49.7960%
08/11 12:28:44AM searchStage_trainer.py:238 [INFO] Valid: Epoch: [2][50/391]	Step 1173	Loss 1.3681	Prec@(1,5) (50.4%, 93.2%)
08/11 12:28:52AM searchStage_trainer.py:238 [INFO] Valid: Epoch: [2][100/391]	Step 1173	Loss 1.3623	Prec@(1,5) (51.0%, 93.1%)
08/11 12:29:01AM searchStage_trainer.py:238 [INFO] Valid: Epoch: [2][150/391]	Step 1173	Loss 1.3533	Prec@(1,5) (50.9%, 93.2%)
08/11 12:29:09AM searchStage_trainer.py:238 [INFO] Valid: Epoch: [2][200/391]	Step 1173	Loss 1.3487	Prec@(1,5) (51.1%, 93.3%)
08/11 12:29:18AM searchStage_trainer.py:238 [INFO] Valid: Epoch: [2][250/391]	Step 1173	Loss 1.3504	Prec@(1,5) (51.0%, 93.4%)
08/11 12:29:26AM searchStage_trainer.py:238 [INFO] Valid: Epoch: [2][300/391]	Step 1173	Loss 1.3518	Prec@(1,5) (50.7%, 93.4%)
08/11 12:29:35AM searchStage_trainer.py:238 [INFO] Valid: Epoch: [2][350/391]	Step 1173	Loss 1.3558	Prec@(1,5) (50.5%, 93.4%)
08/11 12:29:42AM searchStage_trainer.py:238 [INFO] Valid: Epoch: [2][390/391]	Step 1173	Loss 1.3607	Prec@(1,5) (50.3%, 93.3%)
08/11 12:29:42AM searchStage_trainer.py:249 [INFO] Valid: [  2/49] Final Prec@1 50.2920%
08/11 12:29:42AM searchStage_main.py:47 [INFO] DAG = Genotype2(DAG1=[[('skip_connect', 1), ('skip_connect', 0)], [('max_pool_3x3', 0), ('max_pool_3x3', 1)], [('max_pool_3x3', 1), ('max_pool_3x3', 2)], [('skip_connect', 2), ('skip_connect', 3)], [('skip_connect', 3), ('max_pool_3x3', 4)], [('max_pool_3x3', 4), ('skip_connect', 6)]], DAG1_concat=range(6, 8), DAG2=[[('skip_connect', 1), ('skip_connect', 0)], [('skip_connect', 1), ('skip_connect', 0)], [('max_pool_3x3', 1), ('skip_connect', 2)], [('skip_connect', 2), ('skip_connect', 3)], [('skip_connect', 3), ('skip_connect', 4)], [('skip_connect', 4), ('skip_connect', 5)]], DAG2_concat=range(6, 8), DAG3=[[('skip_connect', 0), ('skip_connect', 1)], [('skip_connect', 0), ('skip_connect', 1)], [('skip_connect', 1), ('skip_connect', 2)], [('skip_connect', 3), ('skip_connect', 2)], [('skip_connect', 3), ('skip_connect', 4)], [('skip_connect', 4), ('skip_connect', 5)]], DAG3_concat=range(6, 8))
08/11 12:29:42AM searchStage_main.py:73 [INFO] Until now, best Prec@1 = 50.2920%
####### ALPHA #######
# Alpha - DAG
tensor([[0.2476, 0.2384, 0.2616, 0.2524],
        [0.2479, 0.2379, 0.2647, 0.2494]], device='cuda:0',
       grad_fn=<SoftmaxBackward0>)
tensor([[0.2677, 0.2324, 0.2489, 0.2510],
        [0.2647, 0.2379, 0.2495, 0.2480],
        [0.2556, 0.2436, 0.2477, 0.2531]], device='cuda:0',
       grad_fn=<SoftmaxBackward0>)
tensor([[0.2624, 0.2357, 0.2623, 0.2396],
        [0.2509, 0.2445, 0.2507, 0.2539],
        [0.2503, 0.2455, 0.2485, 0.2557]], device='cuda:0',
       grad_fn=<SoftmaxBackward0>)
tensor([[0.2514, 0.2457, 0.2539, 0.2490],
        [0.2488, 0.2499, 0.2526, 0.2488],
        [0.2492, 0.2465, 0.2506, 0.2537]], device='cuda:0',
       grad_fn=<SoftmaxBackward0>)
tensor([[0.2524, 0.2447, 0.2555, 0.2474],
        [0.2548, 0.2434, 0.2530, 0.2487],
        [0.2507, 0.2465, 0.2468, 0.2560]], device='cuda:0',
       grad_fn=<SoftmaxBackward0>)
tensor([[0.2545, 0.2426, 0.2541, 0.2488],
        [0.2527, 0.2429, 0.2512, 0.2532],
        [0.2466, 0.2480, 0.2538, 0.2516]], device='cuda:0',
       grad_fn=<SoftmaxBackward0>)
tensor([[0.2479, 0.2463, 0.2576, 0.2482],
        [0.2438, 0.2472, 0.2593, 0.2497]], device='cuda:0',
       grad_fn=<SoftmaxBackward0>)
tensor([[0.2511, 0.2475, 0.2584, 0.2430],
        [0.2518, 0.2471, 0.2593, 0.2418],
        [0.2460, 0.2452, 0.2461, 0.2627]], device='cuda:0',
       grad_fn=<SoftmaxBackward0>)
tensor([[0.2542, 0.2492, 0.2537, 0.2428],
        [0.2475, 0.2463, 0.2532, 0.2530],
        [0.2438, 0.2494, 0.2513, 0.2556]], device='cuda:0',
       grad_fn=<SoftmaxBackward0>)
tensor([[0.2470, 0.2476, 0.2568, 0.2485],
        [0.2448, 0.2475, 0.2560, 0.2517],
        [0.2453, 0.2512, 0.2503, 0.2531]], device='cuda:0',
       grad_fn=<SoftmaxBackward0>)
tensor([[0.2490, 0.2485, 0.2621, 0.2404],
        [0.2477, 0.2469, 0.2535, 0.2520],
        [0.2458, 0.2458, 0.2469, 0.2615]], device='cuda:0',
       grad_fn=<SoftmaxBackward0>)
tensor([[0.2480, 0.2476, 0.2570, 0.2474],
        [0.2473, 0.2462, 0.2564, 0.2501],
        [0.2466, 0.2448, 0.2515, 0.2571]], device='cuda:0',
       grad_fn=<SoftmaxBackward0>)
tensor([[0.2387, 0.2391, 0.2732, 0.2490],
        [0.2405, 0.2402, 0.2706, 0.2488]], device='cuda:0',
       grad_fn=<SoftmaxBackward0>)
tensor([[0.2426, 0.2433, 0.2722, 0.2419],
        [0.2439, 0.2392, 0.2699, 0.2470],
        [0.2456, 0.2431, 0.2519, 0.2594]], device='cuda:0',
       grad_fn=<SoftmaxBackward0>)
tensor([[0.2459, 0.2469, 0.2715, 0.2357],
        [0.2432, 0.2411, 0.2626, 0.2530],
        [0.2431, 0.2396, 0.2552, 0.2621]], device='cuda:0',
       grad_fn=<SoftmaxBackward0>)
tensor([[0.2514, 0.2449, 0.2559, 0.2478],
        [0.2471, 0.2407, 0.2581, 0.2541],
        [0.2461, 0.2447, 0.2562, 0.2529]], device='cuda:0',
       grad_fn=<SoftmaxBackward0>)
tensor([[0.2489, 0.2440, 0.2615, 0.2456],
        [0.2431, 0.2404, 0.2624, 0.2541],
        [0.2426, 0.2436, 0.2576, 0.2562]], device='cuda:0',
       grad_fn=<SoftmaxBackward0>)
tensor([[0.2482, 0.2431, 0.2626, 0.2461],
        [0.2454, 0.2449, 0.2600, 0.2498],
        [0.2433, 0.2392, 0.2583, 0.2592]], device='cuda:0',
       grad_fn=<SoftmaxBackward0>)
#####################
08/11 12:30:34AM searchStage_trainer.py:200 [INFO] Train: Epoch: [3][50/390]	Step 1223	lr 0.02479	Loss 1.2794 (1.2445)	Prec@(1,5) (55.7%, 94.3%)	
08/11 12:31:25AM searchStage_trainer.py:200 [INFO] Train: Epoch: [3][100/390]	Step 1273	lr 0.02479	Loss 1.1498 (1.2567)	Prec@(1,5) (54.7%, 94.6%)	
08/11 12:32:17AM searchStage_trainer.py:200 [INFO] Train: Epoch: [3][150/390]	Step 1323	lr 0.02479	Loss 1.2089 (1.2603)	Prec@(1,5) (54.5%, 94.6%)	
08/11 12:33:09AM searchStage_trainer.py:200 [INFO] Train: Epoch: [3][200/390]	Step 1373	lr 0.02479	Loss 1.1058 (1.2645)	Prec@(1,5) (54.4%, 94.5%)	
08/11 12:34:01AM searchStage_trainer.py:200 [INFO] Train: Epoch: [3][250/390]	Step 1423	lr 0.02479	Loss 1.1350 (1.2558)	Prec@(1,5) (54.4%, 94.7%)	
08/11 12:34:53AM searchStage_trainer.py:200 [INFO] Train: Epoch: [3][300/390]	Step 1473	lr 0.02479	Loss 1.4054 (1.2522)	Prec@(1,5) (54.6%, 94.6%)	
08/11 12:35:45AM searchStage_trainer.py:200 [INFO] Train: Epoch: [3][350/390]	Step 1523	lr 0.02479	Loss 1.1718 (1.2466)	Prec@(1,5) (54.9%, 94.6%)	
08/11 12:36:26AM searchStage_trainer.py:200 [INFO] Train: Epoch: [3][390/390]	Step 1563	lr 0.02479	Loss 1.1659 (1.2395)	Prec@(1,5) (55.0%, 94.7%)	
08/11 12:36:27AM searchStage_trainer.py:210 [INFO] Train: [  3/49] Final Prec@1 54.9400%
08/11 12:36:36AM searchStage_trainer.py:238 [INFO] Valid: Epoch: [3][50/391]	Step 1564	Loss 1.2184	Prec@(1,5) (56.0%, 94.5%)
08/11 12:36:44AM searchStage_trainer.py:238 [INFO] Valid: Epoch: [3][100/391]	Step 1564	Loss 1.2327	Prec@(1,5) (55.7%, 94.3%)
08/11 12:36:53AM searchStage_trainer.py:238 [INFO] Valid: Epoch: [3][150/391]	Step 1564	Loss 1.2347	Prec@(1,5) (55.3%, 94.4%)
08/11 12:37:01AM searchStage_trainer.py:238 [INFO] Valid: Epoch: [3][200/391]	Step 1564	Loss 1.2420	Prec@(1,5) (55.2%, 94.4%)
08/11 12:37:10AM searchStage_trainer.py:238 [INFO] Valid: Epoch: [3][250/391]	Step 1564	Loss 1.2362	Prec@(1,5) (55.3%, 94.6%)
08/11 12:37:18AM searchStage_trainer.py:238 [INFO] Valid: Epoch: [3][300/391]	Step 1564	Loss 1.2407	Prec@(1,5) (55.1%, 94.5%)
08/11 12:37:27AM searchStage_trainer.py:238 [INFO] Valid: Epoch: [3][350/391]	Step 1564	Loss 1.2452	Prec@(1,5) (55.0%, 94.4%)
08/11 12:37:34AM searchStage_trainer.py:238 [INFO] Valid: Epoch: [3][390/391]	Step 1564	Loss 1.2453	Prec@(1,5) (55.0%, 94.5%)
08/11 12:37:34AM searchStage_trainer.py:249 [INFO] Valid: [  3/49] Final Prec@1 55.0280%
08/11 12:37:34AM searchStage_main.py:47 [INFO] DAG = Genotype2(DAG1=[[('skip_connect', 1), ('skip_connect', 0)], [('max_pool_3x3', 0), ('max_pool_3x3', 1)], [('skip_connect', 1), ('skip_connect', 2)], [('skip_connect', 2), ('skip_connect', 3)], [('skip_connect', 3), ('skip_connect', 4)], [('skip_connect', 4), ('skip_connect', 6)]], DAG1_concat=range(6, 8), DAG2=[[('skip_connect', 1), ('skip_connect', 0)], [('skip_connect', 1), ('skip_connect', 0)], [('skip_connect', 1), ('skip_connect', 2)], [('skip_connect', 2), ('skip_connect', 3)], [('skip_connect', 3), ('skip_connect', 4)], [('skip_connect', 4), ('skip_connect', 5)]], DAG2_concat=range(6, 8), DAG3=[[('skip_connect', 0), ('skip_connect', 1)], [('skip_connect', 0), ('skip_connect', 1)], [('skip_connect', 1), ('skip_connect', 2)], [('skip_connect', 3), ('skip_connect', 4)], [('skip_connect', 4), ('skip_connect', 3)], [('skip_connect', 4), ('skip_connect', 5)]], DAG3_concat=range(6, 8))
08/11 12:37:34AM searchStage_main.py:73 [INFO] Until now, best Prec@1 = 55.0280%
####### ALPHA #######
# Alpha - DAG
tensor([[0.2429, 0.2308, 0.2740, 0.2523],
        [0.2411, 0.2288, 0.2801, 0.2500]], device='cuda:0',
       grad_fn=<SoftmaxBackward0>)
tensor([[0.2758, 0.2242, 0.2508, 0.2492],
        [0.2711, 0.2280, 0.2516, 0.2493],
        [0.2609, 0.2371, 0.2479, 0.2541]], device='cuda:0',
       grad_fn=<SoftmaxBackward0>)
tensor([[0.2660, 0.2264, 0.2735, 0.2342],
        [0.2521, 0.2376, 0.2549, 0.2554],
        [0.2475, 0.2416, 0.2493, 0.2616]], device='cuda:0',
       grad_fn=<SoftmaxBackward0>)
tensor([[0.2526, 0.2433, 0.2583, 0.2458],
        [0.2463, 0.2498, 0.2531, 0.2508],
        [0.2462, 0.2460, 0.2524, 0.2554]], device='cuda:0',
       grad_fn=<SoftmaxBackward0>)
tensor([[0.2532, 0.2412, 0.2592, 0.2464],
        [0.2565, 0.2398, 0.2569, 0.2468],
        [0.2510, 0.2425, 0.2451, 0.2614]], device='cuda:0',
       grad_fn=<SoftmaxBackward0>)
tensor([[0.2536, 0.2414, 0.2583, 0.2467],
        [0.2504, 0.2434, 0.2527, 0.2535],
        [0.2418, 0.2485, 0.2556, 0.2540]], device='cuda:0',
       grad_fn=<SoftmaxBackward0>)
tensor([[0.2455, 0.2460, 0.2622, 0.2463],
        [0.2385, 0.2471, 0.2638, 0.2506]], device='cuda:0',
       grad_fn=<SoftmaxBackward0>)
tensor([[0.2499, 0.2484, 0.2633, 0.2384],
        [0.2494, 0.2474, 0.2647, 0.2385],
        [0.2430, 0.2441, 0.2441, 0.2689]], device='cuda:0',
       grad_fn=<SoftmaxBackward0>)
tensor([[0.2541, 0.2516, 0.2586, 0.2357],
        [0.2437, 0.2462, 0.2532, 0.2570],
        [0.2404, 0.2484, 0.2521, 0.2591]], device='cuda:0',
       grad_fn=<SoftmaxBackward0>)
tensor([[0.2467, 0.2480, 0.2628, 0.2425],
        [0.2429, 0.2462, 0.2585, 0.2524],
        [0.2438, 0.2486, 0.2480, 0.2596]], device='cuda:0',
       grad_fn=<SoftmaxBackward0>)
tensor([[0.2501, 0.2442, 0.2700, 0.2357],
        [0.2454, 0.2444, 0.2526, 0.2575],
        [0.2444, 0.2443, 0.2469, 0.2643]], device='cuda:0',
       grad_fn=<SoftmaxBackward0>)
tensor([[0.2470, 0.2481, 0.2607, 0.2442],
        [0.2455, 0.2454, 0.2574, 0.2518],
        [0.2438, 0.2451, 0.2513, 0.2598]], device='cuda:0',
       grad_fn=<SoftmaxBackward0>)
tensor([[0.2344, 0.2343, 0.2817, 0.2496],
        [0.2357, 0.2369, 0.2801, 0.2472]], device='cuda:0',
       grad_fn=<SoftmaxBackward0>)
tensor([[0.2397, 0.2405, 0.2801, 0.2397],
        [0.2407, 0.2371, 0.2780, 0.2442],
        [0.2474, 0.2398, 0.2495, 0.2632]], device='cuda:0',
       grad_fn=<SoftmaxBackward0>)
tensor([[0.2442, 0.2436, 0.2804, 0.2319],
        [0.2421, 0.2354, 0.2664, 0.2561],
        [0.2405, 0.2378, 0.2584, 0.2633]], device='cuda:0',
       grad_fn=<SoftmaxBackward0>)
tensor([[0.2516, 0.2420, 0.2577, 0.2487],
        [0.2443, 0.2385, 0.2615, 0.2557],
        [0.2423, 0.2451, 0.2604, 0.2522]], device='cuda:0',
       grad_fn=<SoftmaxBackward0>)
tensor([[0.2471, 0.2421, 0.2649, 0.2460],
        [0.2403, 0.2362, 0.2682, 0.2553],
        [0.2393, 0.2409, 0.2629, 0.2570]], device='cuda:0',
       grad_fn=<SoftmaxBackward0>)
tensor([[0.2474, 0.2396, 0.2670, 0.2459],
        [0.2431, 0.2436, 0.2652, 0.2482],
        [0.2406, 0.2353, 0.2616, 0.2625]], device='cuda:0',
       grad_fn=<SoftmaxBackward0>)
#####################
08/11 12:38:26AM searchStage_trainer.py:200 [INFO] Train: Epoch: [4][50/390]	Step 1614	lr 0.02462	Loss 1.1740 (1.1875)	Prec@(1,5) (56.1%, 94.9%)	
08/11 12:39:17AM searchStage_trainer.py:200 [INFO] Train: Epoch: [4][100/390]	Step 1664	lr 0.02462	Loss 1.3751 (1.1765)	Prec@(1,5) (57.1%, 95.2%)	
08/11 12:40:09AM searchStage_trainer.py:200 [INFO] Train: Epoch: [4][150/390]	Step 1714	lr 0.02462	Loss 1.3468 (1.1785)	Prec@(1,5) (57.2%, 95.2%)	
08/11 12:41:01AM searchStage_trainer.py:200 [INFO] Train: Epoch: [4][200/390]	Step 1764	lr 0.02462	Loss 1.1361 (1.1635)	Prec@(1,5) (57.8%, 95.5%)	
08/11 12:41:53AM searchStage_trainer.py:200 [INFO] Train: Epoch: [4][250/390]	Step 1814	lr 0.02462	Loss 1.1127 (1.1586)	Prec@(1,5) (57.8%, 95.5%)	
08/11 12:42:45AM searchStage_trainer.py:200 [INFO] Train: Epoch: [4][300/390]	Step 1864	lr 0.02462	Loss 0.9768 (1.1530)	Prec@(1,5) (58.2%, 95.5%)	
08/11 12:43:37AM searchStage_trainer.py:200 [INFO] Train: Epoch: [4][350/390]	Step 1914	lr 0.02462	Loss 1.1318 (1.1487)	Prec@(1,5) (58.5%, 95.5%)	
08/11 12:44:19AM searchStage_trainer.py:200 [INFO] Train: Epoch: [4][390/390]	Step 1954	lr 0.02462	Loss 0.9487 (1.1428)	Prec@(1,5) (58.9%, 95.5%)	
08/11 12:44:19AM searchStage_trainer.py:210 [INFO] Train: [  4/49] Final Prec@1 58.8720%
08/11 12:44:28AM searchStage_trainer.py:238 [INFO] Valid: Epoch: [4][50/391]	Step 1955	Loss 1.3649	Prec@(1,5) (53.6%, 92.5%)
08/11 12:44:37AM searchStage_trainer.py:238 [INFO] Valid: Epoch: [4][100/391]	Step 1955	Loss 1.3585	Prec@(1,5) (54.0%, 93.1%)
08/11 12:44:45AM searchStage_trainer.py:238 [INFO] Valid: Epoch: [4][150/391]	Step 1955	Loss 1.3542	Prec@(1,5) (53.8%, 93.2%)
08/11 12:44:54AM searchStage_trainer.py:238 [INFO] Valid: Epoch: [4][200/391]	Step 1955	Loss 1.3603	Prec@(1,5) (53.6%, 93.0%)
08/11 12:45:02AM searchStage_trainer.py:238 [INFO] Valid: Epoch: [4][250/391]	Step 1955	Loss 1.3555	Prec@(1,5) (53.5%, 93.0%)
08/11 12:45:11AM searchStage_trainer.py:238 [INFO] Valid: Epoch: [4][300/391]	Step 1955	Loss 1.3583	Prec@(1,5) (53.7%, 93.0%)
08/11 12:45:19AM searchStage_trainer.py:238 [INFO] Valid: Epoch: [4][350/391]	Step 1955	Loss 1.3621	Prec@(1,5) (53.6%, 92.9%)
08/11 12:45:26AM searchStage_trainer.py:238 [INFO] Valid: Epoch: [4][390/391]	Step 1955	Loss 1.3587	Prec@(1,5) (53.6%, 92.9%)
08/11 12:45:26AM searchStage_trainer.py:249 [INFO] Valid: [  4/49] Final Prec@1 53.6520%
08/11 12:45:26AM searchStage_main.py:47 [INFO] DAG = Genotype2(DAG1=[[('skip_connect', 1), ('skip_connect', 0)], [('max_pool_3x3', 0), ('max_pool_3x3', 1)], [('skip_connect', 1), ('skip_connect', 2)], [('skip_connect', 2), ('skip_connect', 3)], [('skip_connect', 3), ('skip_connect', 4)], [('skip_connect', 4), ('skip_connect', 6)]], DAG1_concat=range(6, 8), DAG2=[[('skip_connect', 1), ('skip_connect', 0)], [('skip_connect', 1), ('skip_connect', 0)], [('skip_connect', 1), ('skip_connect', 2)], [('skip_connect', 2), ('skip_connect', 3)], [('skip_connect', 3), ('skip_connect', 4)], [('skip_connect', 4), ('skip_connect', 5)]], DAG2_concat=range(6, 8), DAG3=[[('skip_connect', 0), ('skip_connect', 1)], [('skip_connect', 0), ('skip_connect', 1)], [('skip_connect', 1), ('skip_connect', 2)], [('skip_connect', 3), ('skip_connect', 2)], [('skip_connect', 3), ('skip_connect', 4)], [('skip_connect', 4), ('skip_connect', 5)]], DAG3_concat=range(6, 8))
08/11 12:45:27AM searchStage_main.py:73 [INFO] Until now, best Prec@1 = 55.0280%
####### ALPHA #######
# Alpha - DAG
tensor([[0.2358, 0.2222, 0.2884, 0.2536],
        [0.2328, 0.2181, 0.3003, 0.2488]], device='cuda:0',
       grad_fn=<SoftmaxBackward0>)
tensor([[0.2797, 0.2174, 0.2545, 0.2485],
        [0.2742, 0.2209, 0.2556, 0.2494],
        [0.2630, 0.2322, 0.2499, 0.2548]], device='cuda:0',
       grad_fn=<SoftmaxBackward0>)
tensor([[0.2640, 0.2192, 0.2875, 0.2292],
        [0.2516, 0.2302, 0.2592, 0.2591],
        [0.2438, 0.2388, 0.2522, 0.2652]], device='cuda:0',
       grad_fn=<SoftmaxBackward0>)
tensor([[0.2524, 0.2409, 0.2649, 0.2418],
        [0.2424, 0.2494, 0.2550, 0.2532],
        [0.2445, 0.2430, 0.2543, 0.2582]], device='cuda:0',
       grad_fn=<SoftmaxBackward0>)
tensor([[0.2539, 0.2410, 0.2648, 0.2404],
        [0.2559, 0.2342, 0.2607, 0.2492],
        [0.2504, 0.2389, 0.2425, 0.2683]], device='cuda:0',
       grad_fn=<SoftmaxBackward0>)
tensor([[0.2544, 0.2383, 0.2654, 0.2419],
        [0.2494, 0.2386, 0.2531, 0.2589],
        [0.2395, 0.2456, 0.2593, 0.2557]], device='cuda:0',
       grad_fn=<SoftmaxBackward0>)
tensor([[0.2413, 0.2448, 0.2674, 0.2465],
        [0.2339, 0.2472, 0.2698, 0.2491]], device='cuda:0',
       grad_fn=<SoftmaxBackward0>)
tensor([[0.2522, 0.2471, 0.2648, 0.2359],
        [0.2493, 0.2447, 0.2675, 0.2385],
        [0.2449, 0.2412, 0.2423, 0.2716]], device='cuda:0',
       grad_fn=<SoftmaxBackward0>)
tensor([[0.2558, 0.2518, 0.2626, 0.2298],
        [0.2450, 0.2427, 0.2537, 0.2586],
        [0.2409, 0.2455, 0.2493, 0.2643]], device='cuda:0',
       grad_fn=<SoftmaxBackward0>)
tensor([[0.2502, 0.2446, 0.2665, 0.2388],
        [0.2447, 0.2449, 0.2613, 0.2492],
        [0.2474, 0.2435, 0.2426, 0.2665]], device='cuda:0',
       grad_fn=<SoftmaxBackward0>)
tensor([[0.2510, 0.2420, 0.2757, 0.2313],
        [0.2458, 0.2420, 0.2507, 0.2614],
        [0.2462, 0.2408, 0.2455, 0.2674]], device='cuda:0',
       grad_fn=<SoftmaxBackward0>)
tensor([[0.2454, 0.2462, 0.2626, 0.2457],
        [0.2445, 0.2447, 0.2609, 0.2500],
        [0.2443, 0.2433, 0.2519, 0.2606]], device='cuda:0',
       grad_fn=<SoftmaxBackward0>)
tensor([[0.2318, 0.2303, 0.2882, 0.2498],
        [0.2336, 0.2330, 0.2871, 0.2463]], device='cuda:0',
       grad_fn=<SoftmaxBackward0>)
tensor([[0.2366, 0.2389, 0.2866, 0.2380],
        [0.2382, 0.2352, 0.2854, 0.2413],
        [0.2478, 0.2377, 0.2477, 0.2668]], device='cuda:0',
       grad_fn=<SoftmaxBackward0>)
tensor([[0.2433, 0.2457, 0.2890, 0.2220],
        [0.2407, 0.2329, 0.2671, 0.2593],
        [0.2369, 0.2351, 0.2577, 0.2704]], device='cuda:0',
       grad_fn=<SoftmaxBackward0>)
tensor([[0.2524, 0.2408, 0.2593, 0.2474],
        [0.2430, 0.2373, 0.2647, 0.2551],
        [0.2420, 0.2433, 0.2607, 0.2541]], device='cuda:0',
       grad_fn=<SoftmaxBackward0>)
tensor([[0.2461, 0.2406, 0.2683, 0.2450],
        [0.2392, 0.2328, 0.2710, 0.2570],
        [0.2390, 0.2384, 0.2650, 0.2576]], device='cuda:0',
       grad_fn=<SoftmaxBackward0>)
tensor([[0.2471, 0.2373, 0.2720, 0.2437],
        [0.2420, 0.2428, 0.2674, 0.2477],
        [0.2382, 0.2311, 0.2637, 0.2669]], device='cuda:0',
       grad_fn=<SoftmaxBackward0>)
#####################
08/11 12:46:19AM searchStage_trainer.py:200 [INFO] Train: Epoch: [5][50/390]	Step 2005	lr 0.02441	Loss 0.8423 (1.1090)	Prec@(1,5) (60.7%, 95.7%)	
08/11 12:47:10AM searchStage_trainer.py:200 [INFO] Train: Epoch: [5][100/390]	Step 2055	lr 0.02441	Loss 1.0246 (1.0822)	Prec@(1,5) (61.5%, 95.9%)	
08/11 12:48:02AM searchStage_trainer.py:200 [INFO] Train: Epoch: [5][150/390]	Step 2105	lr 0.02441	Loss 1.2673 (1.0733)	Prec@(1,5) (61.6%, 96.0%)	
08/11 12:48:53AM searchStage_trainer.py:200 [INFO] Train: Epoch: [5][200/390]	Step 2155	lr 0.02441	Loss 1.1098 (1.0658)	Prec@(1,5) (61.7%, 96.2%)	
08/11 12:49:46AM searchStage_trainer.py:200 [INFO] Train: Epoch: [5][250/390]	Step 2205	lr 0.02441	Loss 0.9060 (1.0540)	Prec@(1,5) (62.1%, 96.3%)	
08/11 12:50:37AM searchStage_trainer.py:200 [INFO] Train: Epoch: [5][300/390]	Step 2255	lr 0.02441	Loss 1.2301 (1.0558)	Prec@(1,5) (62.1%, 96.3%)	
08/11 12:51:29AM searchStage_trainer.py:200 [INFO] Train: Epoch: [5][350/390]	Step 2305	lr 0.02441	Loss 1.2139 (1.0503)	Prec@(1,5) (62.4%, 96.3%)	
