10/12 03:44:01AM parser.py:28 [INFO] 
10/12 03:44:01AM parser.py:29 [INFO] Parameters:
10/12 03:44:01AM parser.py:31 [INFO] DAG=Genotype2(DAG1=[[('skip_connect', 0), ('skip_connect', 1)], [('skip_connect', 1), ('skip_connect', 0)], [('skip_connect', 3), ('skip_connect', 1)], [('skip_connect', 3), ('skip_connect', 4)], [('skip_connect', 3), ('skip_connect', 4)], [('skip_connect', 4), ('skip_connect', 6)]], DAG1_concat=range(6, 8), DAG2=[[('skip_connect', 0), ('skip_connect', 1)], [('skip_connect', 0), ('skip_connect', 1)], [('skip_connect', 1), ('skip_connect', 2)], [('skip_connect', 2), ('skip_connect', 3)], [('skip_connect', 4), ('skip_connect', 3)], [('skip_connect', 5), ('skip_connect', 4)]], DAG2_concat=range(6, 8), DAG3=[[('skip_connect', 1), ('skip_connect', 0)], [('skip_connect', 0), ('skip_connect', 1)], [('skip_connect', 1), ('skip_connect', 2)], [('skip_connect', 3), ('skip_connect', 2)], [('skip_connect', 3), ('skip_connect', 4)], [('skip_connect', 5), ('skip_connect', 4)]], DAG3_concat=range(6, 8))
10/12 03:44:01AM parser.py:31 [INFO] T=10.0
10/12 03:44:01AM parser.py:31 [INFO] ADVANCED=True
10/12 03:44:01AM parser.py:31 [INFO] AUX_WEIGHT=0.4
10/12 03:44:01AM parser.py:31 [INFO] BATCH_SIZE=64
10/12 03:44:01AM parser.py:31 [INFO] CHECKPOINT_RESET=False
10/12 03:44:01AM parser.py:31 [INFO] CUTOUT_LENGTH=16
10/12 03:44:01AM parser.py:31 [INFO] DATA_PATH=../data/
10/12 03:44:01AM parser.py:31 [INFO] DATASET=cifar100
10/12 03:44:01AM parser.py:31 [INFO] DEPTH_COEF=0.0
10/12 03:44:01AM parser.py:31 [INFO] DESCRIPTION=ArchHint_KD_mimic_only_teacher_archtecture
10/12 03:44:01AM parser.py:31 [INFO] DROP_PATH_PROB=0.2
10/12 03:44:01AM parser.py:31 [INFO] EPOCHS=100
10/12 03:44:01AM parser.py:31 [INFO] EXP_NAME=s1l0.01-h_das_teacher
10/12 03:44:01AM parser.py:31 [INFO] GENOTYPE=Genotype3(normal1=[[('sep_conv_5x5', 0), ('sep_conv_3x3', 1)], [('sep_conv_3x3', 1), ('sep_conv_3x3', 0)], [('sep_conv_3x3', 1), ('sep_conv_3x3', 2)], [('sep_conv_3x3', 0), ('sep_conv_5x5', 4)]], normal1_concat=range(2, 6), reduce1=[[('sep_conv_3x3', 0), ('skip_connect', 1)], [('sep_conv_3x3', 1), ('max_pool_3x3', 0)], [('sep_conv_3x3', 2), ('sep_conv_3x3', 1)], [('max_pool_3x3', 0), ('dil_conv_3x3', 1)]], reduce1_concat=range(2, 6), normal2=[[('skip_connect', 0), ('sep_conv_5x5', 1)], [('skip_connect', 0), ('skip_connect', 2)], [('avg_pool_3x3', 0), ('avg_pool_3x3', 2)], [('skip_connect', 0), ('avg_pool_3x3', 2)]], normal2_concat=range(2, 6), reduce2=[[('avg_pool_3x3', 0), ('avg_pool_3x3', 1)], [('avg_pool_3x3', 0), ('skip_connect', 2)], [('skip_connect', 2), ('avg_pool_3x3', 0)], [('skip_connect', 2), ('avg_pool_3x3', 0)]], reduce2_concat=range(2, 6), normal3=[[('skip_connect', 0), ('skip_connect', 1)], [('skip_connect', 0), ('dil_conv_3x3', 1)], [('skip_connect', 0), ('skip_connect', 1)], [('skip_connect', 0), ('skip_connect', 2)]], normal3_concat=range(2, 6))
10/12 03:44:01AM parser.py:31 [INFO] GPUS=[0]
10/12 03:44:01AM parser.py:31 [INFO] INIT_CHANNELS=32
10/12 03:44:01AM parser.py:31 [INFO] L=0.5
10/12 03:44:01AM parser.py:31 [INFO] LAYERS=20
10/12 03:44:01AM parser.py:31 [INFO] LOGGER=<Logger H-DAS (INFO)>
10/12 03:44:01AM parser.py:31 [INFO] NAME=ARCH-KD
10/12 03:44:01AM parser.py:31 [INFO] NONKD=True
10/12 03:44:01AM parser.py:31 [INFO] PATH=results/evaluate_stage_KD/cifar100/ARCH-KD/s1l0.01-h_das_teacher
10/12 03:44:01AM parser.py:31 [INFO] PLOT_PATH=results/evaluate_stage_KD/cifar100/ARCH-KD/s1l0.01-h_das_teacher/plots
10/12 03:44:01AM parser.py:31 [INFO] PRINT_FREQ=100
10/12 03:44:01AM parser.py:31 [INFO] RESUME_PATH=/home/miura/lab/KD-hdas/results/search_stage_KD/cifar100/ARCH-KD/l0.01-2-h_das_teacher/best.pth.tar
10/12 03:44:01AM parser.py:31 [INFO] SAVE=s1l0.01-h_das_teacher
10/12 03:44:01AM parser.py:31 [INFO] SEED=1
10/12 03:44:01AM parser.py:31 [INFO] SLIDE_WINDOW=8
10/12 03:44:01AM parser.py:31 [INFO] SPEC_CELL=True
10/12 03:44:01AM parser.py:31 [INFO] TEACHER_NAME=none
10/12 03:44:01AM parser.py:31 [INFO] TEACHER_PATH=none
10/12 03:44:01AM parser.py:31 [INFO] TRAIN_PORTION=0.9
10/12 03:44:01AM parser.py:31 [INFO] W_GRAD_CLIP=5.0
10/12 03:44:01AM parser.py:31 [INFO] W_LR=0.025
10/12 03:44:01AM parser.py:31 [INFO] W_LR_MIN=0.001
10/12 03:44:01AM parser.py:31 [INFO] W_MOMENTUM=0.9
10/12 03:44:01AM parser.py:31 [INFO] W_WEIGHT_DECAY=0.0003
10/12 03:44:01AM parser.py:31 [INFO] WORKERS=4
10/12 03:44:01AM parser.py:32 [INFO] 
10/12 03:44:21AM evaluateStageRelax_trainer.py:115 [INFO] --> Loaded checkpoint '/home/miura/lab/KD-hdas/results/search_stage_KD/cifar100/ARCH-KD/l0.01-2-h_das_teacher/best.pth.tar'(Reseted epoch 0)
10/12 03:44:21AM evaluateStageRelax_trainer.py:138 [INFO] --> Loaded alpha parameters are Freezed
####### ALPHA #######
# Alpha - DAG
tensor([[0.1750, 0.1787, 0.4658, 0.1805],
        [0.1756, 0.1783, 0.4658, 0.1803]], device='cuda:0')
tensor([[0.1399, 0.1576, 0.5315, 0.1710],
        [0.1362, 0.1540, 0.5423, 0.1675],
        [0.2383, 0.2561, 0.2621, 0.2435]], device='cuda:0')
tensor([[0.2391, 0.2454, 0.2577, 0.2578],
        [0.1704, 0.1749, 0.4730, 0.1817],
        [0.2478, 0.2536, 0.2516, 0.2470],
        [0.1646, 0.1640, 0.5009, 0.1704]], device='cuda:0')
tensor([[0.2484, 0.2523, 0.2528, 0.2465],
        [0.2497, 0.2528, 0.2532, 0.2443],
        [0.2486, 0.2482, 0.2507, 0.2526],
        [0.1796, 0.1766, 0.4570, 0.1868],
        [0.1799, 0.1830, 0.4563, 0.1808]], device='cuda:0')
tensor([[0.2391, 0.2277, 0.2554, 0.2778],
        [0.2411, 0.2290, 0.2617, 0.2682],
        [0.2390, 0.2447, 0.2602, 0.2561],
        [0.1381, 0.1345, 0.5876, 0.1399],
        [0.1666, 0.1686, 0.4878, 0.1770],
        [0.2495, 0.2464, 0.2503, 0.2538]], device='cuda:0')
tensor([[0.2183, 0.2242, 0.2622, 0.2953],
        [0.2176, 0.2254, 0.2728, 0.2842],
        [0.2434, 0.2527, 0.2622, 0.2417],
        [0.2101, 0.2209, 0.3473, 0.2217],
        [0.1605, 0.1664, 0.5076, 0.1655],
        [0.2439, 0.2484, 0.2615, 0.2463],
        [0.1602, 0.1673, 0.5034, 0.1691]], device='cuda:0')
tensor([[0.1748, 0.1801, 0.4634, 0.1817],
        [0.1755, 0.1817, 0.4628, 0.1800]], device='cuda:0')
tensor([[0.1742, 0.1787, 0.4671, 0.1799],
        [0.1757, 0.1775, 0.4657, 0.1811],
        [0.2464, 0.2498, 0.2527, 0.2511]], device='cuda:0')
tensor([[0.2479, 0.2525, 0.2579, 0.2417],
        [0.1763, 0.1796, 0.4681, 0.1761],
        [0.1802, 0.1812, 0.4542, 0.1844],
        [0.2391, 0.2484, 0.2507, 0.2617]], device='cuda:0')
tensor([[0.2456, 0.2425, 0.2564, 0.2554],
        [0.2460, 0.2426, 0.2551, 0.2563],
        [0.1829, 0.1837, 0.4556, 0.1778],
        [0.1833, 0.1851, 0.4504, 0.1812],
        [0.2492, 0.2520, 0.2499, 0.2489]], device='cuda:0')
tensor([[0.2327, 0.2539, 0.2775, 0.2359],
        [0.2302, 0.2507, 0.2777, 0.2414],
        [0.2412, 0.2697, 0.2621, 0.2270],
        [0.1722, 0.1750, 0.4651, 0.1877],
        [0.1708, 0.1780, 0.4652, 0.1860],
        [0.2270, 0.2413, 0.2515, 0.2802]], device='cuda:0')
tensor([[0.2239, 0.2495, 0.2898, 0.2368],
        [0.2265, 0.2470, 0.2887, 0.2378],
        [0.2425, 0.2619, 0.2646, 0.2310],
        [0.2373, 0.2416, 0.2604, 0.2607],
        [0.1767, 0.1786, 0.4597, 0.1850],
        [0.1742, 0.1770, 0.4598, 0.1890],
        [0.2454, 0.2449, 0.2459, 0.2638]], device='cuda:0')
tensor([[0.1401, 0.1505, 0.5361, 0.1733],
        [0.1405, 0.1520, 0.5464, 0.1611]], device='cuda:0')
tensor([[0.1444, 0.1574, 0.5380, 0.1603],
        [0.1495, 0.1579, 0.5266, 0.1661],
        [0.2142, 0.2404, 0.2673, 0.2781]], device='cuda:0')
tensor([[0.2194, 0.2477, 0.3055, 0.2274],
        [0.1522, 0.1613, 0.5271, 0.1594],
        [0.1618, 0.1728, 0.4698, 0.1957],
        [0.2287, 0.2432, 0.2546, 0.2734]], device='cuda:0')
tensor([[0.2219, 0.2528, 0.3033, 0.2220],
        [0.2298, 0.2497, 0.2948, 0.2258],
        [0.1765, 0.1857, 0.4539, 0.1839],
        [0.1702, 0.1784, 0.4554, 0.1961],
        [0.2346, 0.2404, 0.2406, 0.2845]], device='cuda:0')
tensor([[0.1629, 0.1666, 0.5327, 0.1377],
        [0.1785, 0.1693, 0.4960, 0.1561],
        [0.2123, 0.2193, 0.2810, 0.2874],
        [0.1295, 0.1377, 0.5205, 0.2124],
        [0.1373, 0.1463, 0.4878, 0.2285],
        [0.1440, 0.1487, 0.2107, 0.4967]], device='cuda:0')
tensor([[0.1926, 0.1753, 0.4935, 0.1387],
        [0.2121, 0.1805, 0.4496, 0.1578],
        [0.2521, 0.2382, 0.2588, 0.2509],
        [0.2212, 0.2084, 0.2570, 0.3134],
        [0.1446, 0.1461, 0.4854, 0.2240],
        [0.1255, 0.1290, 0.5147, 0.2307],
        [0.1718, 0.1625, 0.2044, 0.4613]], device='cuda:0')
#####################
10/12 03:44:39AM evaluateStageRelax_trainer.py:198 [INFO] Train: Epoch: [0][100/703]	Step 100	lr 0.025	Loss 5.8525 (6.3534)	Hard Loss 0.0000 (0.0000)	Soft Loss 0.0000 (0.0000)	Prec@(1,5) (3.2%, 13.7%)	
10/12 03:44:56AM evaluateStageRelax_trainer.py:198 [INFO] Train: Epoch: [0][200/703]	Step 200	lr 0.025	Loss 5.7824 (6.0293)	Hard Loss 0.0000 (0.0000)	Soft Loss 0.0000 (0.0000)	Prec@(1,5) (4.7%, 18.8%)	
10/12 03:45:13AM evaluateStageRelax_trainer.py:198 [INFO] Train: Epoch: [0][300/703]	Step 300	lr 0.025	Loss 5.4058 (5.8507)	Hard Loss 0.0000 (0.0000)	Soft Loss 0.0000 (0.0000)	Prec@(1,5) (6.0%, 22.3%)	
10/12 03:45:29AM evaluateStageRelax_trainer.py:198 [INFO] Train: Epoch: [0][400/703]	Step 400	lr 0.025	Loss 5.5958 (5.7286)	Hard Loss 0.0000 (0.0000)	Soft Loss 0.0000 (0.0000)	Prec@(1,5) (6.8%, 24.6%)	
10/12 03:45:46AM evaluateStageRelax_trainer.py:198 [INFO] Train: Epoch: [0][500/703]	Step 500	lr 0.025	Loss 5.1880 (5.6304)	Hard Loss 0.0000 (0.0000)	Soft Loss 0.0000 (0.0000)	Prec@(1,5) (7.7%, 26.5%)	
10/12 03:46:03AM evaluateStageRelax_trainer.py:198 [INFO] Train: Epoch: [0][600/703]	Step 600	lr 0.025	Loss 4.9183 (5.5432)	Hard Loss 0.0000 (0.0000)	Soft Loss 0.0000 (0.0000)	Prec@(1,5) (8.5%, 28.4%)	
10/12 03:46:20AM evaluateStageRelax_trainer.py:198 [INFO] Train: Epoch: [0][700/703]	Step 700	lr 0.025	Loss 5.0006 (5.4602)	Hard Loss 0.0000 (0.0000)	Soft Loss 0.0000 (0.0000)	Prec@(1,5) (9.4%, 30.2%)	
10/12 03:46:20AM evaluateStageRelax_trainer.py:198 [INFO] Train: Epoch: [0][703/703]	Step 703	lr 0.025	Loss 5.0987 (5.4588)	Hard Loss 0.0000 (0.0000)	Soft Loss 0.0000 (0.0000)	Prec@(1,5) (9.4%, 30.2%)	
10/12 03:46:21AM evaluateStageRelax_trainer.py:207 [INFO] Train: [  0/99] Final Prec@1 9.4422%
10/12 03:46:26AM evaluateStageRelax_trainer.py:242 [INFO] Valid: [  0/99] Final Prec@1 13.5200%
10/12 03:46:27午前 evaluateStageRelax_main.py:73 [INFO] Until now, best Prec@1 = 13.5200%
####### ALPHA #######
# Alpha - DAG
tensor([[0.1750, 0.1787, 0.4658, 0.1805],
        [0.1756, 0.1783, 0.4658, 0.1803]], device='cuda:0')
tensor([[0.1399, 0.1576, 0.5315, 0.1710],
        [0.1362, 0.1540, 0.5423, 0.1675],
        [0.2383, 0.2561, 0.2621, 0.2435]], device='cuda:0')
tensor([[0.2391, 0.2454, 0.2577, 0.2578],
        [0.1704, 0.1749, 0.4730, 0.1817],
        [0.2478, 0.2536, 0.2516, 0.2470],
        [0.1646, 0.1640, 0.5009, 0.1704]], device='cuda:0')
tensor([[0.2484, 0.2523, 0.2528, 0.2465],
        [0.2497, 0.2528, 0.2532, 0.2443],
        [0.2486, 0.2482, 0.2507, 0.2526],
        [0.1796, 0.1766, 0.4570, 0.1868],
        [0.1799, 0.1830, 0.4563, 0.1808]], device='cuda:0')
tensor([[0.2391, 0.2277, 0.2554, 0.2778],
        [0.2411, 0.2290, 0.2617, 0.2682],
        [0.2390, 0.2447, 0.2602, 0.2561],
        [0.1381, 0.1345, 0.5876, 0.1399],
        [0.1666, 0.1686, 0.4878, 0.1770],
        [0.2495, 0.2464, 0.2503, 0.2538]], device='cuda:0')
tensor([[0.2183, 0.2242, 0.2622, 0.2953],
        [0.2176, 0.2254, 0.2728, 0.2842],
        [0.2434, 0.2527, 0.2622, 0.2417],
        [0.2101, 0.2209, 0.3473, 0.2217],
        [0.1605, 0.1664, 0.5076, 0.1655],
        [0.2439, 0.2484, 0.2615, 0.2463],
        [0.1602, 0.1673, 0.5034, 0.1691]], device='cuda:0')
tensor([[0.1748, 0.1801, 0.4634, 0.1817],
        [0.1755, 0.1817, 0.4628, 0.1800]], device='cuda:0')
tensor([[0.1742, 0.1787, 0.4671, 0.1799],
        [0.1757, 0.1775, 0.4657, 0.1811],
        [0.2464, 0.2498, 0.2527, 0.2511]], device='cuda:0')
tensor([[0.2479, 0.2525, 0.2579, 0.2417],
        [0.1763, 0.1796, 0.4681, 0.1761],
        [0.1802, 0.1812, 0.4542, 0.1844],
        [0.2391, 0.2484, 0.2507, 0.2617]], device='cuda:0')
tensor([[0.2456, 0.2425, 0.2564, 0.2554],
        [0.2460, 0.2426, 0.2551, 0.2563],
        [0.1829, 0.1837, 0.4556, 0.1778],
        [0.1833, 0.1851, 0.4504, 0.1812],
        [0.2492, 0.2520, 0.2499, 0.2489]], device='cuda:0')
tensor([[0.2327, 0.2539, 0.2775, 0.2359],
        [0.2302, 0.2507, 0.2777, 0.2414],
        [0.2412, 0.2697, 0.2621, 0.2270],
        [0.1722, 0.1750, 0.4651, 0.1877],
        [0.1708, 0.1780, 0.4652, 0.1860],
        [0.2270, 0.2413, 0.2515, 0.2802]], device='cuda:0')
tensor([[0.2239, 0.2495, 0.2898, 0.2368],
        [0.2265, 0.2470, 0.2887, 0.2378],
        [0.2425, 0.2619, 0.2646, 0.2310],
        [0.2373, 0.2416, 0.2604, 0.2607],
        [0.1767, 0.1786, 0.4597, 0.1850],
        [0.1742, 0.1770, 0.4598, 0.1890],
        [0.2454, 0.2449, 0.2459, 0.2638]], device='cuda:0')
tensor([[0.1401, 0.1505, 0.5361, 0.1733],
        [0.1405, 0.1520, 0.5464, 0.1611]], device='cuda:0')
tensor([[0.1444, 0.1574, 0.5380, 0.1603],
        [0.1495, 0.1579, 0.5266, 0.1661],
        [0.2142, 0.2404, 0.2673, 0.2781]], device='cuda:0')
tensor([[0.2194, 0.2477, 0.3055, 0.2274],
        [0.1522, 0.1613, 0.5271, 0.1594],
        [0.1618, 0.1728, 0.4698, 0.1957],
        [0.2287, 0.2432, 0.2546, 0.2734]], device='cuda:0')
tensor([[0.2219, 0.2528, 0.3033, 0.2220],
        [0.2298, 0.2497, 0.2948, 0.2258],
        [0.1765, 0.1857, 0.4539, 0.1839],
        [0.1702, 0.1784, 0.4554, 0.1961],
        [0.2346, 0.2404, 0.2406, 0.2845]], device='cuda:0')
tensor([[0.1629, 0.1666, 0.5327, 0.1377],
        [0.1785, 0.1693, 0.4960, 0.1561],
        [0.2123, 0.2193, 0.2810, 0.2874],
        [0.1295, 0.1377, 0.5205, 0.2124],
        [0.1373, 0.1463, 0.4878, 0.2285],
        [0.1440, 0.1487, 0.2107, 0.4967]], device='cuda:0')
tensor([[0.1926, 0.1753, 0.4935, 0.1387],
        [0.2121, 0.1805, 0.4496, 0.1578],
        [0.2521, 0.2382, 0.2588, 0.2509],
        [0.2212, 0.2084, 0.2570, 0.3134],
        [0.1446, 0.1461, 0.4854, 0.2240],
        [0.1255, 0.1290, 0.5147, 0.2307],
        [0.1718, 0.1625, 0.2044, 0.4613]], device='cuda:0')
#####################
10/12 03:46:45午前 evaluateStageRelax_trainer.py:198 [INFO] Train: Epoch: [1][100/703]	Step 804	lr 0.02499	Loss 5.4311 (4.8323)	Hard Loss 0.0000 (0.0000)	Soft Loss 0.0000 (0.0000)	Prec@(1,5) (16.8%, 43.0%)	
10/12 03:47:02午前 evaluateStageRelax_trainer.py:198 [INFO] Train: Epoch: [1][200/703]	Step 904	lr 0.02499	Loss 4.6578 (4.7366)	Hard Loss 0.0000 (0.0000)	Soft Loss 0.0000 (0.0000)	Prec@(1,5) (17.7%, 45.2%)	
10/12 03:47:20午前 evaluateStageRelax_trainer.py:198 [INFO] Train: Epoch: [1][300/703]	Step 1004	lr 0.02499	Loss 4.6038 (4.6885)	Hard Loss 0.0000 (0.0000)	Soft Loss 0.0000 (0.0000)	Prec@(1,5) (18.3%, 46.1%)	
10/12 03:47:37午前 evaluateStageRelax_trainer.py:198 [INFO] Train: Epoch: [1][400/703]	Step 1104	lr 0.02499	Loss 4.5189 (4.6402)	Hard Loss 0.0000 (0.0000)	Soft Loss 0.0000 (0.0000)	Prec@(1,5) (18.9%, 47.2%)	
10/12 03:47:54午前 evaluateStageRelax_trainer.py:198 [INFO] Train: Epoch: [1][500/703]	Step 1204	lr 0.02499	Loss 4.6639 (4.5996)	Hard Loss 0.0000 (0.0000)	Soft Loss 0.0000 (0.0000)	Prec@(1,5) (19.5%, 48.1%)	
10/12 03:48:12午前 evaluateStageRelax_trainer.py:198 [INFO] Train: Epoch: [1][600/703]	Step 1304	lr 0.02499	Loss 4.3559 (4.5486)	Hard Loss 0.0000 (0.0000)	Soft Loss 0.0000 (0.0000)	Prec@(1,5) (20.0%, 49.1%)	
10/12 03:48:29午前 evaluateStageRelax_trainer.py:198 [INFO] Train: Epoch: [1][700/703]	Step 1404	lr 0.02499	Loss 3.7281 (4.5004)	Hard Loss 0.0000 (0.0000)	Soft Loss 0.0000 (0.0000)	Prec@(1,5) (20.7%, 50.0%)	
10/12 03:48:30午前 evaluateStageRelax_trainer.py:198 [INFO] Train: Epoch: [1][703/703]	Step 1407	lr 0.02499	Loss 3.7944 (4.4990)	Hard Loss 0.0000 (0.0000)	Soft Loss 0.0000 (0.0000)	Prec@(1,5) (20.7%, 50.1%)	
10/12 03:48:30午前 evaluateStageRelax_trainer.py:207 [INFO] Train: [  1/99] Final Prec@1 20.6978%
10/12 03:48:35午前 evaluateStageRelax_trainer.py:242 [INFO] Valid: [  1/99] Final Prec@1 22.5800%
10/12 03:48:35午前 evaluateStageRelax_main.py:73 [INFO] Until now, best Prec@1 = 22.5800%
####### ALPHA #######
# Alpha - DAG
tensor([[0.1750, 0.1787, 0.4658, 0.1805],
        [0.1756, 0.1783, 0.4658, 0.1803]], device='cuda:0')
tensor([[0.1399, 0.1576, 0.5315, 0.1710],
        [0.1362, 0.1540, 0.5423, 0.1675],
        [0.2383, 0.2561, 0.2621, 0.2435]], device='cuda:0')
tensor([[0.2391, 0.2454, 0.2577, 0.2578],
        [0.1704, 0.1749, 0.4730, 0.1817],
        [0.2478, 0.2536, 0.2516, 0.2470],
        [0.1646, 0.1640, 0.5009, 0.1704]], device='cuda:0')
tensor([[0.2484, 0.2523, 0.2528, 0.2465],
        [0.2497, 0.2528, 0.2532, 0.2443],
        [0.2486, 0.2482, 0.2507, 0.2526],
        [0.1796, 0.1766, 0.4570, 0.1868],
        [0.1799, 0.1830, 0.4563, 0.1808]], device='cuda:0')
tensor([[0.2391, 0.2277, 0.2554, 0.2778],
        [0.2411, 0.2290, 0.2617, 0.2682],
        [0.2390, 0.2447, 0.2602, 0.2561],
        [0.1381, 0.1345, 0.5876, 0.1399],
        [0.1666, 0.1686, 0.4878, 0.1770],
        [0.2495, 0.2464, 0.2503, 0.2538]], device='cuda:0')
tensor([[0.2183, 0.2242, 0.2622, 0.2953],
        [0.2176, 0.2254, 0.2728, 0.2842],
        [0.2434, 0.2527, 0.2622, 0.2417],
        [0.2101, 0.2209, 0.3473, 0.2217],
        [0.1605, 0.1664, 0.5076, 0.1655],
        [0.2439, 0.2484, 0.2615, 0.2463],
        [0.1602, 0.1673, 0.5034, 0.1691]], device='cuda:0')
tensor([[0.1748, 0.1801, 0.4634, 0.1817],
        [0.1755, 0.1817, 0.4628, 0.1800]], device='cuda:0')
tensor([[0.1742, 0.1787, 0.4671, 0.1799],
        [0.1757, 0.1775, 0.4657, 0.1811],
        [0.2464, 0.2498, 0.2527, 0.2511]], device='cuda:0')
tensor([[0.2479, 0.2525, 0.2579, 0.2417],
        [0.1763, 0.1796, 0.4681, 0.1761],
        [0.1802, 0.1812, 0.4542, 0.1844],
        [0.2391, 0.2484, 0.2507, 0.2617]], device='cuda:0')
tensor([[0.2456, 0.2425, 0.2564, 0.2554],
        [0.2460, 0.2426, 0.2551, 0.2563],
        [0.1829, 0.1837, 0.4556, 0.1778],
        [0.1833, 0.1851, 0.4504, 0.1812],
        [0.2492, 0.2520, 0.2499, 0.2489]], device='cuda:0')
tensor([[0.2327, 0.2539, 0.2775, 0.2359],
        [0.2302, 0.2507, 0.2777, 0.2414],
        [0.2412, 0.2697, 0.2621, 0.2270],
        [0.1722, 0.1750, 0.4651, 0.1877],
        [0.1708, 0.1780, 0.4652, 0.1860],
        [0.2270, 0.2413, 0.2515, 0.2802]], device='cuda:0')
tensor([[0.2239, 0.2495, 0.2898, 0.2368],
        [0.2265, 0.2470, 0.2887, 0.2378],
        [0.2425, 0.2619, 0.2646, 0.2310],
        [0.2373, 0.2416, 0.2604, 0.2607],
        [0.1767, 0.1786, 0.4597, 0.1850],
        [0.1742, 0.1770, 0.4598, 0.1890],
        [0.2454, 0.2449, 0.2459, 0.2638]], device='cuda:0')
tensor([[0.1401, 0.1505, 0.5361, 0.1733],
        [0.1405, 0.1520, 0.5464, 0.1611]], device='cuda:0')
tensor([[0.1444, 0.1574, 0.5380, 0.1603],
        [0.1495, 0.1579, 0.5266, 0.1661],
        [0.2142, 0.2404, 0.2673, 0.2781]], device='cuda:0')
tensor([[0.2194, 0.2477, 0.3055, 0.2274],
        [0.1522, 0.1613, 0.5271, 0.1594],
        [0.1618, 0.1728, 0.4698, 0.1957],
        [0.2287, 0.2432, 0.2546, 0.2734]], device='cuda:0')
tensor([[0.2219, 0.2528, 0.3033, 0.2220],
        [0.2298, 0.2497, 0.2948, 0.2258],
        [0.1765, 0.1857, 0.4539, 0.1839],
        [0.1702, 0.1784, 0.4554, 0.1961],
        [0.2346, 0.2404, 0.2406, 0.2845]], device='cuda:0')
tensor([[0.1629, 0.1666, 0.5327, 0.1377],
        [0.1785, 0.1693, 0.4960, 0.1561],
        [0.2123, 0.2193, 0.2810, 0.2874],
        [0.1295, 0.1377, 0.5205, 0.2124],
        [0.1373, 0.1463, 0.4878, 0.2285],
        [0.1440, 0.1487, 0.2107, 0.4967]], device='cuda:0')
tensor([[0.1926, 0.1753, 0.4935, 0.1387],
        [0.2121, 0.1805, 0.4496, 0.1578],
        [0.2521, 0.2382, 0.2588, 0.2509],
        [0.2212, 0.2084, 0.2570, 0.3134],
        [0.1446, 0.1461, 0.4854, 0.2240],
        [0.1255, 0.1290, 0.5147, 0.2307],
        [0.1718, 0.1625, 0.2044, 0.4613]], device='cuda:0')
#####################
10/12 03:48:53午前 evaluateStageRelax_trainer.py:198 [INFO] Train: Epoch: [2][100/703]	Step 1508	lr 0.02498	Loss 4.0010 (4.0978)	Hard Loss 0.0000 (0.0000)	Soft Loss 0.0000 (0.0000)	Prec@(1,5) (25.7%, 57.5%)	
10/12 03:49:10午前 evaluateStageRelax_trainer.py:198 [INFO] Train: Epoch: [2][200/703]	Step 1608	lr 0.02498	Loss 3.7866 (4.0613)	Hard Loss 0.0000 (0.0000)	Soft Loss 0.0000 (0.0000)	Prec@(1,5) (26.6%, 58.2%)	
10/12 03:49:28午前 evaluateStageRelax_trainer.py:198 [INFO] Train: Epoch: [2][300/703]	Step 1708	lr 0.02498	Loss 3.7239 (4.0235)	Hard Loss 0.0000 (0.0000)	Soft Loss 0.0000 (0.0000)	Prec@(1,5) (27.3%, 58.8%)	
10/12 03:49:45午前 evaluateStageRelax_trainer.py:198 [INFO] Train: Epoch: [2][400/703]	Step 1808	lr 0.02498	Loss 3.8465 (3.9803)	Hard Loss 0.0000 (0.0000)	Soft Loss 0.0000 (0.0000)	Prec@(1,5) (27.7%, 59.6%)	
10/12 03:50:02午前 evaluateStageRelax_trainer.py:198 [INFO] Train: Epoch: [2][500/703]	Step 1908	lr 0.02498	Loss 3.8441 (3.9478)	Hard Loss 0.0000 (0.0000)	Soft Loss 0.0000 (0.0000)	Prec@(1,5) (28.2%, 60.1%)	
10/12 03:50:19午前 evaluateStageRelax_trainer.py:198 [INFO] Train: Epoch: [2][600/703]	Step 2008	lr 0.02498	Loss 3.7984 (3.9231)	Hard Loss 0.0000 (0.0000)	Soft Loss 0.0000 (0.0000)	Prec@(1,5) (28.5%, 60.7%)	
10/12 03:50:37午前 evaluateStageRelax_trainer.py:198 [INFO] Train: Epoch: [2][700/703]	Step 2108	lr 0.02498	Loss 3.5305 (3.8946)	Hard Loss 0.0000 (0.0000)	Soft Loss 0.0000 (0.0000)	Prec@(1,5) (28.9%, 61.1%)	
10/12 03:50:37午前 evaluateStageRelax_trainer.py:198 [INFO] Train: Epoch: [2][703/703]	Step 2111	lr 0.02498	Loss 3.7684 (3.8930)	Hard Loss 0.0000 (0.0000)	Soft Loss 0.0000 (0.0000)	Prec@(1,5) (28.9%, 61.1%)	
10/12 03:50:37午前 evaluateStageRelax_trainer.py:207 [INFO] Train: [  2/99] Final Prec@1 28.9178%
10/12 03:50:42午前 evaluateStageRelax_trainer.py:242 [INFO] Valid: [  2/99] Final Prec@1 30.7200%
10/12 03:50:43午前 evaluateStageRelax_main.py:73 [INFO] Until now, best Prec@1 = 30.7200%
####### ALPHA #######
# Alpha - DAG
tensor([[0.1750, 0.1787, 0.4658, 0.1805],
        [0.1756, 0.1783, 0.4658, 0.1803]], device='cuda:0')
tensor([[0.1399, 0.1576, 0.5315, 0.1710],
        [0.1362, 0.1540, 0.5423, 0.1675],
        [0.2383, 0.2561, 0.2621, 0.2435]], device='cuda:0')
tensor([[0.2391, 0.2454, 0.2577, 0.2578],
        [0.1704, 0.1749, 0.4730, 0.1817],
        [0.2478, 0.2536, 0.2516, 0.2470],
        [0.1646, 0.1640, 0.5009, 0.1704]], device='cuda:0')
tensor([[0.2484, 0.2523, 0.2528, 0.2465],
        [0.2497, 0.2528, 0.2532, 0.2443],
        [0.2486, 0.2482, 0.2507, 0.2526],
        [0.1796, 0.1766, 0.4570, 0.1868],
        [0.1799, 0.1830, 0.4563, 0.1808]], device='cuda:0')
tensor([[0.2391, 0.2277, 0.2554, 0.2778],
        [0.2411, 0.2290, 0.2617, 0.2682],
        [0.2390, 0.2447, 0.2602, 0.2561],
        [0.1381, 0.1345, 0.5876, 0.1399],
        [0.1666, 0.1686, 0.4878, 0.1770],
        [0.2495, 0.2464, 0.2503, 0.2538]], device='cuda:0')
tensor([[0.2183, 0.2242, 0.2622, 0.2953],
        [0.2176, 0.2254, 0.2728, 0.2842],
        [0.2434, 0.2527, 0.2622, 0.2417],
        [0.2101, 0.2209, 0.3473, 0.2217],
        [0.1605, 0.1664, 0.5076, 0.1655],
        [0.2439, 0.2484, 0.2615, 0.2463],
        [0.1602, 0.1673, 0.5034, 0.1691]], device='cuda:0')
tensor([[0.1748, 0.1801, 0.4634, 0.1817],
        [0.1755, 0.1817, 0.4628, 0.1800]], device='cuda:0')
tensor([[0.1742, 0.1787, 0.4671, 0.1799],
        [0.1757, 0.1775, 0.4657, 0.1811],
        [0.2464, 0.2498, 0.2527, 0.2511]], device='cuda:0')
tensor([[0.2479, 0.2525, 0.2579, 0.2417],
        [0.1763, 0.1796, 0.4681, 0.1761],
        [0.1802, 0.1812, 0.4542, 0.1844],
        [0.2391, 0.2484, 0.2507, 0.2617]], device='cuda:0')
tensor([[0.2456, 0.2425, 0.2564, 0.2554],
        [0.2460, 0.2426, 0.2551, 0.2563],
        [0.1829, 0.1837, 0.4556, 0.1778],
        [0.1833, 0.1851, 0.4504, 0.1812],
        [0.2492, 0.2520, 0.2499, 0.2489]], device='cuda:0')
tensor([[0.2327, 0.2539, 0.2775, 0.2359],
        [0.2302, 0.2507, 0.2777, 0.2414],
        [0.2412, 0.2697, 0.2621, 0.2270],
        [0.1722, 0.1750, 0.4651, 0.1877],
        [0.1708, 0.1780, 0.4652, 0.1860],
        [0.2270, 0.2413, 0.2515, 0.2802]], device='cuda:0')
tensor([[0.2239, 0.2495, 0.2898, 0.2368],
        [0.2265, 0.2470, 0.2887, 0.2378],
        [0.2425, 0.2619, 0.2646, 0.2310],
        [0.2373, 0.2416, 0.2604, 0.2607],
        [0.1767, 0.1786, 0.4597, 0.1850],
        [0.1742, 0.1770, 0.4598, 0.1890],
        [0.2454, 0.2449, 0.2459, 0.2638]], device='cuda:0')
tensor([[0.1401, 0.1505, 0.5361, 0.1733],
        [0.1405, 0.1520, 0.5464, 0.1611]], device='cuda:0')
tensor([[0.1444, 0.1574, 0.5380, 0.1603],
        [0.1495, 0.1579, 0.5266, 0.1661],
        [0.2142, 0.2404, 0.2673, 0.2781]], device='cuda:0')
tensor([[0.2194, 0.2477, 0.3055, 0.2274],
        [0.1522, 0.1613, 0.5271, 0.1594],
        [0.1618, 0.1728, 0.4698, 0.1957],
        [0.2287, 0.2432, 0.2546, 0.2734]], device='cuda:0')
tensor([[0.2219, 0.2528, 0.3033, 0.2220],
        [0.2298, 0.2497, 0.2948, 0.2258],
        [0.1765, 0.1857, 0.4539, 0.1839],
        [0.1702, 0.1784, 0.4554, 0.1961],
        [0.2346, 0.2404, 0.2406, 0.2845]], device='cuda:0')
tensor([[0.1629, 0.1666, 0.5327, 0.1377],
        [0.1785, 0.1693, 0.4960, 0.1561],
        [0.2123, 0.2193, 0.2810, 0.2874],
        [0.1295, 0.1377, 0.5205, 0.2124],
        [0.1373, 0.1463, 0.4878, 0.2285],
        [0.1440, 0.1487, 0.2107, 0.4967]], device='cuda:0')
tensor([[0.1926, 0.1753, 0.4935, 0.1387],
        [0.2121, 0.1805, 0.4496, 0.1578],
        [0.2521, 0.2382, 0.2588, 0.2509],
        [0.2212, 0.2084, 0.2570, 0.3134],
        [0.1446, 0.1461, 0.4854, 0.2240],
        [0.1255, 0.1290, 0.5147, 0.2307],
        [0.1718, 0.1625, 0.2044, 0.4613]], device='cuda:0')
#####################
10/12 03:51:01午前 evaluateStageRelax_trainer.py:198 [INFO] Train: Epoch: [3][100/703]	Step 2212	lr 0.02495	Loss 3.1680 (3.5087)	Hard Loss 0.0000 (0.0000)	Soft Loss 0.0000 (0.0000)	Prec@(1,5) (33.6%, 67.4%)	
10/12 03:51:18午前 evaluateStageRelax_trainer.py:198 [INFO] Train: Epoch: [3][200/703]	Step 2312	lr 0.02495	Loss 4.1151 (3.5490)	Hard Loss 0.0000 (0.0000)	Soft Loss 0.0000 (0.0000)	Prec@(1,5) (34.1%, 67.0%)	
10/12 03:51:35午前 evaluateStageRelax_trainer.py:198 [INFO] Train: Epoch: [3][300/703]	Step 2412	lr 0.02495	Loss 3.6837 (3.5529)	Hard Loss 0.0000 (0.0000)	Soft Loss 0.0000 (0.0000)	Prec@(1,5) (33.9%, 66.8%)	
10/12 03:51:52午前 evaluateStageRelax_trainer.py:198 [INFO] Train: Epoch: [3][400/703]	Step 2512	lr 0.02495	Loss 3.5374 (3.5383)	Hard Loss 0.0000 (0.0000)	Soft Loss 0.0000 (0.0000)	Prec@(1,5) (34.2%, 66.9%)	
10/12 03:52:09午前 evaluateStageRelax_trainer.py:198 [INFO] Train: Epoch: [3][500/703]	Step 2612	lr 0.02495	Loss 3.1611 (3.5160)	Hard Loss 0.0000 (0.0000)	Soft Loss 0.0000 (0.0000)	Prec@(1,5) (34.4%, 67.3%)	
10/12 03:52:26午前 evaluateStageRelax_trainer.py:198 [INFO] Train: Epoch: [3][600/703]	Step 2712	lr 0.02495	Loss 3.2091 (3.5008)	Hard Loss 0.0000 (0.0000)	Soft Loss 0.0000 (0.0000)	Prec@(1,5) (34.7%, 67.5%)	
10/12 03:52:44午前 evaluateStageRelax_trainer.py:198 [INFO] Train: Epoch: [3][700/703]	Step 2812	lr 0.02495	Loss 3.1594 (3.4781)	Hard Loss 0.0000 (0.0000)	Soft Loss 0.0000 (0.0000)	Prec@(1,5) (35.0%, 67.9%)	
10/12 03:52:44午前 evaluateStageRelax_trainer.py:198 [INFO] Train: Epoch: [3][703/703]	Step 2815	lr 0.02495	Loss 3.3901 (3.4782)	Hard Loss 0.0000 (0.0000)	Soft Loss 0.0000 (0.0000)	Prec@(1,5) (35.0%, 67.9%)	
10/12 03:52:44午前 evaluateStageRelax_trainer.py:207 [INFO] Train: [  3/99] Final Prec@1 34.9844%
10/12 03:52:49午前 evaluateStageRelax_trainer.py:242 [INFO] Valid: [  3/99] Final Prec@1 33.5400%
10/12 03:52:50午前 evaluateStageRelax_main.py:73 [INFO] Until now, best Prec@1 = 33.5400%
####### ALPHA #######
# Alpha - DAG
tensor([[0.1750, 0.1787, 0.4658, 0.1805],
        [0.1756, 0.1783, 0.4658, 0.1803]], device='cuda:0')
tensor([[0.1399, 0.1576, 0.5315, 0.1710],
        [0.1362, 0.1540, 0.5423, 0.1675],
        [0.2383, 0.2561, 0.2621, 0.2435]], device='cuda:0')
tensor([[0.2391, 0.2454, 0.2577, 0.2578],
        [0.1704, 0.1749, 0.4730, 0.1817],
        [0.2478, 0.2536, 0.2516, 0.2470],
        [0.1646, 0.1640, 0.5009, 0.1704]], device='cuda:0')
tensor([[0.2484, 0.2523, 0.2528, 0.2465],
        [0.2497, 0.2528, 0.2532, 0.2443],
        [0.2486, 0.2482, 0.2507, 0.2526],
        [0.1796, 0.1766, 0.4570, 0.1868],
        [0.1799, 0.1830, 0.4563, 0.1808]], device='cuda:0')
tensor([[0.2391, 0.2277, 0.2554, 0.2778],
        [0.2411, 0.2290, 0.2617, 0.2682],
        [0.2390, 0.2447, 0.2602, 0.2561],
        [0.1381, 0.1345, 0.5876, 0.1399],
        [0.1666, 0.1686, 0.4878, 0.1770],
        [0.2495, 0.2464, 0.2503, 0.2538]], device='cuda:0')
tensor([[0.2183, 0.2242, 0.2622, 0.2953],
        [0.2176, 0.2254, 0.2728, 0.2842],
        [0.2434, 0.2527, 0.2622, 0.2417],
        [0.2101, 0.2209, 0.3473, 0.2217],
        [0.1605, 0.1664, 0.5076, 0.1655],
        [0.2439, 0.2484, 0.2615, 0.2463],
        [0.1602, 0.1673, 0.5034, 0.1691]], device='cuda:0')
tensor([[0.1748, 0.1801, 0.4634, 0.1817],
        [0.1755, 0.1817, 0.4628, 0.1800]], device='cuda:0')
tensor([[0.1742, 0.1787, 0.4671, 0.1799],
        [0.1757, 0.1775, 0.4657, 0.1811],
        [0.2464, 0.2498, 0.2527, 0.2511]], device='cuda:0')
tensor([[0.2479, 0.2525, 0.2579, 0.2417],
        [0.1763, 0.1796, 0.4681, 0.1761],
        [0.1802, 0.1812, 0.4542, 0.1844],
        [0.2391, 0.2484, 0.2507, 0.2617]], device='cuda:0')
tensor([[0.2456, 0.2425, 0.2564, 0.2554],
        [0.2460, 0.2426, 0.2551, 0.2563],
        [0.1829, 0.1837, 0.4556, 0.1778],
        [0.1833, 0.1851, 0.4504, 0.1812],
        [0.2492, 0.2520, 0.2499, 0.2489]], device='cuda:0')
tensor([[0.2327, 0.2539, 0.2775, 0.2359],
        [0.2302, 0.2507, 0.2777, 0.2414],
        [0.2412, 0.2697, 0.2621, 0.2270],
        [0.1722, 0.1750, 0.4651, 0.1877],
        [0.1708, 0.1780, 0.4652, 0.1860],
        [0.2270, 0.2413, 0.2515, 0.2802]], device='cuda:0')
tensor([[0.2239, 0.2495, 0.2898, 0.2368],
        [0.2265, 0.2470, 0.2887, 0.2378],
        [0.2425, 0.2619, 0.2646, 0.2310],
        [0.2373, 0.2416, 0.2604, 0.2607],
        [0.1767, 0.1786, 0.4597, 0.1850],
        [0.1742, 0.1770, 0.4598, 0.1890],
        [0.2454, 0.2449, 0.2459, 0.2638]], device='cuda:0')
tensor([[0.1401, 0.1505, 0.5361, 0.1733],
        [0.1405, 0.1520, 0.5464, 0.1611]], device='cuda:0')
tensor([[0.1444, 0.1574, 0.5380, 0.1603],
        [0.1495, 0.1579, 0.5266, 0.1661],
        [0.2142, 0.2404, 0.2673, 0.2781]], device='cuda:0')
tensor([[0.2194, 0.2477, 0.3055, 0.2274],
        [0.1522, 0.1613, 0.5271, 0.1594],
        [0.1618, 0.1728, 0.4698, 0.1957],
        [0.2287, 0.2432, 0.2546, 0.2734]], device='cuda:0')
tensor([[0.2219, 0.2528, 0.3033, 0.2220],
        [0.2298, 0.2497, 0.2948, 0.2258],
        [0.1765, 0.1857, 0.4539, 0.1839],
        [0.1702, 0.1784, 0.4554, 0.1961],
        [0.2346, 0.2404, 0.2406, 0.2845]], device='cuda:0')
tensor([[0.1629, 0.1666, 0.5327, 0.1377],
        [0.1785, 0.1693, 0.4960, 0.1561],
        [0.2123, 0.2193, 0.2810, 0.2874],
        [0.1295, 0.1377, 0.5205, 0.2124],
        [0.1373, 0.1463, 0.4878, 0.2285],
        [0.1440, 0.1487, 0.2107, 0.4967]], device='cuda:0')
tensor([[0.1926, 0.1753, 0.4935, 0.1387],
        [0.2121, 0.1805, 0.4496, 0.1578],
        [0.2521, 0.2382, 0.2588, 0.2509],
        [0.2212, 0.2084, 0.2570, 0.3134],
        [0.1446, 0.1461, 0.4854, 0.2240],
        [0.1255, 0.1290, 0.5147, 0.2307],
        [0.1718, 0.1625, 0.2044, 0.4613]], device='cuda:0')
#####################
10/12 03:53:08午前 evaluateStageRelax_trainer.py:198 [INFO] Train: Epoch: [4][100/703]	Step 2916	lr 0.02491	Loss 3.2960 (3.2311)	Hard Loss 0.0000 (0.0000)	Soft Loss 0.0000 (0.0000)	Prec@(1,5) (38.8%, 71.3%)	
10/12 03:53:25午前 evaluateStageRelax_trainer.py:198 [INFO] Train: Epoch: [4][200/703]	Step 3016	lr 0.02491	Loss 3.3131 (3.2194)	Hard Loss 0.0000 (0.0000)	Soft Loss 0.0000 (0.0000)	Prec@(1,5) (38.8%, 71.7%)	
10/12 03:53:42午前 evaluateStageRelax_trainer.py:198 [INFO] Train: Epoch: [4][300/703]	Step 3116	lr 0.02491	Loss 3.0798 (3.2140)	Hard Loss 0.0000 (0.0000)	Soft Loss 0.0000 (0.0000)	Prec@(1,5) (39.2%, 71.8%)	
10/12 03:53:59午前 evaluateStageRelax_trainer.py:198 [INFO] Train: Epoch: [4][400/703]	Step 3216	lr 0.02491	Loss 3.3978 (3.1897)	Hard Loss 0.0000 (0.0000)	Soft Loss 0.0000 (0.0000)	Prec@(1,5) (39.6%, 72.4%)	
10/12 03:54:17午前 evaluateStageRelax_trainer.py:198 [INFO] Train: Epoch: [4][500/703]	Step 3316	lr 0.02491	Loss 3.3837 (3.1690)	Hard Loss 0.0000 (0.0000)	Soft Loss 0.0000 (0.0000)	Prec@(1,5) (39.9%, 72.7%)	
10/12 03:54:34午前 evaluateStageRelax_trainer.py:198 [INFO] Train: Epoch: [4][600/703]	Step 3416	lr 0.02491	Loss 3.3135 (3.1619)	Hard Loss 0.0000 (0.0000)	Soft Loss 0.0000 (0.0000)	Prec@(1,5) (40.0%, 73.0%)	
10/12 03:54:51午前 evaluateStageRelax_trainer.py:198 [INFO] Train: Epoch: [4][700/703]	Step 3516	lr 0.02491	Loss 3.3519 (3.1523)	Hard Loss 0.0000 (0.0000)	Soft Loss 0.0000 (0.0000)	Prec@(1,5) (40.0%, 73.1%)	
10/12 03:54:52午前 evaluateStageRelax_trainer.py:198 [INFO] Train: Epoch: [4][703/703]	Step 3519	lr 0.02491	Loss 3.1075 (3.1520)	Hard Loss 0.0000 (0.0000)	Soft Loss 0.0000 (0.0000)	Prec@(1,5) (40.1%, 73.1%)	
10/12 03:54:52午前 evaluateStageRelax_trainer.py:207 [INFO] Train: [  4/99] Final Prec@1 40.0578%
10/12 03:54:57午前 evaluateStageRelax_trainer.py:242 [INFO] Valid: [  4/99] Final Prec@1 37.3200%
10/12 03:54:57午前 evaluateStageRelax_main.py:73 [INFO] Until now, best Prec@1 = 37.3200%
####### ALPHA #######
# Alpha - DAG
tensor([[0.1750, 0.1787, 0.4658, 0.1805],
        [0.1756, 0.1783, 0.4658, 0.1803]], device='cuda:0')
tensor([[0.1399, 0.1576, 0.5315, 0.1710],
        [0.1362, 0.1540, 0.5423, 0.1675],
        [0.2383, 0.2561, 0.2621, 0.2435]], device='cuda:0')
tensor([[0.2391, 0.2454, 0.2577, 0.2578],
        [0.1704, 0.1749, 0.4730, 0.1817],
        [0.2478, 0.2536, 0.2516, 0.2470],
        [0.1646, 0.1640, 0.5009, 0.1704]], device='cuda:0')
tensor([[0.2484, 0.2523, 0.2528, 0.2465],
        [0.2497, 0.2528, 0.2532, 0.2443],
        [0.2486, 0.2482, 0.2507, 0.2526],
        [0.1796, 0.1766, 0.4570, 0.1868],
        [0.1799, 0.1830, 0.4563, 0.1808]], device='cuda:0')
tensor([[0.2391, 0.2277, 0.2554, 0.2778],
        [0.2411, 0.2290, 0.2617, 0.2682],
        [0.2390, 0.2447, 0.2602, 0.2561],
        [0.1381, 0.1345, 0.5876, 0.1399],
        [0.1666, 0.1686, 0.4878, 0.1770],
        [0.2495, 0.2464, 0.2503, 0.2538]], device='cuda:0')
tensor([[0.2183, 0.2242, 0.2622, 0.2953],
        [0.2176, 0.2254, 0.2728, 0.2842],
        [0.2434, 0.2527, 0.2622, 0.2417],
        [0.2101, 0.2209, 0.3473, 0.2217],
        [0.1605, 0.1664, 0.5076, 0.1655],
        [0.2439, 0.2484, 0.2615, 0.2463],
        [0.1602, 0.1673, 0.5034, 0.1691]], device='cuda:0')
tensor([[0.1748, 0.1801, 0.4634, 0.1817],
        [0.1755, 0.1817, 0.4628, 0.1800]], device='cuda:0')
tensor([[0.1742, 0.1787, 0.4671, 0.1799],
        [0.1757, 0.1775, 0.4657, 0.1811],
        [0.2464, 0.2498, 0.2527, 0.2511]], device='cuda:0')
tensor([[0.2479, 0.2525, 0.2579, 0.2417],
        [0.1763, 0.1796, 0.4681, 0.1761],
        [0.1802, 0.1812, 0.4542, 0.1844],
        [0.2391, 0.2484, 0.2507, 0.2617]], device='cuda:0')
tensor([[0.2456, 0.2425, 0.2564, 0.2554],
        [0.2460, 0.2426, 0.2551, 0.2563],
        [0.1829, 0.1837, 0.4556, 0.1778],
        [0.1833, 0.1851, 0.4504, 0.1812],
        [0.2492, 0.2520, 0.2499, 0.2489]], device='cuda:0')
tensor([[0.2327, 0.2539, 0.2775, 0.2359],
        [0.2302, 0.2507, 0.2777, 0.2414],
        [0.2412, 0.2697, 0.2621, 0.2270],
        [0.1722, 0.1750, 0.4651, 0.1877],
        [0.1708, 0.1780, 0.4652, 0.1860],
        [0.2270, 0.2413, 0.2515, 0.2802]], device='cuda:0')
tensor([[0.2239, 0.2495, 0.2898, 0.2368],
        [0.2265, 0.2470, 0.2887, 0.2378],
        [0.2425, 0.2619, 0.2646, 0.2310],
        [0.2373, 0.2416, 0.2604, 0.2607],
        [0.1767, 0.1786, 0.4597, 0.1850],
        [0.1742, 0.1770, 0.4598, 0.1890],
        [0.2454, 0.2449, 0.2459, 0.2638]], device='cuda:0')
tensor([[0.1401, 0.1505, 0.5361, 0.1733],
        [0.1405, 0.1520, 0.5464, 0.1611]], device='cuda:0')
tensor([[0.1444, 0.1574, 0.5380, 0.1603],
        [0.1495, 0.1579, 0.5266, 0.1661],
        [0.2142, 0.2404, 0.2673, 0.2781]], device='cuda:0')
tensor([[0.2194, 0.2477, 0.3055, 0.2274],
        [0.1522, 0.1613, 0.5271, 0.1594],
        [0.1618, 0.1728, 0.4698, 0.1957],
        [0.2287, 0.2432, 0.2546, 0.2734]], device='cuda:0')
tensor([[0.2219, 0.2528, 0.3033, 0.2220],
        [0.2298, 0.2497, 0.2948, 0.2258],
        [0.1765, 0.1857, 0.4539, 0.1839],
        [0.1702, 0.1784, 0.4554, 0.1961],
        [0.2346, 0.2404, 0.2406, 0.2845]], device='cuda:0')
tensor([[0.1629, 0.1666, 0.5327, 0.1377],
        [0.1785, 0.1693, 0.4960, 0.1561],
        [0.2123, 0.2193, 0.2810, 0.2874],
        [0.1295, 0.1377, 0.5205, 0.2124],
        [0.1373, 0.1463, 0.4878, 0.2285],
        [0.1440, 0.1487, 0.2107, 0.4967]], device='cuda:0')
tensor([[0.1926, 0.1753, 0.4935, 0.1387],
        [0.2121, 0.1805, 0.4496, 0.1578],
        [0.2521, 0.2382, 0.2588, 0.2509],
        [0.2212, 0.2084, 0.2570, 0.3134],
        [0.1446, 0.1461, 0.4854, 0.2240],
        [0.1255, 0.1290, 0.5147, 0.2307],
        [0.1718, 0.1625, 0.2044, 0.4613]], device='cuda:0')
#####################
10/12 03:55:15午前 evaluateStageRelax_trainer.py:198 [INFO] Train: Epoch: [5][100/703]	Step 3620	lr 0.02485	Loss 3.4456 (2.9406)	Hard Loss 0.0000 (0.0000)	Soft Loss 0.0000 (0.0000)	Prec@(1,5) (43.3%, 75.6%)	
10/12 03:55:33午前 evaluateStageRelax_trainer.py:198 [INFO] Train: Epoch: [5][200/703]	Step 3720	lr 0.02485	Loss 3.3377 (2.9621)	Hard Loss 0.0000 (0.0000)	Soft Loss 0.0000 (0.0000)	Prec@(1,5) (43.0%, 75.5%)	
10/12 03:55:50午前 evaluateStageRelax_trainer.py:198 [INFO] Train: Epoch: [5][300/703]	Step 3820	lr 0.02485	Loss 3.6047 (2.9440)	Hard Loss 0.0000 (0.0000)	Soft Loss 0.0000 (0.0000)	Prec@(1,5) (43.3%, 76.0%)	
10/12 03:56:08午前 evaluateStageRelax_trainer.py:198 [INFO] Train: Epoch: [5][400/703]	Step 3920	lr 0.02485	Loss 2.9176 (2.9363)	Hard Loss 0.0000 (0.0000)	Soft Loss 0.0000 (0.0000)	Prec@(1,5) (43.2%, 76.0%)	
10/12 03:56:25午前 evaluateStageRelax_trainer.py:198 [INFO] Train: Epoch: [5][500/703]	Step 4020	lr 0.02485	Loss 2.6411 (2.9385)	Hard Loss 0.0000 (0.0000)	Soft Loss 0.0000 (0.0000)	Prec@(1,5) (43.2%, 76.0%)	
10/12 03:56:42午前 evaluateStageRelax_trainer.py:198 [INFO] Train: Epoch: [5][600/703]	Step 4120	lr 0.02485	Loss 2.8794 (2.9227)	Hard Loss 0.0000 (0.0000)	Soft Loss 0.0000 (0.0000)	Prec@(1,5) (43.4%, 76.2%)	
10/12 03:57:00午前 evaluateStageRelax_trainer.py:198 [INFO] Train: Epoch: [5][700/703]	Step 4220	lr 0.02485	Loss 2.9285 (2.9147)	Hard Loss 0.0000 (0.0000)	Soft Loss 0.0000 (0.0000)	Prec@(1,5) (43.5%, 76.3%)	
10/12 03:57:00午前 evaluateStageRelax_trainer.py:198 [INFO] Train: Epoch: [5][703/703]	Step 4223	lr 0.02485	Loss 2.5559 (2.9137)	Hard Loss 0.0000 (0.0000)	Soft Loss 0.0000 (0.0000)	Prec@(1,5) (43.5%, 76.3%)	
10/12 03:57:01午前 evaluateStageRelax_trainer.py:207 [INFO] Train: [  5/99] Final Prec@1 43.4933%
10/12 03:57:06午前 evaluateStageRelax_trainer.py:242 [INFO] Valid: [  5/99] Final Prec@1 43.9200%
10/12 03:57:06午前 evaluateStageRelax_main.py:73 [INFO] Until now, best Prec@1 = 43.9200%
####### ALPHA #######
# Alpha - DAG
tensor([[0.1750, 0.1787, 0.4658, 0.1805],
        [0.1756, 0.1783, 0.4658, 0.1803]], device='cuda:0')
tensor([[0.1399, 0.1576, 0.5315, 0.1710],
        [0.1362, 0.1540, 0.5423, 0.1675],
        [0.2383, 0.2561, 0.2621, 0.2435]], device='cuda:0')
tensor([[0.2391, 0.2454, 0.2577, 0.2578],
        [0.1704, 0.1749, 0.4730, 0.1817],
        [0.2478, 0.2536, 0.2516, 0.2470],
        [0.1646, 0.1640, 0.5009, 0.1704]], device='cuda:0')
tensor([[0.2484, 0.2523, 0.2528, 0.2465],
        [0.2497, 0.2528, 0.2532, 0.2443],
        [0.2486, 0.2482, 0.2507, 0.2526],
        [0.1796, 0.1766, 0.4570, 0.1868],
        [0.1799, 0.1830, 0.4563, 0.1808]], device='cuda:0')
tensor([[0.2391, 0.2277, 0.2554, 0.2778],
        [0.2411, 0.2290, 0.2617, 0.2682],
        [0.2390, 0.2447, 0.2602, 0.2561],
        [0.1381, 0.1345, 0.5876, 0.1399],
        [0.1666, 0.1686, 0.4878, 0.1770],
        [0.2495, 0.2464, 0.2503, 0.2538]], device='cuda:0')
tensor([[0.2183, 0.2242, 0.2622, 0.2953],
        [0.2176, 0.2254, 0.2728, 0.2842],
