08/02 10:19:10PM parser.py:28 [INFO] 
08/02 10:19:10PM parser.py:29 [INFO] Parameters:
08/02 10:19:10PM parser.py:31 [INFO] DAG_PATH=results/search_cell_KD/cifar100/ONLY_ARCH/s1-20240802-221910/DAG
08/02 10:19:10PM parser.py:31 [INFO] T=10.0
08/02 10:19:10PM parser.py:31 [INFO] ADVANCED=True
08/02 10:19:10PM parser.py:31 [INFO] ALPHA_LR=0.0003
08/02 10:19:10PM parser.py:31 [INFO] ALPHA_WEIGHT_DECAY=0.001
08/02 10:19:10PM parser.py:31 [INFO] BATCH_SIZE=64
08/02 10:19:10PM parser.py:31 [INFO] CUTOUT_LENGTH=0
08/02 10:19:10PM parser.py:31 [INFO] DATA_PATH=../data/
08/02 10:19:10PM parser.py:31 [INFO] DATASET=cifar100
08/02 10:19:10PM parser.py:31 [INFO] DESCRIPTION=search_cell_architecture_using_KD_for_architecture_parameter_optimization_with_seed-1
08/02 10:19:10PM parser.py:31 [INFO] EPOCHS=50
08/02 10:19:10PM parser.py:31 [INFO] EXP_NAME=s1-20240802-221910
08/02 10:19:10PM parser.py:31 [INFO] GPUS=[0]
08/02 10:19:10PM parser.py:31 [INFO] INIT_CHANNELS=16
08/02 10:19:10PM parser.py:31 [INFO] L=0.5
08/02 10:19:10PM parser.py:31 [INFO] LAYERS=8
08/02 10:19:10PM parser.py:31 [INFO] LOCAL_RANK=0
08/02 10:19:10PM parser.py:31 [INFO] LOGGER=<Logger H-DAS (INFO)>
08/02 10:19:10PM parser.py:31 [INFO] NAME=ONLY_ARCH
08/02 10:19:10PM parser.py:31 [INFO] NONKD=False
08/02 10:19:10PM parser.py:31 [INFO] PATH=results/search_cell_KD/cifar100/ONLY_ARCH/s1-20240802-221910
08/02 10:19:10PM parser.py:31 [INFO] PCDARTS=False
08/02 10:19:10PM parser.py:31 [INFO] PLOT_PATH=results/search_cell_KD/cifar100/ONLY_ARCH/s1-20240802-221910/plots
08/02 10:19:10PM parser.py:31 [INFO] PRINT_FREQ=50
08/02 10:19:10PM parser.py:31 [INFO] RESUME_PATH=None
08/02 10:19:10PM parser.py:31 [INFO] SAVE=s1
08/02 10:19:10PM parser.py:31 [INFO] SEED=1
08/02 10:19:10PM parser.py:31 [INFO] TEACHER_NAME=efficientnet_v2_s
08/02 10:19:10PM parser.py:31 [INFO] TEACHER_PATH=/home/miura/lab/KD-hdas/results/teacher/cifar100/efficientnet_v2_s/FINETUNE2/pretrained-20240716-002108/best.pth.tar
08/02 10:19:10PM parser.py:31 [INFO] TRAIN_PORTION=0.5
08/02 10:19:10PM parser.py:31 [INFO] W_GRAD_CLIP=5.0
08/02 10:19:10PM parser.py:31 [INFO] W_LR=0.025
08/02 10:19:10PM parser.py:31 [INFO] W_LR_MIN=0.001
08/02 10:19:10PM parser.py:31 [INFO] W_MOMENTUM=0.9
08/02 10:19:10PM parser.py:31 [INFO] W_WEIGHT_DECAY=0.0003
08/02 10:19:10PM parser.py:31 [INFO] WORKERS=4
08/02 10:19:10PM parser.py:32 [INFO] 
08/02 10:19:13PM searchCell_trainer.py:120 [INFO] --> Loaded teacher model 'efficientnet_v2_s' from '/home/miura/lab/KD-hdas/results/teacher/cifar100/efficientnet_v2_s/FINETUNE2/pretrained-20240716-002108/best.pth.tar' and Freezed parameters)
08/02 10:19:14PM eval_util.py:125 [INFO] Test: Step 000/390 Prec@(1,5) (96.9%, 100.0%)
08/02 10:19:25PM eval_util.py:125 [INFO] Test: Step 390/390 Prec@(1,5) (97.2%, 99.6%)
08/02 10:19:25PM eval_util.py:130 [INFO] Teacher=(efficientnet_v2_s <- (/home/miura/lab/KD-hdas/results/teacher/cifar100/efficientnet_v2_s/FINETUNE2/pretrained-20240716-002108/best.pth.tar)) achives Test Prec(@1, @5) = (97.1560%, 99.6360%)
08/02 10:20:01PM searchCell_trainer.py:127 [INFO] --> No loaded checkpoint!
####### ALPHA #######
# Alpha - normal
tensor([[0.1249, 0.1250, 0.1250, 0.1249, 0.1251, 0.1250, 0.1250, 0.1249],
        [0.1249, 0.1250, 0.1249, 0.1250, 0.1250, 0.1252, 0.1250, 0.1250]],
       device='cuda:0', grad_fn=<SoftmaxBackward0>)
tensor([[0.1249, 0.1249, 0.1251, 0.1250, 0.1251, 0.1250, 0.1249, 0.1251],
        [0.1248, 0.1249, 0.1253, 0.1250, 0.1250, 0.1248, 0.1251, 0.1251],
        [0.1252, 0.1250, 0.1250, 0.1251, 0.1249, 0.1251, 0.1249, 0.1248]],
       device='cuda:0', grad_fn=<SoftmaxBackward0>)
tensor([[0.1251, 0.1250, 0.1248, 0.1249, 0.1251, 0.1252, 0.1251, 0.1248],
        [0.1251, 0.1250, 0.1250, 0.1249, 0.1250, 0.1251, 0.1247, 0.1252],
        [0.1251, 0.1251, 0.1248, 0.1248, 0.1250, 0.1250, 0.1250, 0.1251],
        [0.1251, 0.1251, 0.1249, 0.1251, 0.1248, 0.1252, 0.1250, 0.1248]],
       device='cuda:0', grad_fn=<SoftmaxBackward0>)
tensor([[0.1250, 0.1249, 0.1250, 0.1250, 0.1252, 0.1249, 0.1251, 0.1250],
        [0.1249, 0.1249, 0.1252, 0.1251, 0.1250, 0.1251, 0.1249, 0.1249],
        [0.1250, 0.1250, 0.1246, 0.1251, 0.1251, 0.1250, 0.1251, 0.1251],
        [0.1251, 0.1248, 0.1251, 0.1252, 0.1250, 0.1248, 0.1251, 0.1249],
        [0.1248, 0.1248, 0.1251, 0.1251, 0.1253, 0.1251, 0.1252, 0.1248]],
       device='cuda:0', grad_fn=<SoftmaxBackward0>)
tensor([[0.1248, 0.1249, 0.1252, 0.1251, 0.1251, 0.1250, 0.1251, 0.1248],
        [0.1249, 0.1249, 0.1249, 0.1250, 0.1251, 0.1251, 0.1248, 0.1252]],
       device='cuda:0', grad_fn=<SoftmaxBackward0>)
tensor([[0.1251, 0.1250, 0.1249, 0.1250, 0.1249, 0.1249, 0.1251, 0.1251],
        [0.1250, 0.1247, 0.1250, 0.1250, 0.1250, 0.1250, 0.1252, 0.1251],
        [0.1251, 0.1250, 0.1250, 0.1251, 0.1249, 0.1249, 0.1250, 0.1251]],
       device='cuda:0', grad_fn=<SoftmaxBackward0>)
tensor([[0.1248, 0.1250, 0.1247, 0.1249, 0.1252, 0.1251, 0.1251, 0.1251],
        [0.1250, 0.1250, 0.1249, 0.1250, 0.1251, 0.1250, 0.1250, 0.1250],
        [0.1249, 0.1250, 0.1249, 0.1251, 0.1250, 0.1252, 0.1249, 0.1250],
        [0.1248, 0.1251, 0.1251, 0.1248, 0.1250, 0.1250, 0.1251, 0.1251]],
       device='cuda:0', grad_fn=<SoftmaxBackward0>)
tensor([[0.1253, 0.1249, 0.1250, 0.1248, 0.1250, 0.1248, 0.1252, 0.1250],
        [0.1252, 0.1250, 0.1249, 0.1250, 0.1250, 0.1249, 0.1250, 0.1250],
        [0.1250, 0.1251, 0.1247, 0.1249, 0.1251, 0.1252, 0.1250, 0.1251],
        [0.1249, 0.1249, 0.1251, 0.1249, 0.1250, 0.1250, 0.1251, 0.1251],
        [0.1251, 0.1248, 0.1250, 0.1249, 0.1251, 0.1252, 0.1251, 0.1249]],
       device='cuda:0', grad_fn=<SoftmaxBackward0>)
tensor([[0.1251, 0.1249, 0.1251, 0.1251, 0.1249, 0.1249, 0.1250, 0.1250],
        [0.1251, 0.1249, 0.1251, 0.1250, 0.1250, 0.1251, 0.1248, 0.1250]],
       device='cuda:0', grad_fn=<SoftmaxBackward0>)
tensor([[0.1251, 0.1249, 0.1250, 0.1252, 0.1249, 0.1251, 0.1250, 0.1249],
        [0.1250, 0.1250, 0.1249, 0.1248, 0.1250, 0.1250, 0.1251, 0.1251],
        [0.1250, 0.1251, 0.1248, 0.1249, 0.1252, 0.1250, 0.1250, 0.1249]],
       device='cuda:0', grad_fn=<SoftmaxBackward0>)
tensor([[0.1250, 0.1250, 0.1251, 0.1251, 0.1251, 0.1250, 0.1250, 0.1249],
        [0.1251, 0.1251, 0.1249, 0.1250, 0.1250, 0.1250, 0.1248, 0.1251],
        [0.1250, 0.1250, 0.1253, 0.1250, 0.1248, 0.1250, 0.1250, 0.1250],
        [0.1250, 0.1250, 0.1250, 0.1249, 0.1250, 0.1251, 0.1250, 0.1250]],
       device='cuda:0', grad_fn=<SoftmaxBackward0>)
tensor([[0.1251, 0.1252, 0.1249, 0.1249, 0.1249, 0.1250, 0.1248, 0.1251],
        [0.1252, 0.1248, 0.1249, 0.1250, 0.1251, 0.1251, 0.1249, 0.1250],
        [0.1250, 0.1251, 0.1246, 0.1251, 0.1248, 0.1252, 0.1250, 0.1252],
        [0.1250, 0.1251, 0.1250, 0.1251, 0.1250, 0.1248, 0.1249, 0.1251],
        [0.1250, 0.1247, 0.1250, 0.1250, 0.1249, 0.1251, 0.1250, 0.1253]],
       device='cuda:0', grad_fn=<SoftmaxBackward0>)

# Alpha - reduce
tensor([[0.1251, 0.1251, 0.1251, 0.1250, 0.1248, 0.1249, 0.1250, 0.1250],
        [0.1251, 0.1250, 0.1250, 0.1250, 0.1250, 0.1249, 0.1253, 0.1248]],
       device='cuda:0', grad_fn=<SoftmaxBackward0>)
tensor([[0.1250, 0.1250, 0.1250, 0.1250, 0.1249, 0.1251, 0.1252, 0.1248],
        [0.1249, 0.1251, 0.1248, 0.1249, 0.1250, 0.1250, 0.1252, 0.1251],
        [0.1247, 0.1253, 0.1249, 0.1248, 0.1250, 0.1252, 0.1251, 0.1250]],
       device='cuda:0', grad_fn=<SoftmaxBackward0>)
tensor([[0.1250, 0.1249, 0.1250, 0.1249, 0.1251, 0.1250, 0.1251, 0.1249],
        [0.1248, 0.1251, 0.1251, 0.1248, 0.1251, 0.1250, 0.1250, 0.1251],
        [0.1251, 0.1250, 0.1250, 0.1250, 0.1251, 0.1250, 0.1250, 0.1248],
        [0.1251, 0.1249, 0.1249, 0.1250, 0.1251, 0.1251, 0.1251, 0.1249]],
       device='cuda:0', grad_fn=<SoftmaxBackward0>)
tensor([[0.1250, 0.1251, 0.1249, 0.1250, 0.1250, 0.1250, 0.1249, 0.1252],
        [0.1250, 0.1251, 0.1249, 0.1249, 0.1249, 0.1250, 0.1251, 0.1251],
        [0.1250, 0.1250, 0.1250, 0.1253, 0.1249, 0.1250, 0.1249, 0.1250],
        [0.1249, 0.1249, 0.1251, 0.1249, 0.1252, 0.1251, 0.1250, 0.1249],
        [0.1249, 0.1250, 0.1249, 0.1250, 0.1251, 0.1251, 0.1250, 0.1250]],
       device='cuda:0', grad_fn=<SoftmaxBackward0>)
tensor([[0.1249, 0.1250, 0.1250, 0.1250, 0.1249, 0.1251, 0.1249, 0.1252],
        [0.1249, 0.1252, 0.1252, 0.1250, 0.1248, 0.1250, 0.1251, 0.1248]],
       device='cuda:0', grad_fn=<SoftmaxBackward0>)
tensor([[0.1250, 0.1248, 0.1251, 0.1249, 0.1250, 0.1250, 0.1250, 0.1253],
        [0.1250, 0.1252, 0.1247, 0.1251, 0.1248, 0.1251, 0.1252, 0.1249],
        [0.1248, 0.1250, 0.1252, 0.1249, 0.1251, 0.1250, 0.1249, 0.1252]],
       device='cuda:0', grad_fn=<SoftmaxBackward0>)
tensor([[0.1248, 0.1249, 0.1251, 0.1251, 0.1250, 0.1250, 0.1250, 0.1251],
        [0.1251, 0.1251, 0.1250, 0.1250, 0.1249, 0.1249, 0.1251, 0.1250],
        [0.1250, 0.1251, 0.1249, 0.1249, 0.1250, 0.1251, 0.1249, 0.1251],
        [0.1251, 0.1250, 0.1250, 0.1249, 0.1250, 0.1250, 0.1251, 0.1250]],
       device='cuda:0', grad_fn=<SoftmaxBackward0>)
tensor([[0.1252, 0.1249, 0.1247, 0.1250, 0.1250, 0.1250, 0.1251, 0.1250],
        [0.1251, 0.1249, 0.1251, 0.1249, 0.1250, 0.1250, 0.1248, 0.1251],
        [0.1249, 0.1252, 0.1249, 0.1250, 0.1251, 0.1249, 0.1250, 0.1250],
        [0.1252, 0.1251, 0.1251, 0.1247, 0.1249, 0.1250, 0.1249, 0.1251],
        [0.1249, 0.1251, 0.1252, 0.1249, 0.1251, 0.1249, 0.1249, 0.1251]],
       device='cuda:0', grad_fn=<SoftmaxBackward0>)
#####################
08/02 10:20:43PM searchCell_trainer.py:221 [INFO] Train: Epoch: [0][50/390]	Step 50	lr 0.025	Loss 4.3678 (4.4694)	Hard Loss 4.3678 (4.4694)	Soft Loss 4.3678 (4.4694)	Arch Loss 2.2248 (2.2417)	Arch Hard Loss 4.4005 (4.4345)	Arch Soft Loss 0.0005 (0.0005)	Prec@(1,5) (3.2%, 12.6%)	
08/02 10:21:22PM searchCell_trainer.py:221 [INFO] Train: Epoch: [0][100/390]	Step 100	lr 0.025	Loss 3.7669 (4.2947)	Hard Loss 3.7669 (4.2947)	Soft Loss 3.7669 (4.2947)	Arch Loss 1.9765 (2.1707)	Arch Hard Loss 3.9082 (4.2929)	Arch Soft Loss 0.0004 (0.0005)	Prec@(1,5) (4.6%, 17.7%)	
08/02 10:22:01PM searchCell_trainer.py:221 [INFO] Train: Epoch: [0][150/390]	Step 150	lr 0.025	Loss 4.0711 (4.2080)	Hard Loss 4.0711 (4.2080)	Soft Loss 4.0711 (4.2080)	Arch Loss 1.9944 (2.1116)	Arch Hard Loss 3.9441 (4.1752)	Arch Soft Loss 0.0004 (0.0005)	Prec@(1,5) (5.4%, 20.4%)	
08/02 10:22:39PM searchCell_trainer.py:221 [INFO] Train: Epoch: [0][200/390]	Step 200	lr 0.025	Loss 3.7297 (4.1278)	Hard Loss 3.7297 (4.1278)	Soft Loss 3.7297 (4.1278)	Arch Loss 1.9200 (2.0738)	Arch Hard Loss 3.7955 (4.1000)	Arch Soft Loss 0.0004 (0.0005)	Prec@(1,5) (6.4%, 22.9%)	
08/02 10:23:18PM searchCell_trainer.py:221 [INFO] Train: Epoch: [0][250/390]	Step 250	lr 0.025	Loss 3.6247 (4.0626)	Hard Loss 3.6247 (4.0626)	Soft Loss 3.6247 (4.0626)	Arch Loss 1.7500 (2.0436)	Arch Hard Loss 3.4553 (4.0399)	Arch Soft Loss 0.0004 (0.0005)	Prec@(1,5) (7.3%, 24.9%)	
08/02 10:23:56PM searchCell_trainer.py:221 [INFO] Train: Epoch: [0][300/390]	Step 300	lr 0.025	Loss 3.4787 (4.0074)	Hard Loss 3.4787 (4.0074)	Soft Loss 3.4787 (4.0074)	Arch Loss 1.7258 (2.0158)	Arch Hard Loss 3.4100 (3.9846)	Arch Soft Loss 0.0004 (0.0005)	Prec@(1,5) (8.1%, 26.6%)	
08/02 10:24:35PM searchCell_trainer.py:221 [INFO] Train: Epoch: [0][350/390]	Step 350	lr 0.025	Loss 4.0263 (3.9599)	Hard Loss 4.0263 (3.9599)	Soft Loss 4.0263 (3.9599)	Arch Loss 1.9549 (1.9919)	Arch Hard Loss 3.8649 (3.9369)	Arch Soft Loss 0.0004 (0.0005)	Prec@(1,5) (8.8%, 28.2%)	
08/02 10:25:06PM searchCell_trainer.py:221 [INFO] Train: Epoch: [0][390/390]	Step 390	lr 0.025	Loss 3.5108 (3.9243)	Hard Loss 3.5108 (3.9243)	Soft Loss 3.5108 (3.9243)	Arch Loss 1.9220 (1.9716)	Arch Hard Loss 3.7964 (3.8965)	Arch Soft Loss 0.0005 (0.0005)	Prec@(1,5) (9.3%, 29.4%)	
08/02 10:25:08PM searchCell_trainer.py:236 [INFO] Train: [  0/49] Final Prec@1 9.3640%
08/02 10:25:15PM searchCell_trainer.py:264 [INFO] Valid: Epoch: [0][50/391]	Step 391	Loss 3.5217	Prec@(1,5) (16.4%, 42.2%)
08/02 10:25:22PM searchCell_trainer.py:264 [INFO] Valid: Epoch: [0][100/391]	Step 391	Loss 3.5547	Prec@(1,5) (14.9%, 41.2%)
08/02 10:25:29PM searchCell_trainer.py:264 [INFO] Valid: Epoch: [0][150/391]	Step 391	Loss 3.5625	Prec@(1,5) (14.3%, 40.9%)
08/02 10:25:35PM searchCell_trainer.py:264 [INFO] Valid: Epoch: [0][200/391]	Step 391	Loss 3.5728	Prec@(1,5) (14.4%, 40.8%)
08/02 10:25:41PM searchCell_trainer.py:264 [INFO] Valid: Epoch: [0][250/391]	Step 391	Loss 3.5710	Prec@(1,5) (14.4%, 40.8%)
08/02 10:25:48PM searchCell_trainer.py:264 [INFO] Valid: Epoch: [0][300/391]	Step 391	Loss 3.5724	Prec@(1,5) (14.4%, 40.8%)
08/02 10:25:54PM searchCell_trainer.py:264 [INFO] Valid: Epoch: [0][350/391]	Step 391	Loss 3.5754	Prec@(1,5) (14.3%, 40.9%)
08/02 10:25:59PM searchCell_trainer.py:264 [INFO] Valid: Epoch: [0][390/391]	Step 391	Loss 3.5697	Prec@(1,5) (14.3%, 40.8%)
08/02 10:26:00PM searchCell_trainer.py:271 [INFO] Valid: [  0/49] Final Prec@1 14.3280%
08/02 10:26:00PM searchCell_KD_main.py:58 [INFO] genotype = Genotype3(normal1=[[('max_pool_3x3', 0), ('max_pool_3x3', 1)], [('max_pool_3x3', 0), ('dil_conv_3x3', 2)], [('max_pool_3x3', 0), ('dil_conv_5x5', 1)], [('max_pool_3x3', 0), ('dil_conv_5x5', 2)]], normal1_concat=range(2, 6), reduce1=[[('max_pool_3x3', 0), ('dil_conv_5x5', 1)], [('sep_conv_3x3', 2), ('max_pool_3x3', 0)], [('max_pool_3x3', 0), ('dil_conv_5x5', 3)], [('sep_conv_5x5', 4), ('dil_conv_5x5', 2)]], reduce1_concat=range(2, 6), normal2=[[('dil_conv_5x5', 1), ('sep_conv_3x3', 0)], [('dil_conv_5x5', 1), ('sep_conv_3x3', 2)], [('max_pool_3x3', 0), ('sep_conv_5x5', 3)], [('sep_conv_5x5', 3), ('dil_conv_3x3', 1)]], normal2_concat=range(2, 6), reduce2=[[('dil_conv_5x5', 1), ('sep_conv_5x5', 0)], [('sep_conv_5x5', 2), ('sep_conv_3x3', 1)], [('sep_conv_5x5', 3), ('sep_conv_3x3', 2)], [('sep_conv_5x5', 4), ('sep_conv_5x5', 2)]], reduce2_concat=range(2, 6), normal3=[[('dil_conv_5x5', 0), ('dil_conv_3x3', 1)], [('sep_conv_3x3', 0), ('sep_conv_5x5', 2)], [('dil_conv_5x5', 2), ('dil_conv_3x3', 3)], [('dil_conv_5x5', 4), ('sep_conv_5x5', 3)]], normal3_concat=range(2, 6))
08/02 10:26:00PM searchCell_KD_main.py:92 [INFO] Until now, best Prec@1 = 14.3280%
####### ALPHA #######
# Alpha - normal
tensor([[0.1289, 0.1224, 0.1247, 0.1247, 0.1257, 0.1255, 0.1240, 0.1241],
        [0.1269, 0.1229, 0.1243, 0.1257, 0.1233, 0.1268, 0.1239, 0.1263]],
       device='cuda:0', grad_fn=<SoftmaxBackward0>)
tensor([[0.1288, 0.1222, 0.1245, 0.1244, 0.1267, 0.1254, 0.1237, 0.1244],
        [0.1256, 0.1219, 0.1236, 0.1260, 0.1258, 0.1254, 0.1259, 0.1258],
        [0.1256, 0.1216, 0.1235, 0.1269, 0.1241, 0.1273, 0.1259, 0.1252]],
       device='cuda:0', grad_fn=<SoftmaxBackward0>)
tensor([[0.1275, 0.1216, 0.1235, 0.1259, 0.1254, 0.1266, 0.1253, 0.1243],
        [0.1257, 0.1217, 0.1229, 0.1272, 0.1248, 0.1247, 0.1273, 0.1257],
        [0.1260, 0.1221, 0.1234, 0.1242, 0.1266, 0.1254, 0.1266, 0.1258],
        [0.1262, 0.1231, 0.1237, 0.1254, 0.1260, 0.1254, 0.1242, 0.1259]],
       device='cuda:0', grad_fn=<SoftmaxBackward0>)
tensor([[0.1290, 0.1226, 0.1248, 0.1247, 0.1255, 0.1253, 0.1243, 0.1238],
        [0.1269, 0.1226, 0.1244, 0.1257, 0.1240, 0.1250, 0.1265, 0.1248],
        [0.1261, 0.1220, 0.1242, 0.1250, 0.1243, 0.1255, 0.1271, 0.1257],
        [0.1266, 0.1229, 0.1241, 0.1258, 0.1251, 0.1251, 0.1258, 0.1247],
        [0.1260, 0.1230, 0.1256, 0.1256, 0.1247, 0.1252, 0.1246, 0.1252]],
       device='cuda:0', grad_fn=<SoftmaxBackward0>)
tensor([[0.1262, 0.1232, 0.1254, 0.1270, 0.1249, 0.1256, 0.1238, 0.1240],
        [0.1225, 0.1207, 0.1219, 0.1267, 0.1266, 0.1261, 0.1294, 0.1261]],
       device='cuda:0', grad_fn=<SoftmaxBackward0>)
tensor([[0.1263, 0.1231, 0.1251, 0.1238, 0.1268, 0.1247, 0.1257, 0.1244],
        [0.1234, 0.1219, 0.1232, 0.1241, 0.1255, 0.1258, 0.1283, 0.1279],
        [0.1240, 0.1229, 0.1233, 0.1274, 0.1252, 0.1269, 0.1258, 0.1244]],
       device='cuda:0', grad_fn=<SoftmaxBackward0>)
tensor([[0.1275, 0.1234, 0.1250, 0.1232, 0.1257, 0.1253, 0.1258, 0.1241],
        [0.1249, 0.1227, 0.1236, 0.1257, 0.1260, 0.1242, 0.1267, 0.1262],
        [0.1268, 0.1249, 0.1248, 0.1247, 0.1240, 0.1266, 0.1245, 0.1237],
        [0.1252, 0.1239, 0.1249, 0.1233, 0.1270, 0.1261, 0.1256, 0.1241]],
       device='cuda:0', grad_fn=<SoftmaxBackward0>)
tensor([[0.1267, 0.1232, 0.1253, 0.1234, 0.1266, 0.1264, 0.1247, 0.1236],
        [0.1230, 0.1222, 0.1232, 0.1252, 0.1257, 0.1276, 0.1254, 0.1277],
        [0.1244, 0.1234, 0.1239, 0.1250, 0.1256, 0.1262, 0.1259, 0.1257],
        [0.1232, 0.1224, 0.1237, 0.1253, 0.1280, 0.1266, 0.1263, 0.1246],
        [0.1239, 0.1223, 0.1239, 0.1262, 0.1252, 0.1256, 0.1272, 0.1257]],
       device='cuda:0', grad_fn=<SoftmaxBackward0>)
tensor([[0.1246, 0.1216, 0.1229, 0.1257, 0.1256, 0.1249, 0.1270, 0.1277],
        [0.1250, 0.1235, 0.1241, 0.1237, 0.1257, 0.1265, 0.1248, 0.1267]],
       device='cuda:0', grad_fn=<SoftmaxBackward0>)
tensor([[0.1235, 0.1206, 0.1211, 0.1282, 0.1261, 0.1258, 0.1269, 0.1277],
        [0.1244, 0.1231, 0.1233, 0.1248, 0.1267, 0.1248, 0.1257, 0.1273],
        [0.1221, 0.1208, 0.1213, 0.1264, 0.1280, 0.1264, 0.1269, 0.1282]],
       device='cuda:0', grad_fn=<SoftmaxBackward0>)
tensor([[0.1230, 0.1211, 0.1215, 0.1267, 0.1268, 0.1264, 0.1262, 0.1283],
        [0.1236, 0.1227, 0.1228, 0.1264, 0.1266, 0.1251, 0.1250, 0.1278],
        [0.1216, 0.1207, 0.1217, 0.1251, 0.1268, 0.1269, 0.1285, 0.1286],
        [0.1217, 0.1209, 0.1211, 0.1258, 0.1278, 0.1279, 0.1263, 0.1285]],
       device='cuda:0', grad_fn=<SoftmaxBackward0>)
tensor([[0.1228, 0.1208, 0.1208, 0.1265, 0.1273, 0.1265, 0.1268, 0.1284],
        [0.1237, 0.1222, 0.1225, 0.1251, 0.1280, 0.1245, 0.1257, 0.1282],
        [0.1215, 0.1207, 0.1208, 0.1282, 0.1265, 0.1250, 0.1290, 0.1284],
        [0.1221, 0.1212, 0.1209, 0.1269, 0.1292, 0.1255, 0.1259, 0.1282],
        [0.1212, 0.1202, 0.1204, 0.1258, 0.1274, 0.1274, 0.1289, 0.1286]],
       device='cuda:0', grad_fn=<SoftmaxBackward0>)

# Alpha - reduce
tensor([[0.1285, 0.1252, 0.1252, 0.1242, 0.1247, 0.1245, 0.1239, 0.1238],
        [0.1256, 0.1231, 0.1255, 0.1236, 0.1248, 0.1252, 0.1258, 0.1263]],
       device='cuda:0', grad_fn=<SoftmaxBackward0>)
tensor([[0.1271, 0.1237, 0.1248, 0.1249, 0.1258, 0.1260, 0.1241, 0.1236],
        [0.1257, 0.1233, 0.1248, 0.1261, 0.1248, 0.1242, 0.1256, 0.1256],
        [0.1240, 0.1212, 0.1227, 0.1278, 0.1267, 0.1246, 0.1273, 0.1257]],
       device='cuda:0', grad_fn=<SoftmaxBackward0>)
tensor([[0.1289, 0.1255, 0.1243, 0.1251, 0.1255, 0.1240, 0.1234, 0.1233],
        [0.1256, 0.1234, 0.1246, 0.1253, 0.1253, 0.1247, 0.1265, 0.1246],
        [0.1266, 0.1237, 0.1254, 0.1242, 0.1249, 0.1254, 0.1257, 0.1241],
        [0.1259, 0.1240, 0.1249, 0.1242, 0.1255, 0.1238, 0.1281, 0.1236]],
       device='cuda:0', grad_fn=<SoftmaxBackward0>)
tensor([[0.1256, 0.1238, 0.1258, 0.1235, 0.1260, 0.1242, 0.1266, 0.1244],
        [0.1253, 0.1240, 0.1236, 0.1257, 0.1247, 0.1264, 0.1248, 0.1255],
        [0.1229, 0.1211, 0.1247, 0.1255, 0.1243, 0.1263, 0.1281, 0.1271],
        [0.1228, 0.1216, 0.1242, 0.1266, 0.1256, 0.1269, 0.1260, 0.1264],
        [0.1222, 0.1213, 0.1232, 0.1255, 0.1284, 0.1260, 0.1252, 0.1282]],
       device='cuda:0', grad_fn=<SoftmaxBackward0>)
tensor([[0.1256, 0.1238, 0.1243, 0.1251, 0.1262, 0.1258, 0.1256, 0.1236],
        [0.1247, 0.1230, 0.1242, 0.1244, 0.1254, 0.1240, 0.1279, 0.1263]],
       device='cuda:0', grad_fn=<SoftmaxBackward0>)
tensor([[0.1251, 0.1233, 0.1236, 0.1265, 0.1266, 0.1244, 0.1271, 0.1234],
        [0.1239, 0.1225, 0.1229, 0.1271, 0.1252, 0.1265, 0.1259, 0.1259],
        [0.1235, 0.1215, 0.1232, 0.1250, 0.1301, 0.1244, 0.1269, 0.1254]],
       device='cuda:0', grad_fn=<SoftmaxBackward0>)
tensor([[0.1240, 0.1223, 0.1254, 0.1241, 0.1265, 0.1257, 0.1260, 0.1260],
        [0.1237, 0.1222, 0.1267, 0.1249, 0.1261, 0.1259, 0.1256, 0.1250],
        [0.1228, 0.1213, 0.1238, 0.1267, 0.1266, 0.1259, 0.1261, 0.1268],
        [0.1229, 0.1212, 0.1225, 0.1265, 0.1287, 0.1256, 0.1277, 0.1250]],
       device='cuda:0', grad_fn=<SoftmaxBackward0>)
tensor([[0.1264, 0.1240, 0.1264, 0.1241, 0.1260, 0.1234, 0.1248, 0.1248],
        [0.1245, 0.1226, 0.1260, 0.1256, 0.1258, 0.1244, 0.1256, 0.1255],
        [0.1238, 0.1222, 0.1242, 0.1260, 0.1269, 0.1247, 0.1263, 0.1260],
        [0.1257, 0.1233, 0.1249, 0.1249, 0.1263, 0.1244, 0.1269, 0.1235],
        [0.1244, 0.1225, 0.1242, 0.1254, 0.1277, 0.1249, 0.1257, 0.1252]],
       device='cuda:0', grad_fn=<SoftmaxBackward0>)
#####################
08/02 10:26:42午後 searchCell_trainer.py:221 [INFO] Train: Epoch: [1][50/390]	Step 441	lr 0.02498	Loss 3.6786 (3.5191)	Hard Loss 3.6786 (3.5191)	Soft Loss 3.6786 (3.5191)	Arch Loss 1.7994 (1.7912)	Arch Hard Loss 3.5520 (3.5376)	Arch Soft Loss 0.0005 (0.0004)	Prec@(1,5) (15.7%, 42.2%)	
08/02 10:27:22午後 searchCell_trainer.py:221 [INFO] Train: Epoch: [1][100/390]	Step 491	lr 0.02498	Loss 3.4977 (3.4697)	Hard Loss 3.4977 (3.4697)	Soft Loss 3.4977 (3.4697)	Arch Loss 1.8388 (1.7751)	Arch Hard Loss 3.6275 (3.5054)	Arch Soft Loss 0.0005 (0.0004)	Prec@(1,5) (16.6%, 43.4%)	
08/02 10:28:02午後 searchCell_trainer.py:221 [INFO] Train: Epoch: [1][150/390]	Step 541	lr 0.02498	Loss 3.3719 (3.4550)	Hard Loss 3.3719 (3.4550)	Soft Loss 3.3719 (3.4550)	Arch Loss 1.6888 (1.7597)	Arch Hard Loss 3.3348 (3.4743)	Arch Soft Loss 0.0004 (0.0005)	Prec@(1,5) (16.9%, 43.8%)	
08/02 10:28:42午後 searchCell_trainer.py:221 [INFO] Train: Epoch: [1][200/390]	Step 591	lr 0.02498	Loss 3.6489 (3.4401)	Hard Loss 3.6489 (3.4401)	Soft Loss 3.6489 (3.4401)	Arch Loss 1.5383 (1.7490)	Arch Hard Loss 3.0352 (3.4532)	Arch Soft Loss 0.0004 (0.0004)	Prec@(1,5) (16.9%, 44.2%)	
08/02 10:29:23午後 searchCell_trainer.py:221 [INFO] Train: Epoch: [1][250/390]	Step 641	lr 0.02498	Loss 3.0601 (3.4118)	Hard Loss 3.0601 (3.4118)	Soft Loss 3.0601 (3.4118)	Arch Loss 1.7639 (1.7392)	Arch Hard Loss 3.4835 (3.4335)	Arch Soft Loss 0.0004 (0.0004)	Prec@(1,5) (17.4%, 45.0%)	
08/02 10:30:03午後 searchCell_trainer.py:221 [INFO] Train: Epoch: [1][300/390]	Step 691	lr 0.02498	Loss 3.0858 (3.3906)	Hard Loss 3.0858 (3.3906)	Soft Loss 3.0858 (3.3906)	Arch Loss 1.6312 (1.7249)	Arch Hard Loss 3.2164 (3.4048)	Arch Soft Loss 0.0005 (0.0005)	Prec@(1,5) (17.7%, 45.5%)	
08/02 10:30:43午後 searchCell_trainer.py:221 [INFO] Train: Epoch: [1][350/390]	Step 741	lr 0.02498	Loss 2.9558 (3.3693)	Hard Loss 2.9558 (3.3693)	Soft Loss 2.9558 (3.3693)	Arch Loss 1.6440 (1.7109)	Arch Hard Loss 3.2441 (3.3768)	Arch Soft Loss 0.0004 (0.0005)	Prec@(1,5) (18.0%, 46.2%)	
08/02 10:31:15午後 searchCell_trainer.py:221 [INFO] Train: Epoch: [1][390/390]	Step 781	lr 0.02498	Loss 3.1608 (3.3574)	Hard Loss 3.1608 (3.3574)	Soft Loss 3.1608 (3.3574)	Arch Loss 1.6662 (1.7013)	Arch Hard Loss 3.2824 (3.3577)	Arch Soft Loss 0.0005 (0.0004)	Prec@(1,5) (18.3%, 46.5%)	
08/02 10:31:16午後 searchCell_trainer.py:236 [INFO] Train: [  1/49] Final Prec@1 18.2840%
08/02 10:31:23午後 searchCell_trainer.py:264 [INFO] Valid: Epoch: [1][50/391]	Step 782	Loss 3.2493	Prec@(1,5) (19.3%, 49.2%)
08/02 10:31:30午後 searchCell_trainer.py:264 [INFO] Valid: Epoch: [1][100/391]	Step 782	Loss 3.2653	Prec@(1,5) (19.9%, 49.4%)
08/02 10:31:36午後 searchCell_trainer.py:264 [INFO] Valid: Epoch: [1][150/391]	Step 782	Loss 3.2523	Prec@(1,5) (20.7%, 49.4%)
08/02 10:31:42午後 searchCell_trainer.py:264 [INFO] Valid: Epoch: [1][200/391]	Step 782	Loss 3.2461	Prec@(1,5) (20.7%, 50.0%)
08/02 10:31:49午後 searchCell_trainer.py:264 [INFO] Valid: Epoch: [1][250/391]	Step 782	Loss 3.2413	Prec@(1,5) (20.8%, 49.9%)
08/02 10:31:55午後 searchCell_trainer.py:264 [INFO] Valid: Epoch: [1][300/391]	Step 782	Loss 3.2368	Prec@(1,5) (20.9%, 50.1%)
08/02 10:32:01午後 searchCell_trainer.py:264 [INFO] Valid: Epoch: [1][350/391]	Step 782	Loss 3.2377	Prec@(1,5) (20.9%, 50.2%)
08/02 10:32:06午後 searchCell_trainer.py:264 [INFO] Valid: Epoch: [1][390/391]	Step 782	Loss 3.2391	Prec@(1,5) (21.0%, 50.2%)
08/02 10:32:07午後 searchCell_trainer.py:271 [INFO] Valid: [  1/49] Final Prec@1 20.9880%
08/02 10:32:07午後 searchCell_KD_main.py:58 [INFO] genotype = Genotype3(normal1=[[('max_pool_3x3', 0), ('max_pool_3x3', 1)], [('max_pool_3x3', 0), ('dil_conv_3x3', 2)], [('sep_conv_3x3', 1), ('sep_conv_5x5', 2)], [('max_pool_3x3', 0), ('max_pool_3x3', 1)]], normal1_concat=range(2, 6), reduce1=[[('max_pool_3x3', 0), ('sep_conv_5x5', 1)], [('sep_conv_3x3', 2), ('max_pool_3x3', 0)], [('max_pool_3x3', 0), ('dil_conv_5x5', 3)], [('sep_conv_5x5', 4), ('dil_conv_5x5', 2)]], reduce1_concat=range(2, 6), normal2=[[('dil_conv_5x5', 1), ('sep_conv_3x3', 0)], [('dil_conv_5x5', 1), ('dil_conv_3x3', 2)], [('dil_conv_5x5', 1), ('max_pool_3x3', 0)], [('dil_conv_5x5', 2), ('dil_conv_3x3', 1)]], normal2_concat=range(2, 6), reduce2=[[('sep_conv_5x5', 0), ('dil_conv_5x5', 1)], [('sep_conv_5x5', 2), ('sep_conv_5x5', 0)], [('sep_conv_5x5', 3), ('dil_conv_5x5', 2)], [('sep_conv_5x5', 2), ('sep_conv_5x5', 4)]], reduce2_concat=range(2, 6), normal3=[[('dil_conv_3x3', 1), ('dil_conv_5x5', 0)], [('sep_conv_5x5', 2), ('sep_conv_5x5', 0)], [('dil_conv_5x5', 2), ('sep_conv_5x5', 3)], [('sep_conv_5x5', 3), ('dil_conv_5x5', 2)]], normal3_concat=range(2, 6))
08/02 10:32:07午後 searchCell_KD_main.py:92 [INFO] Until now, best Prec@1 = 20.9880%
####### ALPHA #######
# Alpha - normal
tensor([[0.1311, 0.1219, 0.1260, 0.1258, 0.1245, 0.1248, 0.1239, 0.1220],
        [0.1275, 0.1220, 0.1250, 0.1246, 0.1233, 0.1269, 0.1228, 0.1279]],
       device='cuda:0', grad_fn=<SoftmaxBackward0>)
tensor([[0.1318, 0.1221, 0.1265, 0.1260, 0.1259, 0.1245, 0.1210, 0.1221],
        [0.1264, 0.1212, 0.1246, 0.1253, 0.1268, 0.1259, 0.1233, 0.1265],
        [0.1251, 0.1205, 0.1246, 0.1267, 0.1232, 0.1286, 0.1251, 0.1262]],
       device='cuda:0', grad_fn=<SoftmaxBackward0>)
tensor([[0.1286, 0.1207, 0.1239, 0.1271, 0.1264, 0.1265, 0.1242, 0.1224],
        [0.1254, 0.1204, 0.1231, 0.1298, 0.1242, 0.1244, 0.1268, 0.1257],
        [0.1244, 0.1198, 0.1230, 0.1248, 0.1288, 0.1270, 0.1264, 0.1258],
        [0.1241, 0.1203, 0.1231, 0.1275, 0.1264, 0.1253, 0.1246, 0.1286]],
       device='cuda:0', grad_fn=<SoftmaxBackward0>)
tensor([[0.1335, 0.1234, 0.1275, 0.1214, 0.1248, 0.1238, 0.1233, 0.1224],
        [0.1294, 0.1229, 0.1264, 0.1250, 0.1214, 0.1248, 0.1248, 0.1253],
        [0.1262, 0.1211, 0.1260, 0.1240, 0.1225, 0.1263, 0.1282, 0.1257],
        [0.1255, 0.1212, 0.1250, 0.1242, 0.1261, 0.1267, 0.1253, 0.1261],
        [0.1257, 0.1225, 0.1279, 0.1231, 0.1252, 0.1251, 0.1242, 0.1264]],
       device='cuda:0', grad_fn=<SoftmaxBackward0>)
tensor([[0.1263, 0.1205, 0.1251, 0.1285, 0.1247, 0.1269, 0.1259, 0.1221],
        [0.1208, 0.1175, 0.1201, 0.1269, 0.1266, 0.1259, 0.1342, 0.1281]],
       device='cuda:0', grad_fn=<SoftmaxBackward0>)
tensor([[0.1277, 0.1216, 0.1262, 0.1227, 0.1275, 0.1245, 0.1263, 0.1235],
        [0.1218, 0.1191, 0.1221, 0.1232, 0.1271, 0.1260, 0.1305, 0.1302],
        [0.1225, 0.1198, 0.1225, 0.1277, 0.1277, 0.1287, 0.1274, 0.1237]],
       device='cuda:0', grad_fn=<SoftmaxBackward0>)
tensor([[0.1287, 0.1221, 0.1263, 0.1235, 0.1262, 0.1248, 0.1261, 0.1223],
        [0.1221, 0.1191, 0.1214, 0.1275, 0.1266, 0.1262, 0.1289, 0.1283],
        [0.1258, 0.1226, 0.1248, 0.1249, 0.1263, 0.1266, 0.1257, 0.1234],
        [0.1241, 0.1220, 0.1255, 0.1214, 0.1274, 0.1266, 0.1264, 0.1266]],
       device='cuda:0', grad_fn=<SoftmaxBackward0>)
tensor([[0.1286, 0.1217, 0.1261, 0.1227, 0.1260, 0.1267, 0.1252, 0.1229],
        [0.1208, 0.1194, 0.1219, 0.1259, 0.1264, 0.1300, 0.1267, 0.1289],
        [0.1234, 0.1207, 0.1229, 0.1248, 0.1256, 0.1266, 0.1309, 0.1251],
        [0.1220, 0.1201, 0.1232, 0.1249, 0.1294, 0.1273, 0.1278, 0.1252],
        [0.1231, 0.1201, 0.1234, 0.1274, 0.1259, 0.1265, 0.1286, 0.1251]],
       device='cuda:0', grad_fn=<SoftmaxBackward0>)
tensor([[0.1260, 0.1198, 0.1220, 0.1262, 0.1262, 0.1246, 0.1271, 0.1281],
        [0.1249, 0.1224, 0.1234, 0.1219, 0.1255, 0.1277, 0.1257, 0.1284]],
       device='cuda:0', grad_fn=<SoftmaxBackward0>)
tensor([[0.1250, 0.1190, 0.1201, 0.1268, 0.1273, 0.1263, 0.1268, 0.1288],
        [0.1243, 0.1222, 0.1228, 0.1246, 0.1269, 0.1245, 0.1264, 0.1285],
        [0.1212, 0.1182, 0.1191, 0.1283, 0.1289, 0.1260, 0.1288, 0.1295]],
       device='cuda:0', grad_fn=<SoftmaxBackward0>)
tensor([[0.1233, 0.1189, 0.1197, 0.1271, 0.1269, 0.1273, 0.1277, 0.1292],
        [0.1231, 0.1215, 0.1220, 0.1263, 0.1268, 0.1244, 0.1254, 0.1306],
        [0.1194, 0.1170, 0.1179, 0.1259, 0.1298, 0.1286, 0.1310, 0.1304],
        [0.1195, 0.1174, 0.1175, 0.1265, 0.1303, 0.1298, 0.1282, 0.1307]],
       device='cuda:0', grad_fn=<SoftmaxBackward0>)
tensor([[0.1222, 0.1178, 0.1183, 0.1270, 0.1295, 0.1283, 0.1271, 0.1299],
        [0.1229, 0.1208, 0.1214, 0.1248, 0.1299, 0.1239, 0.1262, 0.1301],
        [0.1193, 0.1173, 0.1172, 0.1299, 0.1282, 0.1253, 0.1323, 0.1305],
        [0.1198, 0.1176, 0.1170, 0.1280, 0.1327, 0.1263, 0.1280, 0.1306],
        [0.1187, 0.1167, 0.1167, 0.1262, 0.1299, 0.1301, 0.1304, 0.1313]],
       device='cuda:0', grad_fn=<SoftmaxBackward0>)

# Alpha - reduce
tensor([[0.1315, 0.1267, 0.1246, 0.1231, 0.1251, 0.1233, 0.1236, 0.1221],
        [0.1237, 0.1211, 0.1253, 0.1228, 0.1280, 0.1245, 0.1269, 0.1277]],
       device='cuda:0', grad_fn=<SoftmaxBackward0>)
tensor([[0.1301, 0.1249, 0.1257, 0.1236, 0.1250, 0.1252, 0.1235, 0.1219],
        [0.1231, 0.1205, 0.1254, 0.1257, 0.1276, 0.1249, 0.1258, 0.1270],
        [0.1219, 0.1185, 0.1216, 0.1312, 0.1292, 0.1246, 0.1282, 0.1249]],
       device='cuda:0', grad_fn=<SoftmaxBackward0>)
tensor([[0.1319, 0.1265, 0.1226, 0.1230, 0.1239, 0.1233, 0.1261, 0.1228],
        [0.1240, 0.1215, 0.1260, 0.1250, 0.1252, 0.1256, 0.1276, 0.1251],
        [0.1251, 0.1226, 0.1268, 0.1248, 0.1237, 0.1259, 0.1258, 0.1253],
        [0.1244, 0.1230, 0.1257, 0.1236, 0.1280, 0.1226, 0.1298, 0.1227]],
       device='cuda:0', grad_fn=<SoftmaxBackward0>)
tensor([[0.1285, 0.1256, 0.1252, 0.1236, 0.1250, 0.1236, 0.1262, 0.1224],
        [0.1231, 0.1216, 0.1236, 0.1249, 0.1258, 0.1258, 0.1277, 0.1276],
        [0.1218, 0.1197, 0.1258, 0.1240, 0.1261, 0.1268, 0.1286, 0.1272],
        [0.1218, 0.1205, 0.1252, 0.1260, 0.1264, 0.1265, 0.1270, 0.1265],
        [0.1201, 0.1195, 0.1237, 0.1261, 0.1291, 0.1266, 0.1259, 0.1290]],
       device='cuda:0', grad_fn=<SoftmaxBackward0>)
tensor([[0.1256, 0.1216, 0.1254, 0.1231, 0.1287, 0.1257, 0.1268, 0.1231],
        [0.1232, 0.1200, 0.1252, 0.1252, 0.1274, 0.1245, 0.1283, 0.1263]],
       device='cuda:0', grad_fn=<SoftmaxBackward0>)
tensor([[0.1240, 0.1205, 0.1232, 0.1263, 0.1300, 0.1240, 0.1285, 0.1234],
        [0.1226, 0.1196, 0.1224, 0.1291, 0.1286, 0.1251, 0.1263, 0.1263],
        [0.1225, 0.1167, 0.1207, 0.1246, 0.1348, 0.1267, 0.1300, 0.1240]],
       device='cuda:0', grad_fn=<SoftmaxBackward0>)
tensor([[0.1230, 0.1196, 0.1261, 0.1246, 0.1293, 0.1248, 0.1264, 0.1261],
        [0.1242, 0.1213, 0.1264, 0.1256, 0.1262, 0.1254, 0.1253, 0.1256],
        [0.1222, 0.1170, 0.1226, 0.1275, 0.1274, 0.1254, 0.1316, 0.1263],
        [0.1214, 0.1170, 0.1219, 0.1256, 0.1338, 0.1268, 0.1278, 0.1257]],
       device='cuda:0', grad_fn=<SoftmaxBackward0>)
tensor([[0.1254, 0.1212, 0.1281, 0.1231, 0.1269, 0.1237, 0.1251, 0.1265],
        [0.1247, 0.1214, 0.1252, 0.1246, 0.1267, 0.1248, 0.1265, 0.1260],
        [0.1229, 0.1174, 0.1222, 0.1269, 0.1309, 0.1269, 0.1272, 0.1257],
        [0.1253, 0.1190, 0.1240, 0.1250, 0.1282, 0.1254, 0.1293, 0.1237],
        [0.1233, 0.1176, 0.1222, 0.1274, 0.1303, 0.1244, 0.1285, 0.1263]],
       device='cuda:0', grad_fn=<SoftmaxBackward0>)
#####################
08/02 10:32:50午後 searchCell_trainer.py:221 [INFO] Train: Epoch: [2][50/390]	Step 832	lr 0.02491	Loss 2.8477 (3.1217)	Hard Loss 2.8477 (3.1217)	Soft Loss 2.8477 (3.1217)	Arch Loss 1.5920 (1.6271)	Arch Hard Loss 3.1390 (3.2092)	Arch Soft Loss 0.0004 (0.0005)	Prec@(1,5) (22.4%, 52.1%)	
08/02 10:33:30午後 searchCell_trainer.py:221 [INFO] Train: Epoch: [2][100/390]	Step 882	lr 0.02491	Loss 2.8554 (3.0804)	Hard Loss 2.8554 (3.0804)	Soft Loss 2.8554 (3.0804)	Arch Loss 1.6436 (1.5991)	Arch Hard Loss 3.2431 (3.1535)	Arch Soft Loss 0.0004 (0.0004)	Prec@(1,5) (23.3%, 53.1%)	
08/02 10:34:10午後 searchCell_trainer.py:221 [INFO] Train: Epoch: [2][150/390]	Step 932	lr 0.02491	Loss 2.8511 (3.0762)	Hard Loss 2.8511 (3.0762)	Soft Loss 2.8511 (3.0762)	Arch Loss 1.5354 (1.5963)	Arch Hard Loss 3.0244 (3.1479)	Arch Soft Loss 0.0005 (0.0004)	Prec@(1,5) (23.4%, 53.4%)	
08/02 10:34:50午後 searchCell_trainer.py:221 [INFO] Train: Epoch: [2][200/390]	Step 982	lr 0.02491	Loss 3.1643 (3.0629)	Hard Loss 3.1643 (3.0629)	Soft Loss 3.1643 (3.0629)	Arch Loss 1.4936 (1.5788)	Arch Hard Loss 2.9393 (3.1128)	Arch Soft Loss 0.0005 (0.0004)	Prec@(1,5) (23.7%, 53.9%)	
08/02 10:35:30午後 searchCell_trainer.py:221 [INFO] Train: Epoch: [2][250/390]	Step 1032	lr 0.02491	Loss 2.8999 (3.0544)	Hard Loss 2.8999 (3.0544)	Soft Loss 2.8999 (3.0544)	Arch Loss 1.4601 (1.5712)	Arch Hard Loss 2.8778 (3.0977)	Arch Soft Loss 0.0004 (0.0004)	Prec@(1,5) (23.8%, 54.3%)	
08/02 10:36:10午後 searchCell_trainer.py:221 [INFO] Train: Epoch: [2][300/390]	Step 1082	lr 0.02491	Loss 2.9292 (3.0515)	Hard Loss 2.9292 (3.0515)	Soft Loss 2.9292 (3.0515)	Arch Loss 1.5772 (1.5675)	Arch Hard Loss 3.1140 (3.0904)	Arch Soft Loss 0.0004 (0.0004)	Prec@(1,5) (23.9%, 54.5%)	
08/02 10:36:50午後 searchCell_trainer.py:221 [INFO] Train: Epoch: [2][350/390]	Step 1132	lr 0.02491	Loss 2.8747 (3.0493)	Hard Loss 2.8747 (3.0493)	Soft Loss 2.8747 (3.0493)	Arch Loss 1.3669 (1.5607)	Arch Hard Loss 2.6897 (3.0767)	Arch Soft Loss 0.0004 (0.0004)	Prec@(1,5) (23.8%, 54.5%)	
08/02 10:37:23午後 searchCell_trainer.py:221 [INFO] Train: Epoch: [2][390/390]	Step 1172	lr 0.02491	Loss 3.0316 (3.0422)	Hard Loss 3.0316 (3.0422)	Soft Loss 3.0316 (3.0422)	Arch Loss 1.5803 (1.5567)	Arch Hard Loss 3.1172 (3.0688)	Arch Soft Loss 0.0004 (0.0004)	Prec@(1,5) (24.0%, 54.7%)	
08/02 10:37:24午後 searchCell_trainer.py:236 [INFO] Train: [  2/49] Final Prec@1 24.0160%
08/02 10:37:31午後 searchCell_trainer.py:264 [INFO] Valid: Epoch: [2][50/391]	Step 1173	Loss 2.9393	Prec@(1,5) (27.2%, 58.2%)
08/02 10:37:37午後 searchCell_trainer.py:264 [INFO] Valid: Epoch: [2][100/391]	Step 1173	Loss 2.9690	Prec@(1,5) (26.2%, 57.5%)
08/02 10:37:44午後 searchCell_trainer.py:264 [INFO] Valid: Epoch: [2][150/391]	Step 1173	Loss 2.9748	Prec@(1,5) (25.8%, 57.5%)
08/02 10:37:50午後 searchCell_trainer.py:264 [INFO] Valid: Epoch: [2][200/391]	Step 1173	Loss 2.9766	Prec@(1,5) (26.0%, 57.1%)
08/02 10:37:56午後 searchCell_trainer.py:264 [INFO] Valid: Epoch: [2][250/391]	Step 1173	Loss 2.9676	Prec@(1,5) (26.2%, 57.4%)
08/02 10:38:02午後 searchCell_trainer.py:264 [INFO] Valid: Epoch: [2][300/391]	Step 1173	Loss 2.9706	Prec@(1,5) (26.1%, 57.3%)
08/02 10:38:09午後 searchCell_trainer.py:264 [INFO] Valid: Epoch: [2][350/391]	Step 1173	Loss 2.9700	Prec@(1,5) (26.0%, 57.3%)
08/02 10:38:14午後 searchCell_trainer.py:264 [INFO] Valid: Epoch: [2][390/391]	Step 1173	Loss 2.9625	Prec@(1,5) (26.2%, 57.5%)
08/02 10:38:14午後 searchCell_trainer.py:271 [INFO] Valid: [  2/49] Final Prec@1 26.1760%
08/02 10:38:14午後 searchCell_KD_main.py:58 [INFO] genotype = Genotype3(normal1=[[('max_pool_3x3', 0), ('sep_conv_3x3', 1)], [('max_pool_3x3', 0), ('dil_conv_3x3', 2)], [('sep_conv_3x3', 1), ('max_pool_3x3', 0)], [('max_pool_3x3', 0), ('max_pool_3x3', 1)]], normal1_concat=range(2, 6), reduce1=[[('max_pool_3x3', 0), ('sep_conv_5x5', 1)], [('max_pool_3x3', 0), ('sep_conv_3x3', 2)], [('max_pool_3x3', 0), ('dil_conv_5x5', 3)], [('max_pool_3x3', 0), ('dil_conv_3x3', 2)]], reduce1_concat=range(2, 6), normal2=[[('dil_conv_5x5', 1), ('sep_conv_3x3', 0)], [('dil_conv_5x5', 1), ('dil_conv_3x3', 2)], [('max_pool_3x3', 0), ('dil_conv_5x5', 1)], [('dil_conv_5x5', 2), ('max_pool_3x3', 0)]], normal2_concat=range(2, 6), reduce2=[[('sep_conv_5x5', 0), ('dil_conv_5x5', 1)], [('sep_conv_5x5', 2), ('sep_conv_5x5', 0)], [('sep_conv_5x5', 3), ('dil_conv_5x5', 2)], [('sep_conv_5x5', 2), ('sep_conv_5x5', 4)]], reduce2_concat=range(2, 6), normal3=[[('sep_conv_5x5', 0), ('dil_conv_3x3', 1)], [('sep_conv_5x5', 2), ('sep_conv_5x5', 0)], [('sep_conv_5x5', 2), ('sep_conv_5x5', 3)], [('dil_conv_5x5', 2), ('sep_conv_5x5', 3)]], normal3_concat=range(2, 6))
08/02 10:38:15午後 searchCell_KD_main.py:92 [INFO] Until now, best Prec@1 = 26.1760%
####### ALPHA #######
# Alpha - normal
tensor([[0.1332, 0.1212, 0.1270, 0.1281, 0.1223, 0.1243, 0.1233, 0.1205],
        [0.1263, 0.1193, 0.1238, 0.1269, 0.1232, 0.1268, 0.1238, 0.1298]],
       device='cuda:0', grad_fn=<SoftmaxBackward0>)
tensor([[0.1332, 0.1206, 0.1267, 0.1283, 0.1263, 0.1248, 0.1197, 0.1204],
        [0.1260, 0.1184, 0.1231, 0.1274, 0.1270, 0.1262, 0.1233, 0.1286],
        [0.1228, 0.1177, 0.1237, 0.1277, 0.1243, 0.1310, 0.1263, 0.1265]],
       device='cuda:0', grad_fn=<SoftmaxBackward0>)
tensor([[0.1305, 0.1198, 0.1245, 0.1279, 0.1281, 0.1260, 0.1226, 0.1206],
        [0.1239, 0.1170, 0.1212, 0.1336, 0.1238, 0.1257, 0.1281, 0.1267],
        [0.1232, 0.1179, 0.1234, 0.1251, 0.1303, 0.1280, 0.1261, 0.1261],
        [0.1232, 0.1190, 0.1238, 0.1265, 0.1286, 0.1254, 0.1240, 0.1295]],
       device='cuda:0', grad_fn=<SoftmaxBackward0>)
tensor([[0.1378, 0.1233, 0.1289, 0.1220, 0.1229, 0.1216, 0.1216, 0.1219],
        [0.1301, 0.1209, 0.1256, 0.1252, 0.1225, 0.1259, 0.1232, 0.1266],
        [0.1265, 0.1192, 0.1261, 0.1236, 0.1229, 0.1283, 0.1281, 0.1253],
        [0.1245, 0.1191, 0.1244, 0.1237, 0.1287, 0.1294, 0.1252, 0.1250],
        [0.1258, 0.1216, 0.1292, 0.1227, 0.1248, 0.1252, 0.1242, 0.1265]],
       device='cuda:0', grad_fn=<SoftmaxBackward0>)
tensor([[0.1279, 0.1198, 0.1265, 0.1284, 0.1238, 0.1272, 0.1263, 0.1201],
        [0.1201, 0.1151, 0.1196, 0.1267, 0.1258, 0.1256, 0.1355, 0.1316]],
       device='cuda:0', grad_fn=<SoftmaxBackward0>)
tensor([[0.1288, 0.1204, 0.1274, 0.1223, 0.1281, 0.1245, 0.1273, 0.1212],
        [0.1198, 0.1157, 0.1202, 0.1227, 0.1297, 0.1278, 0.1325, 0.1316],
        [0.1206, 0.1169, 0.1212, 0.1276, 0.1305, 0.1306, 0.1284, 0.1242]],
       device='cuda:0', grad_fn=<SoftmaxBackward0>)
tensor([[0.1306, 0.1219, 0.1285, 0.1235, 0.1263, 0.1238, 0.1246, 0.1208],
        [0.1202, 0.1160, 0.1199, 0.1289, 0.1284, 0.1264, 0.1302, 0.1299],
        [0.1242, 0.1199, 0.1235, 0.1242, 0.1288, 0.1278, 0.1285, 0.1230],
        [0.1244, 0.1216, 0.1267, 0.1197, 0.1283, 0.1269, 0.1272, 0.1253]],
       device='cuda:0', grad_fn=<SoftmaxBackward0>)
tensor([[0.1306, 0.1214, 0.1281, 0.1218, 0.1239, 0.1270, 0.1249, 0.1224],
        [0.1196, 0.1168, 0.1208, 0.1260, 0.1275, 0.1303, 0.1287, 0.1303],
        [0.1213, 0.1178, 0.1219, 0.1254, 0.1267, 0.1251, 0.1343, 0.1275],
        [0.1212, 0.1185, 0.1231, 0.1253, 0.1295, 0.1277, 0.1289, 0.1257],
        [0.1210, 0.1169, 0.1218, 0.1292, 0.1266, 0.1284, 0.1312, 0.1248]],
       device='cuda:0', grad_fn=<SoftmaxBackward0>)
tensor([[0.1253, 0.1165, 0.1195, 0.1269, 0.1292, 0.1254, 0.1283, 0.1290],
        [0.1258, 0.1228, 0.1243, 0.1196, 0.1234, 0.1272, 0.1270, 0.1300]],
       device='cuda:0', grad_fn=<SoftmaxBackward0>)
tensor([[0.1249, 0.1162, 0.1181, 0.1270, 0.1295, 0.1254, 0.1277, 0.1312],
        [0.1250, 0.1221, 0.1231, 0.1249, 0.1266, 0.1229, 0.1267, 0.1287],
        [0.1197, 0.1149, 0.1168, 0.1283, 0.1311, 0.1269, 0.1309, 0.1315]],
       device='cuda:0', grad_fn=<SoftmaxBackward0>)
tensor([[0.1225, 0.1155, 0.1169, 0.1280, 0.1277, 0.1282, 0.1301, 0.1312],
        [0.1239, 0.1215, 0.1224, 0.1261, 0.1267, 0.1230, 0.1237, 0.1328],
        [0.1172, 0.1130, 0.1143, 0.1260, 0.1339, 0.1308, 0.1323, 0.1325],
        [0.1170, 0.1138, 0.1138, 0.1284, 0.1328, 0.1308, 0.1300, 0.1334]],
       device='cuda:0', grad_fn=<SoftmaxBackward0>)
tensor([[0.1206, 0.1140, 0.1147, 0.1288, 0.1322, 0.1303, 0.1271, 0.1322],
        [0.1232, 0.1209, 0.1216, 0.1233, 0.1299, 0.1229, 0.1264, 0.1317],
        [0.1171, 0.1135, 0.1135, 0.1320, 0.1299, 0.1256, 0.1355, 0.1328],
        [0.1173, 0.1140, 0.1134, 0.1297, 0.1336, 0.1283, 0.1301, 0.1335],
        [0.1159, 0.1128, 0.1127, 0.1279, 0.1312, 0.1328, 0.1318, 0.1349]],
       device='cuda:0', grad_fn=<SoftmaxBackward0>)

# Alpha - reduce
tensor([[0.1330, 0.1266, 0.1258, 0.1215, 0.1261, 0.1231, 0.1241, 0.1198],
