09/05 04:18:53AM parser.py:28 [INFO] 
09/05 04:18:53AM parser.py:29 [INFO] Parameters:
09/05 04:18:53AM parser.py:31 [INFO] DAG_PATH=results/search_stage_KD/cifar100/SIMPLE-KD/s3-BaselineBestCell/DAG
09/05 04:18:53AM parser.py:31 [INFO] T=10.0
09/05 04:18:53AM parser.py:31 [INFO] ADVANCED=True
09/05 04:18:53AM parser.py:31 [INFO] ALPHA_LR=0.0003
09/05 04:18:53AM parser.py:31 [INFO] ALPHA_WEIGHT_DECAY=0.001
09/05 04:18:53AM parser.py:31 [INFO] BATCH_SIZE=64
09/05 04:18:53AM parser.py:31 [INFO] CASCADE=False
09/05 04:18:53AM parser.py:31 [INFO] CHECKPOINT_RESET=False
09/05 04:18:53AM parser.py:31 [INFO] CUTOUT_LENGTH=0
09/05 04:18:53AM parser.py:31 [INFO] DATA_PATH=../data/
09/05 04:18:53AM parser.py:31 [INFO] DATASET=cifar100
09/05 04:18:53AM parser.py:31 [INFO] DEPTH_COEF=0.0
09/05 04:18:53AM parser.py:31 [INFO] DESCRIPTION=search_architecture_on_KD_without_depth_loss_with_large_slidewindoe
09/05 04:18:53AM parser.py:31 [INFO] EPOCHS=50
09/05 04:18:53AM parser.py:31 [INFO] EXP_NAME=s3-BaselineBestCell
09/05 04:18:53AM parser.py:31 [INFO] GENOTYPE=Genotype3(normal1=[[('sep_conv_5x5', 0), ('sep_conv_3x3', 1)], [('sep_conv_3x3', 1), ('sep_conv_3x3', 0)], [('sep_conv_3x3', 1), ('sep_conv_3x3', 2)], [('sep_conv_3x3', 0), ('sep_conv_5x5', 4)]], normal1_concat=range(2, 6), reduce1=[[('sep_conv_3x3', 0), ('skip_connect', 1)], [('sep_conv_3x3', 1), ('max_pool_3x3', 0)], [('sep_conv_3x3', 2), ('sep_conv_3x3', 1)], [('max_pool_3x3', 0), ('dil_conv_3x3', 1)]], reduce1_concat=range(2, 6), normal2=[[('skip_connect', 0), ('sep_conv_5x5', 1)], [('skip_connect', 0), ('skip_connect', 2)], [('avg_pool_3x3', 0), ('avg_pool_3x3', 2)], [('skip_connect', 0), ('avg_pool_3x3', 2)]], normal2_concat=range(2, 6), reduce2=[[('avg_pool_3x3', 0), ('avg_pool_3x3', 1)], [('avg_pool_3x3', 0), ('skip_connect', 2)], [('skip_connect', 2), ('avg_pool_3x3', 0)], [('skip_connect', 2), ('avg_pool_3x3', 0)]], reduce2_concat=range(2, 6), normal3=[[('skip_connect', 0), ('skip_connect', 1)], [('skip_connect', 0), ('dil_conv_3x3', 1)], [('skip_connect', 0), ('skip_connect', 1)], [('skip_connect', 0), ('skip_connect', 2)]], normal3_concat=range(2, 6))
09/05 04:18:53AM parser.py:31 [INFO] GPUS=[0]
09/05 04:18:53AM parser.py:31 [INFO] INIT_CHANNELS=16
09/05 04:18:53AM parser.py:31 [INFO] L=0.5
09/05 04:18:53AM parser.py:31 [INFO] LAYERS=20
09/05 04:18:53AM parser.py:31 [INFO] LOGGER=<Logger H-DAS (INFO)>
09/05 04:18:53AM parser.py:31 [INFO] NAME=SIMPLE-KD
09/05 04:18:53AM parser.py:31 [INFO] NONKD=False
09/05 04:18:53AM parser.py:31 [INFO] PATH=results/search_stage_KD/cifar100/SIMPLE-KD/s3-BaselineBestCell
09/05 04:18:53AM parser.py:31 [INFO] PCDARTS=False
09/05 04:18:53AM parser.py:31 [INFO] PLOT_PATH=results/search_stage_KD/cifar100/SIMPLE-KD/s3-BaselineBestCell/plots
09/05 04:18:53AM parser.py:31 [INFO] PRINT_FREQ=50
09/05 04:18:53AM parser.py:31 [INFO] RESUME_PATH=None
09/05 04:18:53AM parser.py:31 [INFO] SAVE=s3-BaselineBestCell
09/05 04:18:53AM parser.py:31 [INFO] SEED=3
09/05 04:18:53AM parser.py:31 [INFO] SHARE_STAGE=False
09/05 04:18:53AM parser.py:31 [INFO] SLIDE_WINDOW=8
09/05 04:18:53AM parser.py:31 [INFO] SPEC_CELL=True
09/05 04:18:53AM parser.py:31 [INFO] TEACHER_NAME=efficientnet_v2_s
09/05 04:18:53AM parser.py:31 [INFO] TEACHER_PATH=/home/miura/lab/KD-hdas/results/teacher/cifar100/efficientnet_v2_s/FINETUNE2/pretrained-20240716-002108/best.pth.tar
09/05 04:18:53AM parser.py:31 [INFO] TRAIN_PORTION=0.5
09/05 04:18:53AM parser.py:31 [INFO] W_GRAD_CLIP=5.0
09/05 04:18:53AM parser.py:31 [INFO] W_LR=0.025
09/05 04:18:53AM parser.py:31 [INFO] W_LR_MIN=0.001
09/05 04:18:53AM parser.py:31 [INFO] W_MOMENTUM=0.9
09/05 04:18:53AM parser.py:31 [INFO] W_WEIGHT_DECAY=0.0003
09/05 04:18:53AM parser.py:31 [INFO] WORKERS=4
09/05 04:18:53AM parser.py:32 [INFO] 
09/05 04:18:55AM searchStage_trainer.py:130 [INFO] --> Loaded teacher model 'efficientnet_v2_s' from '/home/miura/lab/KD-hdas/results/teacher/cifar100/efficientnet_v2_s/FINETUNE2/pretrained-20240716-002108/best.pth.tar' and Freezed parameters)
09/05 04:18:56AM eval_util.py:125 [INFO] Test: Step 000/390 Prec@(1,5) (96.9%, 98.4%)
09/05 04:19:07AM eval_util.py:125 [INFO] Test: Step 390/390 Prec@(1,5) (97.1%, 99.6%)
09/05 04:19:07AM eval_util.py:130 [INFO] Teacher=(efficientnet_v2_s <- (/home/miura/lab/KD-hdas/results/teacher/cifar100/efficientnet_v2_s/FINETUNE2/pretrained-20240716-002108/best.pth.tar)) achives Test Prec(@1, @5) = (97.1480%, 99.6360%)
09/05 04:19:27AM searchStage_trainer.py:137 [INFO] --> No loaded checkpoint!
####### ALPHA #######
# Alpha - DAG
tensor([[0.2502, 0.2500, 0.2500, 0.2498],
        [0.2500, 0.2497, 0.2501, 0.2503]], device='cuda:0',
       grad_fn=<SoftmaxBackward0>)
tensor([[0.2496, 0.2502, 0.2500, 0.2502],
        [0.2498, 0.2501, 0.2501, 0.2500],
        [0.2501, 0.2501, 0.2500, 0.2498]], device='cuda:0',
       grad_fn=<SoftmaxBackward0>)
tensor([[0.2497, 0.2503, 0.2500, 0.2500],
        [0.2497, 0.2503, 0.2501, 0.2499],
        [0.2502, 0.2499, 0.2497, 0.2502],
        [0.2502, 0.2500, 0.2499, 0.2499]], device='cuda:0',
       grad_fn=<SoftmaxBackward0>)
tensor([[0.2501, 0.2504, 0.2495, 0.2500],
        [0.2500, 0.2502, 0.2496, 0.2502],
        [0.2501, 0.2500, 0.2500, 0.2499],
        [0.2499, 0.2502, 0.2497, 0.2502],
        [0.2501, 0.2501, 0.2501, 0.2498]], device='cuda:0',
       grad_fn=<SoftmaxBackward0>)
tensor([[0.2501, 0.2500, 0.2499, 0.2500],
        [0.2500, 0.2500, 0.2500, 0.2500],
        [0.2506, 0.2500, 0.2499, 0.2494],
        [0.2498, 0.2501, 0.2502, 0.2499],
        [0.2499, 0.2505, 0.2497, 0.2499],
        [0.2502, 0.2500, 0.2499, 0.2500]], device='cuda:0',
       grad_fn=<SoftmaxBackward0>)
tensor([[0.2504, 0.2498, 0.2499, 0.2499],
        [0.2499, 0.2497, 0.2500, 0.2504],
        [0.2501, 0.2501, 0.2500, 0.2498],
        [0.2501, 0.2500, 0.2499, 0.2499],
        [0.2502, 0.2501, 0.2497, 0.2501],
        [0.2500, 0.2502, 0.2500, 0.2498],
        [0.2501, 0.2501, 0.2500, 0.2499]], device='cuda:0',
       grad_fn=<SoftmaxBackward0>)
tensor([[0.2504, 0.2499, 0.2497, 0.2500],
        [0.2499, 0.2499, 0.2498, 0.2504]], device='cuda:0',
       grad_fn=<SoftmaxBackward0>)
tensor([[0.2500, 0.2498, 0.2500, 0.2502],
        [0.2501, 0.2503, 0.2497, 0.2500],
        [0.2501, 0.2498, 0.2502, 0.2499]], device='cuda:0',
       grad_fn=<SoftmaxBackward0>)
tensor([[0.2503, 0.2499, 0.2499, 0.2499],
        [0.2500, 0.2500, 0.2496, 0.2503],
        [0.2498, 0.2501, 0.2504, 0.2497],
        [0.2500, 0.2501, 0.2502, 0.2498]], device='cuda:0',
       grad_fn=<SoftmaxBackward0>)
tensor([[0.2497, 0.2504, 0.2505, 0.2494],
        [0.2501, 0.2500, 0.2499, 0.2500],
        [0.2496, 0.2507, 0.2498, 0.2500],
        [0.2504, 0.2500, 0.2497, 0.2499],
        [0.2501, 0.2500, 0.2501, 0.2498]], device='cuda:0',
       grad_fn=<SoftmaxBackward0>)
tensor([[0.2501, 0.2504, 0.2497, 0.2498],
        [0.2501, 0.2498, 0.2499, 0.2501],
        [0.2501, 0.2501, 0.2497, 0.2501],
        [0.2500, 0.2497, 0.2499, 0.2504],
        [0.2499, 0.2501, 0.2501, 0.2500],
        [0.2497, 0.2501, 0.2500, 0.2501]], device='cuda:0',
       grad_fn=<SoftmaxBackward0>)
tensor([[0.2498, 0.2502, 0.2498, 0.2502],
        [0.2503, 0.2496, 0.2500, 0.2501],
        [0.2502, 0.2501, 0.2500, 0.2497],
        [0.2500, 0.2502, 0.2501, 0.2498],
        [0.2502, 0.2500, 0.2498, 0.2500],
        [0.2497, 0.2504, 0.2503, 0.2496],
        [0.2500, 0.2498, 0.2500, 0.2501]], device='cuda:0',
       grad_fn=<SoftmaxBackward0>)
tensor([[0.2500, 0.2498, 0.2501, 0.2501],
        [0.2502, 0.2500, 0.2499, 0.2498]], device='cuda:0',
       grad_fn=<SoftmaxBackward0>)
tensor([[0.2497, 0.2497, 0.2502, 0.2505],
        [0.2503, 0.2503, 0.2497, 0.2497],
        [0.2503, 0.2498, 0.2502, 0.2497]], device='cuda:0',
       grad_fn=<SoftmaxBackward0>)
tensor([[0.2500, 0.2501, 0.2498, 0.2501],
        [0.2502, 0.2498, 0.2499, 0.2501],
        [0.2501, 0.2499, 0.2499, 0.2502],
        [0.2499, 0.2499, 0.2501, 0.2502]], device='cuda:0',
       grad_fn=<SoftmaxBackward0>)
tensor([[0.2502, 0.2502, 0.2497, 0.2499],
        [0.2500, 0.2497, 0.2499, 0.2503],
        [0.2502, 0.2502, 0.2497, 0.2499],
        [0.2499, 0.2503, 0.2496, 0.2502],
        [0.2502, 0.2498, 0.2498, 0.2502]], device='cuda:0',
       grad_fn=<SoftmaxBackward0>)
tensor([[0.2504, 0.2497, 0.2501, 0.2498],
        [0.2501, 0.2500, 0.2502, 0.2496],
        [0.2500, 0.2498, 0.2499, 0.2502],
        [0.2502, 0.2499, 0.2498, 0.2501],
        [0.2504, 0.2498, 0.2500, 0.2498],
        [0.2503, 0.2500, 0.2498, 0.2499]], device='cuda:0',
       grad_fn=<SoftmaxBackward0>)
tensor([[0.2499, 0.2501, 0.2499, 0.2501],
        [0.2499, 0.2500, 0.2501, 0.2499],
        [0.2498, 0.2503, 0.2497, 0.2502],
        [0.2501, 0.2500, 0.2500, 0.2499],
        [0.2504, 0.2498, 0.2503, 0.2495],
        [0.2500, 0.2500, 0.2500, 0.2500],
        [0.2500, 0.2502, 0.2497, 0.2501]], device='cuda:0',
       grad_fn=<SoftmaxBackward0>)
#####################
09/05 04:19:46AM searchStage_trainer.py:268 [INFO] Train: Epoch: [0][50/390]	Step 50	lr 0.025	Loss 2.3747 (2.3808)	Hard Loss 4.6943 (4.7093)	Soft Loss 0.0006 (0.0005)	Arch Loss 2.4051 (2.3708)	Arch Hard Loss 4.7589 (4.6902)	Arch Soft Loss 0.0005 (0.0005)	Arch depth Loss 0.0000 (0.0000)	Prec@(1,5) (1.9%, 7.6%)	
09/05 04:20:02AM searchStage_trainer.py:268 [INFO] Train: Epoch: [0][100/390]	Step 100	lr 0.025	Loss 2.2112 (2.3203)	Hard Loss 4.3732 (4.5893)	Soft Loss 0.0005 (0.0005)	Arch Loss 2.1208 (2.3148)	Arch Hard Loss 4.1964 (4.5788)	Arch Soft Loss 0.0005 (0.0005)	Arch depth Loss 0.0000 (0.0000)	Prec@(1,5) (2.6%, 10.3%)	
09/05 04:20:18AM searchStage_trainer.py:268 [INFO] Train: Epoch: [0][150/390]	Step 150	lr 0.025	Loss 2.1222 (2.2652)	Hard Loss 4.1984 (4.4797)	Soft Loss 0.0005 (0.0005)	Arch Loss 2.1209 (2.2684)	Arch Hard Loss 4.1957 (4.4867)	Arch Soft Loss 0.0005 (0.0005)	Arch depth Loss 0.0000 (0.0000)	Prec@(1,5) (3.4%, 13.1%)	
09/05 04:20:35AM searchStage_trainer.py:268 [INFO] Train: Epoch: [0][200/390]	Step 200	lr 0.025	Loss 2.0817 (2.2237)	Hard Loss 4.1175 (4.3971)	Soft Loss 0.0005 (0.0005)	Arch Loss 2.0530 (2.2200)	Arch Hard Loss 4.0615 (4.3907)	Arch Soft Loss 0.0004 (0.0005)	Arch depth Loss 0.0000 (0.0000)	Prec@(1,5) (4.1%, 15.4%)	
09/05 04:20:51AM searchStage_trainer.py:268 [INFO] Train: Epoch: [0][250/390]	Step 250	lr 0.025	Loss 1.8757 (2.1867)	Hard Loss 3.7012 (4.3236)	Soft Loss 0.0005 (0.0005)	Arch Loss 1.9696 (2.1847)	Arch Hard Loss 3.8928 (4.3204)	Arch Soft Loss 0.0005 (0.0005)	Arch depth Loss 0.0000 (0.0000)	Prec@(1,5) (4.8%, 17.3%)	
09/05 04:21:07AM searchStage_trainer.py:268 [INFO] Train: Epoch: [0][300/390]	Step 300	lr 0.025	Loss 2.0538 (2.1595)	Hard Loss 4.0580 (4.2696)	Soft Loss 0.0005 (0.0005)	Arch Loss 2.0741 (2.1566)	Arch Hard Loss 4.1037 (4.2647)	Arch Soft Loss 0.0004 (0.0005)	Arch depth Loss 0.0000 (0.0000)	Prec@(1,5) (5.3%, 18.7%)	
09/05 04:21:24AM searchStage_trainer.py:268 [INFO] Train: Epoch: [0][350/390]	Step 350	lr 0.025	Loss 1.8591 (2.1365)	Hard Loss 3.6696 (4.2238)	Soft Loss 0.0005 (0.0005)	Arch Loss 1.8799 (2.1316)	Arch Hard Loss 3.7110 (4.2150)	Arch Soft Loss 0.0005 (0.0005)	Arch depth Loss 0.0000 (0.0000)	Prec@(1,5) (5.7%, 20.0%)	
09/05 04:21:37AM searchStage_trainer.py:268 [INFO] Train: Epoch: [0][390/390]	Step 390	lr 0.025	Loss 1.9379 (2.1196)	Hard Loss 3.8307 (4.1901)	Soft Loss 0.0005 (0.0005)	Arch Loss 1.9776 (2.1127)	Arch Hard Loss 3.9052 (4.1774)	Arch Soft Loss 0.0005 (0.0005)	Arch depth Loss 0.0000 (0.0000)	Prec@(1,5) (6.0%, 21.0%)	
09/05 04:21:38AM searchStage_trainer.py:284 [INFO] Train: [  0/49] Final Prec@1 5.9800%
09/05 04:21:41AM searchStage_trainer.py:312 [INFO] Valid: Epoch: [0][50/391]	Step 391	Loss 3.8682	Prec@(1,5) (9.6%, 29.7%)
09/05 04:21:43AM searchStage_trainer.py:312 [INFO] Valid: Epoch: [0][100/391]	Step 391	Loss 3.8658	Prec@(1,5) (9.7%, 29.5%)
09/05 04:21:45AM searchStage_trainer.py:312 [INFO] Valid: Epoch: [0][150/391]	Step 391	Loss 3.8564	Prec@(1,5) (9.7%, 29.9%)
09/05 04:21:47AM searchStage_trainer.py:312 [INFO] Valid: Epoch: [0][200/391]	Step 391	Loss 3.8563	Prec@(1,5) (9.5%, 29.8%)
09/05 04:21:50AM searchStage_trainer.py:312 [INFO] Valid: Epoch: [0][250/391]	Step 391	Loss 3.8499	Prec@(1,5) (9.5%, 30.0%)
09/05 04:21:52AM searchStage_trainer.py:312 [INFO] Valid: Epoch: [0][300/391]	Step 391	Loss 3.8498	Prec@(1,5) (9.6%, 30.2%)
09/05 04:21:54AM searchStage_trainer.py:312 [INFO] Valid: Epoch: [0][350/391]	Step 391	Loss 3.8459	Prec@(1,5) (9.6%, 30.3%)
09/05 04:21:56AM searchStage_trainer.py:312 [INFO] Valid: Epoch: [0][390/391]	Step 391	Loss 3.8442	Prec@(1,5) (9.7%, 30.5%)
09/05 04:21:56AM searchStage_trainer.py:323 [INFO] Valid: [  0/49] Final Prec@1 9.6840%
09/05 04:21:56AM searchStage_KD_main.py:58 [INFO] DAG = Genotype2(DAG1=[[('max_pool_3x3', 0), ('max_pool_3x3', 1)], [('max_pool_3x3', 0), ('max_pool_3x3', 1)], [('skip_connect', 0), ('skip_connect', 3)], [('max_pool_3x3', 4), ('skip_connect', 0)], [('max_pool_3x3', 0), ('skip_connect', 1)], [('max_pool_3x3', 1), ('max_pool_3x3', 4)]], DAG1_concat=range(6, 8), DAG2=[[('skip_connect', 1), ('skip_connect', 0)], [('skip_connect', 1), ('skip_connect', 0)], [('max_pool_3x3', 0), ('skip_connect', 2)], [('max_pool_3x3', 1), ('max_pool_3x3', 4)], [('skip_connect', 0), ('skip_connect', 1)], [('skip_connect', 1), ('skip_connect', 0)]], DAG2_concat=range(6, 8), DAG3=[[('skip_connect', 0), ('skip_connect', 1)], [('skip_connect', 0), ('skip_connect', 1)], [('skip_connect', 1), ('max_pool_3x3', 0)], [('max_pool_3x3', 1), ('skip_connect', 0)], [('max_pool_3x3', 1), ('skip_connect', 0)], [('max_pool_3x3', 0), ('max_pool_3x3', 1)]], DAG3_concat=range(6, 8))
09/05 04:21:56AM searchStage_KD_main.py:89 [INFO] Until now, best Prec@1 = 9.6840%
####### ALPHA #######
# Alpha - DAG
tensor([[0.2516, 0.2477, 0.2509, 0.2499],
        [0.2511, 0.2476, 0.2509, 0.2504]], device='cuda:0',
       grad_fn=<SoftmaxBackward0>)
tensor([[0.2525, 0.2482, 0.2499, 0.2493],
        [0.2516, 0.2479, 0.2505, 0.2500],
        [0.2504, 0.2486, 0.2500, 0.2510]], device='cuda:0',
       grad_fn=<SoftmaxBackward0>)
tensor([[0.2484, 0.2516, 0.2519, 0.2480],
        [0.2495, 0.2504, 0.2505, 0.2496],
        [0.2496, 0.2490, 0.2494, 0.2520],
        [0.2497, 0.2500, 0.2506, 0.2497]], device='cuda:0',
       grad_fn=<SoftmaxBackward0>)
tensor([[0.2503, 0.2497, 0.2513, 0.2487],
        [0.2502, 0.2483, 0.2505, 0.2511],
        [0.2494, 0.2485, 0.2496, 0.2524],
        [0.2505, 0.2485, 0.2505, 0.2505],
        [0.2518, 0.2499, 0.2502, 0.2481]], device='cuda:0',
       grad_fn=<SoftmaxBackward0>)
tensor([[0.2516, 0.2500, 0.2510, 0.2474],
        [0.2517, 0.2482, 0.2517, 0.2484],
        [0.2511, 0.2484, 0.2507, 0.2499],
        [0.2509, 0.2474, 0.2504, 0.2514],
        [0.2507, 0.2490, 0.2494, 0.2509],
        [0.2504, 0.2482, 0.2505, 0.2508]], device='cuda:0',
       grad_fn=<SoftmaxBackward0>)
tensor([[0.2542, 0.2484, 0.2506, 0.2468],
        [0.2552, 0.2495, 0.2515, 0.2437],
        [0.2547, 0.2452, 0.2494, 0.2507],
        [0.2528, 0.2464, 0.2480, 0.2528],
        [0.2554, 0.2454, 0.2475, 0.2516],
        [0.2526, 0.2477, 0.2501, 0.2497],
        [0.2521, 0.2457, 0.2483, 0.2539]], device='cuda:0',
       grad_fn=<SoftmaxBackward0>)
tensor([[0.2509, 0.2450, 0.2529, 0.2512],
        [0.2507, 0.2462, 0.2543, 0.2488]], device='cuda:0',
       grad_fn=<SoftmaxBackward0>)
tensor([[0.2506, 0.2488, 0.2541, 0.2464],
        [0.2469, 0.2479, 0.2550, 0.2502],
        [0.2489, 0.2474, 0.2515, 0.2523]], device='cuda:0',
       grad_fn=<SoftmaxBackward0>)
tensor([[0.2523, 0.2477, 0.2505, 0.2494],
        [0.2506, 0.2470, 0.2503, 0.2521],
        [0.2489, 0.2493, 0.2527, 0.2491],
        [0.2501, 0.2483, 0.2516, 0.2500]], device='cuda:0',
       grad_fn=<SoftmaxBackward0>)
tensor([[0.2510, 0.2486, 0.2504, 0.2501],
        [0.2520, 0.2488, 0.2509, 0.2484],
        [0.2512, 0.2491, 0.2493, 0.2503],
        [0.2512, 0.2501, 0.2478, 0.2510],
        [0.2513, 0.2494, 0.2501, 0.2493]], device='cuda:0',
       grad_fn=<SoftmaxBackward0>)
tensor([[0.2506, 0.2526, 0.2544, 0.2425],
        [0.2490, 0.2512, 0.2542, 0.2456],
        [0.2485, 0.2473, 0.2495, 0.2547],
        [0.2471, 0.2483, 0.2491, 0.2556],
        [0.2462, 0.2501, 0.2531, 0.2506],
        [0.2478, 0.2502, 0.2513, 0.2507]], device='cuda:0',
       grad_fn=<SoftmaxBackward0>)
tensor([[0.2497, 0.2513, 0.2525, 0.2465],
        [0.2481, 0.2518, 0.2549, 0.2452],
        [0.2472, 0.2504, 0.2520, 0.2505],
        [0.2474, 0.2498, 0.2482, 0.2546],
        [0.2466, 0.2509, 0.2508, 0.2516],
        [0.2486, 0.2495, 0.2517, 0.2502],
        [0.2486, 0.2498, 0.2520, 0.2496]], device='cuda:0',
       grad_fn=<SoftmaxBackward0>)
tensor([[0.2461, 0.2451, 0.2585, 0.2504],
        [0.2476, 0.2462, 0.2570, 0.2493]], device='cuda:0',
       grad_fn=<SoftmaxBackward0>)
tensor([[0.2484, 0.2460, 0.2563, 0.2493],
        [0.2489, 0.2465, 0.2544, 0.2502],
        [0.2492, 0.2483, 0.2522, 0.2502]], device='cuda:0',
       grad_fn=<SoftmaxBackward0>)
tensor([[0.2524, 0.2473, 0.2514, 0.2489],
        [0.2500, 0.2472, 0.2548, 0.2480],
        [0.2491, 0.2485, 0.2516, 0.2508],
        [0.2494, 0.2490, 0.2491, 0.2524]], device='cuda:0',
       grad_fn=<SoftmaxBackward0>)
tensor([[0.2515, 0.2467, 0.2517, 0.2501],
        [0.2536, 0.2493, 0.2511, 0.2460],
        [0.2495, 0.2477, 0.2504, 0.2524],
        [0.2504, 0.2483, 0.2503, 0.2509],
        [0.2510, 0.2498, 0.2484, 0.2508]], device='cuda:0',
       grad_fn=<SoftmaxBackward0>)
tensor([[0.2525, 0.2502, 0.2544, 0.2429],
        [0.2554, 0.2486, 0.2521, 0.2438],
        [0.2513, 0.2474, 0.2509, 0.2503],
        [0.2503, 0.2449, 0.2520, 0.2529],
        [0.2509, 0.2457, 0.2482, 0.2552],
        [0.2492, 0.2463, 0.2496, 0.2550]], device='cuda:0',
       grad_fn=<SoftmaxBackward0>)
tensor([[0.2563, 0.2495, 0.2517, 0.2425],
        [0.2534, 0.2497, 0.2531, 0.2438],
        [0.2517, 0.2471, 0.2492, 0.2520],
        [0.2523, 0.2462, 0.2494, 0.2520],
        [0.2524, 0.2439, 0.2462, 0.2575],
        [0.2530, 0.2481, 0.2472, 0.2517],
        [0.2522, 0.2482, 0.2503, 0.2494]], device='cuda:0',
       grad_fn=<SoftmaxBackward0>)
#####################
09/05 04:22:15午前 searchStage_trainer.py:268 [INFO] Train: Epoch: [1][50/390]	Step 441	lr 0.02498	Loss 1.8961 (1.9422)	Hard Loss 3.7388 (3.8366)	Soft Loss 0.0005 (0.0005)	Arch Loss 1.8990 (1.9383)	Arch Hard Loss 3.7484 (3.8301)	Arch Soft Loss 0.0005 (0.0005)	Arch depth Loss 0.0000 (0.0000)	Prec@(1,5) (9.9%, 31.6%)	
09/05 04:22:32午前 searchStage_trainer.py:268 [INFO] Train: Epoch: [1][100/390]	Step 491	lr 0.02498	Loss 2.0304 (1.9329)	Hard Loss 4.0123 (3.8183)	Soft Loss 0.0005 (0.0005)	Arch Loss 1.9023 (1.9344)	Arch Hard Loss 3.7537 (3.8225)	Arch Soft Loss 0.0005 (0.0005)	Arch depth Loss 0.0000 (0.0000)	Prec@(1,5) (10.2%, 32.0%)	
09/05 04:22:49午前 searchStage_trainer.py:268 [INFO] Train: Epoch: [1][150/390]	Step 541	lr 0.02498	Loss 1.8414 (1.9243)	Hard Loss 3.6364 (3.8011)	Soft Loss 0.0005 (0.0005)	Arch Loss 1.9585 (1.9186)	Arch Hard Loss 3.8729 (3.7910)	Arch Soft Loss 0.0004 (0.0005)	Arch depth Loss 0.0000 (0.0000)	Prec@(1,5) (10.7%, 32.7%)	
09/05 04:23:06午前 searchStage_trainer.py:268 [INFO] Train: Epoch: [1][200/390]	Step 591	lr 0.02498	Loss 1.9008 (1.9115)	Hard Loss 3.7536 (3.7756)	Soft Loss 0.0005 (0.0005)	Arch Loss 1.7990 (1.9110)	Arch Hard Loss 3.5505 (3.7756)	Arch Soft Loss 0.0005 (0.0005)	Arch depth Loss 0.0000 (0.0000)	Prec@(1,5) (11.1%, 33.5%)	
09/05 04:23:23午前 searchStage_trainer.py:268 [INFO] Train: Epoch: [1][250/390]	Step 641	lr 0.02498	Loss 1.9645 (1.9070)	Hard Loss 3.8829 (3.7669)	Soft Loss 0.0005 (0.0005)	Arch Loss 1.7706 (1.9016)	Arch Hard Loss 3.4951 (3.7571)	Arch Soft Loss 0.0005 (0.0005)	Arch depth Loss 0.0000 (0.0000)	Prec@(1,5) (11.4%, 33.9%)	
09/05 04:23:40午前 searchStage_trainer.py:268 [INFO] Train: Epoch: [1][300/390]	Step 691	lr 0.02498	Loss 1.7566 (1.8975)	Hard Loss 3.4673 (3.7480)	Soft Loss 0.0005 (0.0005)	Arch Loss 1.6981 (1.8904)	Arch Hard Loss 3.3489 (3.7347)	Arch Soft Loss 0.0005 (0.0005)	Arch depth Loss 0.0000 (0.0000)	Prec@(1,5) (11.7%, 34.6%)	
09/05 04:23:57午前 searchStage_trainer.py:268 [INFO] Train: Epoch: [1][350/390]	Step 741	lr 0.02498	Loss 1.8894 (1.8869)	Hard Loss 3.7332 (3.7269)	Soft Loss 0.0005 (0.0005)	Arch Loss 1.7879 (1.8817)	Arch Hard Loss 3.5262 (3.7174)	Arch Soft Loss 0.0005 (0.0005)	Arch depth Loss 0.0000 (0.0000)	Prec@(1,5) (12.1%, 35.1%)	
09/05 04:24:11午前 searchStage_trainer.py:268 [INFO] Train: Epoch: [1][390/390]	Step 781	lr 0.02498	Loss 1.7825 (1.8786)	Hard Loss 3.5172 (3.7103)	Soft Loss 0.0005 (0.0005)	Arch Loss 1.7656 (1.8744)	Arch Hard Loss 3.4892 (3.7028)	Arch Soft Loss 0.0004 (0.0005)	Arch depth Loss 0.0000 (0.0000)	Prec@(1,5) (12.3%, 35.7%)	
09/05 04:24:11午前 searchStage_trainer.py:284 [INFO] Train: [  1/49] Final Prec@1 12.3280%
09/05 04:24:14午前 searchStage_trainer.py:312 [INFO] Valid: Epoch: [1][50/391]	Step 782	Loss 3.5324	Prec@(1,5) (15.5%, 40.7%)
09/05 04:24:16午前 searchStage_trainer.py:312 [INFO] Valid: Epoch: [1][100/391]	Step 782	Loss 3.5580	Prec@(1,5) (14.8%, 39.8%)
09/05 04:24:19午前 searchStage_trainer.py:312 [INFO] Valid: Epoch: [1][150/391]	Step 782	Loss 3.5575	Prec@(1,5) (14.3%, 40.1%)
09/05 04:24:21午前 searchStage_trainer.py:312 [INFO] Valid: Epoch: [1][200/391]	Step 782	Loss 3.5612	Prec@(1,5) (14.4%, 39.8%)
09/05 04:24:23午前 searchStage_trainer.py:312 [INFO] Valid: Epoch: [1][250/391]	Step 782	Loss 3.5573	Prec@(1,5) (14.3%, 40.0%)
09/05 04:24:25午前 searchStage_trainer.py:312 [INFO] Valid: Epoch: [1][300/391]	Step 782	Loss 3.5560	Prec@(1,5) (14.4%, 40.2%)
09/05 04:24:27午前 searchStage_trainer.py:312 [INFO] Valid: Epoch: [1][350/391]	Step 782	Loss 3.5535	Prec@(1,5) (14.5%, 40.3%)
09/05 04:24:29午前 searchStage_trainer.py:312 [INFO] Valid: Epoch: [1][390/391]	Step 782	Loss 3.5570	Prec@(1,5) (14.3%, 40.2%)
09/05 04:24:29午前 searchStage_trainer.py:323 [INFO] Valid: [  1/49] Final Prec@1 14.3440%
09/05 04:24:29午前 searchStage_KD_main.py:58 [INFO] DAG = Genotype2(DAG1=[[('skip_connect', 1), ('skip_connect', 0)], [('skip_connect', 1), ('skip_connect', 0)], [('skip_connect', 0), ('max_pool_3x3', 1)], [('skip_connect', 0), ('skip_connect', 3)], [('skip_connect', 0), ('skip_connect', 1)], [('max_pool_3x3', 1), ('max_pool_3x3', 0)]], DAG1_concat=range(6, 8), DAG2=[[('skip_connect', 1), ('skip_connect', 0)], [('skip_connect', 1), ('max_pool_3x3', 0)], [('skip_connect', 1), ('skip_connect', 0)], [('max_pool_3x3', 1), ('skip_connect', 0)], [('max_pool_3x3', 0), ('skip_connect', 1)], [('skip_connect', 0), ('skip_connect', 1)]], DAG2_concat=range(6, 8), DAG3=[[('skip_connect', 0), ('skip_connect', 1)], [('max_pool_3x3', 1), ('max_pool_3x3', 0)], [('max_pool_3x3', 0), ('max_pool_3x3', 1)], [('max_pool_3x3', 0), ('max_pool_3x3', 1)], [('max_pool_3x3', 1), ('max_pool_3x3', 0)], [('max_pool_3x3', 0), ('max_pool_3x3', 1)]], DAG3_concat=range(6, 8))
09/05 04:24:30午前 searchStage_KD_main.py:89 [INFO] Until now, best Prec@1 = 14.3440%
####### ALPHA #######
# Alpha - DAG
tensor([[0.2502, 0.2444, 0.2549, 0.2505],
        [0.2506, 0.2443, 0.2551, 0.2500]], device='cuda:0',
       grad_fn=<SoftmaxBackward0>)
tensor([[0.2527, 0.2452, 0.2531, 0.2489],
        [0.2526, 0.2460, 0.2537, 0.2478],
        [0.2499, 0.2465, 0.2502, 0.2534]], device='cuda:0',
       grad_fn=<SoftmaxBackward0>)
tensor([[0.2517, 0.2504, 0.2556, 0.2423],
        [0.2529, 0.2489, 0.2524, 0.2458],
        [0.2519, 0.2446, 0.2449, 0.2586],
        [0.2507, 0.2483, 0.2499, 0.2512]], device='cuda:0',
       grad_fn=<SoftmaxBackward0>)
tensor([[0.2495, 0.2479, 0.2547, 0.2480],
        [0.2520, 0.2456, 0.2511, 0.2513],
        [0.2522, 0.2452, 0.2495, 0.2531],
        [0.2507, 0.2476, 0.2522, 0.2495],
        [0.2513, 0.2490, 0.2504, 0.2493]], device='cuda:0',
       grad_fn=<SoftmaxBackward0>)
tensor([[0.2551, 0.2498, 0.2567, 0.2384],
        [0.2534, 0.2456, 0.2572, 0.2438],
        [0.2529, 0.2460, 0.2532, 0.2478],
        [0.2501, 0.2460, 0.2499, 0.2540],
        [0.2485, 0.2473, 0.2464, 0.2577],
        [0.2488, 0.2452, 0.2504, 0.2556]], device='cuda:0',
       grad_fn=<SoftmaxBackward0>)
tensor([[0.2630, 0.2442, 0.2499, 0.2429],
        [0.2636, 0.2471, 0.2540, 0.2353],
        [0.2629, 0.2386, 0.2457, 0.2528],
        [0.2584, 0.2405, 0.2436, 0.2576],
        [0.2586, 0.2414, 0.2445, 0.2556],
        [0.2573, 0.2438, 0.2480, 0.2509],
        [0.2549, 0.2413, 0.2479, 0.2559]], device='cuda:0',
       grad_fn=<SoftmaxBackward0>)
tensor([[0.2499, 0.2398, 0.2597, 0.2507],
        [0.2505, 0.2408, 0.2603, 0.2484]], device='cuda:0',
       grad_fn=<SoftmaxBackward0>)
tensor([[0.2550, 0.2435, 0.2535, 0.2480],
        [0.2495, 0.2452, 0.2573, 0.2479],
        [0.2489, 0.2456, 0.2518, 0.2537]], device='cuda:0',
       grad_fn=<SoftmaxBackward0>)
tensor([[0.2518, 0.2479, 0.2528, 0.2475],
        [0.2491, 0.2478, 0.2529, 0.2502],
        [0.2485, 0.2499, 0.2511, 0.2505],
        [0.2491, 0.2494, 0.2508, 0.2506]], device='cuda:0',
       grad_fn=<SoftmaxBackward0>)
tensor([[0.2508, 0.2469, 0.2532, 0.2491],
        [0.2567, 0.2464, 0.2507, 0.2462],
        [0.2505, 0.2489, 0.2493, 0.2513],
        [0.2494, 0.2501, 0.2455, 0.2551],
        [0.2516, 0.2510, 0.2501, 0.2473]], device='cuda:0',
       grad_fn=<SoftmaxBackward0>)
tensor([[0.2566, 0.2526, 0.2556, 0.2353],
        [0.2544, 0.2495, 0.2556, 0.2405],
        [0.2482, 0.2445, 0.2487, 0.2586],
        [0.2465, 0.2459, 0.2472, 0.2604],
        [0.2480, 0.2492, 0.2529, 0.2500],
        [0.2485, 0.2487, 0.2494, 0.2533]], device='cuda:0',
       grad_fn=<SoftmaxBackward0>)
tensor([[0.2540, 0.2551, 0.2560, 0.2349],
        [0.2538, 0.2531, 0.2554, 0.2377],
        [0.2516, 0.2455, 0.2493, 0.2536],
        [0.2487, 0.2458, 0.2475, 0.2579],
        [0.2470, 0.2484, 0.2472, 0.2574],
        [0.2501, 0.2466, 0.2549, 0.2483],
        [0.2492, 0.2467, 0.2465, 0.2576]], device='cuda:0',
       grad_fn=<SoftmaxBackward0>)
tensor([[0.2491, 0.2389, 0.2618, 0.2502],
        [0.2501, 0.2407, 0.2591, 0.2500]], device='cuda:0',
       grad_fn=<SoftmaxBackward0>)
tensor([[0.2572, 0.2408, 0.2542, 0.2478],
        [0.2589, 0.2395, 0.2539, 0.2477],
        [0.2559, 0.2420, 0.2478, 0.2543]], device='cuda:0',
       grad_fn=<SoftmaxBackward0>)
tensor([[0.2603, 0.2427, 0.2510, 0.2460],
        [0.2597, 0.2440, 0.2541, 0.2423],
        [0.2499, 0.2458, 0.2502, 0.2541],
        [0.2538, 0.2446, 0.2446, 0.2570]], device='cuda:0',
       grad_fn=<SoftmaxBackward0>)
tensor([[0.2592, 0.2457, 0.2509, 0.2441],
        [0.2587, 0.2494, 0.2517, 0.2402],
        [0.2530, 0.2458, 0.2511, 0.2500],
        [0.2531, 0.2438, 0.2486, 0.2546],
        [0.2540, 0.2440, 0.2416, 0.2604]], device='cuda:0',
       grad_fn=<SoftmaxBackward0>)
tensor([[0.2691, 0.2504, 0.2466, 0.2339],
        [0.2744, 0.2475, 0.2438, 0.2343],
        [0.2623, 0.2418, 0.2415, 0.2544],
        [0.2551, 0.2393, 0.2450, 0.2606],
        [0.2596, 0.2408, 0.2412, 0.2584],
        [0.2556, 0.2435, 0.2421, 0.2588]], device='cuda:0',
       grad_fn=<SoftmaxBackward0>)
tensor([[0.2707, 0.2496, 0.2470, 0.2327],
        [0.2687, 0.2475, 0.2488, 0.2349],
        [0.2605, 0.2424, 0.2455, 0.2516],
        [0.2601, 0.2408, 0.2457, 0.2534],
        [0.2616, 0.2371, 0.2381, 0.2631],
        [0.2606, 0.2424, 0.2381, 0.2589],
        [0.2554, 0.2421, 0.2461, 0.2564]], device='cuda:0',
       grad_fn=<SoftmaxBackward0>)
#####################
09/05 04:24:48午前 searchStage_trainer.py:268 [INFO] Train: Epoch: [2][50/390]	Step 832	lr 0.02491	Loss 1.8759 (1.7696)	Hard Loss 3.7039 (3.4924)	Soft Loss 0.0005 (0.0005)	Arch Loss 1.8648 (1.8234)	Arch Hard Loss 3.6835 (3.6007)	Arch Soft Loss 0.0005 (0.0005)	Arch depth Loss 0.0000 (0.0000)	Prec@(1,5) (16.2%, 41.1%)	
09/05 04:25:05午前 searchStage_trainer.py:268 [INFO] Train: Epoch: [2][100/390]	Step 882	lr 0.02491	Loss 1.8479 (1.7819)	Hard Loss 3.6536 (3.5167)	Soft Loss 0.0004 (0.0005)	Arch Loss 1.8217 (1.8045)	Arch Hard Loss 3.5976 (3.5628)	Arch Soft Loss 0.0005 (0.0005)	Arch depth Loss 0.0000 (0.0000)	Prec@(1,5) (15.2%, 41.3%)	
09/05 04:25:22午前 searchStage_trainer.py:268 [INFO] Train: Epoch: [2][150/390]	Step 932	lr 0.02491	Loss 1.5695 (1.7711)	Hard Loss 3.0956 (3.4953)	Soft Loss 0.0004 (0.0005)	Arch Loss 2.0552 (1.7912)	Arch Hard Loss 4.0670 (3.5365)	Arch Soft Loss 0.0004 (0.0005)	Arch depth Loss 0.0000 (0.0000)	Prec@(1,5) (15.3%, 41.7%)	
09/05 04:25:38午前 searchStage_trainer.py:268 [INFO] Train: Epoch: [2][200/390]	Step 982	lr 0.02491	Loss 1.8692 (1.7685)	Hard Loss 3.6923 (3.4902)	Soft Loss 0.0005 (0.0005)	Arch Loss 1.6170 (1.7814)	Arch Hard Loss 3.1906 (3.5171)	Arch Soft Loss 0.0004 (0.0005)	Arch depth Loss 0.0000 (0.0000)	Prec@(1,5) (15.3%, 41.7%)	
09/05 04:25:55午前 searchStage_trainer.py:268 [INFO] Train: Epoch: [2][250/390]	Step 1032	lr 0.02491	Loss 1.7823 (1.7640)	Hard Loss 3.5220 (3.4813)	Soft Loss 0.0004 (0.0005)	Arch Loss 1.6843 (1.7737)	Arch Hard Loss 3.3229 (3.5017)	Arch Soft Loss 0.0005 (0.0005)	Arch depth Loss 0.0000 (0.0000)	Prec@(1,5) (15.7%, 41.9%)	
09/05 04:26:12午前 searchStage_trainer.py:268 [INFO] Train: Epoch: [2][300/390]	Step 1082	lr 0.02491	Loss 1.7343 (1.7546)	Hard Loss 3.4221 (3.4627)	Soft Loss 0.0005 (0.0005)	Arch Loss 1.7205 (1.7603)	Arch Hard Loss 3.3940 (3.4751)	Arch Soft Loss 0.0005 (0.0005)	Arch depth Loss 0.0000 (0.0000)	Prec@(1,5) (16.0%, 42.5%)	
09/05 04:26:29午前 searchStage_trainer.py:268 [INFO] Train: Epoch: [2][350/390]	Step 1132	lr 0.02491	Loss 1.6673 (1.7500)	Hard Loss 3.2884 (3.4535)	Soft Loss 0.0005 (0.0005)	Arch Loss 1.7394 (1.7540)	Arch Hard Loss 3.4357 (3.4624)	Arch Soft Loss 0.0004 (0.0005)	Arch depth Loss 0.0000 (0.0000)	Prec@(1,5) (16.2%, 42.8%)	
09/05 04:26:42午前 searchStage_trainer.py:268 [INFO] Train: Epoch: [2][390/390]	Step 1172	lr 0.02491	Loss 1.6592 (1.7437)	Hard Loss 3.2697 (3.4408)	Soft Loss 0.0005 (0.0005)	Arch Loss 1.6332 (1.7447)	Arch Hard Loss 3.2170 (3.4439)	Arch Soft Loss 0.0005 (0.0005)	Arch depth Loss 0.0000 (0.0000)	Prec@(1,5) (16.4%, 43.2%)	
09/05 04:26:43午前 searchStage_trainer.py:284 [INFO] Train: [  2/49] Final Prec@1 16.3960%
09/05 04:26:46午前 searchStage_trainer.py:312 [INFO] Valid: Epoch: [2][50/391]	Step 1173	Loss 3.3369	Prec@(1,5) (17.8%, 45.9%)
09/05 04:26:48午前 searchStage_trainer.py:312 [INFO] Valid: Epoch: [2][100/391]	Step 1173	Loss 3.3386	Prec@(1,5) (18.2%, 46.0%)
09/05 04:26:50午前 searchStage_trainer.py:312 [INFO] Valid: Epoch: [2][150/391]	Step 1173	Loss 3.3563	Prec@(1,5) (18.0%, 45.9%)
09/05 04:26:52午前 searchStage_trainer.py:312 [INFO] Valid: Epoch: [2][200/391]	Step 1173	Loss 3.3405	Prec@(1,5) (18.4%, 46.6%)
09/05 04:26:55午前 searchStage_trainer.py:312 [INFO] Valid: Epoch: [2][250/391]	Step 1173	Loss 3.3512	Prec@(1,5) (18.3%, 46.3%)
09/05 04:26:57午前 searchStage_trainer.py:312 [INFO] Valid: Epoch: [2][300/391]	Step 1173	Loss 3.3504	Prec@(1,5) (18.2%, 46.2%)
09/05 04:26:59午前 searchStage_trainer.py:312 [INFO] Valid: Epoch: [2][350/391]	Step 1173	Loss 3.3451	Prec@(1,5) (18.4%, 46.3%)
09/05 04:27:01午前 searchStage_trainer.py:312 [INFO] Valid: Epoch: [2][390/391]	Step 1173	Loss 3.3502	Prec@(1,5) (18.3%, 46.1%)
09/05 04:27:01午前 searchStage_trainer.py:323 [INFO] Valid: [  2/49] Final Prec@1 18.2560%
09/05 04:27:01午前 searchStage_KD_main.py:58 [INFO] DAG = Genotype2(DAG1=[[('skip_connect', 1), ('skip_connect', 0)], [('skip_connect', 0), ('skip_connect', 1)], [('skip_connect', 0), ('skip_connect', 1)], [('skip_connect', 0), ('skip_connect', 1)], [('skip_connect', 0), ('skip_connect', 1)], [('max_pool_3x3', 1), ('max_pool_3x3', 0)]], DAG1_concat=range(6, 8), DAG2=[[('skip_connect', 1), ('skip_connect', 0)], [('skip_connect', 1), ('skip_connect', 0)], [('skip_connect', 0), ('skip_connect', 1)], [('max_pool_3x3', 1), ('skip_connect', 0)], [('skip_connect', 0), ('skip_connect', 1)], [('skip_connect', 0), ('skip_connect', 1)]], DAG2_concat=range(6, 8), DAG3=[[('skip_connect', 0), ('skip_connect', 1)], [('max_pool_3x3', 0), ('max_pool_3x3', 1)], [('max_pool_3x3', 1), ('max_pool_3x3', 0)], [('max_pool_3x3', 0), ('max_pool_3x3', 1)], [('max_pool_3x3', 1), ('max_pool_3x3', 0)], [('max_pool_3x3', 0), ('max_pool_3x3', 1)]], DAG3_concat=range(6, 8))
09/05 04:27:02午前 searchStage_KD_main.py:89 [INFO] Until now, best Prec@1 = 18.2560%
####### ALPHA #######
# Alpha - DAG
tensor([[0.2477, 0.2399, 0.2620, 0.2505],
        [0.2474, 0.2397, 0.2628, 0.2500]], device='cuda:0',
       grad_fn=<SoftmaxBackward0>)
tensor([[0.2506, 0.2445, 0.2573, 0.2476],
        [0.2508, 0.2427, 0.2554, 0.2511],
        [0.2475, 0.2465, 0.2539, 0.2521]], device='cuda:0',
       grad_fn=<SoftmaxBackward0>)
tensor([[0.2538, 0.2489, 0.2579, 0.2394],
        [0.2517, 0.2472, 0.2558, 0.2453],
        [0.2510, 0.2443, 0.2434, 0.2613],
        [0.2494, 0.2476, 0.2511, 0.2519]], device='cuda:0',
       grad_fn=<SoftmaxBackward0>)
tensor([[0.2494, 0.2484, 0.2579, 0.2443],
        [0.2523, 0.2459, 0.2539, 0.2479],
        [0.2521, 0.2436, 0.2466, 0.2577],
        [0.2490, 0.2481, 0.2541, 0.2488],
        [0.2495, 0.2495, 0.2499, 0.2510]], device='cuda:0',
       grad_fn=<SoftmaxBackward0>)
tensor([[0.2542, 0.2460, 0.2652, 0.2347],
        [0.2500, 0.2430, 0.2637, 0.2434],
        [0.2514, 0.2455, 0.2526, 0.2505],
        [0.2480, 0.2456, 0.2505, 0.2559],
        [0.2487, 0.2481, 0.2484, 0.2547],
        [0.2461, 0.2465, 0.2481, 0.2593]], device='cuda:0',
       grad_fn=<SoftmaxBackward0>)
tensor([[0.2692, 0.2395, 0.2513, 0.2400],
        [0.2701, 0.2443, 0.2573, 0.2283],
        [0.2626, 0.2380, 0.2448, 0.2547],
        [0.2572, 0.2386, 0.2435, 0.2606],
        [0.2580, 0.2411, 0.2445, 0.2564],
        [0.2568, 0.2445, 0.2467, 0.2520],
        [0.2553, 0.2383, 0.2456, 0.2608]], device='cuda:0',
       grad_fn=<SoftmaxBackward0>)
tensor([[0.2451, 0.2373, 0.2646, 0.2529],
        [0.2462, 0.2412, 0.2678, 0.2448]], device='cuda:0',
       grad_fn=<SoftmaxBackward0>)
tensor([[0.2541, 0.2431, 0.2558, 0.2469],
        [0.2456, 0.2464, 0.2586, 0.2495],
        [0.2465, 0.2475, 0.2530, 0.2529]], device='cuda:0',
       grad_fn=<SoftmaxBackward0>)
tensor([[0.2468, 0.2497, 0.2574, 0.2461],
        [0.2483, 0.2477, 0.2536, 0.2504],
        [0.2456, 0.2497, 0.2514, 0.2533],
        [0.2500, 0.2490, 0.2515, 0.2495]], device='cuda:0',
       grad_fn=<SoftmaxBackward0>)
tensor([[0.2515, 0.2464, 0.2545, 0.2476],
        [0.2552, 0.2462, 0.2520, 0.2466],
        [0.2506, 0.2486, 0.2473, 0.2535],
        [0.2501, 0.2500, 0.2477, 0.2522],
        [0.2522, 0.2482, 0.2500, 0.2495]], device='cuda:0',
       grad_fn=<SoftmaxBackward0>)
tensor([[0.2555, 0.2535, 0.2624, 0.2286],
        [0.2547, 0.2489, 0.2603, 0.2360],
        [0.2438, 0.2412, 0.2463, 0.2687],
        [0.2438, 0.2437, 0.2484, 0.2640],
        [0.2492, 0.2473, 0.2547, 0.2488],
        [0.2508, 0.2466, 0.2489, 0.2537]], device='cuda:0',
       grad_fn=<SoftmaxBackward0>)
tensor([[0.2549, 0.2564, 0.2571, 0.2316],
        [0.2558, 0.2543, 0.2568, 0.2332],
        [0.2501, 0.2445, 0.2485, 0.2569],
        [0.2477, 0.2477, 0.2521, 0.2525],
        [0.2441, 0.2494, 0.2486, 0.2580],
        [0.2495, 0.2448, 0.2515, 0.2541],
        [0.2485, 0.2466, 0.2432, 0.2617]], device='cuda:0',
       grad_fn=<SoftmaxBackward0>)
tensor([[0.2498, 0.2347, 0.2658, 0.2496],
        [0.2497, 0.2372, 0.2626, 0.2505]], device='cuda:0',
       grad_fn=<SoftmaxBackward0>)
tensor([[0.2609, 0.2372, 0.2541, 0.2477],
        [0.2600, 0.2396, 0.2546, 0.2458],
        [0.2551, 0.2436, 0.2453, 0.2560]], device='cuda:0',
       grad_fn=<SoftmaxBackward0>)
tensor([[0.2553, 0.2433, 0.2545, 0.2470],
        [0.2568, 0.2454, 0.2564, 0.2414],
        [0.2464, 0.2482, 0.2526, 0.2528],
        [0.2494, 0.2476, 0.2449, 0.2581]], device='cuda:0',
       grad_fn=<SoftmaxBackward0>)
tensor([[0.2629, 0.2439, 0.2521, 0.2410],
        [0.2601, 0.2477, 0.2529, 0.2393],
        [0.2501, 0.2474, 0.2548, 0.2477],
        [0.2507, 0.2447, 0.2477, 0.2569],
        [0.2521, 0.2438, 0.2391, 0.2650]], device='cuda:0',
       grad_fn=<SoftmaxBackward0>)
tensor([[0.2814, 0.2474, 0.2445, 0.2267],
        [0.2853, 0.2457, 0.2427, 0.2263],
        [0.2645, 0.2403, 0.2390, 0.2562],
        [0.2553, 0.2384, 0.2431, 0.2632],
        [0.2590, 0.2381, 0.2360, 0.2668],
        [0.2562, 0.2399, 0.2396, 0.2643]], device='cuda:0',
       grad_fn=<SoftmaxBackward0>)
tensor([[0.2804, 0.2499, 0.2444, 0.2253],
        [0.2750, 0.2481, 0.2479, 0.2291],
        [0.2623, 0.2406, 0.2459, 0.2511],
        [0.2628, 0.2397, 0.2436, 0.2538],
        [0.2627, 0.2338, 0.2330, 0.2705],
        [0.2632, 0.2380, 0.2348, 0.2640],
        [0.2545, 0.2392, 0.2457, 0.2607]], device='cuda:0',
       grad_fn=<SoftmaxBackward0>)
#####################
09/05 04:27:20午前 searchStage_trainer.py:268 [INFO] Train: Epoch: [3][50/390]	Step 1223	lr 0.02479	Loss 1.6653 (1.6239)	Hard Loss 3.2849 (3.2019)	Soft Loss 0.0005 (0.0005)	Arch Loss 1.7451 (1.6982)	Arch Hard Loss 3.4471 (3.3508)	Arch Soft Loss 0.0004 (0.0005)	Arch depth Loss 0.0000 (0.0000)	Prec@(1,5) (20.7%, 50.2%)	
09/05 04:27:37午前 searchStage_trainer.py:268 [INFO] Train: Epoch: [3][100/390]	Step 1273	lr 0.02479	Loss 1.5566 (1.6422)	Hard Loss 3.0689 (3.2384)	Soft Loss 0.0004 (0.0005)	Arch Loss 1.6827 (1.6903)	Arch Hard Loss 3.3251 (3.3352)	Arch Soft Loss 0.0004 (0.0005)	Arch depth Loss 0.0000 (0.0000)	Prec@(1,5) (20.0%, 49.3%)	
09/05 04:27:53午前 searchStage_trainer.py:268 [INFO] Train: Epoch: [3][150/390]	Step 1323	lr 0.02479	Loss 1.6768 (1.6455)	Hard Loss 3.3110 (3.2450)	Soft Loss 0.0004 (0.0005)	Arch Loss 1.6985 (1.6766)	Arch Hard Loss 3.3506 (3.3080)	Arch Soft Loss 0.0005 (0.0005)	Arch depth Loss 0.0000 (0.0000)	Prec@(1,5) (19.9%, 49.3%)	
09/05 04:28:10午前 searchStage_trainer.py:268 [INFO] Train: Epoch: [3][200/390]	Step 1373	lr 0.02479	Loss 1.4342 (1.6429)	Hard Loss 2.8197 (3.2397)	Soft Loss 0.0005 (0.0005)	Arch Loss 1.5185 (1.6721)	Arch Hard Loss 2.9900 (3.2991)	Arch Soft Loss 0.0005 (0.0005)	Arch depth Loss 0.0000 (0.0000)	Prec@(1,5) (19.9%, 49.3%)	
09/05 04:28:27午前 searchStage_trainer.py:268 [INFO] Train: Epoch: [3][250/390]	Step 1423	lr 0.02479	Loss 1.6356 (1.6376)	Hard Loss 3.2239 (3.2292)	Soft Loss 0.0005 (0.0005)	Arch Loss 1.5819 (1.6645)	Arch Hard Loss 3.1186 (3.2838)	Arch Soft Loss 0.0005 (0.0005)	Arch depth Loss 0.0000 (0.0000)	Prec@(1,5) (20.1%, 49.7%)	
09/05 04:28:44午前 searchStage_trainer.py:268 [INFO] Train: Epoch: [3][300/390]	Step 1473	lr 0.02479	Loss 1.6154 (1.6348)	Hard Loss 3.1870 (3.2237)	Soft Loss 0.0004 (0.0005)	Arch Loss 1.7481 (1.6599)	Arch Hard Loss 3.4493 (3.2747)	Arch Soft Loss 0.0005 (0.0005)	Arch depth Loss 0.0000 (0.0000)	Prec@(1,5) (20.2%, 49.8%)	
09/05 04:29:01午前 searchStage_trainer.py:268 [INFO] Train: Epoch: [3][350/390]	Step 1523	lr 0.02479	Loss 1.5417 (1.6306)	Hard Loss 3.0376 (3.2153)	Soft Loss 0.0005 (0.0005)	Arch Loss 1.5928 (1.6525)	Arch Hard Loss 3.1432 (3.2601)	Arch Soft Loss 0.0004 (0.0004)	Arch depth Loss 0.0000 (0.0000)	Prec@(1,5) (20.4%, 50.0%)	
09/05 04:29:14午前 searchStage_trainer.py:268 [INFO] Train: Epoch: [3][390/390]	Step 1563	lr 0.02479	Loss 1.5923 (1.6280)	Hard Loss 3.1410 (3.2102)	Soft Loss 0.0004 (0.0005)	Arch Loss 1.5014 (1.6447)	Arch Hard Loss 2.9575 (3.2445)	Arch Soft Loss 0.0005 (0.0004)	Arch depth Loss 0.0000 (0.0000)	Prec@(1,5) (20.6%, 50.1%)	
09/05 04:29:14午前 searchStage_trainer.py:284 [INFO] Train: [  3/49] Final Prec@1 20.6200%
09/05 04:29:17午前 searchStage_trainer.py:312 [INFO] Valid: Epoch: [3][50/391]	Step 1564	Loss 3.1436	Prec@(1,5) (21.7%, 51.5%)
09/05 04:29:19午前 searchStage_trainer.py:312 [INFO] Valid: Epoch: [3][100/391]	Step 1564	Loss 3.1289	Prec@(1,5) (22.1%, 52.5%)
09/05 04:29:22午前 searchStage_trainer.py:312 [INFO] Valid: Epoch: [3][150/391]	Step 1564	Loss 3.1438	Prec@(1,5) (21.9%, 52.2%)
09/05 04:29:24午前 searchStage_trainer.py:312 [INFO] Valid: Epoch: [3][200/391]	Step 1564	Loss 3.1314	Prec@(1,5) (22.0%, 52.5%)
09/05 04:29:26午前 searchStage_trainer.py:312 [INFO] Valid: Epoch: [3][250/391]	Step 1564	Loss 3.1279	Prec@(1,5) (21.9%, 52.5%)
09/05 04:29:28午前 searchStage_trainer.py:312 [INFO] Valid: Epoch: [3][300/391]	Step 1564	Loss 3.1243	Prec@(1,5) (22.2%, 52.6%)
09/05 04:29:30午前 searchStage_trainer.py:312 [INFO] Valid: Epoch: [3][350/391]	Step 1564	Loss 3.1280	Prec@(1,5) (22.1%, 52.5%)
