08/03 09:55:35AM parser.py:28 [INFO] 
08/03 09:55:35AM parser.py:29 [INFO] Parameters:
08/03 09:55:35AM parser.py:31 [INFO] DAG_PATH=results/search_cell_KD/cifar100/ARCH_WEIGHT/s4-20240803-095535/DAG
08/03 09:55:35AM parser.py:31 [INFO] T=10.0
08/03 09:55:35AM parser.py:31 [INFO] ADVANCED=True
08/03 09:55:35AM parser.py:31 [INFO] ALPHA_LR=0.0003
08/03 09:55:35AM parser.py:31 [INFO] ALPHA_WEIGHT_DECAY=0.001
08/03 09:55:35AM parser.py:31 [INFO] BATCH_SIZE=64
08/03 09:55:35AM parser.py:31 [INFO] CUTOUT_LENGTH=0
08/03 09:55:35AM parser.py:31 [INFO] DATA_PATH=../data/
08/03 09:55:35AM parser.py:31 [INFO] DATASET=cifar100
08/03 09:55:35AM parser.py:31 [INFO] DESCRIPTION=search_cell_with_simple_kd_on_seed-4
08/03 09:55:35AM parser.py:31 [INFO] EPOCHS=50
08/03 09:55:35AM parser.py:31 [INFO] EXP_NAME=s4-20240803-095535
08/03 09:55:35AM parser.py:31 [INFO] GPUS=[0]
08/03 09:55:35AM parser.py:31 [INFO] INIT_CHANNELS=16
08/03 09:55:35AM parser.py:31 [INFO] L=0.5
08/03 09:55:35AM parser.py:31 [INFO] LAYERS=8
08/03 09:55:35AM parser.py:31 [INFO] LOCAL_RANK=0
08/03 09:55:35AM parser.py:31 [INFO] LOGGER=<Logger H-DAS (INFO)>
08/03 09:55:35AM parser.py:31 [INFO] NAME=ARCH_WEIGHT
08/03 09:55:35AM parser.py:31 [INFO] NONKD=False
08/03 09:55:35AM parser.py:31 [INFO] PATH=results/search_cell_KD/cifar100/ARCH_WEIGHT/s4-20240803-095535
08/03 09:55:35AM parser.py:31 [INFO] PCDARTS=False
08/03 09:55:35AM parser.py:31 [INFO] PLOT_PATH=results/search_cell_KD/cifar100/ARCH_WEIGHT/s4-20240803-095535/plots
08/03 09:55:35AM parser.py:31 [INFO] PRINT_FREQ=50
08/03 09:55:35AM parser.py:31 [INFO] RESUME_PATH=None
08/03 09:55:35AM parser.py:31 [INFO] SAVE=s4
08/03 09:55:35AM parser.py:31 [INFO] SEED=4
08/03 09:55:35AM parser.py:31 [INFO] TEACHER_NAME=efficientnet_v2_s
08/03 09:55:35AM parser.py:31 [INFO] TEACHER_PATH=/home/miura/lab/KD-hdas/results/teacher/cifar100/efficientnet_v2_s/FINETUNE2/pretrained-20240716-002108/best.pth.tar
08/03 09:55:35AM parser.py:31 [INFO] TRAIN_PORTION=0.5
08/03 09:55:35AM parser.py:31 [INFO] W_GRAD_CLIP=5.0
08/03 09:55:35AM parser.py:31 [INFO] W_LR=0.025
08/03 09:55:35AM parser.py:31 [INFO] W_LR_MIN=0.001
08/03 09:55:35AM parser.py:31 [INFO] W_MOMENTUM=0.9
08/03 09:55:35AM parser.py:31 [INFO] W_WEIGHT_DECAY=0.0003
08/03 09:55:35AM parser.py:31 [INFO] WORKERS=4
08/03 09:55:35AM parser.py:32 [INFO] 
08/03 09:55:37AM searchCell_trainer.py:120 [INFO] --> Loaded teacher model 'efficientnet_v2_s' from '/home/miura/lab/KD-hdas/results/teacher/cifar100/efficientnet_v2_s/FINETUNE2/pretrained-20240716-002108/best.pth.tar' and Freezed parameters)
08/03 09:55:39AM eval_util.py:125 [INFO] Test: Step 000/390 Prec@(1,5) (98.4%, 100.0%)
08/03 09:56:09AM eval_util.py:125 [INFO] Test: Step 390/390 Prec@(1,5) (97.0%, 99.6%)
08/03 09:56:09AM eval_util.py:130 [INFO] Teacher=(efficientnet_v2_s <- (/home/miura/lab/KD-hdas/results/teacher/cifar100/efficientnet_v2_s/FINETUNE2/pretrained-20240716-002108/best.pth.tar)) achives Test Prec(@1, @5) = (97.0400%, 99.5760%)
08/03 09:56:40AM searchCell_trainer.py:127 [INFO] --> No loaded checkpoint!
####### ALPHA #######
# Alpha - normal
tensor([[0.1249, 0.1252, 0.1250, 0.1250, 0.1250, 0.1250, 0.1247, 0.1251],
        [0.1250, 0.1250, 0.1251, 0.1251, 0.1251, 0.1251, 0.1248, 0.1248]],
       device='cuda:0', grad_fn=<SoftmaxBackward0>)
tensor([[0.1251, 0.1249, 0.1249, 0.1249, 0.1251, 0.1249, 0.1251, 0.1250],
        [0.1248, 0.1252, 0.1250, 0.1249, 0.1249, 0.1252, 0.1251, 0.1249],
        [0.1251, 0.1250, 0.1252, 0.1249, 0.1249, 0.1250, 0.1250, 0.1249]],
       device='cuda:0', grad_fn=<SoftmaxBackward0>)
tensor([[0.1248, 0.1251, 0.1250, 0.1251, 0.1249, 0.1248, 0.1250, 0.1252],
        [0.1250, 0.1248, 0.1249, 0.1252, 0.1250, 0.1250, 0.1250, 0.1251],
        [0.1249, 0.1251, 0.1250, 0.1253, 0.1248, 0.1248, 0.1251, 0.1250],
        [0.1250, 0.1250, 0.1249, 0.1252, 0.1251, 0.1250, 0.1249, 0.1250]],
       device='cuda:0', grad_fn=<SoftmaxBackward0>)
tensor([[0.1250, 0.1249, 0.1251, 0.1250, 0.1249, 0.1251, 0.1251, 0.1248],
        [0.1250, 0.1250, 0.1250, 0.1251, 0.1252, 0.1249, 0.1248, 0.1250],
        [0.1251, 0.1249, 0.1250, 0.1251, 0.1249, 0.1250, 0.1250, 0.1250],
        [0.1252, 0.1249, 0.1251, 0.1248, 0.1249, 0.1250, 0.1252, 0.1249],
        [0.1249, 0.1251, 0.1249, 0.1252, 0.1250, 0.1249, 0.1250, 0.1249]],
       device='cuda:0', grad_fn=<SoftmaxBackward0>)
tensor([[0.1252, 0.1248, 0.1249, 0.1250, 0.1252, 0.1252, 0.1249, 0.1248],
        [0.1251, 0.1249, 0.1251, 0.1251, 0.1251, 0.1249, 0.1249, 0.1249]],
       device='cuda:0', grad_fn=<SoftmaxBackward0>)
tensor([[0.1250, 0.1251, 0.1251, 0.1251, 0.1251, 0.1250, 0.1249, 0.1248],
        [0.1251, 0.1251, 0.1248, 0.1250, 0.1248, 0.1249, 0.1250, 0.1252],
        [0.1250, 0.1251, 0.1250, 0.1249, 0.1251, 0.1250, 0.1249, 0.1250]],
       device='cuda:0', grad_fn=<SoftmaxBackward0>)
tensor([[0.1251, 0.1250, 0.1249, 0.1248, 0.1250, 0.1252, 0.1250, 0.1250],
        [0.1248, 0.1250, 0.1249, 0.1251, 0.1252, 0.1250, 0.1250, 0.1249],
        [0.1249, 0.1250, 0.1250, 0.1253, 0.1247, 0.1250, 0.1250, 0.1249],
        [0.1248, 0.1251, 0.1248, 0.1251, 0.1251, 0.1250, 0.1250, 0.1251]],
       device='cuda:0', grad_fn=<SoftmaxBackward0>)
tensor([[0.1251, 0.1250, 0.1250, 0.1250, 0.1250, 0.1251, 0.1251, 0.1247],
        [0.1251, 0.1247, 0.1252, 0.1249, 0.1249, 0.1250, 0.1251, 0.1252],
        [0.1250, 0.1249, 0.1250, 0.1250, 0.1251, 0.1249, 0.1250, 0.1251],
        [0.1249, 0.1252, 0.1251, 0.1249, 0.1249, 0.1252, 0.1252, 0.1247],
        [0.1251, 0.1248, 0.1250, 0.1249, 0.1248, 0.1250, 0.1250, 0.1253]],
       device='cuda:0', grad_fn=<SoftmaxBackward0>)
tensor([[0.1249, 0.1249, 0.1249, 0.1252, 0.1250, 0.1251, 0.1247, 0.1252],
        [0.1251, 0.1248, 0.1249, 0.1252, 0.1249, 0.1250, 0.1250, 0.1250]],
       device='cuda:0', grad_fn=<SoftmaxBackward0>)
tensor([[0.1249, 0.1249, 0.1251, 0.1249, 0.1252, 0.1250, 0.1251, 0.1250],
        [0.1250, 0.1250, 0.1250, 0.1249, 0.1248, 0.1249, 0.1251, 0.1253],
        [0.1251, 0.1251, 0.1251, 0.1249, 0.1248, 0.1248, 0.1252, 0.1250]],
       device='cuda:0', grad_fn=<SoftmaxBackward0>)
tensor([[0.1250, 0.1248, 0.1250, 0.1249, 0.1250, 0.1251, 0.1252, 0.1250],
        [0.1249, 0.1250, 0.1250, 0.1252, 0.1248, 0.1251, 0.1249, 0.1251],
        [0.1251, 0.1250, 0.1251, 0.1250, 0.1250, 0.1250, 0.1249, 0.1250],
        [0.1251, 0.1251, 0.1250, 0.1250, 0.1249, 0.1248, 0.1249, 0.1253]],
       device='cuda:0', grad_fn=<SoftmaxBackward0>)
tensor([[0.1249, 0.1249, 0.1250, 0.1249, 0.1250, 0.1252, 0.1251, 0.1249],
        [0.1253, 0.1250, 0.1250, 0.1250, 0.1250, 0.1250, 0.1247, 0.1250],
        [0.1251, 0.1250, 0.1248, 0.1251, 0.1251, 0.1250, 0.1251, 0.1248],
        [0.1250, 0.1251, 0.1250, 0.1251, 0.1250, 0.1250, 0.1248, 0.1249],
        [0.1250, 0.1249, 0.1251, 0.1250, 0.1253, 0.1252, 0.1248, 0.1248]],
       device='cuda:0', grad_fn=<SoftmaxBackward0>)

# Alpha - reduce
tensor([[0.1251, 0.1251, 0.1249, 0.1250, 0.1251, 0.1251, 0.1248, 0.1250],
        [0.1249, 0.1250, 0.1251, 0.1251, 0.1250, 0.1251, 0.1250, 0.1247]],
       device='cuda:0', grad_fn=<SoftmaxBackward0>)
tensor([[0.1251, 0.1249, 0.1251, 0.1251, 0.1250, 0.1250, 0.1250, 0.1248],
        [0.1249, 0.1250, 0.1250, 0.1250, 0.1252, 0.1250, 0.1252, 0.1247],
        [0.1251, 0.1249, 0.1250, 0.1250, 0.1247, 0.1251, 0.1250, 0.1251]],
       device='cuda:0', grad_fn=<SoftmaxBackward0>)
tensor([[0.1250, 0.1250, 0.1251, 0.1250, 0.1249, 0.1251, 0.1248, 0.1250],
        [0.1250, 0.1252, 0.1250, 0.1251, 0.1249, 0.1248, 0.1250, 0.1250],
        [0.1251, 0.1251, 0.1250, 0.1249, 0.1249, 0.1250, 0.1251, 0.1249],
        [0.1251, 0.1251, 0.1249, 0.1248, 0.1247, 0.1253, 0.1251, 0.1250]],
       device='cuda:0', grad_fn=<SoftmaxBackward0>)
tensor([[0.1248, 0.1250, 0.1251, 0.1250, 0.1249, 0.1250, 0.1251, 0.1251],
        [0.1251, 0.1250, 0.1251, 0.1252, 0.1250, 0.1248, 0.1250, 0.1249],
        [0.1248, 0.1252, 0.1250, 0.1250, 0.1251, 0.1251, 0.1251, 0.1247],
        [0.1249, 0.1249, 0.1249, 0.1249, 0.1249, 0.1252, 0.1251, 0.1251],
        [0.1251, 0.1250, 0.1249, 0.1250, 0.1250, 0.1248, 0.1250, 0.1252]],
       device='cuda:0', grad_fn=<SoftmaxBackward0>)
tensor([[0.1251, 0.1250, 0.1249, 0.1252, 0.1249, 0.1249, 0.1248, 0.1251],
        [0.1249, 0.1250, 0.1250, 0.1250, 0.1249, 0.1249, 0.1252, 0.1250]],
       device='cuda:0', grad_fn=<SoftmaxBackward0>)
tensor([[0.1249, 0.1250, 0.1249, 0.1250, 0.1251, 0.1254, 0.1249, 0.1248],
        [0.1251, 0.1249, 0.1250, 0.1250, 0.1251, 0.1248, 0.1251, 0.1250],
        [0.1251, 0.1250, 0.1248, 0.1251, 0.1249, 0.1249, 0.1251, 0.1252]],
       device='cuda:0', grad_fn=<SoftmaxBackward0>)
tensor([[0.1249, 0.1251, 0.1248, 0.1251, 0.1251, 0.1250, 0.1250, 0.1250],
        [0.1250, 0.1251, 0.1250, 0.1251, 0.1250, 0.1250, 0.1249, 0.1248],
        [0.1250, 0.1248, 0.1249, 0.1250, 0.1250, 0.1250, 0.1252, 0.1252],
        [0.1250, 0.1250, 0.1250, 0.1251, 0.1250, 0.1250, 0.1250, 0.1249]],
       device='cuda:0', grad_fn=<SoftmaxBackward0>)
tensor([[0.1248, 0.1252, 0.1250, 0.1250, 0.1248, 0.1250, 0.1251, 0.1251],
        [0.1252, 0.1249, 0.1249, 0.1249, 0.1250, 0.1250, 0.1250, 0.1251],
        [0.1247, 0.1250, 0.1251, 0.1250, 0.1250, 0.1251, 0.1251, 0.1250],
        [0.1249, 0.1251, 0.1248, 0.1251, 0.1250, 0.1249, 0.1250, 0.1252],
        [0.1249, 0.1252, 0.1249, 0.1249, 0.1252, 0.1250, 0.1249, 0.1250]],
       device='cuda:0', grad_fn=<SoftmaxBackward0>)
#####################
08/03 09:57:23AM searchCell_trainer.py:218 [INFO] Train: Epoch: [0][50/390]	Step 50	lr 0.025	Loss 2.2248 (2.2727)	Hard Loss 4.4018 (4.4945)	Soft Loss 0.0005 (0.0005)	Arch Loss 2.1587 (2.2693)	Arch Hard Loss 4.2702 (4.4884)	Arch Soft Loss 0.0005 (0.0005)	Prec@(1,5) (2.8%, 12.7%)	
08/03 09:58:04AM searchCell_trainer.py:218 [INFO] Train: Epoch: [0][100/390]	Step 100	lr 0.025	Loss 2.0632 (2.1931)	Hard Loss 4.0746 (4.3364)	Soft Loss 0.0005 (0.0005)	Arch Loss 1.9761 (2.1977)	Arch Hard Loss 3.9052 (4.3461)	Arch Soft Loss 0.0005 (0.0005)	Prec@(1,5) (4.5%, 17.1%)	
08/03 09:58:44AM searchCell_trainer.py:218 [INFO] Train: Epoch: [0][150/390]	Step 150	lr 0.025	Loss 2.0466 (2.1395)	Hard Loss 4.0486 (4.2300)	Soft Loss 0.0004 (0.0005)	Arch Loss 1.8838 (2.1487)	Arch Hard Loss 3.7231 (4.2488)	Arch Soft Loss 0.0004 (0.0005)	Prec@(1,5) (5.7%, 20.5%)	
08/03 09:59:26AM searchCell_trainer.py:218 [INFO] Train: Epoch: [0][200/390]	Step 200	lr 0.025	Loss 1.9214 (2.1007)	Hard Loss 3.8003 (4.1525)	Soft Loss 0.0004 (0.0005)	Arch Loss 2.0467 (2.1019)	Arch Hard Loss 4.0485 (4.1558)	Arch Soft Loss 0.0004 (0.0005)	Prec@(1,5) (6.4%, 22.8%)	
08/03 10:00:10AM searchCell_trainer.py:218 [INFO] Train: Epoch: [0][250/390]	Step 250	lr 0.025	Loss 1.9738 (2.0697)	Hard Loss 3.9045 (4.0911)	Soft Loss 0.0004 (0.0005)	Arch Loss 1.8352 (2.0670)	Arch Hard Loss 3.6296 (4.0862)	Arch Soft Loss 0.0004 (0.0005)	Prec@(1,5) (7.0%, 24.6%)	
08/03 10:00:51AM searchCell_trainer.py:218 [INFO] Train: Epoch: [0][300/390]	Step 300	lr 0.025	Loss 1.9891 (2.0438)	Hard Loss 3.9304 (4.0394)	Soft Loss 0.0005 (0.0005)	Arch Loss 1.7927 (2.0386)	Arch Hard Loss 3.5373 (4.0299)	Arch Soft Loss 0.0005 (0.0005)	Prec@(1,5) (7.7%, 26.2%)	
08/03 10:01:31AM searchCell_trainer.py:218 [INFO] Train: Epoch: [0][350/390]	Step 350	lr 0.025	Loss 2.0462 (2.0175)	Hard Loss 4.0496 (3.9870)	Soft Loss 0.0004 (0.0005)	Arch Loss 1.8460 (2.0129)	Arch Hard Loss 3.6450 (3.9786)	Arch Soft Loss 0.0005 (0.0005)	Prec@(1,5) (8.4%, 27.8%)	
08/03 10:02:03AM searchCell_trainer.py:218 [INFO] Train: Epoch: [0][390/390]	Step 390	lr 0.025	Loss 1.8820 (2.0004)	Hard Loss 3.7145 (3.9530)	Soft Loss 0.0005 (0.0005)	Arch Loss 1.8707 (1.9933)	Arch Hard Loss 3.7010 (3.9398)	Arch Soft Loss 0.0004 (0.0005)	Prec@(1,5) (8.9%, 28.8%)	
08/03 10:02:05AM searchCell_trainer.py:233 [INFO] Train: [  0/49] Final Prec@1 8.8880%
08/03 10:02:12AM searchCell_trainer.py:261 [INFO] Valid: Epoch: [0][50/391]	Step 391	Loss 3.6194	Prec@(1,5) (13.5%, 39.0%)
08/03 10:02:18AM searchCell_trainer.py:261 [INFO] Valid: Epoch: [0][100/391]	Step 391	Loss 3.6008	Prec@(1,5) (13.8%, 39.2%)
08/03 10:02:24AM searchCell_trainer.py:261 [INFO] Valid: Epoch: [0][150/391]	Step 391	Loss 3.5839	Prec@(1,5) (14.0%, 39.6%)
08/03 10:02:31AM searchCell_trainer.py:261 [INFO] Valid: Epoch: [0][200/391]	Step 391	Loss 3.5757	Prec@(1,5) (14.1%, 40.0%)
08/03 10:02:37AM searchCell_trainer.py:261 [INFO] Valid: Epoch: [0][250/391]	Step 391	Loss 3.5838	Prec@(1,5) (14.0%, 39.8%)
08/03 10:02:43AM searchCell_trainer.py:261 [INFO] Valid: Epoch: [0][300/391]	Step 391	Loss 3.5845	Prec@(1,5) (14.1%, 39.6%)
08/03 10:02:50AM searchCell_trainer.py:261 [INFO] Valid: Epoch: [0][350/391]	Step 391	Loss 3.5849	Prec@(1,5) (14.2%, 39.7%)
08/03 10:02:55AM searchCell_trainer.py:261 [INFO] Valid: Epoch: [0][390/391]	Step 391	Loss 3.5852	Prec@(1,5) (14.1%, 39.6%)
08/03 10:02:55AM searchCell_trainer.py:268 [INFO] Valid: [  0/49] Final Prec@1 14.1360%
08/03 10:02:55AM searchCell_KD_main.py:58 [INFO] genotype = Genotype3(normal1=[[('max_pool_3x3', 0), ('dil_conv_3x3', 1)], [('dil_conv_5x5', 1), ('sep_conv_3x3', 2)], [('dil_conv_5x5', 3), ('max_pool_3x3', 0)], [('max_pool_3x3', 0), ('dil_conv_5x5', 3)]], normal1_concat=range(2, 6), reduce1=[[('dil_conv_5x5', 0), ('dil_conv_3x3', 1)], [('max_pool_3x3', 1), ('max_pool_3x3', 0)], [('max_pool_3x3', 0), ('dil_conv_3x3', 3)], [('dil_conv_5x5', 3), ('dil_conv_5x5', 4)]], reduce1_concat=range(2, 6), normal2=[[('max_pool_3x3', 0), ('dil_conv_5x5', 1)], [('max_pool_3x3', 0), ('sep_conv_5x5', 2)], [('max_pool_3x3', 0), ('dil_conv_5x5', 1)], [('max_pool_3x3', 0), ('sep_conv_5x5', 2)]], normal2_concat=range(2, 6), reduce2=[[('dil_conv_5x5', 1), ('max_pool_3x3', 0)], [('sep_conv_5x5', 1), ('max_pool_3x3', 0)], [('sep_conv_5x5', 1), ('dil_conv_3x3', 3)], [('skip_connect', 1), ('sep_conv_5x5', 3)]], reduce2_concat=range(2, 6), normal3=[[('sep_conv_3x3', 1), ('max_pool_3x3', 0)], [('sep_conv_5x5', 2), ('dil_conv_5x5', 0)], [('sep_conv_3x3', 1), ('dil_conv_3x3', 0)], [('dil_conv_5x5', 0), ('sep_conv_5x5', 1)]], normal3_concat=range(2, 6))
08/03 10:02:56AM searchCell_KD_main.py:92 [INFO] Until now, best Prec@1 = 14.1360%
####### ALPHA #######
# Alpha - normal
tensor([[0.1275, 0.1217, 0.1241, 0.1265, 0.1248, 0.1260, 0.1251, 0.1243],
        [0.1257, 0.1212, 0.1235, 0.1255, 0.1264, 0.1267, 0.1250, 0.1260]],
       device='cuda:0', grad_fn=<SoftmaxBackward0>)
tensor([[0.1273, 0.1213, 0.1240, 0.1245, 0.1273, 0.1248, 0.1270, 0.1238],
        [0.1236, 0.1206, 0.1221, 0.1272, 0.1263, 0.1252, 0.1276, 0.1273],
        [0.1244, 0.1208, 0.1235, 0.1276, 0.1253, 0.1262, 0.1257, 0.1265]],
       device='cuda:0', grad_fn=<SoftmaxBackward0>)
tensor([[0.1265, 0.1231, 0.1251, 0.1253, 0.1258, 0.1245, 0.1256, 0.1242],
        [0.1246, 0.1221, 0.1243, 0.1264, 0.1259, 0.1254, 0.1249, 0.1263],
        [0.1255, 0.1236, 0.1244, 0.1264, 0.1247, 0.1257, 0.1262, 0.1235],
        [0.1251, 0.1235, 0.1249, 0.1250, 0.1247, 0.1258, 0.1265, 0.1245]],
       device='cuda:0', grad_fn=<SoftmaxBackward0>)
tensor([[0.1275, 0.1221, 0.1237, 0.1261, 0.1257, 0.1272, 0.1249, 0.1229],
        [0.1247, 0.1219, 0.1233, 0.1250, 0.1263, 0.1259, 0.1264, 0.1266],
        [0.1269, 0.1236, 0.1246, 0.1244, 0.1258, 0.1251, 0.1248, 0.1250],
        [0.1262, 0.1240, 0.1245, 0.1243, 0.1258, 0.1235, 0.1272, 0.1245],
        [0.1259, 0.1242, 0.1249, 0.1261, 0.1241, 0.1254, 0.1238, 0.1257]],
       device='cuda:0', grad_fn=<SoftmaxBackward0>)
tensor([[0.1292, 0.1249, 0.1267, 0.1234, 0.1229, 0.1246, 0.1264, 0.1220],
        [0.1244, 0.1217, 0.1232, 0.1250, 0.1257, 0.1234, 0.1278, 0.1288]],
       device='cuda:0', grad_fn=<SoftmaxBackward0>)
tensor([[0.1289, 0.1252, 0.1266, 0.1243, 0.1244, 0.1232, 0.1244, 0.1229],
        [0.1244, 0.1223, 0.1231, 0.1256, 0.1249, 0.1260, 0.1265, 0.1272],
        [0.1240, 0.1227, 0.1234, 0.1247, 0.1282, 0.1263, 0.1262, 0.1245]],
       device='cuda:0', grad_fn=<SoftmaxBackward0>)
tensor([[0.1274, 0.1245, 0.1257, 0.1251, 0.1235, 0.1242, 0.1261, 0.1234],
        [0.1237, 0.1220, 0.1228, 0.1260, 0.1261, 0.1250, 0.1273, 0.1271],
        [0.1242, 0.1233, 0.1241, 0.1250, 0.1259, 0.1259, 0.1260, 0.1256],
        [0.1240, 0.1235, 0.1236, 0.1251, 0.1259, 0.1265, 0.1260, 0.1255]],
       device='cuda:0', grad_fn=<SoftmaxBackward0>)
tensor([[0.1281, 0.1246, 0.1256, 0.1257, 0.1240, 0.1253, 0.1247, 0.1220],
        [0.1251, 0.1224, 0.1238, 0.1247, 0.1256, 0.1247, 0.1265, 0.1272],
        [0.1251, 0.1237, 0.1239, 0.1262, 0.1270, 0.1260, 0.1242, 0.1238],
        [0.1257, 0.1252, 0.1252, 0.1251, 0.1251, 0.1243, 0.1262, 0.1231],
        [0.1263, 0.1251, 0.1261, 0.1241, 0.1234, 0.1252, 0.1240, 0.1258]],
       device='cuda:0', grad_fn=<SoftmaxBackward0>)
tensor([[0.1267, 0.1233, 0.1238, 0.1262, 0.1253, 0.1254, 0.1245, 0.1247],
        [0.1226, 0.1214, 0.1217, 0.1270, 0.1264, 0.1264, 0.1265, 0.1281]],
       device='cuda:0', grad_fn=<SoftmaxBackward0>)
tensor([[0.1243, 0.1225, 0.1228, 0.1258, 0.1261, 0.1237, 0.1280, 0.1268],
        [0.1213, 0.1209, 0.1209, 0.1266, 0.1265, 0.1277, 0.1276, 0.1286],
        [0.1225, 0.1216, 0.1213, 0.1257, 0.1279, 0.1267, 0.1263, 0.1281]],
       device='cuda:0', grad_fn=<SoftmaxBackward0>)
tensor([[0.1229, 0.1210, 0.1213, 0.1268, 0.1269, 0.1275, 0.1264, 0.1272],
        [0.1217, 0.1212, 0.1212, 0.1278, 0.1266, 0.1262, 0.1267, 0.1286],
        [0.1226, 0.1216, 0.1210, 0.1262, 0.1273, 0.1266, 0.1275, 0.1273],
        [0.1229, 0.1220, 0.1215, 0.1263, 0.1267, 0.1263, 0.1264, 0.1279]],
       device='cuda:0', grad_fn=<SoftmaxBackward0>)
tensor([[0.1226, 0.1212, 0.1213, 0.1252, 0.1277, 0.1269, 0.1280, 0.1270],
        [0.1227, 0.1218, 0.1217, 0.1254, 0.1278, 0.1264, 0.1271, 0.1272],
        [0.1230, 0.1219, 0.1214, 0.1274, 0.1255, 0.1278, 0.1264, 0.1266],
        [0.1227, 0.1220, 0.1215, 0.1277, 0.1275, 0.1249, 0.1268, 0.1269],
        [0.1230, 0.1220, 0.1220, 0.1260, 0.1273, 0.1266, 0.1263, 0.1269]],
       device='cuda:0', grad_fn=<SoftmaxBackward0>)

# Alpha - reduce
tensor([[0.1276, 0.1243, 0.1251, 0.1241, 0.1251, 0.1229, 0.1278, 0.1230],
        [0.1261, 0.1235, 0.1245, 0.1243, 0.1223, 0.1266, 0.1258, 0.1270]],
       device='cuda:0', grad_fn=<SoftmaxBackward0>)
tensor([[0.1271, 0.1234, 0.1259, 0.1236, 0.1243, 0.1250, 0.1266, 0.1241],
        [0.1273, 0.1242, 0.1243, 0.1257, 0.1250, 0.1242, 0.1251, 0.1243],
        [0.1262, 0.1222, 0.1233, 0.1237, 0.1262, 0.1273, 0.1274, 0.1236]],
       device='cuda:0', grad_fn=<SoftmaxBackward0>)
tensor([[0.1274, 0.1248, 0.1230, 0.1257, 0.1255, 0.1250, 0.1242, 0.1245],
        [0.1254, 0.1234, 0.1235, 0.1260, 0.1265, 0.1239, 0.1253, 0.1260],
        [0.1242, 0.1220, 0.1243, 0.1264, 0.1257, 0.1261, 0.1249, 0.1264],
        [0.1237, 0.1236, 0.1246, 0.1263, 0.1240, 0.1272, 0.1267, 0.1240]],
       device='cuda:0', grad_fn=<SoftmaxBackward0>)
tensor([[0.1257, 0.1240, 0.1266, 0.1246, 0.1259, 0.1227, 0.1244, 0.1260],
        [0.1246, 0.1229, 0.1266, 0.1242, 0.1256, 0.1245, 0.1259, 0.1258],
        [0.1248, 0.1220, 0.1234, 0.1267, 0.1258, 0.1255, 0.1271, 0.1248],
        [0.1228, 0.1213, 0.1231, 0.1249, 0.1271, 0.1261, 0.1291, 0.1257],
        [0.1239, 0.1226, 0.1238, 0.1238, 0.1258, 0.1257, 0.1274, 0.1271]],
       device='cuda:0', grad_fn=<SoftmaxBackward0>)
tensor([[0.1273, 0.1253, 0.1260, 0.1256, 0.1238, 0.1251, 0.1246, 0.1223],
        [0.1216, 0.1213, 0.1259, 0.1262, 0.1250, 0.1240, 0.1276, 0.1285]],
       device='cuda:0', grad_fn=<SoftmaxBackward0>)
tensor([[0.1279, 0.1263, 0.1263, 0.1241, 0.1242, 0.1260, 0.1235, 0.1217],
        [0.1217, 0.1214, 0.1246, 0.1260, 0.1275, 0.1257, 0.1251, 0.1280],
        [0.1261, 0.1238, 0.1250, 0.1240, 0.1242, 0.1249, 0.1273, 0.1247]],
       device='cuda:0', grad_fn=<SoftmaxBackward0>)
tensor([[0.1266, 0.1248, 0.1230, 0.1253, 0.1242, 0.1263, 0.1264, 0.1233],
        [0.1231, 0.1224, 0.1235, 0.1267, 0.1277, 0.1258, 0.1242, 0.1267],
        [0.1263, 0.1229, 0.1237, 0.1253, 0.1255, 0.1254, 0.1268, 0.1241],
        [0.1265, 0.1235, 0.1248, 0.1228, 0.1246, 0.1267, 0.1266, 0.1244]],
       device='cuda:0', grad_fn=<SoftmaxBackward0>)
tensor([[0.1267, 0.1256, 0.1250, 0.1247, 0.1241, 0.1246, 0.1253, 0.1238],
        [0.1215, 0.1206, 0.1275, 0.1238, 0.1254, 0.1262, 0.1266, 0.1285],
        [0.1250, 0.1218, 0.1234, 0.1261, 0.1271, 0.1256, 0.1261, 0.1250],
        [0.1247, 0.1218, 0.1227, 0.1240, 0.1280, 0.1278, 0.1266, 0.1244],
        [0.1250, 0.1222, 0.1230, 0.1250, 0.1273, 0.1243, 0.1277, 0.1255]],
       device='cuda:0', grad_fn=<SoftmaxBackward0>)
#####################
08/03 10:03:38午前 searchCell_trainer.py:218 [INFO] Train: Epoch: [1][50/390]	Step 441	lr 0.02498	Loss 1.8224 (1.7894)	Hard Loss 3.5989 (3.5340)	Soft Loss 0.0005 (0.0004)	Arch Loss 1.8902 (1.8093)	Arch Hard Loss 3.7372 (3.5745)	Arch Soft Loss 0.0004 (0.0004)	Prec@(1,5) (14.7%, 41.5%)	
08/03 10:04:19午前 searchCell_trainer.py:218 [INFO] Train: Epoch: [1][100/390]	Step 491	lr 0.02498	Loss 1.9507 (1.7847)	Hard Loss 3.8568 (3.5241)	Soft Loss 0.0004 (0.0005)	Arch Loss 1.9224 (1.8182)	Arch Hard Loss 3.7983 (3.5918)	Arch Soft Loss 0.0005 (0.0004)	Prec@(1,5) (15.3%, 42.2%)	
08/03 10:04:59午前 searchCell_trainer.py:218 [INFO] Train: Epoch: [1][150/390]	Step 541	lr 0.02498	Loss 1.7961 (1.7736)	Hard Loss 3.5467 (3.5019)	Soft Loss 0.0005 (0.0005)	Arch Loss 1.6999 (1.7937)	Arch Hard Loss 3.3561 (3.5427)	Arch Soft Loss 0.0004 (0.0004)	Prec@(1,5) (15.8%, 42.4%)	
08/03 10:05:41午前 searchCell_trainer.py:218 [INFO] Train: Epoch: [1][200/390]	Step 591	lr 0.02498	Loss 1.7078 (1.7639)	Hard Loss 3.3670 (3.4826)	Soft Loss 0.0005 (0.0005)	Arch Loss 1.7529 (1.7766)	Arch Hard Loss 3.4621 (3.5086)	Arch Soft Loss 0.0004 (0.0004)	Prec@(1,5) (16.0%, 43.1%)	
08/03 10:06:22午前 searchCell_trainer.py:218 [INFO] Train: Epoch: [1][250/390]	Step 641	lr 0.02498	Loss 1.6563 (1.7545)	Hard Loss 3.2702 (3.4637)	Soft Loss 0.0004 (0.0005)	Arch Loss 1.6502 (1.7600)	Arch Hard Loss 3.2523 (3.4752)	Arch Soft Loss 0.0005 (0.0004)	Prec@(1,5) (16.5%, 43.5%)	
08/03 10:07:03午前 searchCell_trainer.py:218 [INFO] Train: Epoch: [1][300/390]	Step 691	lr 0.02498	Loss 1.7699 (1.7460)	Hard Loss 3.4902 (3.4468)	Soft Loss 0.0005 (0.0005)	Arch Loss 1.4590 (1.7473)	Arch Hard Loss 2.8723 (3.4499)	Arch Soft Loss 0.0005 (0.0004)	Prec@(1,5) (16.9%, 43.8%)	
08/03 10:07:43午前 searchCell_trainer.py:218 [INFO] Train: Epoch: [1][350/390]	Step 741	lr 0.02498	Loss 1.7116 (1.7328)	Hard Loss 3.3777 (3.4202)	Soft Loss 0.0005 (0.0005)	Arch Loss 1.7578 (1.7362)	Arch Hard Loss 3.4713 (3.4277)	Arch Soft Loss 0.0004 (0.0004)	Prec@(1,5) (17.4%, 44.5%)	
08/03 10:08:16午前 searchCell_trainer.py:218 [INFO] Train: Epoch: [1][390/390]	Step 781	lr 0.02498	Loss 1.5354 (1.7249)	Hard Loss 3.0257 (3.4045)	Soft Loss 0.0005 (0.0005)	Arch Loss 1.7157 (1.7275)	Arch Hard Loss 3.3884 (3.4104)	Arch Soft Loss 0.0004 (0.0004)	Prec@(1,5) (17.7%, 45.0%)	
08/03 10:08:17午前 searchCell_trainer.py:233 [INFO] Train: [  1/49] Final Prec@1 17.6680%
08/03 10:08:24午前 searchCell_trainer.py:261 [INFO] Valid: Epoch: [1][50/391]	Step 782	Loss 3.2906	Prec@(1,5) (20.9%, 48.5%)
08/03 10:08:31午前 searchCell_trainer.py:261 [INFO] Valid: Epoch: [1][100/391]	Step 782	Loss 3.2856	Prec@(1,5) (20.5%, 48.2%)
08/03 10:08:37午前 searchCell_trainer.py:261 [INFO] Valid: Epoch: [1][150/391]	Step 782	Loss 3.2759	Prec@(1,5) (20.5%, 48.8%)
08/03 10:08:44午前 searchCell_trainer.py:261 [INFO] Valid: Epoch: [1][200/391]	Step 782	Loss 3.2729	Prec@(1,5) (20.4%, 49.1%)
08/03 10:08:50午前 searchCell_trainer.py:261 [INFO] Valid: Epoch: [1][250/391]	Step 782	Loss 3.2617	Prec@(1,5) (20.9%, 49.2%)
08/03 10:08:57午前 searchCell_trainer.py:261 [INFO] Valid: Epoch: [1][300/391]	Step 782	Loss 3.2610	Prec@(1,5) (20.9%, 49.4%)
08/03 10:09:03午前 searchCell_trainer.py:261 [INFO] Valid: Epoch: [1][350/391]	Step 782	Loss 3.2687	Prec@(1,5) (20.8%, 49.1%)
08/03 10:09:08午前 searchCell_trainer.py:261 [INFO] Valid: Epoch: [1][390/391]	Step 782	Loss 3.2655	Prec@(1,5) (20.8%, 49.3%)
08/03 10:09:08午前 searchCell_trainer.py:268 [INFO] Valid: [  1/49] Final Prec@1 20.7960%
08/03 10:09:08午前 searchCell_KD_main.py:58 [INFO] genotype = Genotype3(normal1=[[('dil_conv_5x5', 0), ('dil_conv_3x3', 1)], [('sep_conv_5x5', 0), ('dil_conv_5x5', 1)], [('max_pool_3x3', 0), ('dil_conv_3x3', 1)], [('dil_conv_5x5', 1), ('dil_conv_3x3', 4)]], normal1_concat=range(2, 6), reduce1=[[('dil_conv_5x5', 0), ('dil_conv_3x3', 1)], [('dil_conv_5x5', 2), ('dil_conv_5x5', 0)], [('max_pool_3x3', 0), ('sep_conv_5x5', 1)], [('dil_conv_5x5', 3), ('skip_connect', 1)]], reduce1_concat=range(2, 6), normal2=[[('dil_conv_5x5', 1), ('max_pool_3x3', 0)], [('sep_conv_5x5', 2), ('max_pool_3x3', 0)], [('max_pool_3x3', 0), ('dil_conv_5x5', 1)], [('max_pool_3x3', 0), ('max_pool_3x3', 4)]], normal2_concat=range(2, 6), reduce2=[[('dil_conv_5x5', 1), ('max_pool_3x3', 0)], [('dil_conv_5x5', 2), ('dil_conv_3x3', 1)], [('dil_conv_3x3', 1), ('dil_conv_5x5', 2)], [('sep_conv_5x5', 3), ('skip_connect', 1)]], reduce2_concat=range(2, 6), normal3=[[('max_pool_3x3', 0), ('sep_conv_3x3', 1)], [('dil_conv_5x5', 1), ('max_pool_3x3', 0)], [('sep_conv_3x3', 1), ('dil_conv_5x5', 2)], [('dil_conv_5x5', 1), ('sep_conv_5x5', 3)]], normal3_concat=range(2, 6))
08/03 10:09:09午前 searchCell_KD_main.py:92 [INFO] Until now, best Prec@1 = 20.7960%
####### ALPHA #######
# Alpha - normal
tensor([[0.1279, 0.1186, 0.1232, 0.1262, 0.1240, 0.1264, 0.1292, 0.1246],
        [0.1248, 0.1182, 0.1221, 0.1255, 0.1276, 0.1290, 0.1265, 0.1263]],
       device='cuda:0', grad_fn=<SoftmaxBackward0>)
tensor([[0.1273, 0.1179, 0.1226, 0.1252, 0.1306, 0.1238, 0.1298, 0.1228],
        [0.1229, 0.1179, 0.1212, 0.1271, 0.1268, 0.1262, 0.1297, 0.1282],
        [0.1236, 0.1182, 0.1223, 0.1272, 0.1270, 0.1283, 0.1281, 0.1254]],
       device='cuda:0', grad_fn=<SoftmaxBackward0>)
tensor([[0.1292, 0.1225, 0.1267, 0.1239, 0.1269, 0.1210, 0.1257, 0.1242],
        [0.1244, 0.1203, 0.1237, 0.1265, 0.1258, 0.1279, 0.1258, 0.1255],
        [0.1252, 0.1220, 0.1246, 0.1266, 0.1244, 0.1274, 0.1267, 0.1231],
        [0.1251, 0.1223, 0.1258, 0.1242, 0.1250, 0.1263, 0.1278, 0.1235]],
       device='cuda:0', grad_fn=<SoftmaxBackward0>)
tensor([[0.1281, 0.1194, 0.1227, 0.1267, 0.1261, 0.1277, 0.1262, 0.1231],
        [0.1244, 0.1190, 0.1219, 0.1240, 0.1261, 0.1271, 0.1299, 0.1278],
        [0.1275, 0.1219, 0.1243, 0.1224, 0.1258, 0.1249, 0.1276, 0.1256],
        [0.1263, 0.1225, 0.1249, 0.1237, 0.1264, 0.1219, 0.1281, 0.1261],
        [0.1244, 0.1210, 0.1232, 0.1269, 0.1247, 0.1287, 0.1238, 0.1273]],
       device='cuda:0', grad_fn=<SoftmaxBackward0>)
tensor([[0.1310, 0.1232, 0.1266, 0.1247, 0.1238, 0.1234, 0.1275, 0.1197],
        [0.1227, 0.1163, 0.1193, 0.1249, 0.1293, 0.1243, 0.1321, 0.1310]],
       device='cuda:0', grad_fn=<SoftmaxBackward0>)
tensor([[0.1312, 0.1246, 0.1275, 0.1240, 0.1253, 0.1207, 0.1252, 0.1216],
        [0.1219, 0.1182, 0.1207, 0.1281, 0.1249, 0.1274, 0.1284, 0.1304],
        [0.1223, 0.1203, 0.1223, 0.1236, 0.1322, 0.1263, 0.1287, 0.1241]],
       device='cuda:0', grad_fn=<SoftmaxBackward0>)
tensor([[0.1291, 0.1235, 0.1259, 0.1250, 0.1244, 0.1252, 0.1263, 0.1207],
        [0.1217, 0.1174, 0.1198, 0.1263, 0.1285, 0.1282, 0.1288, 0.1293],
        [0.1228, 0.1202, 0.1230, 0.1274, 0.1261, 0.1279, 0.1266, 0.1259],
        [0.1223, 0.1201, 0.1219, 0.1263, 0.1276, 0.1287, 0.1265, 0.1267]],
       device='cuda:0', grad_fn=<SoftmaxBackward0>)
tensor([[0.1312, 0.1233, 0.1257, 0.1261, 0.1236, 0.1253, 0.1238, 0.1210],
        [0.1247, 0.1189, 0.1219, 0.1260, 0.1274, 0.1246, 0.1273, 0.1293],
        [0.1257, 0.1228, 0.1247, 0.1258, 0.1262, 0.1267, 0.1239, 0.1242],
        [0.1250, 0.1230, 0.1246, 0.1249, 0.1271, 0.1264, 0.1254, 0.1237],
        [0.1273, 0.1241, 0.1266, 0.1250, 0.1233, 0.1248, 0.1235, 0.1255]],
       device='cuda:0', grad_fn=<SoftmaxBackward0>)
tensor([[0.1324, 0.1242, 0.1250, 0.1249, 0.1255, 0.1223, 0.1242, 0.1214],
        [0.1203, 0.1173, 0.1178, 0.1294, 0.1264, 0.1278, 0.1286, 0.1324]],
       device='cuda:0', grad_fn=<SoftmaxBackward0>)
tensor([[0.1291, 0.1238, 0.1242, 0.1258, 0.1248, 0.1201, 0.1286, 0.1237],
        [0.1192, 0.1174, 0.1176, 0.1269, 0.1289, 0.1289, 0.1301, 0.1309],
        [0.1239, 0.1214, 0.1208, 0.1258, 0.1275, 0.1276, 0.1253, 0.1276]],
       device='cuda:0', grad_fn=<SoftmaxBackward0>)
tensor([[0.1259, 0.1211, 0.1213, 0.1276, 0.1255, 0.1277, 0.1262, 0.1249],
        [0.1202, 0.1184, 0.1185, 0.1296, 0.1278, 0.1281, 0.1275, 0.1298],
        [0.1233, 0.1210, 0.1196, 0.1270, 0.1267, 0.1277, 0.1281, 0.1266],
        [0.1235, 0.1211, 0.1203, 0.1267, 0.1277, 0.1262, 0.1273, 0.1272]],
       device='cuda:0', grad_fn=<SoftmaxBackward0>)
tensor([[0.1253, 0.1211, 0.1213, 0.1243, 0.1270, 0.1263, 0.1284, 0.1263],
        [0.1213, 0.1187, 0.1187, 0.1261, 0.1295, 0.1284, 0.1296, 0.1278],
        [0.1241, 0.1216, 0.1199, 0.1293, 0.1249, 0.1276, 0.1271, 0.1255],
        [0.1235, 0.1213, 0.1204, 0.1275, 0.1297, 0.1248, 0.1266, 0.1262],
        [0.1246, 0.1219, 0.1218, 0.1260, 0.1268, 0.1277, 0.1255, 0.1257]],
       device='cuda:0', grad_fn=<SoftmaxBackward0>)

# Alpha - reduce
tensor([[0.1284, 0.1239, 0.1233, 0.1222, 0.1245, 0.1218, 0.1328, 0.1231],
        [0.1247, 0.1206, 0.1254, 0.1234, 0.1248, 0.1276, 0.1262, 0.1272]],
       device='cuda:0', grad_fn=<SoftmaxBackward0>)
tensor([[0.1282, 0.1230, 0.1243, 0.1225, 0.1271, 0.1240, 0.1287, 0.1222],
        [0.1273, 0.1220, 0.1237, 0.1258, 0.1283, 0.1216, 0.1259, 0.1255],
        [0.1263, 0.1204, 0.1236, 0.1229, 0.1274, 0.1265, 0.1294, 0.1236]],
       device='cuda:0', grad_fn=<SoftmaxBackward0>)
tensor([[0.1297, 0.1258, 0.1234, 0.1243, 0.1256, 0.1262, 0.1224, 0.1227],
        [0.1236, 0.1206, 0.1228, 0.1264, 0.1284, 0.1245, 0.1272, 0.1266],
        [0.1231, 0.1204, 0.1245, 0.1258, 0.1270, 0.1258, 0.1269, 0.1265],
        [0.1213, 0.1215, 0.1234, 0.1281, 0.1253, 0.1288, 0.1287, 0.1229]],
       device='cuda:0', grad_fn=<SoftmaxBackward0>)
tensor([[0.1271, 0.1240, 0.1257, 0.1247, 0.1251, 0.1227, 0.1244, 0.1263],
        [0.1244, 0.1209, 0.1288, 0.1241, 0.1240, 0.1256, 0.1250, 0.1271],
        [0.1235, 0.1185, 0.1228, 0.1276, 0.1273, 0.1268, 0.1274, 0.1261],
        [0.1201, 0.1171, 0.1207, 0.1256, 0.1279, 0.1289, 0.1336, 0.1261],
        [0.1219, 0.1202, 0.1234, 0.1229, 0.1276, 0.1263, 0.1288, 0.1289]],
       device='cuda:0', grad_fn=<SoftmaxBackward0>)
tensor([[0.1285, 0.1232, 0.1255, 0.1259, 0.1271, 0.1237, 0.1252, 0.1209],
        [0.1221, 0.1192, 0.1234, 0.1251, 0.1260, 0.1229, 0.1310, 0.1303]],
       device='cuda:0', grad_fn=<SoftmaxBackward0>)
tensor([[0.1293, 0.1246, 0.1267, 0.1242, 0.1257, 0.1254, 0.1236, 0.1204],
        [0.1205, 0.1180, 0.1222, 0.1261, 0.1279, 0.1287, 0.1264, 0.1302],
        [0.1278, 0.1177, 0.1226, 0.1240, 0.1271, 0.1254, 0.1301, 0.1253]],
       device='cuda:0', grad_fn=<SoftmaxBackward0>)
tensor([[0.1264, 0.1221, 0.1219, 0.1250, 0.1257, 0.1283, 0.1270, 0.1237],
        [0.1220, 0.1191, 0.1233, 0.1275, 0.1289, 0.1295, 0.1239, 0.1257],
        [0.1277, 0.1177, 0.1212, 0.1246, 0.1276, 0.1270, 0.1293, 0.1250],
        [0.1274, 0.1193, 0.1226, 0.1231, 0.1265, 0.1284, 0.1283, 0.1246]],
       device='cuda:0', grad_fn=<SoftmaxBackward0>)
tensor([[0.1266, 0.1225, 0.1241, 0.1272, 0.1244, 0.1261, 0.1265, 0.1227],
        [0.1201, 0.1172, 0.1293, 0.1233, 0.1245, 0.1275, 0.1274, 0.1308],
        [0.1268, 0.1162, 0.1199, 0.1282, 0.1298, 0.1264, 0.1277, 0.1250],
        [0.1264, 0.1176, 0.1200, 0.1235, 0.1325, 0.1290, 0.1276, 0.1234],
        [0.1272, 0.1178, 0.1212, 0.1241, 0.1287, 0.1251, 0.1297, 0.1260]],
       device='cuda:0', grad_fn=<SoftmaxBackward0>)
#####################
08/03 10:09:52午前 searchCell_trainer.py:218 [INFO] Train: Epoch: [2][50/390]	Step 832	lr 0.02491	Loss 1.6301 (1.6176)	Hard Loss 3.2134 (3.1906)	Soft Loss 0.0005 (0.0004)	Arch Loss 1.7119 (1.6524)	Arch Hard Loss 3.3782 (3.2611)	Arch Soft Loss 0.0005 (0.0004)	Prec@(1,5) (22.2%, 50.7%)	
08/03 10:10:33午前 searchCell_trainer.py:218 [INFO] Train: Epoch: [2][100/390]	Step 882	lr 0.02491	Loss 1.7708 (1.5931)	Hard Loss 3.4976 (3.1417)	Soft Loss 0.0004 (0.0004)	Arch Loss 1.7524 (1.6335)	Arch Hard Loss 3.4624 (3.2229)	Arch Soft Loss 0.0004 (0.0004)	Prec@(1,5) (22.6%, 52.4%)	
08/03 10:11:15午前 searchCell_trainer.py:218 [INFO] Train: Epoch: [2][150/390]	Step 932	lr 0.02491	Loss 1.8940 (1.5991)	Hard Loss 3.7442 (3.1537)	Soft Loss 0.0004 (0.0004)	Arch Loss 1.5391 (1.6236)	Arch Hard Loss 3.0313 (3.2030)	Arch Soft Loss 0.0005 (0.0004)	Prec@(1,5) (22.5%, 51.8%)	
08/03 10:11:56午前 searchCell_trainer.py:218 [INFO] Train: Epoch: [2][200/390]	Step 982	lr 0.02491	Loss 1.5880 (1.5918)	Hard Loss 3.1311 (3.1390)	Soft Loss 0.0004 (0.0004)	Arch Loss 1.6714 (1.6138)	Arch Hard Loss 3.2968 (3.1833)	Arch Soft Loss 0.0005 (0.0004)	Prec@(1,5) (22.6%, 52.3%)	
08/03 10:12:37午前 searchCell_trainer.py:218 [INFO] Train: Epoch: [2][250/390]	Step 1032	lr 0.02491	Loss 1.4426 (1.5874)	Hard Loss 2.8413 (3.1301)	Soft Loss 0.0004 (0.0004)	Arch Loss 1.6987 (1.6065)	Arch Hard Loss 3.3518 (3.1689)	Arch Soft Loss 0.0005 (0.0004)	Prec@(1,5) (22.8%, 52.6%)	
08/03 10:13:18午前 searchCell_trainer.py:218 [INFO] Train: Epoch: [2][300/390]	Step 1082	lr 0.02491	Loss 1.3884 (1.5799)	Hard Loss 2.7322 (3.1152)	Soft Loss 0.0004 (0.0004)	Arch Loss 1.5554 (1.6019)	Arch Hard Loss 3.0698 (3.1599)	Arch Soft Loss 0.0004 (0.0004)	Prec@(1,5) (23.1%, 53.0%)	
08/03 10:13:59午前 searchCell_trainer.py:218 [INFO] Train: Epoch: [2][350/390]	Step 1132	lr 0.02491	Loss 1.4932 (1.5785)	Hard Loss 2.9431 (3.1124)	Soft Loss 0.0004 (0.0004)	Arch Loss 1.4556 (1.5940)	Arch Hard Loss 2.8682 (3.1441)	Arch Soft Loss 0.0004 (0.0004)	Prec@(1,5) (23.0%, 53.1%)	
08/03 10:14:31午前 searchCell_trainer.py:218 [INFO] Train: Epoch: [2][390/390]	Step 1172	lr 0.02491	Loss 1.5347 (1.5723)	Hard Loss 3.0199 (3.1000)	Soft Loss 0.0005 (0.0004)	Arch Loss 1.6647 (1.5901)	Arch Hard Loss 3.2893 (3.1364)	Arch Soft Loss 0.0004 (0.0004)	Prec@(1,5) (23.1%, 53.3%)	
08/03 10:14:32午前 searchCell_trainer.py:233 [INFO] Train: [  2/49] Final Prec@1 23.1200%
08/03 10:14:39午前 searchCell_trainer.py:261 [INFO] Valid: Epoch: [2][50/391]	Step 1173	Loss 3.0497	Prec@(1,5) (24.8%, 55.1%)
08/03 10:14:46午前 searchCell_trainer.py:261 [INFO] Valid: Epoch: [2][100/391]	Step 1173	Loss 3.0535	Prec@(1,5) (24.7%, 54.6%)
08/03 10:14:52午前 searchCell_trainer.py:261 [INFO] Valid: Epoch: [2][150/391]	Step 1173	Loss 3.0502	Prec@(1,5) (24.9%, 54.9%)
08/03 10:14:59午前 searchCell_trainer.py:261 [INFO] Valid: Epoch: [2][200/391]	Step 1173	Loss 3.0552	Prec@(1,5) (25.0%, 54.7%)
08/03 10:15:05午前 searchCell_trainer.py:261 [INFO] Valid: Epoch: [2][250/391]	Step 1173	Loss 3.0670	Prec@(1,5) (25.0%, 54.4%)
08/03 10:15:12午前 searchCell_trainer.py:261 [INFO] Valid: Epoch: [2][300/391]	Step 1173	Loss 3.0640	Prec@(1,5) (25.0%, 54.4%)
08/03 10:15:18午前 searchCell_trainer.py:261 [INFO] Valid: Epoch: [2][350/391]	Step 1173	Loss 3.0598	Prec@(1,5) (25.0%, 54.6%)
08/03 10:15:23午前 searchCell_trainer.py:261 [INFO] Valid: Epoch: [2][390/391]	Step 1173	Loss 3.0660	Prec@(1,5) (24.9%, 54.5%)
08/03 10:15:24午前 searchCell_trainer.py:268 [INFO] Valid: [  2/49] Final Prec@1 24.8640%
08/03 10:15:24午前 searchCell_KD_main.py:58 [INFO] genotype = Genotype3(normal1=[[('dil_conv_5x5', 0), ('dil_conv_3x3', 1)], [('sep_conv_5x5', 0), ('dil_conv_5x5', 1)], [('dil_conv_5x5', 3), ('max_pool_3x3', 0)], [('dil_conv_3x3', 4), ('dil_conv_5x5', 1)]], normal1_concat=range(2, 6), reduce1=[[('dil_conv_5x5', 0), ('dil_conv_3x3', 1)], [('dil_conv_5x5', 2), ('sep_conv_5x5', 1)], [('max_pool_3x3', 0), ('dil_conv_5x5', 2)], [('dil_conv_5x5', 3), ('sep_conv_5x5', 4)]], reduce1_concat=range(2, 6), normal2=[[('sep_conv_5x5', 1), ('max_pool_3x3', 0)], [('max_pool_3x3', 0), ('sep_conv_5x5', 2)], [('max_pool_3x3', 0), ('dil_conv_3x3', 1)], [('max_pool_3x3', 0), ('sep_conv_5x5', 1)]], normal2_concat=range(2, 6), reduce2=[[('dil_conv_5x5', 1), ('sep_conv_5x5', 0)], [('dil_conv_5x5', 2), ('dil_conv_3x3', 1)], [('dil_conv_5x5', 2), ('dil_conv_3x3', 1)], [('sep_conv_5x5', 3), ('dil_conv_5x5', 4)]], reduce2_concat=range(2, 6), normal3=[[('max_pool_3x3', 0), ('dil_conv_5x5', 1)], [('dil_conv_5x5', 1), ('max_pool_3x3', 0)], [('sep_conv_3x3', 1), ('sep_conv_5x5', 3)], [('dil_conv_5x5', 1), ('sep_conv_5x5', 3)]], normal3_concat=range(2, 6))
08/03 10:15:25午前 searchCell_KD_main.py:92 [INFO] Until now, best Prec@1 = 24.8640%
####### ALPHA #######
# Alpha - normal
tensor([[0.1262, 0.1150, 0.1214, 0.1270, 0.1241, 0.1292, 0.1322, 0.1248],
        [0.1236, 0.1152, 0.1209, 0.1259, 0.1286, 0.1313, 0.1278, 0.1267]],
       device='cuda:0', grad_fn=<SoftmaxBackward0>)
tensor([[0.1259, 0.1138, 0.1202, 0.1265, 0.1329, 0.1252, 0.1327, 0.1228],
        [0.1236, 0.1151, 0.1206, 0.1272, 0.1269, 0.1278, 0.1299, 0.1290],
        [0.1221, 0.1151, 0.1209, 0.1300, 0.1290, 0.1292, 0.1295, 0.1243]],
       device='cuda:0', grad_fn=<SoftmaxBackward0>)
tensor([[0.1288, 0.1200, 0.1260, 0.1251, 0.1280, 0.1213, 0.1256, 0.1253],
        [0.1246, 0.1181, 0.1231, 0.1280, 0.1252, 0.1286, 0.1273, 0.1251],
        [0.1243, 0.1203, 0.1255, 0.1253, 0.1242, 0.1283, 0.1275, 0.1246],
        [0.1239, 0.1201, 0.1252, 0.1239, 0.1265, 0.1261, 0.1305, 0.1237]],
       device='cuda:0', grad_fn=<SoftmaxBackward0>)
tensor([[0.1291, 0.1176, 0.1227, 0.1286, 0.1257, 0.1270, 0.1260, 0.1233],
        [0.1261, 0.1175, 0.1224, 0.1245, 0.1250, 0.1275, 0.1294, 0.1276],
        [0.1277, 0.1200, 0.1240, 0.1229, 0.1249, 0.1271, 0.1289, 0.1246],
        [0.1272, 0.1219, 0.1265, 0.1236, 0.1259, 0.1216, 0.1279, 0.1253],
        [0.1232, 0.1190, 0.1235, 0.1266, 0.1263, 0.1299, 0.1239, 0.1276]],
       device='cuda:0', grad_fn=<SoftmaxBackward0>)
tensor([[0.1329, 0.1220, 0.1268, 0.1247, 0.1267, 0.1223, 0.1279, 0.1167],
        [0.1200, 0.1120, 0.1160, 0.1252, 0.1341, 0.1245, 0.1338, 0.1343]],
       device='cuda:0', grad_fn=<SoftmaxBackward0>)
tensor([[0.1344, 0.1245, 0.1289, 0.1233, 0.1253, 0.1179, 0.1260, 0.1196],
        [0.1210, 0.1154, 0.1190, 0.1290, 0.1250, 0.1281, 0.1293, 0.1331],
        [0.1225, 0.1197, 0.1229, 0.1246, 0.1335, 0.1251, 0.1281, 0.1237]],
       device='cuda:0', grad_fn=<SoftmaxBackward0>)
tensor([[0.1319, 0.1232, 0.1272, 0.1249, 0.1227, 0.1239, 0.1269, 0.1193],
        [0.1194, 0.1135, 0.1169, 0.1290, 0.1292, 0.1303, 0.1297, 0.1320],
        [0.1219, 0.1179, 0.1220, 0.1283, 0.1285, 0.1267, 0.1291, 0.1256],
        [0.1206, 0.1170, 0.1205, 0.1283, 0.1293, 0.1284, 0.1274, 0.1285]],
       device='cuda:0', grad_fn=<SoftmaxBackward0>)
tensor([[0.1336, 0.1224, 0.1265, 0.1246, 0.1243, 0.1236, 0.1252, 0.1198],
        [0.1235, 0.1166, 0.1204, 0.1269, 0.1290, 0.1256, 0.1283, 0.1296],
        [0.1260, 0.1220, 0.1247, 0.1257, 0.1267, 0.1269, 0.1243, 0.1238],
        [0.1240, 0.1211, 0.1240, 0.1239, 0.1284, 0.1284, 0.1247, 0.1255],
        [0.1267, 0.1219, 0.1258, 0.1268, 0.1238, 0.1256, 0.1238, 0.1255]],
       device='cuda:0', grad_fn=<SoftmaxBackward0>)
tensor([[0.1360, 0.1227, 0.1242, 0.1241, 0.1277, 0.1219, 0.1238, 0.1196],
        [0.1175, 0.1130, 0.1138, 0.1305, 0.1286, 0.1291, 0.1317, 0.1357]],
       device='cuda:0', grad_fn=<SoftmaxBackward0>)
tensor([[0.1317, 0.1219, 0.1226, 0.1260, 0.1264, 0.1182, 0.1298, 0.1234],
        [0.1167, 0.1133, 0.1136, 0.1277, 0.1306, 0.1311, 0.1336, 0.1334],
        [0.1241, 0.1187, 0.1178, 0.1261, 0.1288, 0.1278, 0.1285, 0.1281]],
       device='cuda:0', grad_fn=<SoftmaxBackward0>)
tensor([[0.1265, 0.1180, 0.1184, 0.1300, 0.1271, 0.1278, 0.1279, 0.1243],
        [0.1183, 0.1152, 0.1157, 0.1312, 0.1301, 0.1284, 0.1292, 0.1319],
        [0.1230, 0.1185, 0.1168, 0.1289, 0.1287, 0.1279, 0.1291, 0.1270],
        [0.1230, 0.1187, 0.1178, 0.1273, 0.1300, 0.1266, 0.1292, 0.1275]],
       device='cuda:0', grad_fn=<SoftmaxBackward0>)
tensor([[0.1259, 0.1183, 0.1188, 0.1256, 0.1276, 0.1264, 0.1301, 0.1272],
        [0.1186, 0.1145, 0.1148, 0.1269, 0.1312, 0.1315, 0.1326, 0.1298],
        [0.1237, 0.1188, 0.1168, 0.1315, 0.1268, 0.1287, 0.1272, 0.1265],
        [0.1228, 0.1184, 0.1173, 0.1294, 0.1320, 0.1255, 0.1278, 0.1268],
        [0.1241, 0.1194, 0.1192, 0.1272, 0.1275, 0.1297, 0.1266, 0.1263]],
       device='cuda:0', grad_fn=<SoftmaxBackward0>)

# Alpha - reduce
tensor([[0.1294, 0.1241, 0.1230, 0.1213, 0.1239, 0.1218, 0.1336, 0.1230],
        [0.1246, 0.1193, 0.1257, 0.1239, 0.1263, 0.1268, 0.1266, 0.1268]],
