11/13 02:44:28AM parser.py:28 [INFO] 
11/13 02:44:28AM parser.py:29 [INFO] Parameters:
11/13 02:44:28AM parser.py:31 [INFO] DAG_PATH=results/search_stage_KD/cifar100/noDepthLoss/s3-L32/DAG
11/13 02:44:28AM parser.py:31 [INFO] T=10.0
11/13 02:44:28AM parser.py:31 [INFO] ADVANCED=1
11/13 02:44:28AM parser.py:31 [INFO] ALPHA_LR=0.0003
11/13 02:44:28AM parser.py:31 [INFO] ALPHA_WEIGHT_DECAY=0.001
11/13 02:44:28AM parser.py:31 [INFO] ARCH_CRITERION=none
11/13 02:44:28AM parser.py:31 [INFO] BATCH_SIZE=64
11/13 02:44:28AM parser.py:31 [INFO] CASCADE=0
11/13 02:44:28AM parser.py:31 [INFO] CHECKPOINT_RESET=False
11/13 02:44:28AM parser.py:31 [INFO] CUTOUT_LENGTH=0
11/13 02:44:28AM parser.py:31 [INFO] DATA_PATH=../data/
11/13 02:44:28AM parser.py:31 [INFO] DATASET=cifar100
11/13 02:44:28AM parser.py:31 [INFO] DEPTH_COEF=0.0
11/13 02:44:28AM parser.py:31 [INFO] DESCRIPTION=search_stage_32-layer-network
11/13 02:44:28AM parser.py:31 [INFO] DISCRETE=0
11/13 02:44:28AM parser.py:31 [INFO] EPOCHS=50
11/13 02:44:28AM parser.py:31 [INFO] EVAL_EPOCHS=100
11/13 02:44:28AM parser.py:31 [INFO] EXP_NAME=s3-L32
11/13 02:44:28AM parser.py:31 [INFO] FINAL_L=0.0
11/13 02:44:28AM parser.py:31 [INFO] G=0.0
11/13 02:44:28AM parser.py:31 [INFO] GENOTYPE=Genotype3(normal1=[[('sep_conv_5x5', 0), ('sep_conv_3x3', 1)], [('sep_conv_3x3', 1), ('sep_conv_3x3', 0)], [('sep_conv_3x3', 1), ('sep_conv_3x3', 2)], [('sep_conv_3x3', 0), ('sep_conv_5x5', 4)]], normal1_concat=range(2, 6), reduce1=[[('sep_conv_3x3', 0), ('skip_connect', 1)], [('sep_conv_3x3', 1), ('max_pool_3x3', 0)], [('sep_conv_3x3', 2), ('sep_conv_3x3', 1)], [('max_pool_3x3', 0), ('dil_conv_3x3', 1)]], reduce1_concat=range(2, 6), normal2=[[('skip_connect', 0), ('sep_conv_5x5', 1)], [('skip_connect', 0), ('skip_connect', 2)], [('avg_pool_3x3', 0), ('avg_pool_3x3', 2)], [('skip_connect', 0), ('avg_pool_3x3', 2)]], normal2_concat=range(2, 6), reduce2=[[('avg_pool_3x3', 0), ('avg_pool_3x3', 1)], [('avg_pool_3x3', 0), ('skip_connect', 2)], [('skip_connect', 2), ('avg_pool_3x3', 0)], [('skip_connect', 2), ('avg_pool_3x3', 0)]], reduce2_concat=range(2, 6), normal3=[[('skip_connect', 0), ('skip_connect', 1)], [('skip_connect', 0), ('dil_conv_3x3', 1)], [('skip_connect', 0), ('skip_connect', 1)], [('skip_connect', 0), ('skip_connect', 2)]], normal3_concat=range(2, 6))
11/13 02:44:28AM parser.py:31 [INFO] GPUS=[0]
11/13 02:44:28AM parser.py:31 [INFO] HINT_EPOCHS=[16, 32]
11/13 02:44:28AM parser.py:31 [INFO] INIT_CHANNELS=16
11/13 02:44:28AM parser.py:31 [INFO] L=0.0
11/13 02:44:28AM parser.py:31 [INFO] LAYERS=32
11/13 02:44:28AM parser.py:31 [INFO] LOGGER=<Logger H-DAS (INFO)>
11/13 02:44:28AM parser.py:31 [INFO] NAME=noDepthLoss
11/13 02:44:28AM parser.py:31 [INFO] NONKD=1
11/13 02:44:28AM parser.py:31 [INFO] PATH=results/search_stage_KD/cifar100/noDepthLoss/s3-L32
11/13 02:44:28AM parser.py:31 [INFO] PCDARTS=0
11/13 02:44:28AM parser.py:31 [INFO] PLOT_PATH=results/search_stage_KD/cifar100/noDepthLoss/s3-L32/plots
11/13 02:44:28AM parser.py:31 [INFO] PRINT_FREQ=100
11/13 02:44:28AM parser.py:31 [INFO] RESET=0
11/13 02:44:28AM parser.py:31 [INFO] RESUME_PATH=None
11/13 02:44:28AM parser.py:31 [INFO] SAVE=s3-L32
11/13 02:44:28AM parser.py:31 [INFO] SEED=3
11/13 02:44:28AM parser.py:31 [INFO] SHARE_STAGE=0
11/13 02:44:28AM parser.py:31 [INFO] SLIDE_WINDOW=3
11/13 02:44:28AM parser.py:31 [INFO] SPEC_CELL=1
11/13 02:44:28AM parser.py:31 [INFO] STAGE_MACS=[8.18, 2.49, 1.88]
11/13 02:44:28AM parser.py:31 [INFO] TEACHER_NAME=none
11/13 02:44:28AM parser.py:31 [INFO] TEACHER_PATH=none
11/13 02:44:28AM parser.py:31 [INFO] TRAIN_PORTION=0.5
11/13 02:44:28AM parser.py:31 [INFO] TYPE=KD
11/13 02:44:28AM parser.py:31 [INFO] W_GRAD_CLIP=5.0
11/13 02:44:28AM parser.py:31 [INFO] W_LR=0.025
11/13 02:44:28AM parser.py:31 [INFO] W_LR_MIN=0.001
11/13 02:44:28AM parser.py:31 [INFO] W_MOMENTUM=0.9
11/13 02:44:28AM parser.py:31 [INFO] W_WEIGHT_DECAY=0.0003
11/13 02:44:28AM parser.py:31 [INFO] WORKERS=4
11/13 02:44:28AM parser.py:32 [INFO] 
11/13 02:44:54AM searchStage_trainer.py:134 [INFO] --> No loaded checkpoint!
####### ALPHA #######
# Alpha - DAG
tensor([[0.2502, 0.2500, 0.2500, 0.2498],
        [0.2500, 0.2497, 0.2501, 0.2503]], device='cuda:0',
       grad_fn=<SoftmaxBackward0>)
tensor([[0.2496, 0.2502, 0.2500, 0.2502],
        [0.2498, 0.2501, 0.2501, 0.2500],
        [0.2501, 0.2501, 0.2500, 0.2498]], device='cuda:0',
       grad_fn=<SoftmaxBackward0>)
tensor([[0.2499, 0.2498, 0.2502, 0.2501],
        [0.2500, 0.2501, 0.2498, 0.2502],
        [0.2498, 0.2500, 0.2502, 0.2501]], device='cuda:0',
       grad_fn=<SoftmaxBackward0>)
tensor([[0.2499, 0.2498, 0.2501, 0.2502],
        [0.2501, 0.2503, 0.2495, 0.2501],
        [0.2499, 0.2500, 0.2498, 0.2503]], device='cuda:0',
       grad_fn=<SoftmaxBackward0>)
tensor([[0.2500, 0.2503, 0.2499, 0.2498],
        [0.2500, 0.2502, 0.2500, 0.2498],
        [0.2501, 0.2497, 0.2498, 0.2504]], device='cuda:0',
       grad_fn=<SoftmaxBackward0>)
tensor([[0.2498, 0.2502, 0.2498, 0.2502],
        [0.2500, 0.2501, 0.2500, 0.2499],
        [0.2496, 0.2500, 0.2506, 0.2497]], device='cuda:0',
       grad_fn=<SoftmaxBackward0>)
tensor([[0.2501, 0.2498, 0.2501, 0.2501],
        [0.2497, 0.2497, 0.2504, 0.2502],
        [0.2499, 0.2499, 0.2501, 0.2501]], device='cuda:0',
       grad_fn=<SoftmaxBackward0>)
tensor([[0.2502, 0.2501, 0.2499, 0.2498],
        [0.2500, 0.2499, 0.2499, 0.2502],
        [0.2504, 0.2499, 0.2497, 0.2500]], device='cuda:0',
       grad_fn=<SoftmaxBackward0>)
tensor([[0.2499, 0.2499, 0.2498, 0.2504],
        [0.2500, 0.2498, 0.2500, 0.2502],
        [0.2501, 0.2503, 0.2497, 0.2500]], device='cuda:0',
       grad_fn=<SoftmaxBackward0>)
tensor([[0.2501, 0.2498, 0.2502, 0.2499],
        [0.2500, 0.2501, 0.2498, 0.2501],
        [0.2496, 0.2504, 0.2502, 0.2498]], device='cuda:0',
       grad_fn=<SoftmaxBackward0>)
tensor([[0.2501, 0.2499, 0.2500, 0.2500],
        [0.2503, 0.2499, 0.2496, 0.2502]], device='cuda:0',
       grad_fn=<SoftmaxBackward0>)
tensor([[0.2502, 0.2498, 0.2504, 0.2496],
        [0.2500, 0.2500, 0.2501, 0.2499],
        [0.2499, 0.2500, 0.2500, 0.2501]], device='cuda:0',
       grad_fn=<SoftmaxBackward0>)
tensor([[0.2501, 0.2501, 0.2500, 0.2498],
        [0.2501, 0.2498, 0.2502, 0.2499],
        [0.2498, 0.2501, 0.2500, 0.2501]], device='cuda:0',
       grad_fn=<SoftmaxBackward0>)
tensor([[0.2500, 0.2503, 0.2499, 0.2498],
        [0.2497, 0.2501, 0.2500, 0.2502],
        [0.2502, 0.2501, 0.2500, 0.2497]], device='cuda:0',
       grad_fn=<SoftmaxBackward0>)
tensor([[0.2496, 0.2501, 0.2501, 0.2502],
        [0.2501, 0.2497, 0.2500, 0.2503],
        [0.2499, 0.2502, 0.2498, 0.2501]], device='cuda:0',
       grad_fn=<SoftmaxBackward0>)
tensor([[0.2502, 0.2500, 0.2501, 0.2496],
        [0.2500, 0.2498, 0.2501, 0.2501],
        [0.2502, 0.2500, 0.2499, 0.2498]], device='cuda:0',
       grad_fn=<SoftmaxBackward0>)
tensor([[0.2497, 0.2497, 0.2502, 0.2505],
        [0.2503, 0.2503, 0.2497, 0.2497],
        [0.2503, 0.2498, 0.2502, 0.2497]], device='cuda:0',
       grad_fn=<SoftmaxBackward0>)
tensor([[0.2502, 0.2497, 0.2501, 0.2500],
        [0.2498, 0.2503, 0.2497, 0.2502],
        [0.2498, 0.2503, 0.2497, 0.2501]], device='cuda:0',
       grad_fn=<SoftmaxBackward0>)
tensor([[0.2501, 0.2497, 0.2501, 0.2501],
        [0.2500, 0.2504, 0.2497, 0.2499],
        [0.2500, 0.2500, 0.2500, 0.2500]], device='cuda:0',
       grad_fn=<SoftmaxBackward0>)
tensor([[0.2500, 0.2505, 0.2498, 0.2498],
        [0.2504, 0.2502, 0.2498, 0.2496],
        [0.2505, 0.2499, 0.2498, 0.2497]], device='cuda:0',
       grad_fn=<SoftmaxBackward0>)
tensor([[0.2497, 0.2503, 0.2498, 0.2502],
        [0.2503, 0.2500, 0.2497, 0.2500]], device='cuda:0',
       grad_fn=<SoftmaxBackward0>)
tensor([[0.2497, 0.2501, 0.2502, 0.2500],
        [0.2501, 0.2496, 0.2502, 0.2501],
        [0.2496, 0.2499, 0.2504, 0.2501]], device='cuda:0',
       grad_fn=<SoftmaxBackward0>)
tensor([[0.2501, 0.2498, 0.2502, 0.2500],
        [0.2497, 0.2502, 0.2500, 0.2501],
        [0.2499, 0.2501, 0.2497, 0.2504]], device='cuda:0',
       grad_fn=<SoftmaxBackward0>)
tensor([[0.2500, 0.2502, 0.2501, 0.2497],
        [0.2499, 0.2499, 0.2503, 0.2499],
        [0.2498, 0.2498, 0.2503, 0.2502]], device='cuda:0',
       grad_fn=<SoftmaxBackward0>)
tensor([[0.2500, 0.2499, 0.2500, 0.2501],
        [0.2504, 0.2499, 0.2499, 0.2498],
        [0.2499, 0.2502, 0.2502, 0.2498]], device='cuda:0',
       grad_fn=<SoftmaxBackward0>)
tensor([[0.2499, 0.2500, 0.2497, 0.2503],
        [0.2500, 0.2498, 0.2502, 0.2499],
        [0.2496, 0.2505, 0.2501, 0.2498]], device='cuda:0',
       grad_fn=<SoftmaxBackward0>)
tensor([[0.2500, 0.2501, 0.2501, 0.2498],
        [0.2499, 0.2502, 0.2497, 0.2502],
        [0.2500, 0.2497, 0.2502, 0.2501]], device='cuda:0',
       grad_fn=<SoftmaxBackward0>)
tensor([[0.2499, 0.2499, 0.2500, 0.2502],
        [0.2496, 0.2500, 0.2499, 0.2504],
        [0.2497, 0.2502, 0.2501, 0.2500]], device='cuda:0',
       grad_fn=<SoftmaxBackward0>)
tensor([[0.2502, 0.2501, 0.2498, 0.2499],
        [0.2499, 0.2500, 0.2500, 0.2501],
        [0.2498, 0.2501, 0.2500, 0.2501]], device='cuda:0',
       grad_fn=<SoftmaxBackward0>)
tensor([[0.2499, 0.2499, 0.2498, 0.2503],
        [0.2503, 0.2502, 0.2496, 0.2500],
        [0.2502, 0.2499, 0.2502, 0.2498]], device='cuda:0',
       grad_fn=<SoftmaxBackward0>)
#####################
11/13 02:45:36AM searchStage_trainer.py:265 [INFO] Train: Epoch: [0][100/390]	Step 100	lr 0.025	Loss 4.5125 (4.7270)	Hard Loss 4.5125 (4.7270)	Soft Loss 4.5125 (4.7270)	Arch Loss 4.6170 (4.7198)	Arch Hard Loss 4.6170 (4.7198)	Arch Soft Loss 4.6170 (4.7198)	Arch depth Loss 0.0000 (0.0000)	Prec@(1,5) (1.6%, 6.2%)	
11/13 02:46:14AM searchStage_trainer.py:265 [INFO] Train: Epoch: [0][200/390]	Step 200	lr 0.025	Loss 4.1317 (4.6054)	Hard Loss 4.1317 (4.6054)	Soft Loss 4.1317 (4.6054)	Arch Loss 4.4255 (4.6080)	Arch Hard Loss 4.4255 (4.6080)	Arch Soft Loss 4.4255 (4.6080)	Arch depth Loss 0.0000 (0.0000)	Prec@(1,5) (1.9%, 8.6%)	
11/13 02:46:53AM searchStage_trainer.py:265 [INFO] Train: Epoch: [0][300/390]	Step 300	lr 0.025	Loss 4.4488 (4.5182)	Hard Loss 4.4488 (4.5182)	Soft Loss 4.4488 (4.5182)	Arch Loss 4.3948 (4.5197)	Arch Hard Loss 4.3948 (4.5197)	Arch Soft Loss 4.3948 (4.5197)	Arch depth Loss 0.0000 (0.0000)	Prec@(1,5) (2.5%, 10.6%)	
11/13 02:47:28AM searchStage_trainer.py:265 [INFO] Train: Epoch: [0][390/390]	Step 390	lr 0.025	Loss 4.2959 (4.4585)	Hard Loss 4.2959 (4.4585)	Soft Loss 4.2959 (4.4585)	Arch Loss 4.1162 (4.4612)	Arch Hard Loss 4.1162 (4.4612)	Arch Soft Loss 4.1162 (4.4612)	Arch depth Loss 0.0000 (0.0000)	Prec@(1,5) (2.9%, 12.3%)	
11/13 02:47:29AM searchStage_trainer.py:281 [INFO] Train: [  0/49] Final Prec@1 2.9160%
11/13 02:47:36AM searchStage_trainer.py:309 [INFO] Valid: Epoch: [0][100/391]	Step 391	Loss 4.2244	Prec@(1,5) (4.7%, 18.2%)
11/13 02:47:42AM searchStage_trainer.py:309 [INFO] Valid: Epoch: [0][200/391]	Step 391	Loss 4.2310	Prec@(1,5) (4.4%, 17.6%)
11/13 02:47:48AM searchStage_trainer.py:309 [INFO] Valid: Epoch: [0][300/391]	Step 391	Loss 4.2294	Prec@(1,5) (4.6%, 17.8%)
11/13 02:47:53AM searchStage_trainer.py:309 [INFO] Valid: Epoch: [0][390/391]	Step 391	Loss 4.2342	Prec@(1,5) (4.6%, 17.6%)
11/13 02:47:54AM searchStage_trainer.py:320 [INFO] Valid: [  0/49] Final Prec@1 4.6360%
11/13 02:47:54AM trainer_runner.py:74 [INFO] DAG = Genotype2(DAG1=[[('skip_connect', 1), ('skip_connect', 0)], [('avg_pool_3x3', 1), ('avg_pool_3x3', 2)], [('skip_connect', 1), ('avg_pool_3x3', 2)], [('avg_pool_3x3', 3), ('skip_connect', 2)], [('avg_pool_3x3', 3), ('avg_pool_3x3', 4)], [('skip_connect', 6), ('skip_connect', 5)], [('skip_connect', 5), ('skip_connect', 7)], [('avg_pool_3x3', 8), ('skip_connect', 6)], [('skip_connect', 8), ('max_pool_3x3', 9)], [('skip_connect', 9), ('max_pool_3x3', 8)]], DAG1_concat=range(10, 12), DAG2=[[('max_pool_3x3', 0), ('max_pool_3x3', 1)], [('skip_connect', 0), ('skip_connect', 1)], [('skip_connect', 1), ('skip_connect', 2)], [('skip_connect', 3), ('skip_connect', 2)], [('skip_connect', 3), ('avg_pool_3x3', 5)], [('skip_connect', 5), ('max_pool_3x3', 4)], [('skip_connect', 7), ('max_pool_3x3', 6)], [('skip_connect', 6), ('avg_pool_3x3', 7)], [('skip_connect', 9), ('skip_connect', 8)], [('skip_connect', 9), ('avg_pool_3x3', 10)]], DAG2_concat=range(10, 12), DAG3=[[('skip_connect', 0), ('skip_connect', 1)], [('skip_connect', 1), ('skip_connect', 0)], [('skip_connect', 1), ('skip_connect', 2)], [('skip_connect', 2), ('skip_connect', 4)], [('skip_connect', 3), ('skip_connect', 5)], [('skip_connect', 5), ('skip_connect', 4)], [('skip_connect', 5), ('skip_connect', 6)], [('skip_connect', 8), ('skip_connect', 7)], [('skip_connect', 8), ('skip_connect', 7)], [('skip_connect', 8), ('skip_connect', 9)]], DAG3_concat=range(10, 12))
11/13 02:47:54AM trainer_runner.py:105 [INFO] Until now, best Prec@1 = 4.6360%
####### ALPHA #######
# Alpha - DAG
tensor([[0.2500, 0.2495, 0.2502, 0.2503],
        [0.2500, 0.2500, 0.2504, 0.2497]], device='cuda:0',
       grad_fn=<SoftmaxBackward0>)
tensor([[0.2493, 0.2503, 0.2500, 0.2504],
        [0.2499, 0.2505, 0.2502, 0.2493],
        [0.2503, 0.2504, 0.2491, 0.2502]], device='cuda:0',
       grad_fn=<SoftmaxBackward0>)
tensor([[0.2499, 0.2499, 0.2510, 0.2492],
        [0.2501, 0.2506, 0.2497, 0.2497],
        [0.2500, 0.2491, 0.2495, 0.2514]], device='cuda:0',
       grad_fn=<SoftmaxBackward0>)
tensor([[0.2499, 0.2494, 0.2502, 0.2504],
        [0.2503, 0.2504, 0.2502, 0.2491],
        [0.2494, 0.2499, 0.2497, 0.2509]], device='cuda:0',
       grad_fn=<SoftmaxBackward0>)
tensor([[0.2497, 0.2510, 0.2503, 0.2491],
        [0.2501, 0.2505, 0.2504, 0.2490],
        [0.2495, 0.2497, 0.2492, 0.2516]], device='cuda:0',
       grad_fn=<SoftmaxBackward0>)
tensor([[0.2495, 0.2500, 0.2499, 0.2505],
        [0.2491, 0.2503, 0.2504, 0.2502],
        [0.2492, 0.2502, 0.2515, 0.2491]], device='cuda:0',
       grad_fn=<SoftmaxBackward0>)
tensor([[0.2500, 0.2501, 0.2505, 0.2494],
        [0.2492, 0.2502, 0.2500, 0.2506],
        [0.2498, 0.2493, 0.2505, 0.2504]], device='cuda:0',
       grad_fn=<SoftmaxBackward0>)
tensor([[0.2504, 0.2502, 0.2504, 0.2489],
        [0.2497, 0.2491, 0.2492, 0.2520],
        [0.2503, 0.2506, 0.2499, 0.2492]], device='cuda:0',
       grad_fn=<SoftmaxBackward0>)
tensor([[0.2505, 0.2484, 0.2502, 0.2509],
        [0.2502, 0.2489, 0.2509, 0.2500],
        [0.2507, 0.2497, 0.2498, 0.2498]], device='cuda:0',
       grad_fn=<SoftmaxBackward0>)
tensor([[0.2507, 0.2494, 0.2500, 0.2499],
        [0.2488, 0.2500, 0.2520, 0.2492],
        [0.2495, 0.2497, 0.2496, 0.2512]], device='cuda:0',
       grad_fn=<SoftmaxBackward0>)
tensor([[0.2508, 0.2499, 0.2500, 0.2493],
        [0.2503, 0.2486, 0.2502, 0.2509]], device='cuda:0',
       grad_fn=<SoftmaxBackward0>)
tensor([[0.2507, 0.2501, 0.2510, 0.2482],
        [0.2501, 0.2498, 0.2509, 0.2492],
        [0.2500, 0.2490, 0.2491, 0.2519]], device='cuda:0',
       grad_fn=<SoftmaxBackward0>)
tensor([[0.2489, 0.2513, 0.2523, 0.2476],
        [0.2489, 0.2500, 0.2517, 0.2494],
        [0.2502, 0.2485, 0.2493, 0.2521]], device='cuda:0',
       grad_fn=<SoftmaxBackward0>)
tensor([[0.2502, 0.2492, 0.2509, 0.2497],
        [0.2495, 0.2501, 0.2512, 0.2493],
        [0.2497, 0.2500, 0.2495, 0.2509]], device='cuda:0',
       grad_fn=<SoftmaxBackward0>)
tensor([[0.2489, 0.2503, 0.2508, 0.2500],
        [0.2500, 0.2493, 0.2498, 0.2509],
        [0.2497, 0.2503, 0.2501, 0.2499]], device='cuda:0',
       grad_fn=<SoftmaxBackward0>)
tensor([[0.2503, 0.2488, 0.2501, 0.2508],
        [0.2487, 0.2508, 0.2520, 0.2484],
        [0.2501, 0.2495, 0.2497, 0.2507]], device='cuda:0',
       grad_fn=<SoftmaxBackward0>)
tensor([[0.2492, 0.2487, 0.2500, 0.2520],
        [0.2506, 0.2497, 0.2500, 0.2497],
        [0.2496, 0.2499, 0.2513, 0.2492]], device='cuda:0',
       grad_fn=<SoftmaxBackward0>)
tensor([[0.2496, 0.2507, 0.2519, 0.2479],
        [0.2498, 0.2498, 0.2489, 0.2515],
        [0.2495, 0.2494, 0.2496, 0.2515]], device='cuda:0',
       grad_fn=<SoftmaxBackward0>)
tensor([[0.2492, 0.2494, 0.2501, 0.2514],
        [0.2482, 0.2506, 0.2512, 0.2500],
        [0.2488, 0.2500, 0.2516, 0.2496]], device='cuda:0',
       grad_fn=<SoftmaxBackward0>)
tensor([[0.2491, 0.2501, 0.2504, 0.2504],
        [0.2502, 0.2498, 0.2509, 0.2491],
        [0.2491, 0.2506, 0.2501, 0.2502]], device='cuda:0',
       grad_fn=<SoftmaxBackward0>)
tensor([[0.2489, 0.2470, 0.2552, 0.2490],
        [0.2491, 0.2458, 0.2545, 0.2507]], device='cuda:0',
       grad_fn=<SoftmaxBackward0>)
tensor([[0.2480, 0.2479, 0.2540, 0.2501],
        [0.2476, 0.2474, 0.2546, 0.2503],
        [0.2493, 0.2478, 0.2530, 0.2499]], device='cuda:0',
       grad_fn=<SoftmaxBackward0>)
tensor([[0.2479, 0.2485, 0.2557, 0.2480],
        [0.2488, 0.2497, 0.2527, 0.2489],
        [0.2473, 0.2484, 0.2504, 0.2539]], device='cuda:0',
       grad_fn=<SoftmaxBackward0>)
tensor([[0.2506, 0.2467, 0.2540, 0.2488],
        [0.2490, 0.2470, 0.2511, 0.2529],
        [0.2494, 0.2480, 0.2528, 0.2498]], device='cuda:0',
       grad_fn=<SoftmaxBackward0>)
tensor([[0.2488, 0.2474, 0.2544, 0.2494],
        [0.2487, 0.2480, 0.2517, 0.2516],
        [0.2494, 0.2475, 0.2521, 0.2510]], device='cuda:0',
       grad_fn=<SoftmaxBackward0>)
tensor([[0.2474, 0.2468, 0.2542, 0.2517],
        [0.2476, 0.2463, 0.2567, 0.2495],
        [0.2485, 0.2480, 0.2520, 0.2514]], device='cuda:0',
       grad_fn=<SoftmaxBackward0>)
tensor([[0.2455, 0.2479, 0.2571, 0.2495],
        [0.2476, 0.2471, 0.2550, 0.2503],
        [0.2471, 0.2456, 0.2539, 0.2534]], device='cuda:0',
       grad_fn=<SoftmaxBackward0>)
tensor([[0.2450, 0.2493, 0.2539, 0.2518],
        [0.2464, 0.2460, 0.2554, 0.2522],
        [0.2469, 0.2481, 0.2557, 0.2493]], device='cuda:0',
       grad_fn=<SoftmaxBackward0>)
tensor([[0.2435, 0.2491, 0.2570, 0.2504],
        [0.2391, 0.2518, 0.2605, 0.2486],
        [0.2381, 0.2495, 0.2571, 0.2553]], device='cuda:0',
       grad_fn=<SoftmaxBackward0>)
tensor([[0.2414, 0.2486, 0.2622, 0.2478],
        [0.2424, 0.2467, 0.2582, 0.2527],
        [0.2433, 0.2452, 0.2568, 0.2548]], device='cuda:0',
       grad_fn=<SoftmaxBackward0>)
#####################
11/13 02:48:34AM searchStage_trainer.py:265 [INFO] Train: Epoch: [1][100/390]	Step 491	lr 0.02498	Loss 4.1493 (4.2267)	Hard Loss 4.1493 (4.2267)	Soft Loss 4.1493 (4.2267)	Arch Loss 4.2061 (4.2283)	Arch Hard Loss 4.2061 (4.2283)	Arch Soft Loss 4.2061 (4.2283)	Arch depth Loss 0.0000 (0.0000)	Prec@(1,5) (4.9%, 17.5%)	
11/13 02:49:13AM searchStage_trainer.py:265 [INFO] Train: Epoch: [1][200/390]	Step 591	lr 0.02498	Loss 4.2859 (4.1937)	Hard Loss 4.2859 (4.1937)	Soft Loss 4.2859 (4.1937)	Arch Loss 4.1299 (4.1866)	Arch Hard Loss 4.1299 (4.1866)	Arch Soft Loss 4.1299 (4.1866)	Arch depth Loss 0.0000 (0.0000)	Prec@(1,5) (5.1%, 18.9%)	
11/13 02:49:51AM searchStage_trainer.py:265 [INFO] Train: Epoch: [1][300/390]	Step 691	lr 0.02498	Loss 4.2327 (4.1650)	Hard Loss 4.2327 (4.1650)	Soft Loss 4.2327 (4.1650)	Arch Loss 4.0603 (4.1554)	Arch Hard Loss 4.0603 (4.1554)	Arch Soft Loss 4.0603 (4.1554)	Arch depth Loss 0.0000 (0.0000)	Prec@(1,5) (5.7%, 20.1%)	
11/13 02:50:25AM searchStage_trainer.py:265 [INFO] Train: Epoch: [1][390/390]	Step 781	lr 0.02498	Loss 4.1301 (4.1350)	Hard Loss 4.1301 (4.1350)	Soft Loss 4.1301 (4.1350)	Arch Loss 3.8659 (4.1308)	Arch Hard Loss 3.8659 (4.1308)	Arch Soft Loss 3.8659 (4.1308)	Arch depth Loss 0.0000 (0.0000)	Prec@(1,5) (5.9%, 21.2%)	
11/13 02:50:26AM searchStage_trainer.py:281 [INFO] Train: [  1/49] Final Prec@1 5.9480%
11/13 02:50:32AM searchStage_trainer.py:309 [INFO] Valid: Epoch: [1][100/391]	Step 782	Loss 3.9796	Prec@(1,5) (8.1%, 26.8%)
11/13 02:50:38AM searchStage_trainer.py:309 [INFO] Valid: Epoch: [1][200/391]	Step 782	Loss 3.9840	Prec@(1,5) (8.1%, 26.4%)
11/13 02:50:44AM searchStage_trainer.py:309 [INFO] Valid: Epoch: [1][300/391]	Step 782	Loss 3.9944	Prec@(1,5) (7.8%, 25.7%)
11/13 02:50:49AM searchStage_trainer.py:309 [INFO] Valid: Epoch: [1][390/391]	Step 782	Loss 3.9928	Prec@(1,5) (7.7%, 25.7%)
11/13 02:50:49AM searchStage_trainer.py:320 [INFO] Valid: [  1/49] Final Prec@1 7.6960%
11/13 02:50:49AM trainer_runner.py:74 [INFO] DAG = Genotype2(DAG1=[[('skip_connect', 1), ('skip_connect', 0)], [('skip_connect', 1), ('avg_pool_3x3', 2)], [('skip_connect', 1), ('avg_pool_3x3', 2)], [('max_pool_3x3', 3), ('skip_connect', 2)], [('avg_pool_3x3', 3), ('max_pool_3x3', 4)], [('skip_connect', 6), ('skip_connect', 5)], [('skip_connect', 5), ('skip_connect', 7)], [('avg_pool_3x3', 8), ('skip_connect', 6)], [('skip_connect', 8), ('skip_connect', 7)], [('skip_connect', 9), ('skip_connect', 8)]], DAG1_concat=range(10, 12), DAG2=[[('skip_connect', 0), ('skip_connect', 1)], [('skip_connect', 1), ('skip_connect', 0)], [('skip_connect', 1), ('skip_connect', 2)], [('skip_connect', 2), ('skip_connect', 3)], [('skip_connect', 3), ('skip_connect', 5)], [('skip_connect', 4), ('skip_connect', 5)], [('skip_connect', 5), ('skip_connect', 6)], [('skip_connect', 6), ('max_pool_3x3', 8)], [('skip_connect', 7), ('skip_connect', 9)], [('skip_connect', 8), ('avg_pool_3x3', 10)]], DAG2_concat=range(10, 12), DAG3=[[('skip_connect', 0), ('skip_connect', 1)], [('skip_connect', 1), ('skip_connect', 0)], [('skip_connect', 1), ('skip_connect', 2)], [('skip_connect', 2), ('max_pool_3x3', 4)], [('skip_connect', 3), ('skip_connect', 4)], [('skip_connect', 4), ('max_pool_3x3', 5)], [('skip_connect', 5), ('skip_connect', 6)], [('skip_connect', 8), ('skip_connect', 6)], [('skip_connect', 8), ('skip_connect', 7)], [('skip_connect', 8), ('skip_connect', 9)]], DAG3_concat=range(10, 12))
11/13 02:50:50AM trainer_runner.py:105 [INFO] Until now, best Prec@1 = 7.6960%
####### ALPHA #######
# Alpha - DAG
tensor([[0.2502, 0.2494, 0.2502, 0.2502],
        [0.2501, 0.2497, 0.2503, 0.2499]], device='cuda:0',
       grad_fn=<SoftmaxBackward0>)
tensor([[0.2500, 0.2498, 0.2500, 0.2502],
        [0.2503, 0.2500, 0.2504, 0.2493],
        [0.2502, 0.2504, 0.2490, 0.2504]], device='cuda:0',
       grad_fn=<SoftmaxBackward0>)
tensor([[0.2506, 0.2493, 0.2510, 0.2492],
        [0.2502, 0.2505, 0.2497, 0.2497],
        [0.2503, 0.2488, 0.2494, 0.2515]], device='cuda:0',
       grad_fn=<SoftmaxBackward0>)
tensor([[0.2500, 0.2494, 0.2503, 0.2503],
        [0.2508, 0.2499, 0.2505, 0.2489],
        [0.2492, 0.2498, 0.2496, 0.2514]], device='cuda:0',
       grad_fn=<SoftmaxBackward0>)
tensor([[0.2506, 0.2506, 0.2504, 0.2484],
        [0.2504, 0.2502, 0.2503, 0.2491],
        [0.2493, 0.2495, 0.2491, 0.2521]], device='cuda:0',
       grad_fn=<SoftmaxBackward0>)
tensor([[0.2497, 0.2497, 0.2497, 0.2509],
        [0.2492, 0.2502, 0.2509, 0.2497],
        [0.2490, 0.2500, 0.2516, 0.2494]], device='cuda:0',
       grad_fn=<SoftmaxBackward0>)
tensor([[0.2500, 0.2503, 0.2510, 0.2487],
        [0.2486, 0.2502, 0.2504, 0.2508],
        [0.2486, 0.2497, 0.2506, 0.2511]], device='cuda:0',
       grad_fn=<SoftmaxBackward0>)
tensor([[0.2504, 0.2499, 0.2506, 0.2490],
        [0.2494, 0.2495, 0.2494, 0.2518],
        [0.2500, 0.2506, 0.2500, 0.2494]], device='cuda:0',
       grad_fn=<SoftmaxBackward0>)
tensor([[0.2502, 0.2484, 0.2508, 0.2506],
        [0.2500, 0.2494, 0.2509, 0.2496],
        [0.2499, 0.2498, 0.2499, 0.2505]], device='cuda:0',
       grad_fn=<SoftmaxBackward0>)
tensor([[0.2499, 0.2501, 0.2504, 0.2496],
        [0.2480, 0.2503, 0.2526, 0.2491],
        [0.2483, 0.2500, 0.2501, 0.2516]], device='cuda:0',
       grad_fn=<SoftmaxBackward0>)
tensor([[0.2503, 0.2495, 0.2516, 0.2486],
        [0.2493, 0.2480, 0.2514, 0.2514]], device='cuda:0',
       grad_fn=<SoftmaxBackward0>)
tensor([[0.2491, 0.2496, 0.2533, 0.2481],
        [0.2481, 0.2501, 0.2542, 0.2475],
        [0.2488, 0.2484, 0.2495, 0.2534]], device='cuda:0',
       grad_fn=<SoftmaxBackward0>)
tensor([[0.2461, 0.2519, 0.2564, 0.2455],
        [0.2474, 0.2500, 0.2527, 0.2499],
        [0.2478, 0.2487, 0.2501, 0.2535]], device='cuda:0',
       grad_fn=<SoftmaxBackward0>)
tensor([[0.2478, 0.2495, 0.2545, 0.2481],
        [0.2485, 0.2489, 0.2523, 0.2504],
        [0.2491, 0.2487, 0.2494, 0.2528]], device='cuda:0',
       grad_fn=<SoftmaxBackward0>)
tensor([[0.2495, 0.2483, 0.2532, 0.2490],
        [0.2497, 0.2478, 0.2504, 0.2521],
        [0.2495, 0.2495, 0.2502, 0.2508]], device='cuda:0',
       grad_fn=<SoftmaxBackward0>)
tensor([[0.2512, 0.2465, 0.2540, 0.2483],
        [0.2451, 0.2506, 0.2531, 0.2513],
        [0.2487, 0.2491, 0.2496, 0.2525]], device='cuda:0',
       grad_fn=<SoftmaxBackward0>)
tensor([[0.2481, 0.2482, 0.2529, 0.2507],
        [0.2494, 0.2493, 0.2517, 0.2496],
        [0.2481, 0.2502, 0.2506, 0.2511]], device='cuda:0',
       grad_fn=<SoftmaxBackward0>)
tensor([[0.2497, 0.2490, 0.2555, 0.2458],
        [0.2497, 0.2476, 0.2491, 0.2536],
        [0.2506, 0.2484, 0.2485, 0.2525]], device='cuda:0',
       grad_fn=<SoftmaxBackward0>)
tensor([[0.2449, 0.2525, 0.2547, 0.2479],
        [0.2453, 0.2508, 0.2512, 0.2527],
        [0.2447, 0.2515, 0.2518, 0.2520]], device='cuda:0',
       grad_fn=<SoftmaxBackward0>)
tensor([[0.2462, 0.2524, 0.2527, 0.2487],
        [0.2469, 0.2497, 0.2515, 0.2519],
        [0.2471, 0.2522, 0.2509, 0.2499]], device='cuda:0',
       grad_fn=<SoftmaxBackward0>)
tensor([[0.2477, 0.2437, 0.2617, 0.2469],
        [0.2499, 0.2406, 0.2571, 0.2524]], device='cuda:0',
       grad_fn=<SoftmaxBackward0>)
tensor([[0.2510, 0.2456, 0.2546, 0.2487],
        [0.2493, 0.2436, 0.2570, 0.2500],
        [0.2513, 0.2448, 0.2525, 0.2514]], device='cuda:0',
       grad_fn=<SoftmaxBackward0>)
tensor([[0.2522, 0.2462, 0.2606, 0.2411],
        [0.2494, 0.2474, 0.2530, 0.2502],
        [0.2483, 0.2441, 0.2482, 0.2594]], device='cuda:0',
       grad_fn=<SoftmaxBackward0>)
tensor([[0.2523, 0.2464, 0.2575, 0.2438],
        [0.2512, 0.2447, 0.2484, 0.2557],
        [0.2515, 0.2450, 0.2514, 0.2522]], device='cuda:0',
       grad_fn=<SoftmaxBackward0>)
tensor([[0.2508, 0.2461, 0.2551, 0.2481],
        [0.2500, 0.2455, 0.2527, 0.2518],
        [0.2517, 0.2444, 0.2516, 0.2523]], device='cuda:0',
       grad_fn=<SoftmaxBackward0>)
tensor([[0.2512, 0.2440, 0.2559, 0.2488],
        [0.2542, 0.2429, 0.2532, 0.2498],
        [0.2523, 0.2449, 0.2496, 0.2532]], device='cuda:0',
       grad_fn=<SoftmaxBackward0>)
tensor([[0.2477, 0.2465, 0.2565, 0.2493],
        [0.2499, 0.2446, 0.2552, 0.2503],
        [0.2508, 0.2436, 0.2527, 0.2529]], device='cuda:0',
       grad_fn=<SoftmaxBackward0>)
tensor([[0.2458, 0.2484, 0.2553, 0.2505],
        [0.2470, 0.2448, 0.2546, 0.2537],
        [0.2476, 0.2472, 0.2565, 0.2486]], device='cuda:0',
       grad_fn=<SoftmaxBackward0>)
tensor([[0.2467, 0.2492, 0.2556, 0.2484],
        [0.2412, 0.2516, 0.2584, 0.2488],
        [0.2405, 0.2486, 0.2547, 0.2562]], device='cuda:0',
       grad_fn=<SoftmaxBackward0>)
tensor([[0.2459, 0.2475, 0.2604, 0.2462],
        [0.2485, 0.2462, 0.2571, 0.2482],
        [0.2439, 0.2412, 0.2557, 0.2592]], device='cuda:0',
       grad_fn=<SoftmaxBackward0>)
#####################
11/13 02:51:30AM searchStage_trainer.py:265 [INFO] Train: Epoch: [2][100/390]	Step 882	lr 0.02491	Loss 3.9937 (3.9807)	Hard Loss 3.9937 (3.9807)	Soft Loss 3.9937 (3.9807)	Arch Loss 3.9676 (3.9593)	Arch Hard Loss 3.9676 (3.9593)	Arch Soft Loss 3.9676 (3.9593)	Arch depth Loss 0.0000 (0.0000)	Prec@(1,5) (7.0%, 25.3%)	
11/13 02:52:09AM searchStage_trainer.py:265 [INFO] Train: Epoch: [2][200/390]	Step 982	lr 0.02491	Loss 3.9740 (3.9554)	Hard Loss 3.9740 (3.9554)	Soft Loss 3.9740 (3.9554)	Arch Loss 3.6666 (3.9458)	Arch Hard Loss 3.6666 (3.9458)	Arch Soft Loss 3.6666 (3.9458)	Arch depth Loss 0.0000 (0.0000)	Prec@(1,5) (7.8%, 27.2%)	
11/13 02:52:47AM searchStage_trainer.py:265 [INFO] Train: Epoch: [2][300/390]	Step 1082	lr 0.02491	Loss 3.7222 (3.9326)	Hard Loss 3.7222 (3.9326)	Soft Loss 3.7222 (3.9326)	Arch Loss 3.8968 (3.9126)	Arch Hard Loss 3.8968 (3.9126)	Arch Soft Loss 3.8968 (3.9126)	Arch depth Loss 0.0000 (0.0000)	Prec@(1,5) (8.1%, 27.7%)	
11/13 02:53:22AM searchStage_trainer.py:265 [INFO] Train: Epoch: [2][390/390]	Step 1172	lr 0.02491	Loss 3.8407 (3.9136)	Hard Loss 3.8407 (3.9136)	Soft Loss 3.8407 (3.9136)	Arch Loss 3.6469 (3.9017)	Arch Hard Loss 3.6469 (3.9017)	Arch Soft Loss 3.6469 (3.9017)	Arch depth Loss 0.0000 (0.0000)	Prec@(1,5) (8.5%, 28.2%)	
11/13 02:53:22AM searchStage_trainer.py:281 [INFO] Train: [  2/49] Final Prec@1 8.5560%
11/13 02:53:29AM searchStage_trainer.py:309 [INFO] Valid: Epoch: [2][100/391]	Step 1173	Loss 3.8677	Prec@(1,5) (10.0%, 29.9%)
11/13 02:53:35AM searchStage_trainer.py:309 [INFO] Valid: Epoch: [2][200/391]	Step 1173	Loss 3.8536	Prec@(1,5) (10.3%, 30.0%)
11/13 02:53:41AM searchStage_trainer.py:309 [INFO] Valid: Epoch: [2][300/391]	Step 1173	Loss 3.8477	Prec@(1,5) (10.2%, 30.2%)
11/13 02:53:46AM searchStage_trainer.py:309 [INFO] Valid: Epoch: [2][390/391]	Step 1173	Loss 3.8540	Prec@(1,5) (10.0%, 30.0%)
11/13 02:53:46AM searchStage_trainer.py:320 [INFO] Valid: [  2/49] Final Prec@1 10.0520%
11/13 02:53:46AM trainer_runner.py:74 [INFO] DAG = Genotype2(DAG1=[[('skip_connect', 1), ('skip_connect', 0)], [('skip_connect', 1), ('max_pool_3x3', 0)], [('max_pool_3x3', 1), ('max_pool_3x3', 3)], [('max_pool_3x3', 3), ('max_pool_3x3', 2)], [('max_pool_3x3', 3), ('max_pool_3x3', 4)], [('skip_connect', 6), ('max_pool_3x3', 4)], [('skip_connect', 5), ('skip_connect', 6)], [('skip_connect', 6), ('avg_pool_3x3', 8)], [('max_pool_3x3', 7), ('skip_connect', 8)], [('skip_connect', 9), ('skip_connect', 8)]], DAG1_concat=range(10, 12), DAG2=[[('skip_connect', 0), ('skip_connect', 1)], [('skip_connect', 1), ('skip_connect', 0)], [('skip_connect', 1), ('skip_connect', 2)], [('skip_connect', 2), ('skip_connect', 3)], [('skip_connect', 3), ('skip_connect', 4)], [('skip_connect', 4), ('skip_connect', 5)], [('skip_connect', 5), ('skip_connect', 6)], [('skip_connect', 6), ('max_pool_3x3', 8)], [('skip_connect', 7), ('avg_pool_3x3', 9)], [('skip_connect', 8), ('skip_connect', 10)]], DAG2_concat=range(10, 12), DAG3=[[('skip_connect', 0), ('skip_connect', 1)], [('skip_connect', 1), ('skip_connect', 0)], [('skip_connect', 1), ('skip_connect', 2)], [('skip_connect', 2), ('max_pool_3x3', 4)], [('skip_connect', 3), ('skip_connect', 4)], [('max_pool_3x3', 4), ('max_pool_3x3', 5)], [('skip_connect', 5), ('max_pool_3x3', 7)], [('skip_connect', 6), ('skip_connect', 8)], [('skip_connect', 8), ('max_pool_3x3', 7)], [('max_pool_3x3', 9), ('skip_connect', 8)]], DAG3_concat=range(10, 12))
11/13 02:53:47AM trainer_runner.py:105 [INFO] Until now, best Prec@1 = 10.0520%
####### ALPHA #######
# Alpha - DAG
tensor([[0.2502, 0.2490, 0.2506, 0.2502],
        [0.2501, 0.2493, 0.2507, 0.2499]], device='cuda:0',
       grad_fn=<SoftmaxBackward0>)
tensor([[0.2507, 0.2490, 0.2502, 0.2501],
        [0.2505, 0.2489, 0.2511, 0.2495],
        [0.2504, 0.2502, 0.2491, 0.2503]], device='cuda:0',
       grad_fn=<SoftmaxBackward0>)
tensor([[0.2527, 0.2486, 0.2513, 0.2474],
        [0.2507, 0.2495, 0.2485, 0.2514],
        [0.2515, 0.2480, 0.2493, 0.2512]], device='cuda:0',
       grad_fn=<SoftmaxBackward0>)
tensor([[0.2504, 0.2489, 0.2503, 0.2504],
        [0.2515, 0.2492, 0.2505, 0.2488],
        [0.2496, 0.2493, 0.2496, 0.2515]], device='cuda:0',
       grad_fn=<SoftmaxBackward0>)
tensor([[0.2511, 0.2497, 0.2506, 0.2487],
        [0.2507, 0.2499, 0.2505, 0.2489],
        [0.2494, 0.2497, 0.2488, 0.2521]], device='cuda:0',
       grad_fn=<SoftmaxBackward0>)
tensor([[0.2506, 0.2497, 0.2505, 0.2491],
        [0.2496, 0.2488, 0.2506, 0.2510],
        [0.2491, 0.2498, 0.2513, 0.2499]], device='cuda:0',
       grad_fn=<SoftmaxBackward0>)
tensor([[0.2500, 0.2500, 0.2514, 0.2486],
        [0.2486, 0.2500, 0.2511, 0.2503],
        [0.2480, 0.2496, 0.2505, 0.2518]], device='cuda:0',
       grad_fn=<SoftmaxBackward0>)
tensor([[0.2505, 0.2497, 0.2525, 0.2473],
        [0.2496, 0.2489, 0.2496, 0.2520],
        [0.2490, 0.2502, 0.2499, 0.2509]], device='cuda:0',
       grad_fn=<SoftmaxBackward0>)
tensor([[0.2524, 0.2472, 0.2503, 0.2501],
        [0.2501, 0.2494, 0.2517, 0.2489],
        [0.2485, 0.2499, 0.2501, 0.2515]], device='cuda:0',
       grad_fn=<SoftmaxBackward0>)
tensor([[0.2506, 0.2500, 0.2519, 0.2476],
        [0.2471, 0.2497, 0.2530, 0.2501],
        [0.2471, 0.2495, 0.2506, 0.2529]], device='cuda:0',
       grad_fn=<SoftmaxBackward0>)
tensor([[0.2486, 0.2476, 0.2554, 0.2483],
        [0.2484, 0.2462, 0.2544, 0.2510]], device='cuda:0',
       grad_fn=<SoftmaxBackward0>)
tensor([[0.2486, 0.2495, 0.2584, 0.2436],
        [0.2466, 0.2490, 0.2588, 0.2456],
        [0.2455, 0.2490, 0.2469, 0.2586]], device='cuda:0',
       grad_fn=<SoftmaxBackward0>)
tensor([[0.2446, 0.2523, 0.2639, 0.2392],
        [0.2477, 0.2462, 0.2530, 0.2531],
        [0.2463, 0.2470, 0.2503, 0.2563]], device='cuda:0',
       grad_fn=<SoftmaxBackward0>)
tensor([[0.2456, 0.2500, 0.2599, 0.2445],
        [0.2439, 0.2483, 0.2540, 0.2537],
        [0.2468, 0.2472, 0.2505, 0.2555]], device='cuda:0',
       grad_fn=<SoftmaxBackward0>)
tensor([[0.2490, 0.2473, 0.2582, 0.2456],
        [0.2472, 0.2476, 0.2509, 0.2544],
        [0.2485, 0.2481, 0.2502, 0.2531]], device='cuda:0',
       grad_fn=<SoftmaxBackward0>)
tensor([[0.2509, 0.2446, 0.2616, 0.2428],
        [0.2432, 0.2482, 0.2559, 0.2527],
        [0.2450, 0.2486, 0.2463, 0.2601]], device='cuda:0',
       grad_fn=<SoftmaxBackward0>)
tensor([[0.2475, 0.2492, 0.2560, 0.2472],
        [0.2478, 0.2486, 0.2535, 0.2502],
        [0.2462, 0.2496, 0.2500, 0.2543]], device='cuda:0',
       grad_fn=<SoftmaxBackward0>)
tensor([[0.2503, 0.2469, 0.2570, 0.2458],
        [0.2504, 0.2443, 0.2509, 0.2544],
        [0.2519, 0.2455, 0.2496, 0.2529]], device='cuda:0',
       grad_fn=<SoftmaxBackward0>)
tensor([[0.2446, 0.2503, 0.2607, 0.2443],
        [0.2423, 0.2495, 0.2513, 0.2568],
        [0.2419, 0.2524, 0.2520, 0.2537]], device='cuda:0',
       grad_fn=<SoftmaxBackward0>)
tensor([[0.2477, 0.2516, 0.2547, 0.2460],
        [0.2477, 0.2485, 0.2501, 0.2538],
        [0.2470, 0.2501, 0.2518, 0.2512]], device='cuda:0',
       grad_fn=<SoftmaxBackward0>)
tensor([[0.2480, 0.2406, 0.2641, 0.2473],
        [0.2506, 0.2395, 0.2578, 0.2520]], device='cuda:0',
       grad_fn=<SoftmaxBackward0>)
tensor([[0.2528, 0.2450, 0.2535, 0.2487],
        [0.2504, 0.2426, 0.2562, 0.2508],
        [0.2518, 0.2455, 0.2521, 0.2505]], device='cuda:0',
       grad_fn=<SoftmaxBackward0>)
tensor([[0.2539, 0.2473, 0.2625, 0.2362],
        [0.2489, 0.2464, 0.2513, 0.2534],
        [0.2489, 0.2424, 0.2475, 0.2613]], device='cuda:0',
       grad_fn=<SoftmaxBackward0>)
tensor([[0.2511, 0.2511, 0.2555, 0.2423],
        [0.2521, 0.2461, 0.2477, 0.2540],
        [0.2535, 0.2455, 0.2475, 0.2535]], device='cuda:0',
       grad_fn=<SoftmaxBackward0>)
tensor([[0.2517, 0.2486, 0.2566, 0.2431],
        [0.2501, 0.2480, 0.2528, 0.2491],
        [0.2502, 0.2446, 0.2460, 0.2592]], device='cuda:0',
       grad_fn=<SoftmaxBackward0>)
tensor([[0.2583, 0.2463, 0.2556, 0.2398],
        [0.2564, 0.2440, 0.2464, 0.2532],
        [0.2533, 0.2452, 0.2428, 0.2587]], device='cuda:0',
       grad_fn=<SoftmaxBackward0>)
tensor([[0.2531, 0.2474, 0.2555, 0.2441],
        [0.2514, 0.2465, 0.2517, 0.2503],
        [0.2525, 0.2432, 0.2470, 0.2573]], device='cuda:0',
       grad_fn=<SoftmaxBackward0>)
tensor([[0.2460, 0.2514, 0.2598, 0.2428],
        [0.2476, 0.2455, 0.2483, 0.2587],
        [0.2479, 0.2464, 0.2543, 0.2514]], device='cuda:0',
       grad_fn=<SoftmaxBackward0>)
tensor([[0.2532, 0.2514, 0.2529, 0.2425],
        [0.2449, 0.2507, 0.2546, 0.2498],
        [0.2432, 0.2459, 0.2493, 0.2616]], device='cuda:0',
       grad_fn=<SoftmaxBackward0>)
tensor([[0.2519, 0.2481, 0.2547, 0.2453],
        [0.2567, 0.2457, 0.2525, 0.2451],
        [0.2489, 0.2401, 0.2504, 0.2605]], device='cuda:0',
       grad_fn=<SoftmaxBackward0>)
#####################
11/13 02:54:28AM searchStage_trainer.py:265 [INFO] Train: Epoch: [3][100/390]	Step 1273	lr 0.02479	Loss 3.6583 (3.7955)	Hard Loss 3.6583 (3.7955)	Soft Loss 3.6583 (3.7955)	Arch Loss 3.5169 (3.8086)	Arch Hard Loss 3.5169 (3.8086)	Arch Soft Loss 3.5169 (3.8086)	Arch depth Loss 0.0000 (0.0000)	Prec@(1,5) (10.2%, 32.2%)	
11/13 02:55:06AM searchStage_trainer.py:265 [INFO] Train: Epoch: [3][200/390]	Step 1373	lr 0.02479	Loss 3.8312 (3.7789)	Hard Loss 3.8312 (3.7789)	Soft Loss 3.8312 (3.7789)	Arch Loss 3.7803 (3.7883)	Arch Hard Loss 3.7803 (3.7883)	Arch Soft Loss 3.7803 (3.7883)	Arch depth Loss 0.0000 (0.0000)	Prec@(1,5) (10.6%, 32.7%)	
11/13 02:55:45AM searchStage_trainer.py:265 [INFO] Train: Epoch: [3][300/390]	Step 1473	lr 0.02479	Loss 3.8009 (3.7597)	Hard Loss 3.8009 (3.7597)	Soft Loss 3.8009 (3.7597)	Arch Loss 3.6639 (3.7640)	Arch Hard Loss 3.6639 (3.7640)	Arch Soft Loss 3.6639 (3.7640)	Arch depth Loss 0.0000 (0.0000)	Prec@(1,5) (11.3%, 33.4%)	
11/13 02:56:20AM searchStage_trainer.py:265 [INFO] Train: Epoch: [3][390/390]	Step 1563	lr 0.02479	Loss 3.6447 (3.7511)	Hard Loss 3.6447 (3.7511)	Soft Loss 3.6447 (3.7511)	Arch Loss 3.7007 (3.7485)	Arch Hard Loss 3.7007 (3.7485)	Arch Soft Loss 3.7007 (3.7485)	Arch depth Loss 0.0000 (0.0000)	Prec@(1,5) (11.4%, 33.6%)	
11/13 02:56:21AM searchStage_trainer.py:281 [INFO] Train: [  3/49] Final Prec@1 11.3840%
11/13 02:56:28AM searchStage_trainer.py:309 [INFO] Valid: Epoch: [3][100/391]	Step 1564	Loss 3.7277	Prec@(1,5) (11.5%, 34.4%)
11/13 02:56:34AM searchStage_trainer.py:309 [INFO] Valid: Epoch: [3][200/391]	Step 1564	Loss 3.7117	Prec@(1,5) (11.7%, 34.9%)
11/13 02:56:40AM searchStage_trainer.py:309 [INFO] Valid: Epoch: [3][300/391]	Step 1564	Loss 3.7035	Prec@(1,5) (11.9%, 35.0%)
11/13 02:56:46AM searchStage_trainer.py:309 [INFO] Valid: Epoch: [3][390/391]	Step 1564	Loss 3.7059	Prec@(1,5) (12.0%, 34.8%)
11/13 02:56:46AM searchStage_trainer.py:320 [INFO] Valid: [  3/49] Final Prec@1 11.9440%
11/13 02:56:46AM trainer_runner.py:74 [INFO] DAG = Genotype2(DAG1=[[('skip_connect', 1), ('skip_connect', 0)], [('skip_connect', 1), ('skip_connect', 0)], [('max_pool_3x3', 1), ('max_pool_3x3', 3)], [('max_pool_3x3', 3), ('skip_connect', 2)], [('max_pool_3x3', 3), ('max_pool_3x3', 4)], [('skip_connect', 4), ('skip_connect', 5)], [('skip_connect', 5), ('skip_connect', 6)], [('skip_connect', 6), ('skip_connect', 7)], [('max_pool_3x3', 7), ('skip_connect', 8)], [('skip_connect', 8), ('skip_connect', 9)]], DAG1_concat=range(10, 12), DAG2=[[('skip_connect', 0), ('skip_connect', 1)], [('skip_connect', 1), ('skip_connect', 0)], [('skip_connect', 1), ('skip_connect', 2)], [('skip_connect', 2), ('skip_connect', 3)], [('skip_connect', 3), ('skip_connect', 4)], [('skip_connect', 4), ('skip_connect', 5)], [('skip_connect', 5), ('skip_connect', 6)], [('skip_connect', 6), ('skip_connect', 8)], [('skip_connect', 7), ('skip_connect', 8)], [('skip_connect', 8), ('skip_connect', 10)]], DAG2_concat=range(10, 12), DAG3=[[('skip_connect', 0), ('skip_connect', 1)], [('skip_connect', 1), ('skip_connect', 0)], [('skip_connect', 1), ('max_pool_3x3', 2)], [('skip_connect', 2), ('skip_connect', 3)], [('skip_connect', 3), ('skip_connect', 4)], [('max_pool_3x3', 4), ('max_pool_3x3', 5)], [('skip_connect', 5), ('skip_connect', 6)], [('skip_connect', 6), ('skip_connect', 8)], [('max_pool_3x3', 7), ('skip_connect', 8)], [('max_pool_3x3', 9), ('max_pool_3x3', 8)]], DAG3_concat=range(10, 12))
11/13 02:56:46AM trainer_runner.py:105 [INFO] Until now, best Prec@1 = 11.9440%
####### ALPHA #######
# Alpha - DAG
tensor([[0.2505, 0.2481, 0.2508, 0.2506],
        [0.2504, 0.2486, 0.2515, 0.2495]], device='cuda:0',
       grad_fn=<SoftmaxBackward0>)
tensor([[0.2511, 0.2479, 0.2513, 0.2498],
        [0.2502, 0.2475, 0.2523, 0.2499],
        [0.2495, 0.2502, 0.2500, 0.2502]], device='cuda:0',
       grad_fn=<SoftmaxBackward0>)
tensor([[0.2555, 0.2460, 0.2513, 0.2472],
        [0.2509, 0.2490, 0.2483, 0.2519],
        [0.2528, 0.2469, 0.2494, 0.2510]], device='cuda:0',
       grad_fn=<SoftmaxBackward0>)
tensor([[0.2499, 0.2484, 0.2508, 0.2509],
        [0.2519, 0.2486, 0.2510, 0.2485],
        [0.2500, 0.2487, 0.2499, 0.2514]], device='cuda:0',
