08/21 04:20:00PM parser.py:28 [INFO] 
08/21 04:20:00PM parser.py:29 [INFO] Parameters:
08/21 04:20:00PM parser.py:31 [INFO] DAG_PATH=results/search_stage_KD/cifar10/noSlideWindow/s0-20240821-162000/DAG
08/21 04:20:00PM parser.py:31 [INFO] T=10.0
08/21 04:20:00PM parser.py:31 [INFO] ADVANCED=False
08/21 04:20:00PM parser.py:31 [INFO] ALPHA_LR=0.0003
08/21 04:20:00PM parser.py:31 [INFO] ALPHA_WEIGHT_DECAY=0.001
08/21 04:20:00PM parser.py:31 [INFO] BATCH_SIZE=64
08/21 04:20:00PM parser.py:31 [INFO] CASCADE=True
08/21 04:20:00PM parser.py:31 [INFO] CHECKPOINT_RESET=False
08/21 04:20:00PM parser.py:31 [INFO] CUTOUT_LENGTH=0
08/21 04:20:00PM parser.py:31 [INFO] DATA_PATH=../data/
08/21 04:20:00PM parser.py:31 [INFO] DATASET=cifar10
08/21 04:20:00PM parser.py:31 [INFO] DESCRIPTION=noSlideWindow_version_searching_stage
08/21 04:20:00PM parser.py:31 [INFO] EPOCHS=50
08/21 04:20:00PM parser.py:31 [INFO] EXP_NAME=s0-20240821-162000
08/21 04:20:00PM parser.py:31 [INFO] GENOTYPE=Genotype3(normal1=[[('sep_conv_5x5', 0), ('sep_conv_3x3', 1)], [('sep_conv_3x3', 1), ('sep_conv_3x3', 0)], [('sep_conv_3x3', 1), ('sep_conv_3x3', 2)], [('sep_conv_3x3', 0), ('sep_conv_5x5', 4)]], normal1_concat=range(2, 6), reduce1=[[('sep_conv_3x3', 0), ('skip_connect', 1)], [('sep_conv_3x3', 1), ('max_pool_3x3', 0)], [('sep_conv_3x3', 2), ('sep_conv_3x3', 1)], [('max_pool_3x3', 0), ('dil_conv_3x3', 1)]], reduce1_concat=range(2, 6), normal2=[[('skip_connect', 0), ('sep_conv_5x5', 1)], [('skip_connect', 0), ('skip_connect', 2)], [('avg_pool_3x3', 0), ('avg_pool_3x3', 2)], [('skip_connect', 0), ('avg_pool_3x3', 2)]], normal2_concat=range(2, 6), reduce2=[[('avg_pool_3x3', 0), ('avg_pool_3x3', 1)], [('avg_pool_3x3', 0), ('skip_connect', 2)], [('skip_connect', 2), ('avg_pool_3x3', 0)], [('skip_connect', 2), ('avg_pool_3x3', 0)]], reduce2_concat=range(2, 6), normal3=[[('skip_connect', 0), ('skip_connect', 1)], [('skip_connect', 0), ('dil_conv_3x3', 1)], [('skip_connect', 0), ('skip_connect', 1)], [('skip_connect', 0), ('skip_connect', 2)]], normal3_concat=range(2, 6))
08/21 04:20:00PM parser.py:31 [INFO] GPUS=[0]
08/21 04:20:00PM parser.py:31 [INFO] INIT_CHANNELS=16
08/21 04:20:00PM parser.py:31 [INFO] L=0.5
08/21 04:20:00PM parser.py:31 [INFO] LAYERS=20
08/21 04:20:00PM parser.py:31 [INFO] LOGGER=<Logger H-DAS (INFO)>
08/21 04:20:00PM parser.py:31 [INFO] NAME=noSlideWindow
08/21 04:20:00PM parser.py:31 [INFO] NONKD=True
08/21 04:20:00PM parser.py:31 [INFO] PATH=results/search_stage_KD/cifar10/noSlideWindow/s0-20240821-162000
08/21 04:20:00PM parser.py:31 [INFO] PCDARTS=False
08/21 04:20:00PM parser.py:31 [INFO] PLOT_PATH=results/search_stage_KD/cifar10/noSlideWindow/s0-20240821-162000/plots
08/21 04:20:00PM parser.py:31 [INFO] PRINT_FREQ=50
08/21 04:20:00PM parser.py:31 [INFO] RESUME_PATH=None
08/21 04:20:00PM parser.py:31 [INFO] SAVE=s0
08/21 04:20:00PM parser.py:31 [INFO] SEED=0
08/21 04:20:00PM parser.py:31 [INFO] SHARE_STAGE=False
08/21 04:20:00PM parser.py:31 [INFO] SPEC_CELL=True
08/21 04:20:00PM parser.py:31 [INFO] TEACHER_NAME=non
08/21 04:20:00PM parser.py:31 [INFO] TEACHER_PATH=non
08/21 04:20:00PM parser.py:31 [INFO] TRAIN_PORTION=0.5
08/21 04:20:00PM parser.py:31 [INFO] W_GRAD_CLIP=5.0
08/21 04:20:00PM parser.py:31 [INFO] W_LR=0.025
08/21 04:20:00PM parser.py:31 [INFO] W_LR_MIN=0.001
08/21 04:20:00PM parser.py:31 [INFO] W_MOMENTUM=0.9
08/21 04:20:00PM parser.py:31 [INFO] W_WEIGHT_DECAY=0.0003
08/21 04:20:00PM parser.py:31 [INFO] WORKERS=4
08/21 04:20:00PM parser.py:32 [INFO] 
08/21 04:20:13PM searchStage_trainer.py:134 [INFO] --> No loaded checkpoint!
####### ALPHA #######
# Alpha - DAG
tensor([[0.2500, 0.2501, 0.2500, 0.2499],
        [0.2500, 0.2496, 0.2501, 0.2502]], device='cuda:0',
       grad_fn=<SoftmaxBackward0>)
tensor([[0.2499, 0.2504, 0.2501, 0.2497],
        [0.2501, 0.2502, 0.2501, 0.2495],
        [0.2500, 0.2496, 0.2502, 0.2501]], device='cuda:0',
       grad_fn=<SoftmaxBackward0>)
tensor([[0.2502, 0.2502, 0.2497, 0.2499],
        [0.2504, 0.2496, 0.2501, 0.2499],
        [0.2498, 0.2503, 0.2502, 0.2497],
        [0.2501, 0.2503, 0.2499, 0.2497]], device='cuda:0',
       grad_fn=<SoftmaxBackward0>)
tensor([[0.2502, 0.2500, 0.2499, 0.2498],
        [0.2499, 0.2503, 0.2500, 0.2498],
        [0.2500, 0.2496, 0.2503, 0.2500],
        [0.2501, 0.2495, 0.2505, 0.2499],
        [0.2498, 0.2499, 0.2504, 0.2499]], device='cuda:0',
       grad_fn=<SoftmaxBackward0>)
tensor([[0.2501, 0.2499, 0.2498, 0.2502],
        [0.2502, 0.2498, 0.2499, 0.2500],
        [0.2501, 0.2502, 0.2499, 0.2498],
        [0.2498, 0.2498, 0.2498, 0.2506],
        [0.2502, 0.2500, 0.2499, 0.2499],
        [0.2500, 0.2501, 0.2501, 0.2498]], device='cuda:0',
       grad_fn=<SoftmaxBackward0>)
tensor([[0.2500, 0.2499, 0.2501, 0.2500],
        [0.2500, 0.2502, 0.2501, 0.2497],
        [0.2502, 0.2500, 0.2499, 0.2500],
        [0.2501, 0.2499, 0.2499, 0.2500],
        [0.2497, 0.2498, 0.2500, 0.2504],
        [0.2499, 0.2503, 0.2498, 0.2500],
        [0.2497, 0.2499, 0.2502, 0.2501]], device='cuda:0',
       grad_fn=<SoftmaxBackward0>)
tensor([[0.2499, 0.2503, 0.2499, 0.2499],
        [0.2500, 0.2500, 0.2502, 0.2499]], device='cuda:0',
       grad_fn=<SoftmaxBackward0>)
tensor([[0.2499, 0.2498, 0.2498, 0.2505],
        [0.2501, 0.2502, 0.2497, 0.2500],
        [0.2499, 0.2496, 0.2503, 0.2501]], device='cuda:0',
       grad_fn=<SoftmaxBackward0>)
tensor([[0.2500, 0.2498, 0.2501, 0.2501],
        [0.2501, 0.2499, 0.2500, 0.2500],
        [0.2503, 0.2501, 0.2496, 0.2501],
        [0.2495, 0.2501, 0.2504, 0.2501]], device='cuda:0',
       grad_fn=<SoftmaxBackward0>)
tensor([[0.2502, 0.2505, 0.2497, 0.2497],
        [0.2502, 0.2498, 0.2499, 0.2501],
        [0.2496, 0.2502, 0.2503, 0.2500],
        [0.2501, 0.2501, 0.2496, 0.2501],
        [0.2503, 0.2497, 0.2502, 0.2498]], device='cuda:0',
       grad_fn=<SoftmaxBackward0>)
tensor([[0.2499, 0.2499, 0.2502, 0.2500],
        [0.2499, 0.2501, 0.2501, 0.2499],
        [0.2502, 0.2501, 0.2502, 0.2495],
        [0.2498, 0.2502, 0.2502, 0.2498],
        [0.2499, 0.2498, 0.2500, 0.2504],
        [0.2501, 0.2501, 0.2501, 0.2497]], device='cuda:0',
       grad_fn=<SoftmaxBackward0>)
tensor([[0.2498, 0.2505, 0.2495, 0.2502],
        [0.2501, 0.2500, 0.2498, 0.2501],
        [0.2502, 0.2497, 0.2501, 0.2501],
        [0.2500, 0.2502, 0.2500, 0.2498],
        [0.2496, 0.2503, 0.2499, 0.2501],
        [0.2501, 0.2502, 0.2498, 0.2499],
        [0.2495, 0.2498, 0.2503, 0.2504]], device='cuda:0',
       grad_fn=<SoftmaxBackward0>)
tensor([[0.2502, 0.2497, 0.2501, 0.2500],
        [0.2498, 0.2505, 0.2498, 0.2499]], device='cuda:0',
       grad_fn=<SoftmaxBackward0>)
tensor([[0.2502, 0.2496, 0.2501, 0.2501],
        [0.2497, 0.2501, 0.2500, 0.2502],
        [0.2502, 0.2499, 0.2498, 0.2502]], device='cuda:0',
       grad_fn=<SoftmaxBackward0>)
tensor([[0.2499, 0.2500, 0.2499, 0.2502],
        [0.2503, 0.2496, 0.2501, 0.2500],
        [0.2495, 0.2501, 0.2498, 0.2506],
        [0.2505, 0.2500, 0.2497, 0.2498]], device='cuda:0',
       grad_fn=<SoftmaxBackward0>)
tensor([[0.2499, 0.2503, 0.2500, 0.2498],
        [0.2500, 0.2499, 0.2499, 0.2502],
        [0.2498, 0.2500, 0.2497, 0.2505],
        [0.2500, 0.2500, 0.2498, 0.2502],
        [0.2498, 0.2501, 0.2499, 0.2502]], device='cuda:0',
       grad_fn=<SoftmaxBackward0>)
tensor([[0.2498, 0.2502, 0.2502, 0.2498],
        [0.2501, 0.2496, 0.2505, 0.2499],
        [0.2497, 0.2502, 0.2502, 0.2499],
        [0.2499, 0.2501, 0.2499, 0.2501],
        [0.2500, 0.2495, 0.2499, 0.2505],
        [0.2497, 0.2499, 0.2499, 0.2505]], device='cuda:0',
       grad_fn=<SoftmaxBackward0>)
tensor([[0.2500, 0.2495, 0.2503, 0.2502],
        [0.2501, 0.2501, 0.2499, 0.2499],
        [0.2502, 0.2498, 0.2500, 0.2499],
        [0.2499, 0.2499, 0.2504, 0.2499],
        [0.2498, 0.2502, 0.2499, 0.2500],
        [0.2499, 0.2498, 0.2498, 0.2505],
        [0.2499, 0.2502, 0.2502, 0.2497]], device='cuda:0',
       grad_fn=<SoftmaxBackward0>)
#####################
08/21 04:20:30PM searchStage_trainer.py:267 [INFO] Train: Epoch: [0][50/390]	Step 50	lr 0.025	Loss 2.0711 (2.2521)	Hard Loss 2.0711 (2.2521)	Soft Loss 2.0711 (2.2521)	Arch Loss 2.1166 (2.2560)	Arch Hard Loss 0.0000 (0.0000)	Arch Soft Loss 0.0000 (0.0000)	Arch depth Loss 0.0000 (0.0000)	Prec@(1,5) (18.2%, 68.8%)	
08/21 04:20:46PM searchStage_trainer.py:267 [INFO] Train: Epoch: [0][100/390]	Step 100	lr 0.025	Loss 1.9561 (2.1589)	Hard Loss 1.9561 (2.1589)	Soft Loss 1.9561 (2.1589)	Arch Loss 1.9452 (2.1623)	Arch Hard Loss 0.0000 (0.0000)	Arch Soft Loss 0.0000 (0.0000)	Arch depth Loss 0.0000 (0.0000)	Prec@(1,5) (21.2%, 73.9%)	
08/21 04:21:01PM searchStage_trainer.py:267 [INFO] Train: Epoch: [0][150/390]	Step 150	lr 0.025	Loss 1.9155 (2.0644)	Hard Loss 1.9155 (2.0644)	Soft Loss 1.9155 (2.0644)	Arch Loss 1.7396 (2.0518)	Arch Hard Loss 0.0000 (0.0000)	Arch Soft Loss 0.0000 (0.0000)	Arch depth Loss 0.0000 (0.0000)	Prec@(1,5) (23.6%, 77.2%)	
08/21 04:21:17PM searchStage_trainer.py:267 [INFO] Train: Epoch: [0][200/390]	Step 200	lr 0.025	Loss 1.7719 (1.9933)	Hard Loss 1.7719 (1.9933)	Soft Loss 1.7719 (1.9933)	Arch Loss 1.8638 (1.9888)	Arch Hard Loss 0.0000 (0.0000)	Arch Soft Loss 0.0000 (0.0000)	Arch depth Loss 0.0000 (0.0000)	Prec@(1,5) (25.7%, 79.4%)	
08/21 04:21:33PM searchStage_trainer.py:267 [INFO] Train: Epoch: [0][250/390]	Step 250	lr 0.025	Loss 1.6338 (1.9404)	Hard Loss 1.6338 (1.9404)	Soft Loss 1.6338 (1.9404)	Arch Loss 1.6999 (1.9343)	Arch Hard Loss 0.0000 (0.0000)	Arch Soft Loss 0.0000 (0.0000)	Arch depth Loss 0.0000 (0.0000)	Prec@(1,5) (27.2%, 81.0%)	
08/21 04:21:48PM searchStage_trainer.py:267 [INFO] Train: Epoch: [0][300/390]	Step 300	lr 0.025	Loss 1.6087 (1.8959)	Hard Loss 1.6087 (1.8959)	Soft Loss 1.6087 (1.8959)	Arch Loss 1.6321 (1.8875)	Arch Hard Loss 0.0000 (0.0000)	Arch Soft Loss 0.0000 (0.0000)	Arch depth Loss 0.0000 (0.0000)	Prec@(1,5) (28.6%, 82.3%)	
08/21 04:22:04PM searchStage_trainer.py:267 [INFO] Train: Epoch: [0][350/390]	Step 350	lr 0.025	Loss 1.6951 (1.8585)	Hard Loss 1.6951 (1.8585)	Soft Loss 1.6951 (1.8585)	Arch Loss 1.6502 (1.8505)	Arch Hard Loss 0.0000 (0.0000)	Arch Soft Loss 0.0000 (0.0000)	Arch depth Loss 0.0000 (0.0000)	Prec@(1,5) (30.0%, 83.2%)	
08/21 04:22:17PM searchStage_trainer.py:267 [INFO] Train: Epoch: [0][390/390]	Step 390	lr 0.025	Loss 1.5143 (1.8337)	Hard Loss 1.5143 (1.8337)	Soft Loss 1.5143 (1.8337)	Arch Loss 1.6841 (1.8267)	Arch Hard Loss 0.0000 (0.0000)	Arch Soft Loss 0.0000 (0.0000)	Arch depth Loss 0.0000 (0.0000)	Prec@(1,5) (30.9%, 83.8%)	
08/21 04:22:17PM searchStage_trainer.py:283 [INFO] Train: [  0/49] Final Prec@1 30.9480%
08/21 04:22:20PM searchStage_trainer.py:311 [INFO] Valid: Epoch: [0][50/391]	Step 391	Loss 1.6194	Prec@(1,5) (39.7%, 88.9%)
08/21 04:22:23PM searchStage_trainer.py:311 [INFO] Valid: Epoch: [0][100/391]	Step 391	Loss 1.6300	Prec@(1,5) (38.9%, 89.2%)
08/21 04:22:25PM searchStage_trainer.py:311 [INFO] Valid: Epoch: [0][150/391]	Step 391	Loss 1.6430	Prec@(1,5) (38.6%, 89.1%)
08/21 04:22:28PM searchStage_trainer.py:311 [INFO] Valid: Epoch: [0][200/391]	Step 391	Loss 1.6412	Prec@(1,5) (38.4%, 89.2%)
08/21 04:22:31PM searchStage_trainer.py:311 [INFO] Valid: Epoch: [0][250/391]	Step 391	Loss 1.6387	Prec@(1,5) (38.2%, 89.3%)
08/21 04:22:33PM searchStage_trainer.py:311 [INFO] Valid: Epoch: [0][300/391]	Step 391	Loss 1.6353	Prec@(1,5) (38.2%, 89.3%)
08/21 04:22:36PM searchStage_trainer.py:311 [INFO] Valid: Epoch: [0][350/391]	Step 391	Loss 1.6302	Prec@(1,5) (38.5%, 89.2%)
08/21 04:22:38PM searchStage_trainer.py:311 [INFO] Valid: Epoch: [0][390/391]	Step 391	Loss 1.6289	Prec@(1,5) (38.5%, 89.2%)
08/21 04:22:38PM searchStage_trainer.py:322 [INFO] Valid: [  0/49] Final Prec@1 38.5120%
08/21 04:22:38PM searchStage_KD_main.py:58 [INFO] DAG = Genotype2(DAG1=[[('avg_pool_3x3', 0), ('skip_connect', 1)], [('avg_pool_3x3', 0), ('avg_pool_3x3', 1)], [('avg_pool_3x3', 2), ('avg_pool_3x3', 0)], [('skip_connect', 3), ('avg_pool_3x3', 1)], [('max_pool_3x3', 1), ('max_pool_3x3', 0)], [('avg_pool_3x3', 5), ('max_pool_3x3', 3)]], DAG1_concat=range(6, 8), DAG2=[[('skip_connect', 1), ('avg_pool_3x3', 0)], [('skip_connect', 2), ('avg_pool_3x3', 1)], [('skip_connect', 3), ('max_pool_3x3', 2)], [('avg_pool_3x3', 0), ('max_pool_3x3', 4)], [('skip_connect', 2), ('skip_connect', 1)], [('avg_pool_3x3', 0), ('avg_pool_3x3', 4)]], DAG2_concat=range(6, 8), DAG3=[[('avg_pool_3x3', 1), ('max_pool_3x3', 0)], [('max_pool_3x3', 0), ('avg_pool_3x3', 1)], [('max_pool_3x3', 3), ('max_pool_3x3', 1)], [('avg_pool_3x3', 0), ('avg_pool_3x3', 3)], [('skip_connect', 2), ('skip_connect', 1)], [('max_pool_3x3', 2), ('max_pool_3x3', 1)]], DAG3_concat=range(6, 8))
08/21 04:22:38PM searchStage_KD_main.py:89 [INFO] Until now, best Prec@1 = 38.5120%
####### ALPHA #######
# Alpha - DAG
tensor([[0.2500, 0.2501, 0.2500, 0.2499],
        [0.2500, 0.2496, 0.2501, 0.2502]], device='cuda:0',
       grad_fn=<SoftmaxBackward0>)
tensor([[0.2499, 0.2504, 0.2501, 0.2497],
        [0.2501, 0.2502, 0.2501, 0.2495],
        [0.2500, 0.2496, 0.2502, 0.2501]], device='cuda:0',
       grad_fn=<SoftmaxBackward0>)
tensor([[0.2502, 0.2502, 0.2497, 0.2499],
        [0.2504, 0.2496, 0.2501, 0.2499],
        [0.2498, 0.2503, 0.2502, 0.2497],
        [0.2501, 0.2503, 0.2499, 0.2497]], device='cuda:0',
       grad_fn=<SoftmaxBackward0>)
tensor([[0.2502, 0.2500, 0.2499, 0.2498],
        [0.2499, 0.2503, 0.2500, 0.2498],
        [0.2500, 0.2496, 0.2503, 0.2500],
        [0.2501, 0.2495, 0.2505, 0.2499],
        [0.2498, 0.2499, 0.2504, 0.2499]], device='cuda:0',
       grad_fn=<SoftmaxBackward0>)
tensor([[0.2501, 0.2499, 0.2498, 0.2502],
        [0.2502, 0.2498, 0.2499, 0.2500],
        [0.2501, 0.2502, 0.2499, 0.2498],
        [0.2498, 0.2498, 0.2498, 0.2506],
        [0.2502, 0.2500, 0.2499, 0.2499],
        [0.2500, 0.2501, 0.2501, 0.2498]], device='cuda:0',
       grad_fn=<SoftmaxBackward0>)
tensor([[0.2500, 0.2499, 0.2501, 0.2500],
        [0.2500, 0.2502, 0.2501, 0.2497],
        [0.2502, 0.2500, 0.2499, 0.2500],
        [0.2501, 0.2499, 0.2499, 0.2500],
        [0.2497, 0.2498, 0.2500, 0.2504],
        [0.2499, 0.2503, 0.2498, 0.2500],
        [0.2497, 0.2499, 0.2502, 0.2501]], device='cuda:0',
       grad_fn=<SoftmaxBackward0>)
tensor([[0.2499, 0.2503, 0.2499, 0.2499],
        [0.2500, 0.2500, 0.2502, 0.2499]], device='cuda:0',
       grad_fn=<SoftmaxBackward0>)
tensor([[0.2499, 0.2498, 0.2498, 0.2505],
        [0.2501, 0.2502, 0.2497, 0.2500],
        [0.2499, 0.2496, 0.2503, 0.2501]], device='cuda:0',
       grad_fn=<SoftmaxBackward0>)
tensor([[0.2500, 0.2498, 0.2501, 0.2501],
        [0.2501, 0.2499, 0.2500, 0.2500],
        [0.2503, 0.2501, 0.2496, 0.2501],
        [0.2495, 0.2501, 0.2504, 0.2501]], device='cuda:0',
       grad_fn=<SoftmaxBackward0>)
tensor([[0.2502, 0.2505, 0.2497, 0.2497],
        [0.2502, 0.2498, 0.2499, 0.2501],
        [0.2496, 0.2502, 0.2503, 0.2500],
        [0.2501, 0.2501, 0.2496, 0.2501],
        [0.2503, 0.2497, 0.2502, 0.2498]], device='cuda:0',
       grad_fn=<SoftmaxBackward0>)
tensor([[0.2499, 0.2499, 0.2502, 0.2500],
        [0.2499, 0.2501, 0.2501, 0.2499],
        [0.2502, 0.2501, 0.2502, 0.2495],
        [0.2498, 0.2502, 0.2502, 0.2498],
        [0.2499, 0.2498, 0.2500, 0.2504],
        [0.2501, 0.2501, 0.2501, 0.2497]], device='cuda:0',
       grad_fn=<SoftmaxBackward0>)
tensor([[0.2498, 0.2505, 0.2495, 0.2502],
        [0.2501, 0.2500, 0.2498, 0.2501],
        [0.2502, 0.2497, 0.2501, 0.2501],
        [0.2500, 0.2502, 0.2500, 0.2498],
        [0.2496, 0.2503, 0.2499, 0.2501],
        [0.2501, 0.2502, 0.2498, 0.2499],
        [0.2495, 0.2498, 0.2503, 0.2504]], device='cuda:0',
       grad_fn=<SoftmaxBackward0>)
tensor([[0.2502, 0.2497, 0.2501, 0.2500],
        [0.2498, 0.2505, 0.2498, 0.2499]], device='cuda:0',
       grad_fn=<SoftmaxBackward0>)
tensor([[0.2502, 0.2496, 0.2501, 0.2501],
        [0.2497, 0.2501, 0.2500, 0.2502],
        [0.2502, 0.2499, 0.2498, 0.2502]], device='cuda:0',
       grad_fn=<SoftmaxBackward0>)
tensor([[0.2499, 0.2500, 0.2499, 0.2502],
        [0.2503, 0.2496, 0.2501, 0.2500],
        [0.2495, 0.2501, 0.2498, 0.2506],
        [0.2505, 0.2500, 0.2497, 0.2498]], device='cuda:0',
       grad_fn=<SoftmaxBackward0>)
tensor([[0.2499, 0.2503, 0.2500, 0.2498],
        [0.2500, 0.2499, 0.2499, 0.2502],
        [0.2498, 0.2500, 0.2497, 0.2505],
        [0.2500, 0.2500, 0.2498, 0.2502],
        [0.2498, 0.2501, 0.2499, 0.2502]], device='cuda:0',
       grad_fn=<SoftmaxBackward0>)
tensor([[0.2498, 0.2502, 0.2502, 0.2498],
        [0.2501, 0.2496, 0.2505, 0.2499],
        [0.2497, 0.2502, 0.2502, 0.2499],
        [0.2499, 0.2501, 0.2499, 0.2501],
        [0.2500, 0.2495, 0.2499, 0.2505],
        [0.2497, 0.2499, 0.2499, 0.2505]], device='cuda:0',
       grad_fn=<SoftmaxBackward0>)
tensor([[0.2500, 0.2495, 0.2503, 0.2502],
        [0.2501, 0.2501, 0.2499, 0.2499],
        [0.2502, 0.2498, 0.2500, 0.2499],
        [0.2499, 0.2499, 0.2504, 0.2499],
        [0.2498, 0.2502, 0.2499, 0.2500],
        [0.2499, 0.2498, 0.2498, 0.2505],
        [0.2499, 0.2502, 0.2502, 0.2497]], device='cuda:0',
       grad_fn=<SoftmaxBackward0>)
#####################
08/21 04:22:55午後 searchStage_trainer.py:267 [INFO] Train: Epoch: [1][50/390]	Step 441	lr 0.02498	Loss 1.5922 (1.5701)	Hard Loss 1.5922 (1.5701)	Soft Loss 1.5922 (1.5701)	Arch Loss 1.3629 (1.5586)	Arch Hard Loss 0.0000 (0.0000)	Arch Soft Loss 0.0000 (0.0000)	Arch depth Loss 0.0000 (0.0000)	Prec@(1,5) (42.3%, 90.0%)	
08/21 04:23:10午後 searchStage_trainer.py:267 [INFO] Train: Epoch: [1][100/390]	Step 491	lr 0.02498	Loss 1.6502 (1.5416)	Hard Loss 1.6502 (1.5416)	Soft Loss 1.6502 (1.5416)	Arch Loss 1.5554 (1.5535)	Arch Hard Loss 0.0000 (0.0000)	Arch Soft Loss 0.0000 (0.0000)	Arch depth Loss 0.0000 (0.0000)	Prec@(1,5) (43.1%, 90.4%)	
08/21 04:23:26午後 searchStage_trainer.py:267 [INFO] Train: Epoch: [1][150/390]	Step 541	lr 0.02498	Loss 1.4741 (1.5315)	Hard Loss 1.4741 (1.5315)	Soft Loss 1.4741 (1.5315)	Arch Loss 1.4649 (1.5444)	Arch Hard Loss 0.0000 (0.0000)	Arch Soft Loss 0.0000 (0.0000)	Arch depth Loss 0.0000 (0.0000)	Prec@(1,5) (43.6%, 90.8%)	
08/21 04:23:42午後 searchStage_trainer.py:267 [INFO] Train: Epoch: [1][200/390]	Step 591	lr 0.02498	Loss 1.5986 (1.5277)	Hard Loss 1.5986 (1.5277)	Soft Loss 1.5986 (1.5277)	Arch Loss 1.4844 (1.5443)	Arch Hard Loss 0.0000 (0.0000)	Arch Soft Loss 0.0000 (0.0000)	Arch depth Loss 0.0000 (0.0000)	Prec@(1,5) (43.6%, 90.8%)	
08/21 04:23:58午後 searchStage_trainer.py:267 [INFO] Train: Epoch: [1][250/390]	Step 641	lr 0.02498	Loss 1.3895 (1.5161)	Hard Loss 1.3895 (1.5161)	Soft Loss 1.3895 (1.5161)	Arch Loss 1.3637 (1.5317)	Arch Hard Loss 0.0000 (0.0000)	Arch Soft Loss 0.0000 (0.0000)	Arch depth Loss 0.0000 (0.0000)	Prec@(1,5) (43.9%, 91.0%)	
08/21 04:24:13午後 searchStage_trainer.py:267 [INFO] Train: Epoch: [1][300/390]	Step 691	lr 0.02498	Loss 1.5108 (1.5057)	Hard Loss 1.5108 (1.5057)	Soft Loss 1.5108 (1.5057)	Arch Loss 1.3714 (1.5198)	Arch Hard Loss 0.0000 (0.0000)	Arch Soft Loss 0.0000 (0.0000)	Arch depth Loss 0.0000 (0.0000)	Prec@(1,5) (44.2%, 91.1%)	
08/21 04:24:29午後 searchStage_trainer.py:267 [INFO] Train: Epoch: [1][350/390]	Step 741	lr 0.02498	Loss 1.4434 (1.4979)	Hard Loss 1.4434 (1.4979)	Soft Loss 1.4434 (1.4979)	Arch Loss 1.2353 (1.5012)	Arch Hard Loss 0.0000 (0.0000)	Arch Soft Loss 0.0000 (0.0000)	Arch depth Loss 0.0000 (0.0000)	Prec@(1,5) (44.7%, 91.2%)	
08/21 04:24:42午後 searchStage_trainer.py:267 [INFO] Train: Epoch: [1][390/390]	Step 781	lr 0.02498	Loss 1.6603 (1.4905)	Hard Loss 1.6603 (1.4905)	Soft Loss 1.6603 (1.4905)	Arch Loss 1.4258 (1.4931)	Arch Hard Loss 0.0000 (0.0000)	Arch Soft Loss 0.0000 (0.0000)	Arch depth Loss 0.0000 (0.0000)	Prec@(1,5) (45.0%, 91.3%)	
08/21 04:24:42午後 searchStage_trainer.py:283 [INFO] Train: [  1/49] Final Prec@1 44.9840%
08/21 04:24:45午後 searchStage_trainer.py:311 [INFO] Valid: Epoch: [1][50/391]	Step 782	Loss 1.6590	Prec@(1,5) (41.3%, 90.6%)
08/21 04:24:47午後 searchStage_trainer.py:311 [INFO] Valid: Epoch: [1][100/391]	Step 782	Loss 1.6661	Prec@(1,5) (40.7%, 90.7%)
08/21 04:24:50午後 searchStage_trainer.py:311 [INFO] Valid: Epoch: [1][150/391]	Step 782	Loss 1.6655	Prec@(1,5) (40.9%, 90.5%)
08/21 04:24:53午後 searchStage_trainer.py:311 [INFO] Valid: Epoch: [1][200/391]	Step 782	Loss 1.6679	Prec@(1,5) (41.1%, 90.3%)
08/21 04:24:55午後 searchStage_trainer.py:311 [INFO] Valid: Epoch: [1][250/391]	Step 782	Loss 1.6730	Prec@(1,5) (40.9%, 90.1%)
08/21 04:24:58午後 searchStage_trainer.py:311 [INFO] Valid: Epoch: [1][300/391]	Step 782	Loss 1.6745	Prec@(1,5) (40.9%, 90.0%)
08/21 04:25:00午後 searchStage_trainer.py:311 [INFO] Valid: Epoch: [1][350/391]	Step 782	Loss 1.6715	Prec@(1,5) (41.2%, 90.0%)
08/21 04:25:02午後 searchStage_trainer.py:311 [INFO] Valid: Epoch: [1][390/391]	Step 782	Loss 1.6664	Prec@(1,5) (41.3%, 90.0%)
08/21 04:25:02午後 searchStage_trainer.py:322 [INFO] Valid: [  1/49] Final Prec@1 41.3360%
08/21 04:25:02午後 searchStage_KD_main.py:58 [INFO] DAG = Genotype2(DAG1=[[('avg_pool_3x3', 0), ('skip_connect', 1)], [('avg_pool_3x3', 0), ('avg_pool_3x3', 1)], [('avg_pool_3x3', 2), ('avg_pool_3x3', 0)], [('skip_connect', 3), ('avg_pool_3x3', 1)], [('max_pool_3x3', 1), ('max_pool_3x3', 0)], [('avg_pool_3x3', 5), ('max_pool_3x3', 3)]], DAG1_concat=range(6, 8), DAG2=[[('skip_connect', 1), ('avg_pool_3x3', 0)], [('skip_connect', 2), ('avg_pool_3x3', 1)], [('skip_connect', 3), ('max_pool_3x3', 2)], [('avg_pool_3x3', 0), ('max_pool_3x3', 4)], [('skip_connect', 2), ('skip_connect', 1)], [('avg_pool_3x3', 0), ('avg_pool_3x3', 4)]], DAG2_concat=range(6, 8), DAG3=[[('avg_pool_3x3', 1), ('max_pool_3x3', 0)], [('max_pool_3x3', 0), ('avg_pool_3x3', 1)], [('max_pool_3x3', 3), ('max_pool_3x3', 1)], [('avg_pool_3x3', 0), ('avg_pool_3x3', 3)], [('skip_connect', 2), ('skip_connect', 1)], [('max_pool_3x3', 2), ('max_pool_3x3', 1)]], DAG3_concat=range(6, 8))
08/21 04:25:03午後 searchStage_KD_main.py:89 [INFO] Until now, best Prec@1 = 41.3360%
####### ALPHA #######
# Alpha - DAG
tensor([[0.2500, 0.2501, 0.2500, 0.2499],
        [0.2500, 0.2496, 0.2501, 0.2502]], device='cuda:0',
       grad_fn=<SoftmaxBackward0>)
tensor([[0.2499, 0.2504, 0.2501, 0.2497],
        [0.2501, 0.2502, 0.2501, 0.2495],
        [0.2500, 0.2496, 0.2502, 0.2501]], device='cuda:0',
       grad_fn=<SoftmaxBackward0>)
tensor([[0.2502, 0.2502, 0.2497, 0.2499],
        [0.2504, 0.2496, 0.2501, 0.2499],
        [0.2498, 0.2503, 0.2502, 0.2497],
        [0.2501, 0.2503, 0.2499, 0.2497]], device='cuda:0',
       grad_fn=<SoftmaxBackward0>)
tensor([[0.2502, 0.2500, 0.2499, 0.2498],
        [0.2499, 0.2503, 0.2500, 0.2498],
        [0.2500, 0.2496, 0.2503, 0.2500],
        [0.2501, 0.2495, 0.2505, 0.2499],
        [0.2498, 0.2499, 0.2504, 0.2499]], device='cuda:0',
       grad_fn=<SoftmaxBackward0>)
tensor([[0.2501, 0.2499, 0.2498, 0.2502],
        [0.2502, 0.2498, 0.2499, 0.2500],
        [0.2501, 0.2502, 0.2499, 0.2498],
        [0.2498, 0.2498, 0.2498, 0.2506],
        [0.2502, 0.2500, 0.2499, 0.2499],
        [0.2500, 0.2501, 0.2501, 0.2498]], device='cuda:0',
       grad_fn=<SoftmaxBackward0>)
tensor([[0.2500, 0.2499, 0.2501, 0.2500],
        [0.2500, 0.2502, 0.2501, 0.2497],
        [0.2502, 0.2500, 0.2499, 0.2500],
        [0.2501, 0.2499, 0.2499, 0.2500],
        [0.2497, 0.2498, 0.2500, 0.2504],
        [0.2499, 0.2503, 0.2498, 0.2500],
        [0.2497, 0.2499, 0.2502, 0.2501]], device='cuda:0',
       grad_fn=<SoftmaxBackward0>)
tensor([[0.2499, 0.2503, 0.2499, 0.2499],
        [0.2500, 0.2500, 0.2502, 0.2499]], device='cuda:0',
       grad_fn=<SoftmaxBackward0>)
tensor([[0.2499, 0.2498, 0.2498, 0.2505],
        [0.2501, 0.2502, 0.2497, 0.2500],
        [0.2499, 0.2496, 0.2503, 0.2501]], device='cuda:0',
       grad_fn=<SoftmaxBackward0>)
tensor([[0.2500, 0.2498, 0.2501, 0.2501],
        [0.2501, 0.2499, 0.2500, 0.2500],
        [0.2503, 0.2501, 0.2496, 0.2501],
        [0.2495, 0.2501, 0.2504, 0.2501]], device='cuda:0',
       grad_fn=<SoftmaxBackward0>)
tensor([[0.2502, 0.2505, 0.2497, 0.2497],
        [0.2502, 0.2498, 0.2499, 0.2501],
        [0.2496, 0.2502, 0.2503, 0.2500],
        [0.2501, 0.2501, 0.2496, 0.2501],
        [0.2503, 0.2497, 0.2502, 0.2498]], device='cuda:0',
       grad_fn=<SoftmaxBackward0>)
tensor([[0.2499, 0.2499, 0.2502, 0.2500],
        [0.2499, 0.2501, 0.2501, 0.2499],
        [0.2502, 0.2501, 0.2502, 0.2495],
        [0.2498, 0.2502, 0.2502, 0.2498],
        [0.2499, 0.2498, 0.2500, 0.2504],
        [0.2501, 0.2501, 0.2501, 0.2497]], device='cuda:0',
       grad_fn=<SoftmaxBackward0>)
tensor([[0.2498, 0.2505, 0.2495, 0.2502],
        [0.2501, 0.2500, 0.2498, 0.2501],
        [0.2502, 0.2497, 0.2501, 0.2501],
        [0.2500, 0.2502, 0.2500, 0.2498],
        [0.2496, 0.2503, 0.2499, 0.2501],
        [0.2501, 0.2502, 0.2498, 0.2499],
        [0.2495, 0.2498, 0.2503, 0.2504]], device='cuda:0',
       grad_fn=<SoftmaxBackward0>)
tensor([[0.2502, 0.2497, 0.2501, 0.2500],
        [0.2498, 0.2505, 0.2498, 0.2499]], device='cuda:0',
       grad_fn=<SoftmaxBackward0>)
tensor([[0.2502, 0.2496, 0.2501, 0.2501],
        [0.2497, 0.2501, 0.2500, 0.2502],
        [0.2502, 0.2499, 0.2498, 0.2502]], device='cuda:0',
       grad_fn=<SoftmaxBackward0>)
tensor([[0.2499, 0.2500, 0.2499, 0.2502],
        [0.2503, 0.2496, 0.2501, 0.2500],
        [0.2495, 0.2501, 0.2498, 0.2506],
        [0.2505, 0.2500, 0.2497, 0.2498]], device='cuda:0',
       grad_fn=<SoftmaxBackward0>)
tensor([[0.2499, 0.2503, 0.2500, 0.2498],
        [0.2500, 0.2499, 0.2499, 0.2502],
        [0.2498, 0.2500, 0.2497, 0.2505],
        [0.2500, 0.2500, 0.2498, 0.2502],
        [0.2498, 0.2501, 0.2499, 0.2502]], device='cuda:0',
       grad_fn=<SoftmaxBackward0>)
tensor([[0.2498, 0.2502, 0.2502, 0.2498],
        [0.2501, 0.2496, 0.2505, 0.2499],
        [0.2497, 0.2502, 0.2502, 0.2499],
        [0.2499, 0.2501, 0.2499, 0.2501],
        [0.2500, 0.2495, 0.2499, 0.2505],
        [0.2497, 0.2499, 0.2499, 0.2505]], device='cuda:0',
       grad_fn=<SoftmaxBackward0>)
tensor([[0.2500, 0.2495, 0.2503, 0.2502],
        [0.2501, 0.2501, 0.2499, 0.2499],
        [0.2502, 0.2498, 0.2500, 0.2499],
        [0.2499, 0.2499, 0.2504, 0.2499],
        [0.2498, 0.2502, 0.2499, 0.2500],
        [0.2499, 0.2498, 0.2498, 0.2505],
        [0.2499, 0.2502, 0.2502, 0.2497]], device='cuda:0',
       grad_fn=<SoftmaxBackward0>)
#####################
08/21 04:25:19午後 searchStage_trainer.py:267 [INFO] Train: Epoch: [2][50/390]	Step 832	lr 0.02491	Loss 1.3113 (1.4036)	Hard Loss 1.3113 (1.4036)	Soft Loss 1.3113 (1.4036)	Arch Loss 1.4193 (1.4125)	Arch Hard Loss 0.0000 (0.0000)	Arch Soft Loss 0.0000 (0.0000)	Arch depth Loss 0.0000 (0.0000)	Prec@(1,5) (49.3%, 92.7%)	
08/21 04:25:35午後 searchStage_trainer.py:267 [INFO] Train: Epoch: [2][100/390]	Step 882	lr 0.02491	Loss 1.2569 (1.3896)	Hard Loss 1.2569 (1.3896)	Soft Loss 1.2569 (1.3896)	Arch Loss 1.1001 (1.4040)	Arch Hard Loss 0.0000 (0.0000)	Arch Soft Loss 0.0000 (0.0000)	Arch depth Loss 0.0000 (0.0000)	Prec@(1,5) (49.5%, 92.9%)	
08/21 04:25:51午後 searchStage_trainer.py:267 [INFO] Train: Epoch: [2][150/390]	Step 932	lr 0.02491	Loss 1.5505 (1.3775)	Hard Loss 1.5505 (1.3775)	Soft Loss 1.5505 (1.3775)	Arch Loss 1.1134 (1.3743)	Arch Hard Loss 0.0000 (0.0000)	Arch Soft Loss 0.0000 (0.0000)	Arch depth Loss 0.0000 (0.0000)	Prec@(1,5) (49.6%, 92.9%)	
08/21 04:26:07午後 searchStage_trainer.py:267 [INFO] Train: Epoch: [2][200/390]	Step 982	lr 0.02491	Loss 1.1578 (1.3602)	Hard Loss 1.1578 (1.3602)	Soft Loss 1.1578 (1.3602)	Arch Loss 1.3447 (1.3720)	Arch Hard Loss 0.0000 (0.0000)	Arch Soft Loss 0.0000 (0.0000)	Arch depth Loss 0.0000 (0.0000)	Prec@(1,5) (50.3%, 93.1%)	
08/21 04:26:23午後 searchStage_trainer.py:267 [INFO] Train: Epoch: [2][250/390]	Step 1032	lr 0.02491	Loss 1.2409 (1.3517)	Hard Loss 1.2409 (1.3517)	Soft Loss 1.2409 (1.3517)	Arch Loss 1.2950 (1.3685)	Arch Hard Loss 0.0000 (0.0000)	Arch Soft Loss 0.0000 (0.0000)	Arch depth Loss 0.0000 (0.0000)	Prec@(1,5) (50.5%, 93.1%)	
08/21 04:26:38午後 searchStage_trainer.py:267 [INFO] Train: Epoch: [2][300/390]	Step 1082	lr 0.02491	Loss 1.2668 (1.3433)	Hard Loss 1.2668 (1.3433)	Soft Loss 1.2668 (1.3433)	Arch Loss 1.5048 (1.3584)	Arch Hard Loss 0.0000 (0.0000)	Arch Soft Loss 0.0000 (0.0000)	Arch depth Loss 0.0000 (0.0000)	Prec@(1,5) (50.9%, 93.3%)	
08/21 04:26:54午後 searchStage_trainer.py:267 [INFO] Train: Epoch: [2][350/390]	Step 1132	lr 0.02491	Loss 1.1398 (1.3390)	Hard Loss 1.1398 (1.3390)	Soft Loss 1.1398 (1.3390)	Arch Loss 1.1473 (1.3535)	Arch Hard Loss 0.0000 (0.0000)	Arch Soft Loss 0.0000 (0.0000)	Arch depth Loss 0.0000 (0.0000)	Prec@(1,5) (51.1%, 93.3%)	
08/21 04:27:07午後 searchStage_trainer.py:267 [INFO] Train: Epoch: [2][390/390]	Step 1172	lr 0.02491	Loss 1.3805 (1.3340)	Hard Loss 1.3805 (1.3340)	Soft Loss 1.3805 (1.3340)	Arch Loss 1.4182 (1.3436)	Arch Hard Loss 0.0000 (0.0000)	Arch Soft Loss 0.0000 (0.0000)	Arch depth Loss 0.0000 (0.0000)	Prec@(1,5) (51.3%, 93.5%)	
08/21 04:27:07午後 searchStage_trainer.py:283 [INFO] Train: [  2/49] Final Prec@1 51.3200%
08/21 04:27:10午後 searchStage_trainer.py:311 [INFO] Valid: Epoch: [2][50/391]	Step 1173	Loss 1.3378	Prec@(1,5) (50.9%, 93.4%)
08/21 04:27:13午後 searchStage_trainer.py:311 [INFO] Valid: Epoch: [2][100/391]	Step 1173	Loss 1.3175	Prec@(1,5) (51.9%, 93.4%)
08/21 04:27:15午後 searchStage_trainer.py:311 [INFO] Valid: Epoch: [2][150/391]	Step 1173	Loss 1.3263	Prec@(1,5) (51.6%, 93.2%)
08/21 04:27:18午後 searchStage_trainer.py:311 [INFO] Valid: Epoch: [2][200/391]	Step 1173	Loss 1.3285	Prec@(1,5) (51.2%, 93.4%)
08/21 04:27:20午後 searchStage_trainer.py:311 [INFO] Valid: Epoch: [2][250/391]	Step 1173	Loss 1.3327	Prec@(1,5) (51.0%, 93.3%)
08/21 04:27:23午後 searchStage_trainer.py:311 [INFO] Valid: Epoch: [2][300/391]	Step 1173	Loss 1.3345	Prec@(1,5) (50.9%, 93.3%)
08/21 04:27:26午後 searchStage_trainer.py:311 [INFO] Valid: Epoch: [2][350/391]	Step 1173	Loss 1.3300	Prec@(1,5) (51.0%, 93.4%)
08/21 04:27:28午後 searchStage_trainer.py:311 [INFO] Valid: Epoch: [2][390/391]	Step 1173	Loss 1.3271	Prec@(1,5) (51.0%, 93.4%)
08/21 04:27:28午後 searchStage_trainer.py:322 [INFO] Valid: [  2/49] Final Prec@1 51.0280%
08/21 04:27:28午後 searchStage_KD_main.py:58 [INFO] DAG = Genotype2(DAG1=[[('avg_pool_3x3', 0), ('skip_connect', 1)], [('avg_pool_3x3', 0), ('avg_pool_3x3', 1)], [('avg_pool_3x3', 2), ('avg_pool_3x3', 0)], [('skip_connect', 3), ('avg_pool_3x3', 1)], [('max_pool_3x3', 1), ('max_pool_3x3', 0)], [('avg_pool_3x3', 5), ('max_pool_3x3', 3)]], DAG1_concat=range(6, 8), DAG2=[[('skip_connect', 1), ('avg_pool_3x3', 0)], [('skip_connect', 2), ('avg_pool_3x3', 1)], [('skip_connect', 3), ('max_pool_3x3', 2)], [('avg_pool_3x3', 0), ('max_pool_3x3', 4)], [('skip_connect', 2), ('skip_connect', 1)], [('avg_pool_3x3', 0), ('avg_pool_3x3', 4)]], DAG2_concat=range(6, 8), DAG3=[[('avg_pool_3x3', 1), ('max_pool_3x3', 0)], [('max_pool_3x3', 0), ('avg_pool_3x3', 1)], [('max_pool_3x3', 3), ('max_pool_3x3', 1)], [('avg_pool_3x3', 0), ('avg_pool_3x3', 3)], [('skip_connect', 2), ('skip_connect', 1)], [('max_pool_3x3', 2), ('max_pool_3x3', 1)]], DAG3_concat=range(6, 8))
08/21 04:27:28午後 searchStage_KD_main.py:89 [INFO] Until now, best Prec@1 = 51.0280%
####### ALPHA #######
# Alpha - DAG
tensor([[0.2500, 0.2501, 0.2500, 0.2499],
        [0.2500, 0.2496, 0.2501, 0.2502]], device='cuda:0',
       grad_fn=<SoftmaxBackward0>)
tensor([[0.2499, 0.2504, 0.2501, 0.2497],
        [0.2501, 0.2502, 0.2501, 0.2495],
        [0.2500, 0.2496, 0.2502, 0.2501]], device='cuda:0',
       grad_fn=<SoftmaxBackward0>)
tensor([[0.2502, 0.2502, 0.2497, 0.2499],
        [0.2504, 0.2496, 0.2501, 0.2499],
        [0.2498, 0.2503, 0.2502, 0.2497],
        [0.2501, 0.2503, 0.2499, 0.2497]], device='cuda:0',
       grad_fn=<SoftmaxBackward0>)
tensor([[0.2502, 0.2500, 0.2499, 0.2498],
        [0.2499, 0.2503, 0.2500, 0.2498],
        [0.2500, 0.2496, 0.2503, 0.2500],
        [0.2501, 0.2495, 0.2505, 0.2499],
        [0.2498, 0.2499, 0.2504, 0.2499]], device='cuda:0',
       grad_fn=<SoftmaxBackward0>)
tensor([[0.2501, 0.2499, 0.2498, 0.2502],
        [0.2502, 0.2498, 0.2499, 0.2500],
        [0.2501, 0.2502, 0.2499, 0.2498],
        [0.2498, 0.2498, 0.2498, 0.2506],
        [0.2502, 0.2500, 0.2499, 0.2499],
        [0.2500, 0.2501, 0.2501, 0.2498]], device='cuda:0',
       grad_fn=<SoftmaxBackward0>)
tensor([[0.2500, 0.2499, 0.2501, 0.2500],
        [0.2500, 0.2502, 0.2501, 0.2497],
        [0.2502, 0.2500, 0.2499, 0.2500],
        [0.2501, 0.2499, 0.2499, 0.2500],
        [0.2497, 0.2498, 0.2500, 0.2504],
        [0.2499, 0.2503, 0.2498, 0.2500],
        [0.2497, 0.2499, 0.2502, 0.2501]], device='cuda:0',
       grad_fn=<SoftmaxBackward0>)
tensor([[0.2499, 0.2503, 0.2499, 0.2499],
        [0.2500, 0.2500, 0.2502, 0.2499]], device='cuda:0',
       grad_fn=<SoftmaxBackward0>)
tensor([[0.2499, 0.2498, 0.2498, 0.2505],
        [0.2501, 0.2502, 0.2497, 0.2500],
        [0.2499, 0.2496, 0.2503, 0.2501]], device='cuda:0',
       grad_fn=<SoftmaxBackward0>)
tensor([[0.2500, 0.2498, 0.2501, 0.2501],
        [0.2501, 0.2499, 0.2500, 0.2500],
        [0.2503, 0.2501, 0.2496, 0.2501],
        [0.2495, 0.2501, 0.2504, 0.2501]], device='cuda:0',
       grad_fn=<SoftmaxBackward0>)
tensor([[0.2502, 0.2505, 0.2497, 0.2497],
        [0.2502, 0.2498, 0.2499, 0.2501],
        [0.2496, 0.2502, 0.2503, 0.2500],
        [0.2501, 0.2501, 0.2496, 0.2501],
        [0.2503, 0.2497, 0.2502, 0.2498]], device='cuda:0',
       grad_fn=<SoftmaxBackward0>)
tensor([[0.2499, 0.2499, 0.2502, 0.2500],
        [0.2499, 0.2501, 0.2501, 0.2499],
        [0.2502, 0.2501, 0.2502, 0.2495],
        [0.2498, 0.2502, 0.2502, 0.2498],
        [0.2499, 0.2498, 0.2500, 0.2504],
        [0.2501, 0.2501, 0.2501, 0.2497]], device='cuda:0',
       grad_fn=<SoftmaxBackward0>)
tensor([[0.2498, 0.2505, 0.2495, 0.2502],
        [0.2501, 0.2500, 0.2498, 0.2501],
        [0.2502, 0.2497, 0.2501, 0.2501],
        [0.2500, 0.2502, 0.2500, 0.2498],
        [0.2496, 0.2503, 0.2499, 0.2501],
        [0.2501, 0.2502, 0.2498, 0.2499],
        [0.2495, 0.2498, 0.2503, 0.2504]], device='cuda:0',
       grad_fn=<SoftmaxBackward0>)
tensor([[0.2502, 0.2497, 0.2501, 0.2500],
        [0.2498, 0.2505, 0.2498, 0.2499]], device='cuda:0',
       grad_fn=<SoftmaxBackward0>)
tensor([[0.2502, 0.2496, 0.2501, 0.2501],
        [0.2497, 0.2501, 0.2500, 0.2502],
        [0.2502, 0.2499, 0.2498, 0.2502]], device='cuda:0',
       grad_fn=<SoftmaxBackward0>)
tensor([[0.2499, 0.2500, 0.2499, 0.2502],
        [0.2503, 0.2496, 0.2501, 0.2500],
        [0.2495, 0.2501, 0.2498, 0.2506],
        [0.2505, 0.2500, 0.2497, 0.2498]], device='cuda:0',
       grad_fn=<SoftmaxBackward0>)
tensor([[0.2499, 0.2503, 0.2500, 0.2498],
        [0.2500, 0.2499, 0.2499, 0.2502],
        [0.2498, 0.2500, 0.2497, 0.2505],
        [0.2500, 0.2500, 0.2498, 0.2502],
        [0.2498, 0.2501, 0.2499, 0.2502]], device='cuda:0',
       grad_fn=<SoftmaxBackward0>)
tensor([[0.2498, 0.2502, 0.2502, 0.2498],
        [0.2501, 0.2496, 0.2505, 0.2499],
        [0.2497, 0.2502, 0.2502, 0.2499],
        [0.2499, 0.2501, 0.2499, 0.2501],
        [0.2500, 0.2495, 0.2499, 0.2505],
        [0.2497, 0.2499, 0.2499, 0.2505]], device='cuda:0',
       grad_fn=<SoftmaxBackward0>)
tensor([[0.2500, 0.2495, 0.2503, 0.2502],
        [0.2501, 0.2501, 0.2499, 0.2499],
        [0.2502, 0.2498, 0.2500, 0.2499],
        [0.2499, 0.2499, 0.2504, 0.2499],
        [0.2498, 0.2502, 0.2499, 0.2500],
        [0.2499, 0.2498, 0.2498, 0.2505],
        [0.2499, 0.2502, 0.2502, 0.2497]], device='cuda:0',
       grad_fn=<SoftmaxBackward0>)
#####################
08/21 04:27:45午後 searchStage_trainer.py:267 [INFO] Train: Epoch: [3][50/390]	Step 1223	lr 0.02479	Loss 1.0048 (1.2389)	Hard Loss 1.0048 (1.2389)	Soft Loss 1.0048 (1.2389)	Arch Loss 1.2540 (1.2481)	Arch Hard Loss 0.0000 (0.0000)	Arch Soft Loss 0.0000 (0.0000)	Arch depth Loss 0.0000 (0.0000)	Prec@(1,5) (54.4%, 95.2%)	
08/21 04:28:01午後 searchStage_trainer.py:267 [INFO] Train: Epoch: [3][100/390]	Step 1273	lr 0.02479	Loss 1.0993 (1.2455)	Hard Loss 1.0993 (1.2455)	Soft Loss 1.0993 (1.2455)	Arch Loss 1.4020 (1.2573)	Arch Hard Loss 0.0000 (0.0000)	Arch Soft Loss 0.0000 (0.0000)	Arch depth Loss 0.0000 (0.0000)	Prec@(1,5) (54.6%, 94.9%)	
08/21 04:28:16午後 searchStage_trainer.py:267 [INFO] Train: Epoch: [3][150/390]	Step 1323	lr 0.02479	Loss 1.1277 (1.2385)	Hard Loss 1.1277 (1.2385)	Soft Loss 1.1277 (1.2385)	Arch Loss 1.2204 (1.2574)	Arch Hard Loss 0.0000 (0.0000)	Arch Soft Loss 0.0000 (0.0000)	Arch depth Loss 0.0000 (0.0000)	Prec@(1,5) (54.5%, 94.8%)	
08/21 04:28:32午後 searchStage_trainer.py:267 [INFO] Train: Epoch: [3][200/390]	Step 1373	lr 0.02479	Loss 1.1784 (1.2412)	Hard Loss 1.1784 (1.2412)	Soft Loss 1.1784 (1.2412)	Arch Loss 1.2062 (1.2544)	Arch Hard Loss 0.0000 (0.0000)	Arch Soft Loss 0.0000 (0.0000)	Arch depth Loss 0.0000 (0.0000)	Prec@(1,5) (54.7%, 94.7%)	
08/21 04:28:48午後 searchStage_trainer.py:267 [INFO] Train: Epoch: [3][250/390]	Step 1423	lr 0.02479	Loss 1.4154 (1.2316)	Hard Loss 1.4154 (1.2316)	Soft Loss 1.4154 (1.2316)	Arch Loss 1.0474 (1.2453)	Arch Hard Loss 0.0000 (0.0000)	Arch Soft Loss 0.0000 (0.0000)	Arch depth Loss 0.0000 (0.0000)	Prec@(1,5) (55.1%, 94.8%)	
08/21 04:29:04午後 searchStage_trainer.py:267 [INFO] Train: Epoch: [3][300/390]	Step 1473	lr 0.02479	Loss 1.4166 (1.2207)	Hard Loss 1.4166 (1.2207)	Soft Loss 1.4166 (1.2207)	Arch Loss 1.4089 (1.2419)	Arch Hard Loss 0.0000 (0.0000)	Arch Soft Loss 0.0000 (0.0000)	Arch depth Loss 0.0000 (0.0000)	Prec@(1,5) (55.4%, 94.9%)	
08/21 04:29:20午後 searchStage_trainer.py:267 [INFO] Train: Epoch: [3][350/390]	Step 1523	lr 0.02479	Loss 1.2555 (1.2166)	Hard Loss 1.2555 (1.2166)	Soft Loss 1.2555 (1.2166)	Arch Loss 1.3209 (1.2373)	Arch Hard Loss 0.0000 (0.0000)	Arch Soft Loss 0.0000 (0.0000)	Arch depth Loss 0.0000 (0.0000)	Prec@(1,5) (55.7%, 94.8%)	
08/21 04:29:33午後 searchStage_trainer.py:267 [INFO] Train: Epoch: [3][390/390]	Step 1563	lr 0.02479	Loss 1.0955 (1.2116)	Hard Loss 1.0955 (1.2116)	Soft Loss 1.0955 (1.2116)	Arch Loss 1.2960 (1.2306)	Arch Hard Loss 0.0000 (0.0000)	Arch Soft Loss 0.0000 (0.0000)	Arch depth Loss 0.0000 (0.0000)	Prec@(1,5) (55.9%, 94.8%)	
08/21 04:29:33午後 searchStage_trainer.py:283 [INFO] Train: [  3/49] Final Prec@1 55.8960%
08/21 04:29:36午後 searchStage_trainer.py:311 [INFO] Valid: Epoch: [3][50/391]	Step 1564	Loss 1.2123	Prec@(1,5) (56.2%, 95.5%)
08/21 04:29:38午後 searchStage_trainer.py:311 [INFO] Valid: Epoch: [3][100/391]	Step 1564	Loss 1.2236	Prec@(1,5) (56.0%, 95.1%)
08/21 04:29:41午後 searchStage_trainer.py:311 [INFO] Valid: Epoch: [3][150/391]	Step 1564	Loss 1.2255	Prec@(1,5) (55.9%, 95.1%)
08/21 04:29:43午後 searchStage_trainer.py:311 [INFO] Valid: Epoch: [3][200/391]	Step 1564	Loss 1.2243	Prec@(1,5) (55.8%, 95.1%)
08/21 04:29:46午後 searchStage_trainer.py:311 [INFO] Valid: Epoch: [3][250/391]	Step 1564	Loss 1.2219	Prec@(1,5) (55.8%, 95.0%)
08/21 04:29:49午後 searchStage_trainer.py:311 [INFO] Valid: Epoch: [3][300/391]	Step 1564	Loss 1.2251	Prec@(1,5) (55.7%, 95.1%)
08/21 04:29:51午後 searchStage_trainer.py:311 [INFO] Valid: Epoch: [3][350/391]	Step 1564	Loss 1.2306	Prec@(1,5) (55.5%, 95.0%)
08/21 04:29:53午後 searchStage_trainer.py:311 [INFO] Valid: Epoch: [3][390/391]	Step 1564	Loss 1.2298	Prec@(1,5) (55.3%, 95.1%)
08/21 04:29:53午後 searchStage_trainer.py:322 [INFO] Valid: [  3/49] Final Prec@1 55.3360%
