08/20 03:47:10AM parser.py:28 [INFO] 
08/20 03:47:10AM parser.py:29 [INFO] Parameters:
08/20 03:47:10AM parser.py:31 [INFO] DAG_PATH=results/search_stage_KD/cifar10/BASELINE/nonDepthLosss4-20240820-034710/DAG
08/20 03:47:10AM parser.py:31 [INFO] T=10.0
08/20 03:47:10AM parser.py:31 [INFO] ADVANCED=False
08/20 03:47:10AM parser.py:31 [INFO] ALPHA_LR=0.0003
08/20 03:47:10AM parser.py:31 [INFO] ALPHA_WEIGHT_DECAY=0.001
08/20 03:47:10AM parser.py:31 [INFO] BATCH_SIZE=64
08/20 03:47:10AM parser.py:31 [INFO] CHECKPOINT_RESET=False
08/20 03:47:10AM parser.py:31 [INFO] CUTOUT_LENGTH=0
08/20 03:47:10AM parser.py:31 [INFO] DATA_PATH=../data/
08/20 03:47:10AM parser.py:31 [INFO] DATASET=cifar10
08/20 03:47:10AM parser.py:31 [INFO] DESCRIPTION=nonDepthLoss_version
08/20 03:47:10AM parser.py:31 [INFO] EPOCHS=50
08/20 03:47:10AM parser.py:31 [INFO] EXP_NAME=nonDepthLosss4-20240820-034710
08/20 03:47:10AM parser.py:31 [INFO] GENOTYPE=Genotype3(normal1=[[('sep_conv_5x5', 0), ('sep_conv_3x3', 1)], [('sep_conv_3x3', 1), ('sep_conv_3x3', 0)], [('sep_conv_3x3', 1), ('sep_conv_3x3', 2)], [('sep_conv_3x3', 0), ('sep_conv_5x5', 4)]], normal1_concat=range(2, 6), reduce1=[[('sep_conv_3x3', 0), ('skip_connect', 1)], [('sep_conv_3x3', 1), ('max_pool_3x3', 0)], [('sep_conv_3x3', 2), ('sep_conv_3x3', 1)], [('max_pool_3x3', 0), ('dil_conv_3x3', 1)]], reduce1_concat=range(2, 6), normal2=[[('skip_connect', 0), ('sep_conv_5x5', 1)], [('skip_connect', 0), ('skip_connect', 2)], [('avg_pool_3x3', 0), ('avg_pool_3x3', 2)], [('skip_connect', 0), ('avg_pool_3x3', 2)]], normal2_concat=range(2, 6), reduce2=[[('avg_pool_3x3', 0), ('avg_pool_3x3', 1)], [('avg_pool_3x3', 0), ('skip_connect', 2)], [('skip_connect', 2), ('avg_pool_3x3', 0)], [('skip_connect', 2), ('avg_pool_3x3', 0)]], reduce2_concat=range(2, 6), normal3=[[('skip_connect', 0), ('skip_connect', 1)], [('skip_connect', 0), ('dil_conv_3x3', 1)], [('skip_connect', 0), ('skip_connect', 1)], [('skip_connect', 0), ('skip_connect', 2)]], normal3_concat=range(2, 6))
08/20 03:47:10AM parser.py:31 [INFO] GPUS=[0]
08/20 03:47:10AM parser.py:31 [INFO] INIT_CHANNELS=16
08/20 03:47:10AM parser.py:31 [INFO] L=0.5
08/20 03:47:10AM parser.py:31 [INFO] LAYERS=20
08/20 03:47:10AM parser.py:31 [INFO] LOGGER=<Logger H-DAS (INFO)>
08/20 03:47:10AM parser.py:31 [INFO] NAME=BASELINE
08/20 03:47:10AM parser.py:31 [INFO] NONKD=True
08/20 03:47:10AM parser.py:31 [INFO] PATH=results/search_stage_KD/cifar10/BASELINE/nonDepthLosss4-20240820-034710
08/20 03:47:10AM parser.py:31 [INFO] PCDARTS=False
08/20 03:47:10AM parser.py:31 [INFO] PLOT_PATH=results/search_stage_KD/cifar10/BASELINE/nonDepthLosss4-20240820-034710/plots
08/20 03:47:10AM parser.py:31 [INFO] PRINT_FREQ=50
08/20 03:47:10AM parser.py:31 [INFO] RESUME_PATH=None
08/20 03:47:10AM parser.py:31 [INFO] SAVE=nonDepthLosss4
08/20 03:47:10AM parser.py:31 [INFO] SEED=4
08/20 03:47:10AM parser.py:31 [INFO] SHARE_STAGE=False
08/20 03:47:10AM parser.py:31 [INFO] SPEC_CELL=True
08/20 03:47:10AM parser.py:31 [INFO] TEACHER_NAME=non
08/20 03:47:10AM parser.py:31 [INFO] TEACHER_PATH=non
08/20 03:47:10AM parser.py:31 [INFO] TRAIN_PORTION=0.5
08/20 03:47:10AM parser.py:31 [INFO] W_GRAD_CLIP=5.0
08/20 03:47:10AM parser.py:31 [INFO] W_LR=0.025
08/20 03:47:10AM parser.py:31 [INFO] W_LR_MIN=0.001
08/20 03:47:10AM parser.py:31 [INFO] W_MOMENTUM=0.9
08/20 03:47:10AM parser.py:31 [INFO] W_WEIGHT_DECAY=0.0003
08/20 03:47:10AM parser.py:31 [INFO] WORKERS=4
08/20 03:47:10AM parser.py:32 [INFO] 
08/20 03:47:26AM searchStage_trainer.py:128 [INFO] --> No loaded checkpoint!
####### ALPHA #######
# Alpha - DAG
tensor([[0.2495, 0.2500, 0.2505, 0.2501],
        [0.2503, 0.2499, 0.2496, 0.2502]], device='cuda:0',
       grad_fn=<SoftmaxBackward0>)
tensor([[0.2500, 0.2499, 0.2500, 0.2502],
        [0.2501, 0.2501, 0.2499, 0.2500],
        [0.2497, 0.2503, 0.2499, 0.2501]], device='cuda:0',
       grad_fn=<SoftmaxBackward0>)
tensor([[0.2500, 0.2502, 0.2498, 0.2500],
        [0.2499, 0.2499, 0.2501, 0.2501],
        [0.2502, 0.2498, 0.2500, 0.2500]], device='cuda:0',
       grad_fn=<SoftmaxBackward0>)
tensor([[0.2496, 0.2501, 0.2503, 0.2500],
        [0.2503, 0.2497, 0.2498, 0.2502],
        [0.2504, 0.2498, 0.2499, 0.2499]], device='cuda:0',
       grad_fn=<SoftmaxBackward0>)
tensor([[0.2500, 0.2500, 0.2498, 0.2502],
        [0.2502, 0.2501, 0.2499, 0.2498],
        [0.2501, 0.2500, 0.2498, 0.2502]], device='cuda:0',
       grad_fn=<SoftmaxBackward0>)
tensor([[0.2501, 0.2497, 0.2500, 0.2502],
        [0.2499, 0.2498, 0.2499, 0.2503],
        [0.2498, 0.2500, 0.2502, 0.2499]], device='cuda:0',
       grad_fn=<SoftmaxBackward0>)
tensor([[0.2500, 0.2502, 0.2498, 0.2500],
        [0.2500, 0.2500, 0.2499, 0.2500]], device='cuda:0',
       grad_fn=<SoftmaxBackward0>)
tensor([[0.2499, 0.2500, 0.2502, 0.2499],
        [0.2496, 0.2504, 0.2501, 0.2500],
        [0.2501, 0.2496, 0.2503, 0.2501]], device='cuda:0',
       grad_fn=<SoftmaxBackward0>)
tensor([[0.2504, 0.2498, 0.2501, 0.2496],
        [0.2500, 0.2500, 0.2499, 0.2501],
        [0.2503, 0.2500, 0.2498, 0.2499]], device='cuda:0',
       grad_fn=<SoftmaxBackward0>)
tensor([[0.2497, 0.2502, 0.2500, 0.2501],
        [0.2500, 0.2501, 0.2499, 0.2501],
        [0.2504, 0.2499, 0.2498, 0.2499]], device='cuda:0',
       grad_fn=<SoftmaxBackward0>)
tensor([[0.2507, 0.2501, 0.2493, 0.2499],
        [0.2504, 0.2496, 0.2502, 0.2498],
        [0.2499, 0.2503, 0.2501, 0.2497]], device='cuda:0',
       grad_fn=<SoftmaxBackward0>)
tensor([[0.2501, 0.2502, 0.2500, 0.2497],
        [0.2498, 0.2502, 0.2499, 0.2500],
        [0.2500, 0.2499, 0.2502, 0.2498]], device='cuda:0',
       grad_fn=<SoftmaxBackward0>)
tensor([[0.2504, 0.2500, 0.2500, 0.2496],
        [0.2502, 0.2497, 0.2500, 0.2501]], device='cuda:0',
       grad_fn=<SoftmaxBackward0>)
tensor([[0.2500, 0.2502, 0.2499, 0.2499],
        [0.2499, 0.2502, 0.2504, 0.2495],
        [0.2499, 0.2500, 0.2503, 0.2498]], device='cuda:0',
       grad_fn=<SoftmaxBackward0>)
tensor([[0.2499, 0.2501, 0.2500, 0.2501],
        [0.2500, 0.2502, 0.2497, 0.2502],
        [0.2499, 0.2501, 0.2503, 0.2497]], device='cuda:0',
       grad_fn=<SoftmaxBackward0>)
tensor([[0.2501, 0.2499, 0.2502, 0.2498],
        [0.2501, 0.2499, 0.2499, 0.2500],
        [0.2502, 0.2495, 0.2503, 0.2500]], device='cuda:0',
       grad_fn=<SoftmaxBackward0>)
tensor([[0.2497, 0.2499, 0.2503, 0.2500],
        [0.2500, 0.2498, 0.2496, 0.2505],
        [0.2497, 0.2499, 0.2500, 0.2504]], device='cuda:0',
       grad_fn=<SoftmaxBackward0>)
tensor([[0.2499, 0.2501, 0.2499, 0.2501],
        [0.2504, 0.2498, 0.2499, 0.2499],
        [0.2500, 0.2501, 0.2500, 0.2499]], device='cuda:0',
       grad_fn=<SoftmaxBackward0>)
#####################
08/20 03:47:51AM searchStage_trainer.py:261 [INFO] Train: Epoch: [0][50/390]	Step 50	lr 0.025	Loss 1.7588 (2.2442)	Hard Loss 1.7588 (2.2442)	Soft Loss 1.7588 (2.2442)	Arch Loss 2.3444 (2.2951)	Arch Hard Loss 0.0000 (0.0000)	Arch Soft Loss 0.0000 (0.0000)	Arch depth Loss 0.0000 (0.0000)	Prec@(1,5) (18.0%, 69.4%)	
08/20 03:48:10AM searchStage_trainer.py:261 [INFO] Train: Epoch: [0][100/390]	Step 100	lr 0.025	Loss 1.8706 (2.1642)	Hard Loss 1.8706 (2.1642)	Soft Loss 1.8706 (2.1642)	Arch Loss 1.8526 (2.1855)	Arch Hard Loss 0.0000 (0.0000)	Arch Soft Loss 0.0000 (0.0000)	Arch depth Loss 0.0000 (0.0000)	Prec@(1,5) (20.4%, 73.0%)	
08/20 03:48:32AM searchStage_trainer.py:261 [INFO] Train: Epoch: [0][150/390]	Step 150	lr 0.025	Loss 1.8895 (2.0720)	Hard Loss 1.8895 (2.0720)	Soft Loss 1.8895 (2.0720)	Arch Loss 1.7580 (2.0770)	Arch Hard Loss 0.0000 (0.0000)	Arch Soft Loss 0.0000 (0.0000)	Arch depth Loss 0.0000 (0.0000)	Prec@(1,5) (23.1%, 76.2%)	
08/20 03:48:53AM searchStage_trainer.py:261 [INFO] Train: Epoch: [0][200/390]	Step 200	lr 0.025	Loss 1.7850 (2.0006)	Hard Loss 1.7850 (2.0006)	Soft Loss 1.7850 (2.0006)	Arch Loss 1.8955 (2.0110)	Arch Hard Loss 0.0000 (0.0000)	Arch Soft Loss 0.0000 (0.0000)	Arch depth Loss 0.0000 (0.0000)	Prec@(1,5) (25.4%, 78.9%)	
08/20 03:49:14AM searchStage_trainer.py:261 [INFO] Train: Epoch: [0][250/390]	Step 250	lr 0.025	Loss 1.6551 (1.9531)	Hard Loss 1.6551 (1.9531)	Soft Loss 1.6551 (1.9531)	Arch Loss 1.5929 (1.9632)	Arch Hard Loss 0.0000 (0.0000)	Arch Soft Loss 0.0000 (0.0000)	Arch depth Loss 0.0000 (0.0000)	Prec@(1,5) (26.8%, 80.4%)	
08/20 03:49:34AM searchStage_trainer.py:261 [INFO] Train: Epoch: [0][300/390]	Step 300	lr 0.025	Loss 1.7424 (1.9136)	Hard Loss 1.7424 (1.9136)	Soft Loss 1.7424 (1.9136)	Arch Loss 1.7706 (1.9253)	Arch Hard Loss 0.0000 (0.0000)	Arch Soft Loss 0.0000 (0.0000)	Arch depth Loss 0.0000 (0.0000)	Prec@(1,5) (28.2%, 81.6%)	
08/20 03:49:56AM searchStage_trainer.py:261 [INFO] Train: Epoch: [0][350/390]	Step 350	lr 0.025	Loss 1.6905 (1.8836)	Hard Loss 1.6905 (1.8836)	Soft Loss 1.6905 (1.8836)	Arch Loss 1.6603 (1.8921)	Arch Hard Loss 0.0000 (0.0000)	Arch Soft Loss 0.0000 (0.0000)	Arch depth Loss 0.0000 (0.0000)	Prec@(1,5) (29.3%, 82.5%)	
08/20 03:50:13AM searchStage_trainer.py:261 [INFO] Train: Epoch: [0][390/390]	Step 390	lr 0.025	Loss 1.5741 (1.8603)	Hard Loss 1.5741 (1.8603)	Soft Loss 1.5741 (1.8603)	Arch Loss 1.4673 (1.8624)	Arch Hard Loss 0.0000 (0.0000)	Arch Soft Loss 0.0000 (0.0000)	Arch depth Loss 0.0000 (0.0000)	Prec@(1,5) (30.4%, 83.0%)	
08/20 03:50:15AM searchStage_trainer.py:277 [INFO] Train: [  0/49] Final Prec@1 30.4160%
08/20 03:50:18AM searchStage_trainer.py:305 [INFO] Valid: Epoch: [0][50/391]	Step 391	Loss 1.7095	Prec@(1,5) (35.8%, 88.2%)
08/20 03:50:21AM searchStage_trainer.py:305 [INFO] Valid: Epoch: [0][100/391]	Step 391	Loss 1.7093	Prec@(1,5) (35.7%, 88.0%)
08/20 03:50:23AM searchStage_trainer.py:305 [INFO] Valid: Epoch: [0][150/391]	Step 391	Loss 1.7025	Prec@(1,5) (36.0%, 88.0%)
08/20 03:50:25AM searchStage_trainer.py:305 [INFO] Valid: Epoch: [0][200/391]	Step 391	Loss 1.6955	Prec@(1,5) (36.1%, 88.3%)
08/20 03:50:28AM searchStage_trainer.py:305 [INFO] Valid: Epoch: [0][250/391]	Step 391	Loss 1.6936	Prec@(1,5) (36.5%, 88.3%)
08/20 03:50:31AM searchStage_trainer.py:305 [INFO] Valid: Epoch: [0][300/391]	Step 391	Loss 1.6945	Prec@(1,5) (36.7%, 88.3%)
08/20 03:50:34AM searchStage_trainer.py:305 [INFO] Valid: Epoch: [0][350/391]	Step 391	Loss 1.6936	Prec@(1,5) (36.7%, 88.3%)
08/20 03:50:36AM searchStage_trainer.py:305 [INFO] Valid: Epoch: [0][390/391]	Step 391	Loss 1.6952	Prec@(1,5) (36.7%, 88.3%)
08/20 03:50:36AM searchStage_trainer.py:316 [INFO] Valid: [  0/49] Final Prec@1 36.7080%
08/20 03:50:36AM searchStage_KD_main.py:58 [INFO] DAG = Genotype2(DAG1=[[('max_pool_3x3', 1), ('skip_connect', 0)], [('max_pool_3x3', 0), ('max_pool_3x3', 1)], [('max_pool_3x3', 1), ('max_pool_3x3', 2)], [('skip_connect', 2), ('max_pool_3x3', 4)], [('max_pool_3x3', 4), ('skip_connect', 3)], [('skip_connect', 4), ('max_pool_3x3', 5)]], DAG1_concat=range(6, 8), DAG2=[[('max_pool_3x3', 1), ('skip_connect', 0)], [('skip_connect', 0), ('skip_connect', 1)], [('skip_connect', 1), ('skip_connect', 2)], [('skip_connect', 3), ('skip_connect', 2)], [('skip_connect', 3), ('skip_connect', 4)], [('skip_connect', 4), ('avg_pool_3x3', 5)]], DAG2_concat=range(6, 8), DAG3=[[('skip_connect', 1), ('skip_connect', 0)], [('skip_connect', 1), ('skip_connect', 0)], [('skip_connect', 1), ('skip_connect', 2)], [('skip_connect', 2), ('skip_connect', 4)], [('skip_connect', 3), ('skip_connect', 4)], [('skip_connect', 4), ('skip_connect', 5)]], DAG3_concat=range(6, 8))
08/20 03:50:37AM searchStage_KD_main.py:89 [INFO] Until now, best Prec@1 = 36.7080%
####### ALPHA #######
# Alpha - DAG
tensor([[0.2506, 0.2477, 0.2512, 0.2505],
        [0.2513, 0.2481, 0.2506, 0.2500]], device='cuda:0',
       grad_fn=<SoftmaxBackward0>)
tensor([[0.2550, 0.2468, 0.2486, 0.2496],
        [0.2546, 0.2461, 0.2489, 0.2504],
        [0.2519, 0.2482, 0.2496, 0.2503]], device='cuda:0',
       grad_fn=<SoftmaxBackward0>)
tensor([[0.2526, 0.2481, 0.2493, 0.2501],
        [0.2516, 0.2484, 0.2506, 0.2495],
        [0.2505, 0.2491, 0.2495, 0.2509]], device='cuda:0',
       grad_fn=<SoftmaxBackward0>)
tensor([[0.2502, 0.2501, 0.2514, 0.2482],
        [0.2495, 0.2497, 0.2500, 0.2507],
        [0.2504, 0.2492, 0.2494, 0.2510]], device='cuda:0',
       grad_fn=<SoftmaxBackward0>)
tensor([[0.2508, 0.2488, 0.2511, 0.2493],
        [0.2515, 0.2488, 0.2503, 0.2494],
        [0.2506, 0.2486, 0.2489, 0.2518]], device='cuda:0',
       grad_fn=<SoftmaxBackward0>)
tensor([[0.2501, 0.2502, 0.2514, 0.2483],
        [0.2505, 0.2488, 0.2499, 0.2508],
        [0.2497, 0.2492, 0.2493, 0.2518]], device='cuda:0',
       grad_fn=<SoftmaxBackward0>)
tensor([[0.2503, 0.2475, 0.2512, 0.2509],
        [0.2516, 0.2484, 0.2509, 0.2491]], device='cuda:0',
       grad_fn=<SoftmaxBackward0>)
tensor([[0.2509, 0.2495, 0.2517, 0.2479],
        [0.2495, 0.2502, 0.2512, 0.2490],
        [0.2497, 0.2484, 0.2498, 0.2521]], device='cuda:0',
       grad_fn=<SoftmaxBackward0>)
tensor([[0.2513, 0.2493, 0.2517, 0.2477],
        [0.2493, 0.2497, 0.2522, 0.2488],
        [0.2495, 0.2485, 0.2490, 0.2531]], device='cuda:0',
       grad_fn=<SoftmaxBackward0>)
tensor([[0.2478, 0.2506, 0.2521, 0.2495],
        [0.2467, 0.2510, 0.2534, 0.2489],
        [0.2476, 0.2496, 0.2501, 0.2527]], device='cuda:0',
       grad_fn=<SoftmaxBackward0>)
tensor([[0.2460, 0.2522, 0.2547, 0.2471],
        [0.2466, 0.2504, 0.2519, 0.2511],
        [0.2454, 0.2516, 0.2504, 0.2526]], device='cuda:0',
       grad_fn=<SoftmaxBackward0>)
tensor([[0.2481, 0.2503, 0.2567, 0.2449],
        [0.2476, 0.2502, 0.2494, 0.2528],
        [0.2468, 0.2494, 0.2499, 0.2538]], device='cuda:0',
       grad_fn=<SoftmaxBackward0>)
tensor([[0.2470, 0.2462, 0.2579, 0.2490],
        [0.2467, 0.2444, 0.2587, 0.2503]], device='cuda:0',
       grad_fn=<SoftmaxBackward0>)
tensor([[0.2461, 0.2474, 0.2588, 0.2477],
        [0.2448, 0.2474, 0.2606, 0.2472],
        [0.2466, 0.2484, 0.2524, 0.2526]], device='cuda:0',
       grad_fn=<SoftmaxBackward0>)
tensor([[0.2470, 0.2489, 0.2585, 0.2456],
        [0.2486, 0.2479, 0.2527, 0.2508],
        [0.2467, 0.2472, 0.2520, 0.2541]], device='cuda:0',
       grad_fn=<SoftmaxBackward0>)
tensor([[0.2478, 0.2492, 0.2546, 0.2485],
        [0.2472, 0.2466, 0.2521, 0.2541],
        [0.2494, 0.2479, 0.2528, 0.2498]], device='cuda:0',
       grad_fn=<SoftmaxBackward0>)
tensor([[0.2448, 0.2499, 0.2574, 0.2479],
        [0.2461, 0.2479, 0.2539, 0.2521],
        [0.2460, 0.2476, 0.2532, 0.2532]], device='cuda:0',
       grad_fn=<SoftmaxBackward0>)
tensor([[0.2457, 0.2498, 0.2567, 0.2478],
        [0.2483, 0.2488, 0.2540, 0.2490],
        [0.2455, 0.2462, 0.2531, 0.2552]], device='cuda:0',
       grad_fn=<SoftmaxBackward0>)
#####################
08/20 03:51:00午前 searchStage_trainer.py:261 [INFO] Train: Epoch: [1][50/390]	Step 441	lr 0.02498	Loss 1.6713 (1.6078)	Hard Loss 1.6713 (1.6078)	Soft Loss 1.6713 (1.6078)	Arch Loss 1.6315 (1.5804)	Arch Hard Loss 0.0000 (0.0000)	Arch Soft Loss 0.0000 (0.0000)	Arch depth Loss 0.0000 (0.0000)	Prec@(1,5) (39.5%, 89.5%)	
08/20 03:51:22午前 searchStage_trainer.py:261 [INFO] Train: Epoch: [1][100/390]	Step 491	lr 0.02498	Loss 1.5309 (1.5847)	Hard Loss 1.5309 (1.5847)	Soft Loss 1.5309 (1.5847)	Arch Loss 1.4478 (1.5789)	Arch Hard Loss 0.0000 (0.0000)	Arch Soft Loss 0.0000 (0.0000)	Arch depth Loss 0.0000 (0.0000)	Prec@(1,5) (40.6%, 90.1%)	
08/20 03:51:40午前 searchStage_trainer.py:261 [INFO] Train: Epoch: [1][150/390]	Step 541	lr 0.02498	Loss 1.4926 (1.5779)	Hard Loss 1.4926 (1.5779)	Soft Loss 1.4926 (1.5779)	Arch Loss 1.6622 (1.5841)	Arch Hard Loss 0.0000 (0.0000)	Arch Soft Loss 0.0000 (0.0000)	Arch depth Loss 0.0000 (0.0000)	Prec@(1,5) (40.6%, 90.3%)	
08/20 03:52:02午前 searchStage_trainer.py:261 [INFO] Train: Epoch: [1][200/390]	Step 591	lr 0.02498	Loss 1.4551 (1.5629)	Hard Loss 1.4551 (1.5629)	Soft Loss 1.4551 (1.5629)	Arch Loss 1.5864 (1.5757)	Arch Hard Loss 0.0000 (0.0000)	Arch Soft Loss 0.0000 (0.0000)	Arch depth Loss 0.0000 (0.0000)	Prec@(1,5) (41.4%, 90.4%)	
08/20 03:52:24午前 searchStage_trainer.py:261 [INFO] Train: Epoch: [1][250/390]	Step 641	lr 0.02498	Loss 1.2363 (1.5475)	Hard Loss 1.2363 (1.5475)	Soft Loss 1.2363 (1.5475)	Arch Loss 1.2248 (1.5580)	Arch Hard Loss 0.0000 (0.0000)	Arch Soft Loss 0.0000 (0.0000)	Arch depth Loss 0.0000 (0.0000)	Prec@(1,5) (41.9%, 90.6%)	
08/20 03:52:43午前 searchStage_trainer.py:261 [INFO] Train: Epoch: [1][300/390]	Step 691	lr 0.02498	Loss 1.5789 (1.5387)	Hard Loss 1.5789 (1.5387)	Soft Loss 1.5789 (1.5387)	Arch Loss 1.2687 (1.5449)	Arch Hard Loss 0.0000 (0.0000)	Arch Soft Loss 0.0000 (0.0000)	Arch depth Loss 0.0000 (0.0000)	Prec@(1,5) (42.3%, 90.8%)	
08/20 03:53:05午前 searchStage_trainer.py:261 [INFO] Train: Epoch: [1][350/390]	Step 741	lr 0.02498	Loss 1.5748 (1.5263)	Hard Loss 1.5748 (1.5263)	Soft Loss 1.5748 (1.5263)	Arch Loss 1.5029 (1.5286)	Arch Hard Loss 0.0000 (0.0000)	Arch Soft Loss 0.0000 (0.0000)	Arch depth Loss 0.0000 (0.0000)	Prec@(1,5) (42.9%, 90.9%)	
08/20 03:53:22午前 searchStage_trainer.py:261 [INFO] Train: Epoch: [1][390/390]	Step 781	lr 0.02498	Loss 1.3264 (1.5191)	Hard Loss 1.3264 (1.5191)	Soft Loss 1.3264 (1.5191)	Arch Loss 1.3903 (1.5195)	Arch Hard Loss 0.0000 (0.0000)	Arch Soft Loss 0.0000 (0.0000)	Arch depth Loss 0.0000 (0.0000)	Prec@(1,5) (43.3%, 90.9%)	
08/20 03:53:23午前 searchStage_trainer.py:277 [INFO] Train: [  1/49] Final Prec@1 43.2600%
08/20 03:53:26午前 searchStage_trainer.py:305 [INFO] Valid: Epoch: [1][50/391]	Step 782	Loss 1.4362	Prec@(1,5) (46.7%, 92.6%)
08/20 03:53:29午前 searchStage_trainer.py:305 [INFO] Valid: Epoch: [1][100/391]	Step 782	Loss 1.4379	Prec@(1,5) (47.6%, 92.1%)
08/20 03:53:32午前 searchStage_trainer.py:305 [INFO] Valid: Epoch: [1][150/391]	Step 782	Loss 1.4375	Prec@(1,5) (47.5%, 92.2%)
08/20 03:53:35午前 searchStage_trainer.py:305 [INFO] Valid: Epoch: [1][200/391]	Step 782	Loss 1.4381	Prec@(1,5) (47.4%, 92.1%)
08/20 03:53:38午前 searchStage_trainer.py:305 [INFO] Valid: Epoch: [1][250/391]	Step 782	Loss 1.4390	Prec@(1,5) (47.3%, 92.0%)
08/20 03:53:41午前 searchStage_trainer.py:305 [INFO] Valid: Epoch: [1][300/391]	Step 782	Loss 1.4396	Prec@(1,5) (47.3%, 92.0%)
08/20 03:53:43午前 searchStage_trainer.py:305 [INFO] Valid: Epoch: [1][350/391]	Step 782	Loss 1.4373	Prec@(1,5) (47.3%, 92.1%)
08/20 03:53:45午前 searchStage_trainer.py:305 [INFO] Valid: Epoch: [1][390/391]	Step 782	Loss 1.4359	Prec@(1,5) (47.4%, 92.0%)
08/20 03:53:45午前 searchStage_trainer.py:316 [INFO] Valid: [  1/49] Final Prec@1 47.3760%
08/20 03:53:45午前 searchStage_KD_main.py:58 [INFO] DAG = Genotype2(DAG1=[[('skip_connect', 0), ('skip_connect', 1)], [('max_pool_3x3', 0), ('max_pool_3x3', 1)], [('max_pool_3x3', 1), ('max_pool_3x3', 2)], [('skip_connect', 2), ('skip_connect', 3)], [('skip_connect', 3), ('max_pool_3x3', 4)], [('skip_connect', 4), ('max_pool_3x3', 5)]], DAG1_concat=range(6, 8), DAG2=[[('skip_connect', 1), ('skip_connect', 0)], [('skip_connect', 1), ('skip_connect', 0)], [('skip_connect', 1), ('skip_connect', 2)], [('skip_connect', 3), ('skip_connect', 2)], [('skip_connect', 3), ('skip_connect', 4)], [('skip_connect', 4), ('skip_connect', 5)]], DAG2_concat=range(6, 8), DAG3=[[('skip_connect', 1), ('skip_connect', 0)], [('skip_connect', 1), ('skip_connect', 0)], [('skip_connect', 1), ('skip_connect', 2)], [('skip_connect', 2), ('skip_connect', 4)], [('skip_connect', 3), ('skip_connect', 4)], [('skip_connect', 4), ('skip_connect', 5)]], DAG3_concat=range(6, 8))
08/20 03:53:45午前 searchStage_KD_main.py:89 [INFO] Until now, best Prec@1 = 47.3760%
####### ALPHA #######
# Alpha - DAG
tensor([[0.2496, 0.2417, 0.2575, 0.2512],
        [0.2497, 0.2439, 0.2567, 0.2496]], device='cuda:0',
       grad_fn=<SoftmaxBackward0>)
tensor([[0.2655, 0.2380, 0.2478, 0.2487],
        [0.2651, 0.2353, 0.2477, 0.2518],
        [0.2544, 0.2445, 0.2506, 0.2505]], device='cuda:0',
       grad_fn=<SoftmaxBackward0>)
tensor([[0.2561, 0.2464, 0.2511, 0.2464],
        [0.2527, 0.2465, 0.2508, 0.2500],
        [0.2499, 0.2472, 0.2487, 0.2542]], device='cuda:0',
       grad_fn=<SoftmaxBackward0>)
tensor([[0.2519, 0.2494, 0.2526, 0.2461],
        [0.2502, 0.2486, 0.2506, 0.2506],
        [0.2499, 0.2476, 0.2492, 0.2532]], device='cuda:0',
       grad_fn=<SoftmaxBackward0>)
tensor([[0.2507, 0.2496, 0.2559, 0.2437],
        [0.2504, 0.2475, 0.2502, 0.2519],
        [0.2483, 0.2479, 0.2480, 0.2558]], device='cuda:0',
       grad_fn=<SoftmaxBackward0>)
tensor([[0.2506, 0.2496, 0.2521, 0.2477],
        [0.2511, 0.2482, 0.2491, 0.2517],
        [0.2493, 0.2490, 0.2500, 0.2517]], device='cuda:0',
       grad_fn=<SoftmaxBackward0>)
tensor([[0.2511, 0.2438, 0.2530, 0.2521],
        [0.2514, 0.2466, 0.2544, 0.2476]], device='cuda:0',
       grad_fn=<SoftmaxBackward0>)
tensor([[0.2509, 0.2486, 0.2543, 0.2462],
        [0.2491, 0.2499, 0.2547, 0.2462],
        [0.2486, 0.2465, 0.2494, 0.2555]], device='cuda:0',
       grad_fn=<SoftmaxBackward0>)
tensor([[0.2509, 0.2519, 0.2559, 0.2413],
        [0.2469, 0.2490, 0.2525, 0.2516],
        [0.2489, 0.2470, 0.2480, 0.2561]], device='cuda:0',
       grad_fn=<SoftmaxBackward0>)
tensor([[0.2444, 0.2523, 0.2550, 0.2483],
        [0.2434, 0.2514, 0.2567, 0.2485],
        [0.2444, 0.2498, 0.2506, 0.2552]], device='cuda:0',
       grad_fn=<SoftmaxBackward0>)
tensor([[0.2447, 0.2521, 0.2597, 0.2435],
        [0.2442, 0.2503, 0.2530, 0.2525],
        [0.2445, 0.2499, 0.2492, 0.2564]], device='cuda:0',
       grad_fn=<SoftmaxBackward0>)
tensor([[0.2476, 0.2493, 0.2622, 0.2408],
        [0.2479, 0.2478, 0.2496, 0.2547],
        [0.2461, 0.2472, 0.2487, 0.2580]], device='cuda:0',
       grad_fn=<SoftmaxBackward0>)
tensor([[0.2458, 0.2426, 0.2630, 0.2485],
        [0.2441, 0.2406, 0.2650, 0.2503]], device='cuda:0',
       grad_fn=<SoftmaxBackward0>)
tensor([[0.2449, 0.2455, 0.2651, 0.2445],
        [0.2415, 0.2449, 0.2667, 0.2469],
        [0.2457, 0.2467, 0.2525, 0.2551]], device='cuda:0',
       grad_fn=<SoftmaxBackward0>)
tensor([[0.2480, 0.2491, 0.2639, 0.2390],
        [0.2494, 0.2443, 0.2529, 0.2534],
        [0.2463, 0.2444, 0.2506, 0.2587]], device='cuda:0',
       grad_fn=<SoftmaxBackward0>)
tensor([[0.2464, 0.2478, 0.2584, 0.2474],
        [0.2451, 0.2449, 0.2536, 0.2563],
        [0.2482, 0.2477, 0.2539, 0.2502]], device='cuda:0',
       grad_fn=<SoftmaxBackward0>)
tensor([[0.2435, 0.2498, 0.2621, 0.2446],
        [0.2442, 0.2463, 0.2550, 0.2545],
        [0.2445, 0.2450, 0.2541, 0.2564]], device='cuda:0',
       grad_fn=<SoftmaxBackward0>)
tensor([[0.2433, 0.2494, 0.2615, 0.2458],
        [0.2468, 0.2463, 0.2572, 0.2497],
        [0.2430, 0.2436, 0.2555, 0.2579]], device='cuda:0',
       grad_fn=<SoftmaxBackward0>)
#####################
08/20 03:54:07午前 searchStage_trainer.py:261 [INFO] Train: Epoch: [2][50/390]	Step 832	lr 0.02491	Loss 1.5037 (1.4055)	Hard Loss 1.5037 (1.4055)	Soft Loss 1.5037 (1.4055)	Arch Loss 1.4727 (1.3999)	Arch Hard Loss 0.0000 (0.0000)	Arch Soft Loss 0.0000 (0.0000)	Arch depth Loss 0.0000 (0.0000)	Prec@(1,5) (48.6%, 92.9%)	
08/20 03:54:29午前 searchStage_trainer.py:261 [INFO] Train: Epoch: [2][100/390]	Step 882	lr 0.02491	Loss 1.3970 (1.3926)	Hard Loss 1.3970 (1.3926)	Soft Loss 1.3970 (1.3926)	Arch Loss 1.2427 (1.4065)	Arch Hard Loss 0.0000 (0.0000)	Arch Soft Loss 0.0000 (0.0000)	Arch depth Loss 0.0000 (0.0000)	Prec@(1,5) (49.0%, 93.3%)	
08/20 03:54:51午前 searchStage_trainer.py:261 [INFO] Train: Epoch: [2][150/390]	Step 932	lr 0.02491	Loss 1.4584 (1.3907)	Hard Loss 1.4584 (1.3907)	Soft Loss 1.4584 (1.3907)	Arch Loss 1.2527 (1.3997)	Arch Hard Loss 0.0000 (0.0000)	Arch Soft Loss 0.0000 (0.0000)	Arch depth Loss 0.0000 (0.0000)	Prec@(1,5) (49.2%, 93.1%)	
08/20 03:55:10午前 searchStage_trainer.py:261 [INFO] Train: Epoch: [2][200/390]	Step 982	lr 0.02491	Loss 1.1523 (1.3751)	Hard Loss 1.1523 (1.3751)	Soft Loss 1.1523 (1.3751)	Arch Loss 1.4656 (1.3919)	Arch Hard Loss 0.0000 (0.0000)	Arch Soft Loss 0.0000 (0.0000)	Arch depth Loss 0.0000 (0.0000)	Prec@(1,5) (49.9%, 93.4%)	
08/20 03:55:32午前 searchStage_trainer.py:261 [INFO] Train: Epoch: [2][250/390]	Step 1032	lr 0.02491	Loss 1.3569 (1.3683)	Hard Loss 1.3569 (1.3683)	Soft Loss 1.3569 (1.3683)	Arch Loss 1.3270 (1.3845)	Arch Hard Loss 0.0000 (0.0000)	Arch Soft Loss 0.0000 (0.0000)	Arch depth Loss 0.0000 (0.0000)	Prec@(1,5) (50.1%, 93.3%)	
08/20 03:55:53午前 searchStage_trainer.py:261 [INFO] Train: Epoch: [2][300/390]	Step 1082	lr 0.02491	Loss 1.2739 (1.3573)	Hard Loss 1.2739 (1.3573)	Soft Loss 1.2739 (1.3573)	Arch Loss 1.3997 (1.3716)	Arch Hard Loss 0.0000 (0.0000)	Arch Soft Loss 0.0000 (0.0000)	Arch depth Loss 0.0000 (0.0000)	Prec@(1,5) (50.2%, 93.4%)	
08/20 03:56:12午前 searchStage_trainer.py:261 [INFO] Train: Epoch: [2][350/390]	Step 1132	lr 0.02491	Loss 1.3342 (1.3439)	Hard Loss 1.3342 (1.3439)	Soft Loss 1.3342 (1.3439)	Arch Loss 1.1788 (1.3584)	Arch Hard Loss 0.0000 (0.0000)	Arch Soft Loss 0.0000 (0.0000)	Arch depth Loss 0.0000 (0.0000)	Prec@(1,5) (50.7%, 93.6%)	
08/20 03:56:30午前 searchStage_trainer.py:261 [INFO] Train: Epoch: [2][390/390]	Step 1172	lr 0.02491	Loss 1.2587 (1.3376)	Hard Loss 1.2587 (1.3376)	Soft Loss 1.2587 (1.3376)	Arch Loss 1.2875 (1.3544)	Arch Hard Loss 0.0000 (0.0000)	Arch Soft Loss 0.0000 (0.0000)	Arch depth Loss 0.0000 (0.0000)	Prec@(1,5) (51.1%, 93.7%)	
08/20 03:56:30午前 searchStage_trainer.py:277 [INFO] Train: [  2/49] Final Prec@1 51.1360%
08/20 03:56:33午前 searchStage_trainer.py:305 [INFO] Valid: Epoch: [2][50/391]	Step 1173	Loss 1.3685	Prec@(1,5) (50.0%, 93.8%)
08/20 03:56:36午前 searchStage_trainer.py:305 [INFO] Valid: Epoch: [2][100/391]	Step 1173	Loss 1.3607	Prec@(1,5) (50.5%, 93.4%)
08/20 03:56:39午前 searchStage_trainer.py:305 [INFO] Valid: Epoch: [2][150/391]	Step 1173	Loss 1.3633	Prec@(1,5) (50.8%, 93.2%)
08/20 03:56:42午前 searchStage_trainer.py:305 [INFO] Valid: Epoch: [2][200/391]	Step 1173	Loss 1.3614	Prec@(1,5) (51.0%, 93.2%)
08/20 03:56:45午前 searchStage_trainer.py:305 [INFO] Valid: Epoch: [2][250/391]	Step 1173	Loss 1.3654	Prec@(1,5) (50.9%, 93.2%)
08/20 03:56:48午前 searchStage_trainer.py:305 [INFO] Valid: Epoch: [2][300/391]	Step 1173	Loss 1.3599	Prec@(1,5) (51.1%, 93.2%)
08/20 03:56:51午前 searchStage_trainer.py:305 [INFO] Valid: Epoch: [2][350/391]	Step 1173	Loss 1.3647	Prec@(1,5) (50.9%, 93.0%)
08/20 03:56:53午前 searchStage_trainer.py:305 [INFO] Valid: Epoch: [2][390/391]	Step 1173	Loss 1.3636	Prec@(1,5) (50.8%, 93.1%)
08/20 03:56:53午前 searchStage_trainer.py:316 [INFO] Valid: [  2/49] Final Prec@1 50.8440%
08/20 03:56:53午前 searchStage_KD_main.py:58 [INFO] DAG = Genotype2(DAG1=[[('skip_connect', 1), ('skip_connect', 0)], [('max_pool_3x3', 1), ('max_pool_3x3', 0)], [('max_pool_3x3', 1), ('max_pool_3x3', 2)], [('max_pool_3x3', 2), ('skip_connect', 3)], [('skip_connect', 3), ('max_pool_3x3', 4)], [('skip_connect', 4), ('max_pool_3x3', 5)]], DAG1_concat=range(6, 8), DAG2=[[('skip_connect', 1), ('skip_connect', 0)], [('skip_connect', 1), ('skip_connect', 0)], [('skip_connect', 1), ('skip_connect', 2)], [('skip_connect', 2), ('skip_connect', 3)], [('skip_connect', 3), ('skip_connect', 4)], [('skip_connect', 4), ('skip_connect', 5)]], DAG2_concat=range(6, 8), DAG3=[[('skip_connect', 1), ('skip_connect', 0)], [('skip_connect', 1), ('skip_connect', 0)], [('skip_connect', 1), ('skip_connect', 2)], [('skip_connect', 2), ('skip_connect', 3)], [('skip_connect', 3), ('skip_connect', 4)], [('skip_connect', 4), ('skip_connect', 5)]], DAG3_concat=range(6, 8))
08/20 03:56:53午前 searchStage_KD_main.py:89 [INFO] Until now, best Prec@1 = 50.8440%
####### ALPHA #######
# Alpha - DAG
tensor([[0.2470, 0.2324, 0.2686, 0.2520],
        [0.2470, 0.2361, 0.2679, 0.2490]], device='cuda:0',
       grad_fn=<SoftmaxBackward0>)
tensor([[0.2707, 0.2279, 0.2502, 0.2513],
        [0.2726, 0.2254, 0.2518, 0.2502],
        [0.2558, 0.2416, 0.2530, 0.2496]], device='cuda:0',
       grad_fn=<SoftmaxBackward0>)
tensor([[0.2606, 0.2432, 0.2532, 0.2430],
        [0.2547, 0.2433, 0.2532, 0.2488],
        [0.2493, 0.2434, 0.2474, 0.2599]], device='cuda:0',
       grad_fn=<SoftmaxBackward0>)
tensor([[0.2573, 0.2459, 0.2550, 0.2418],
        [0.2499, 0.2459, 0.2521, 0.2522],
        [0.2502, 0.2450, 0.2484, 0.2564]], device='cuda:0',
       grad_fn=<SoftmaxBackward0>)
tensor([[0.2512, 0.2487, 0.2615, 0.2385],
        [0.2510, 0.2457, 0.2502, 0.2531],
        [0.2462, 0.2449, 0.2470, 0.2618]], device='cuda:0',
       grad_fn=<SoftmaxBackward0>)
tensor([[0.2512, 0.2493, 0.2538, 0.2457],
        [0.2508, 0.2476, 0.2497, 0.2520],
        [0.2465, 0.2491, 0.2506, 0.2539]], device='cuda:0',
       grad_fn=<SoftmaxBackward0>)
tensor([[0.2519, 0.2424, 0.2546, 0.2510],
        [0.2517, 0.2438, 0.2559, 0.2485]], device='cuda:0',
       grad_fn=<SoftmaxBackward0>)
tensor([[0.2507, 0.2493, 0.2573, 0.2427],
        [0.2477, 0.2504, 0.2586, 0.2433],
        [0.2474, 0.2454, 0.2471, 0.2600]], device='cuda:0',
       grad_fn=<SoftmaxBackward0>)
tensor([[0.2523, 0.2541, 0.2594, 0.2341],
        [0.2451, 0.2485, 0.2528, 0.2537],
        [0.2473, 0.2454, 0.2461, 0.2611]], device='cuda:0',
       grad_fn=<SoftmaxBackward0>)
tensor([[0.2438, 0.2522, 0.2587, 0.2453],
        [0.2420, 0.2502, 0.2576, 0.2502],
        [0.2420, 0.2498, 0.2507, 0.2575]], device='cuda:0',
       grad_fn=<SoftmaxBackward0>)
tensor([[0.2441, 0.2519, 0.2641, 0.2399],
        [0.2418, 0.2510, 0.2527, 0.2545],
        [0.2433, 0.2492, 0.2482, 0.2593]], device='cuda:0',
       grad_fn=<SoftmaxBackward0>)
tensor([[0.2451, 0.2484, 0.2669, 0.2396],
        [0.2479, 0.2460, 0.2508, 0.2554],
        [0.2451, 0.2470, 0.2475, 0.2604]], device='cuda:0',
       grad_fn=<SoftmaxBackward0>)
tensor([[0.2423, 0.2398, 0.2704, 0.2475],
        [0.2393, 0.2380, 0.2723, 0.2504]], device='cuda:0',
       grad_fn=<SoftmaxBackward0>)
tensor([[0.2431, 0.2460, 0.2706, 0.2403],
        [0.2391, 0.2439, 0.2712, 0.2458],
        [0.2451, 0.2442, 0.2514, 0.2592]], device='cuda:0',
       grad_fn=<SoftmaxBackward0>)
tensor([[0.2456, 0.2502, 0.2711, 0.2331],
        [0.2474, 0.2420, 0.2531, 0.2574],
        [0.2450, 0.2431, 0.2504, 0.2614]], device='cuda:0',
       grad_fn=<SoftmaxBackward0>)
tensor([[0.2466, 0.2448, 0.2616, 0.2470],
        [0.2454, 0.2432, 0.2553, 0.2561],
        [0.2475, 0.2464, 0.2543, 0.2518]], device='cuda:0',
       grad_fn=<SoftmaxBackward0>)
tensor([[0.2414, 0.2504, 0.2672, 0.2411],
        [0.2415, 0.2451, 0.2552, 0.2581],
        [0.2418, 0.2429, 0.2557, 0.2596]], device='cuda:0',
       grad_fn=<SoftmaxBackward0>)
tensor([[0.2409, 0.2482, 0.2666, 0.2443],
        [0.2430, 0.2443, 0.2627, 0.2501],
        [0.2398, 0.2396, 0.2600, 0.2606]], device='cuda:0',
       grad_fn=<SoftmaxBackward0>)
#####################
08/20 03:57:13午前 searchStage_trainer.py:261 [INFO] Train: Epoch: [3][50/390]	Step 1223	lr 0.02479	Loss 1.1634 (1.2765)	Hard Loss 1.1634 (1.2765)	Soft Loss 1.1634 (1.2765)	Arch Loss 1.2624 (1.3280)	Arch Hard Loss 0.0000 (0.0000)	Arch Soft Loss 0.0000 (0.0000)	Arch depth Loss 0.0000 (0.0000)	Prec@(1,5) (53.8%, 94.6%)	
08/20 03:57:35午前 searchStage_trainer.py:261 [INFO] Train: Epoch: [3][100/390]	Step 1273	lr 0.02479	Loss 1.2064 (1.2496)	Hard Loss 1.2064 (1.2496)	Soft Loss 1.2064 (1.2496)	Arch Loss 1.3909 (1.2983)	Arch Hard Loss 0.0000 (0.0000)	Arch Soft Loss 0.0000 (0.0000)	Arch depth Loss 0.0000 (0.0000)	Prec@(1,5) (54.9%, 94.8%)	
08/20 03:57:57午前 searchStage_trainer.py:261 [INFO] Train: Epoch: [3][150/390]	Step 1323	lr 0.02479	Loss 1.2757 (1.2426)	Hard Loss 1.2757 (1.2426)	Soft Loss 1.2757 (1.2426)	Arch Loss 1.4785 (1.2697)	Arch Hard Loss 0.0000 (0.0000)	Arch Soft Loss 0.0000 (0.0000)	Arch depth Loss 0.0000 (0.0000)	Prec@(1,5) (55.0%, 94.7%)	
08/20 03:58:18午前 searchStage_trainer.py:261 [INFO] Train: Epoch: [3][200/390]	Step 1373	lr 0.02479	Loss 1.1412 (1.2367)	Hard Loss 1.1412 (1.2367)	Soft Loss 1.1412 (1.2367)	Arch Loss 1.0917 (1.2614)	Arch Hard Loss 0.0000 (0.0000)	Arch Soft Loss 0.0000 (0.0000)	Arch depth Loss 0.0000 (0.0000)	Prec@(1,5) (55.1%, 94.9%)	
08/20 03:58:38午前 searchStage_trainer.py:261 [INFO] Train: Epoch: [3][250/390]	Step 1423	lr 0.02479	Loss 1.0608 (1.2243)	Hard Loss 1.0608 (1.2243)	Soft Loss 1.0608 (1.2243)	Arch Loss 1.1754 (1.2536)	Arch Hard Loss 0.0000 (0.0000)	Arch Soft Loss 0.0000 (0.0000)	Arch depth Loss 0.0000 (0.0000)	Prec@(1,5) (55.6%, 95.0%)	
08/20 03:59:00午前 searchStage_trainer.py:261 [INFO] Train: Epoch: [3][300/390]	Step 1473	lr 0.02479	Loss 1.1410 (1.2188)	Hard Loss 1.1410 (1.2188)	Soft Loss 1.1410 (1.2188)	Arch Loss 1.1337 (1.2402)	Arch Hard Loss 0.0000 (0.0000)	Arch Soft Loss 0.0000 (0.0000)	Arch depth Loss 0.0000 (0.0000)	Prec@(1,5) (55.9%, 95.1%)	
08/20 03:59:22午前 searchStage_trainer.py:261 [INFO] Train: Epoch: [3][350/390]	Step 1523	lr 0.02479	Loss 1.2333 (1.2077)	Hard Loss 1.2333 (1.2077)	Soft Loss 1.2333 (1.2077)	Arch Loss 1.1492 (1.2261)	Arch Hard Loss 0.0000 (0.0000)	Arch Soft Loss 0.0000 (0.0000)	Arch depth Loss 0.0000 (0.0000)	Prec@(1,5) (56.2%, 95.3%)	
08/20 03:59:36午前 searchStage_trainer.py:261 [INFO] Train: Epoch: [3][390/390]	Step 1563	lr 0.02479	Loss 1.1176 (1.2069)	Hard Loss 1.1176 (1.2069)	Soft Loss 1.1176 (1.2069)	Arch Loss 1.4375 (1.2168)	Arch Hard Loss 0.0000 (0.0000)	Arch Soft Loss 0.0000 (0.0000)	Arch depth Loss 0.0000 (0.0000)	Prec@(1,5) (56.2%, 95.2%)	
08/20 03:59:36午前 searchStage_trainer.py:277 [INFO] Train: [  3/49] Final Prec@1 56.1960%
08/20 03:59:40午前 searchStage_trainer.py:305 [INFO] Valid: Epoch: [3][50/391]	Step 1564	Loss 1.2704	Prec@(1,5) (53.2%, 94.5%)
08/20 03:59:43午前 searchStage_trainer.py:305 [INFO] Valid: Epoch: [3][100/391]	Step 1564	Loss 1.2507	Prec@(1,5) (53.8%, 94.7%)
08/20 03:59:45午前 searchStage_trainer.py:305 [INFO] Valid: Epoch: [3][150/391]	Step 1564	Loss 1.2682	Prec@(1,5) (53.5%, 94.5%)
08/20 03:59:48午前 searchStage_trainer.py:305 [INFO] Valid: Epoch: [3][200/391]	Step 1564	Loss 1.2587	Prec@(1,5) (54.0%, 94.5%)
08/20 03:59:51午前 searchStage_trainer.py:305 [INFO] Valid: Epoch: [3][250/391]	Step 1564	Loss 1.2571	Prec@(1,5) (54.1%, 94.7%)
08/20 03:59:54午前 searchStage_trainer.py:305 [INFO] Valid: Epoch: [3][300/391]	Step 1564	Loss 1.2522	Prec@(1,5) (54.2%, 94.9%)
08/20 03:59:57午前 searchStage_trainer.py:305 [INFO] Valid: Epoch: [3][350/391]	Step 1564	Loss 1.2506	Prec@(1,5) (54.1%, 95.0%)
08/20 03:59:59午前 searchStage_trainer.py:305 [INFO] Valid: Epoch: [3][390/391]	Step 1564	Loss 1.2493	Prec@(1,5) (54.1%, 95.0%)
08/20 03:59:59午前 searchStage_trainer.py:316 [INFO] Valid: [  3/49] Final Prec@1 54.0760%
08/20 03:59:59午前 searchStage_KD_main.py:58 [INFO] DAG = Genotype2(DAG1=[[('skip_connect', 0), ('skip_connect', 1)], [('max_pool_3x3', 1), ('max_pool_3x3', 0)], [('max_pool_3x3', 1), ('max_pool_3x3', 2)], [('max_pool_3x3', 2), ('skip_connect', 3)], [('skip_connect', 3), ('max_pool_3x3', 4)], [('skip_connect', 4), ('max_pool_3x3', 5)]], DAG1_concat=range(6, 8), DAG2=[[('skip_connect', 1), ('skip_connect', 0)], [('skip_connect', 1), ('skip_connect', 0)], [('skip_connect', 1), ('skip_connect', 2)], [('skip_connect', 2), ('skip_connect', 3)], [('skip_connect', 3), ('skip_connect', 4)], [('skip_connect', 4), ('skip_connect', 5)]], DAG2_concat=range(6, 8), DAG3=[[('skip_connect', 1), ('skip_connect', 0)], [('skip_connect', 1), ('skip_connect', 0)], [('skip_connect', 1), ('skip_connect', 2)], [('skip_connect', 2), ('skip_connect', 4)], [('skip_connect', 3), ('skip_connect', 5)], [('skip_connect', 4), ('skip_connect', 5)]], DAG3_concat=range(6, 8))
08/20 04:00:00午前 searchStage_KD_main.py:89 [INFO] Until now, best Prec@1 = 54.0760%
####### ALPHA #######
# Alpha - DAG
tensor([[0.2399, 0.2199, 0.2895, 0.2507],
        [0.2395, 0.2237, 0.2870, 0.2499]], device='cuda:0',
       grad_fn=<SoftmaxBackward0>)
tensor([[0.2754, 0.2196, 0.2553, 0.2498],
        [0.2781, 0.2151, 0.2565, 0.2503],
        [0.2566, 0.2362, 0.2564, 0.2507]], device='cuda:0',
       grad_fn=<SoftmaxBackward0>)
tensor([[0.2658, 0.2355, 0.2563, 0.2424],
        [0.2555, 0.2405, 0.2555, 0.2485],
        [0.2518, 0.2394, 0.2471, 0.2617]], device='cuda:0',
       grad_fn=<SoftmaxBackward0>)
tensor([[0.2591, 0.2432, 0.2553, 0.2423],
        [0.2524, 0.2444, 0.2546, 0.2486],
        [0.2505, 0.2413, 0.2482, 0.2600]], device='cuda:0',
       grad_fn=<SoftmaxBackward0>)
tensor([[0.2521, 0.2479, 0.2671, 0.2329],
        [0.2527, 0.2440, 0.2527, 0.2506],
        [0.2466, 0.2378, 0.2423, 0.2733]], device='cuda:0',
       grad_fn=<SoftmaxBackward0>)
tensor([[0.2530, 0.2485, 0.2583, 0.2402],
        [0.2534, 0.2449, 0.2491, 0.2527],
        [0.2422, 0.2475, 0.2503, 0.2600]], device='cuda:0',
       grad_fn=<SoftmaxBackward0>)
tensor([[0.2522, 0.2423, 0.2575, 0.2480],
        [0.2492, 0.2419, 0.2578, 0.2511]], device='cuda:0',
       grad_fn=<SoftmaxBackward0>)
tensor([[0.2517, 0.2479, 0.2603, 0.2401],
        [0.2484, 0.2489, 0.2619, 0.2409],
        [0.2460, 0.2455, 0.2446, 0.2639]], device='cuda:0',
       grad_fn=<SoftmaxBackward0>)
tensor([[0.2528, 0.2556, 0.2634, 0.2283],
        [0.2425, 0.2487, 0.2525, 0.2563],
        [0.2456, 0.2446, 0.2457, 0.2641]], device='cuda:0',
       grad_fn=<SoftmaxBackward0>)
tensor([[0.2468, 0.2494, 0.2608, 0.2430],
        [0.2425, 0.2474, 0.2552, 0.2550],
        [0.2438, 0.2489, 0.2513, 0.2559]], device='cuda:0',
       grad_fn=<SoftmaxBackward0>)
tensor([[0.2458, 0.2503, 0.2664, 0.2374],
        [0.2405, 0.2502, 0.2539, 0.2553],
        [0.2438, 0.2469, 0.2470, 0.2623]], device='cuda:0',
       grad_fn=<SoftmaxBackward0>)
tensor([[0.2431, 0.2471, 0.2684, 0.2415],
        [0.2466, 0.2463, 0.2527, 0.2544],
        [0.2450, 0.2472, 0.2482, 0.2596]], device='cuda:0',
       grad_fn=<SoftmaxBackward0>)
tensor([[0.2405, 0.2381, 0.2751, 0.2462],
        [0.2371, 0.2356, 0.2760, 0.2513]], device='cuda:0',
       grad_fn=<SoftmaxBackward0>)
tensor([[0.2411, 0.2463, 0.2750, 0.2376],
        [0.2363, 0.2421, 0.2754, 0.2461],
        [0.2428, 0.2445, 0.2517, 0.2610]], device='cuda:0',
       grad_fn=<SoftmaxBackward0>)
tensor([[0.2466, 0.2509, 0.2750, 0.2275],
        [0.2452, 0.2419, 0.2530, 0.2599],
        [0.2472, 0.2401, 0.2475, 0.2651]], device='cuda:0',
       grad_fn=<SoftmaxBackward0>)
tensor([[0.2459, 0.2435, 0.2649, 0.2457],
        [0.2458, 0.2408, 0.2543, 0.2590],
        [0.2481, 0.2467, 0.2541, 0.2510]], device='cuda:0',
       grad_fn=<SoftmaxBackward0>)
tensor([[0.2420, 0.2498, 0.2709, 0.2373],
        [0.2417, 0.2420, 0.2540, 0.2624],
        [0.2412, 0.2404, 0.2562, 0.2622]], device='cuda:0',
       grad_fn=<SoftmaxBackward0>)
tensor([[0.2397, 0.2461, 0.2710, 0.2432],
        [0.2401, 0.2420, 0.2664, 0.2514],
        [0.2382, 0.2379, 0.2625, 0.2615]], device='cuda:0',
       grad_fn=<SoftmaxBackward0>)
#####################
08/20 04:00:23午前 searchStage_trainer.py:261 [INFO] Train: Epoch: [4][50/390]	Step 1614	lr 0.02462	Loss 1.2800 (1.1383)	Hard Loss 1.2800 (1.1383)	Soft Loss 1.2800 (1.1383)	Arch Loss 1.3041 (1.1982)	Arch Hard Loss 0.0000 (0.0000)	Arch Soft Loss 0.0000 (0.0000)	Arch depth Loss 0.0000 (0.0000)	Prec@(1,5) (58.9%, 95.7%)	
08/20 04:00:42午前 searchStage_trainer.py:261 [INFO] Train: Epoch: [4][100/390]	Step 1664	lr 0.02462	Loss 1.4208 (1.1251)	Hard Loss 1.4208 (1.1251)	Soft Loss 1.4208 (1.1251)	Arch Loss 0.8767 (1.1710)	Arch Hard Loss 0.0000 (0.0000)	Arch Soft Loss 0.0000 (0.0000)	Arch depth Loss 0.0000 (0.0000)	Prec@(1,5) (59.5%, 95.7%)	
08/20 04:01:04午前 searchStage_trainer.py:261 [INFO] Train: Epoch: [4][150/390]	Step 1714	lr 0.02462	Loss 0.9166 (1.1198)	Hard Loss 0.9166 (1.1198)	Soft Loss 0.9166 (1.1198)	Arch Loss 1.0040 (1.1649)	Arch Hard Loss 0.0000 (0.0000)	Arch Soft Loss 0.0000 (0.0000)	Arch depth Loss 0.0000 (0.0000)	Prec@(1,5) (59.7%, 95.8%)	
08/20 04:01:25午前 searchStage_trainer.py:261 [INFO] Train: Epoch: [4][200/390]	Step 1764	lr 0.02462	Loss 1.1149 (1.1203)	Hard Loss 1.1149 (1.1203)	Soft Loss 1.1149 (1.1203)	Arch Loss 1.0539 (1.1507)	Arch Hard Loss 0.0000 (0.0000)	Arch Soft Loss 0.0000 (0.0000)	Arch depth Loss 0.0000 (0.0000)	Prec@(1,5) (59.8%, 95.8%)	
08/20 04:01:45午前 searchStage_trainer.py:261 [INFO] Train: Epoch: [4][250/390]	Step 1814	lr 0.02462	Loss 1.1153 (1.1141)	Hard Loss 1.1153 (1.1141)	Soft Loss 1.1153 (1.1141)	Arch Loss 1.1889 (1.1417)	Arch Hard Loss 0.0000 (0.0000)	Arch Soft Loss 0.0000 (0.0000)	Arch depth Loss 0.0000 (0.0000)	Prec@(1,5) (60.0%, 95.8%)	
