10/12 02:34:26PM parser.py:28 [INFO] 
10/12 02:34:26PM parser.py:29 [INFO] Parameters:
10/12 02:34:26PM parser.py:31 [INFO] DAG=Genotype2(DAG1=[[('skip_connect', 0), ('skip_connect', 1)], [('skip_connect', 1), ('skip_connect', 0)], [('skip_connect', 3), ('skip_connect', 1)], [('skip_connect', 3), ('skip_connect', 4)], [('skip_connect', 3), ('skip_connect', 4)], [('skip_connect', 4), ('skip_connect', 6)]], DAG1_concat=range(6, 8), DAG2=[[('skip_connect', 0), ('skip_connect', 1)], [('skip_connect', 0), ('skip_connect', 1)], [('skip_connect', 1), ('skip_connect', 2)], [('skip_connect', 2), ('skip_connect', 3)], [('skip_connect', 4), ('skip_connect', 3)], [('skip_connect', 5), ('skip_connect', 4)]], DAG2_concat=range(6, 8), DAG3=[[('skip_connect', 1), ('skip_connect', 0)], [('skip_connect', 0), ('skip_connect', 1)], [('skip_connect', 1), ('skip_connect', 2)], [('skip_connect', 3), ('skip_connect', 2)], [('skip_connect', 3), ('skip_connect', 4)], [('skip_connect', 5), ('skip_connect', 4)]], DAG3_concat=range(6, 8))
10/12 02:34:26PM parser.py:31 [INFO] T=10.0
10/12 02:34:26PM parser.py:31 [INFO] ADVANCED=True
10/12 02:34:26PM parser.py:31 [INFO] AUX_WEIGHT=0.4
10/12 02:34:26PM parser.py:31 [INFO] BATCH_SIZE=64
10/12 02:34:26PM parser.py:31 [INFO] CHECKPOINT_RESET=False
10/12 02:34:26PM parser.py:31 [INFO] CUTOUT_LENGTH=16
10/12 02:34:26PM parser.py:31 [INFO] DATA_PATH=../data/
10/12 02:34:26PM parser.py:31 [INFO] DATASET=cifar100
10/12 02:34:26PM parser.py:31 [INFO] DEPTH_COEF=0.0
10/12 02:34:26PM parser.py:31 [INFO] DESCRIPTION=ArchHint_KD_mimic_only_teacher_archtecture
10/12 02:34:26PM parser.py:31 [INFO] DROP_PATH_PROB=0.2
10/12 02:34:26PM parser.py:31 [INFO] EPOCHS=100
10/12 02:34:26PM parser.py:31 [INFO] EXP_NAME=s2l0.01-h_das_teacher
10/12 02:34:26PM parser.py:31 [INFO] GENOTYPE=Genotype3(normal1=[[('sep_conv_5x5', 0), ('sep_conv_3x3', 1)], [('sep_conv_3x3', 1), ('sep_conv_3x3', 0)], [('sep_conv_3x3', 1), ('sep_conv_3x3', 2)], [('sep_conv_3x3', 0), ('sep_conv_5x5', 4)]], normal1_concat=range(2, 6), reduce1=[[('sep_conv_3x3', 0), ('skip_connect', 1)], [('sep_conv_3x3', 1), ('max_pool_3x3', 0)], [('sep_conv_3x3', 2), ('sep_conv_3x3', 1)], [('max_pool_3x3', 0), ('dil_conv_3x3', 1)]], reduce1_concat=range(2, 6), normal2=[[('skip_connect', 0), ('sep_conv_5x5', 1)], [('skip_connect', 0), ('skip_connect', 2)], [('avg_pool_3x3', 0), ('avg_pool_3x3', 2)], [('skip_connect', 0), ('avg_pool_3x3', 2)]], normal2_concat=range(2, 6), reduce2=[[('avg_pool_3x3', 0), ('avg_pool_3x3', 1)], [('avg_pool_3x3', 0), ('skip_connect', 2)], [('skip_connect', 2), ('avg_pool_3x3', 0)], [('skip_connect', 2), ('avg_pool_3x3', 0)]], reduce2_concat=range(2, 6), normal3=[[('skip_connect', 0), ('skip_connect', 1)], [('skip_connect', 0), ('dil_conv_3x3', 1)], [('skip_connect', 0), ('skip_connect', 1)], [('skip_connect', 0), ('skip_connect', 2)]], normal3_concat=range(2, 6))
10/12 02:34:26PM parser.py:31 [INFO] GPUS=[0]
10/12 02:34:26PM parser.py:31 [INFO] INIT_CHANNELS=32
10/12 02:34:26PM parser.py:31 [INFO] L=0.5
10/12 02:34:26PM parser.py:31 [INFO] LAYERS=20
10/12 02:34:26PM parser.py:31 [INFO] LOGGER=<Logger H-DAS (INFO)>
10/12 02:34:26PM parser.py:31 [INFO] NAME=ARCH-KD
10/12 02:34:26PM parser.py:31 [INFO] NONKD=True
10/12 02:34:26PM parser.py:31 [INFO] PATH=results/evaluate_stage_KD/cifar100/ARCH-KD/s2l0.01-h_das_teacher
10/12 02:34:26PM parser.py:31 [INFO] PLOT_PATH=results/evaluate_stage_KD/cifar100/ARCH-KD/s2l0.01-h_das_teacher/plots
10/12 02:34:26PM parser.py:31 [INFO] PRINT_FREQ=100
10/12 02:34:26PM parser.py:31 [INFO] RESUME_PATH=/home/miura/lab/KD-hdas/results/search_stage_KD/cifar100/ARCH-KD/l0.01-2-h_das_teacher/best.pth.tar
10/12 02:34:26PM parser.py:31 [INFO] SAVE=s2l0.01-h_das_teacher
10/12 02:34:26PM parser.py:31 [INFO] SEED=2
10/12 02:34:26PM parser.py:31 [INFO] SLIDE_WINDOW=8
10/12 02:34:26PM parser.py:31 [INFO] SPEC_CELL=True
10/12 02:34:26PM parser.py:31 [INFO] TEACHER_NAME=none
10/12 02:34:26PM parser.py:31 [INFO] TEACHER_PATH=none
10/12 02:34:26PM parser.py:31 [INFO] TRAIN_PORTION=0.9
10/12 02:34:26PM parser.py:31 [INFO] W_GRAD_CLIP=5.0
10/12 02:34:26PM parser.py:31 [INFO] W_LR=0.025
10/12 02:34:26PM parser.py:31 [INFO] W_LR_MIN=0.001
10/12 02:34:26PM parser.py:31 [INFO] W_MOMENTUM=0.9
10/12 02:34:26PM parser.py:31 [INFO] W_WEIGHT_DECAY=0.0003
10/12 02:34:26PM parser.py:31 [INFO] WORKERS=4
10/12 02:34:26PM parser.py:32 [INFO] 
10/12 02:34:46PM evaluateStageRelax_trainer.py:115 [INFO] --> Loaded checkpoint '/home/miura/lab/KD-hdas/results/search_stage_KD/cifar100/ARCH-KD/l0.01-2-h_das_teacher/best.pth.tar'(Reseted epoch 0)
10/12 02:34:46PM evaluateStageRelax_trainer.py:138 [INFO] --> Loaded alpha parameters are Freezed
####### ALPHA #######
# Alpha - DAG
tensor([[0.1750, 0.1787, 0.4658, 0.1805],
        [0.1756, 0.1783, 0.4658, 0.1803]], device='cuda:0')
tensor([[0.1399, 0.1576, 0.5315, 0.1710],
        [0.1362, 0.1540, 0.5423, 0.1675],
        [0.2383, 0.2561, 0.2621, 0.2435]], device='cuda:0')
tensor([[0.2391, 0.2454, 0.2577, 0.2578],
        [0.1704, 0.1749, 0.4730, 0.1817],
        [0.2478, 0.2536, 0.2516, 0.2470],
        [0.1646, 0.1640, 0.5009, 0.1704]], device='cuda:0')
tensor([[0.2484, 0.2523, 0.2528, 0.2465],
        [0.2497, 0.2528, 0.2532, 0.2443],
        [0.2486, 0.2482, 0.2507, 0.2526],
        [0.1796, 0.1766, 0.4570, 0.1868],
        [0.1799, 0.1830, 0.4563, 0.1808]], device='cuda:0')
tensor([[0.2391, 0.2277, 0.2554, 0.2778],
        [0.2411, 0.2290, 0.2617, 0.2682],
        [0.2390, 0.2447, 0.2602, 0.2561],
        [0.1381, 0.1345, 0.5876, 0.1399],
        [0.1666, 0.1686, 0.4878, 0.1770],
        [0.2495, 0.2464, 0.2503, 0.2538]], device='cuda:0')
tensor([[0.2183, 0.2242, 0.2622, 0.2953],
        [0.2176, 0.2254, 0.2728, 0.2842],
        [0.2434, 0.2527, 0.2622, 0.2417],
        [0.2101, 0.2209, 0.3473, 0.2217],
        [0.1605, 0.1664, 0.5076, 0.1655],
        [0.2439, 0.2484, 0.2615, 0.2463],
        [0.1602, 0.1673, 0.5034, 0.1691]], device='cuda:0')
tensor([[0.1748, 0.1801, 0.4634, 0.1817],
        [0.1755, 0.1817, 0.4628, 0.1800]], device='cuda:0')
tensor([[0.1742, 0.1787, 0.4671, 0.1799],
        [0.1757, 0.1775, 0.4657, 0.1811],
        [0.2464, 0.2498, 0.2527, 0.2511]], device='cuda:0')
tensor([[0.2479, 0.2525, 0.2579, 0.2417],
        [0.1763, 0.1796, 0.4681, 0.1761],
        [0.1802, 0.1812, 0.4542, 0.1844],
        [0.2391, 0.2484, 0.2507, 0.2617]], device='cuda:0')
tensor([[0.2456, 0.2425, 0.2564, 0.2554],
        [0.2460, 0.2426, 0.2551, 0.2563],
        [0.1829, 0.1837, 0.4556, 0.1778],
        [0.1833, 0.1851, 0.4504, 0.1812],
        [0.2492, 0.2520, 0.2499, 0.2489]], device='cuda:0')
tensor([[0.2327, 0.2539, 0.2775, 0.2359],
        [0.2302, 0.2507, 0.2777, 0.2414],
        [0.2412, 0.2697, 0.2621, 0.2270],
        [0.1722, 0.1750, 0.4651, 0.1877],
        [0.1708, 0.1780, 0.4652, 0.1860],
        [0.2270, 0.2413, 0.2515, 0.2802]], device='cuda:0')
tensor([[0.2239, 0.2495, 0.2898, 0.2368],
        [0.2265, 0.2470, 0.2887, 0.2378],
        [0.2425, 0.2619, 0.2646, 0.2310],
        [0.2373, 0.2416, 0.2604, 0.2607],
        [0.1767, 0.1786, 0.4597, 0.1850],
        [0.1742, 0.1770, 0.4598, 0.1890],
        [0.2454, 0.2449, 0.2459, 0.2638]], device='cuda:0')
tensor([[0.1401, 0.1505, 0.5361, 0.1733],
        [0.1405, 0.1520, 0.5464, 0.1611]], device='cuda:0')
tensor([[0.1444, 0.1574, 0.5380, 0.1603],
        [0.1495, 0.1579, 0.5266, 0.1661],
        [0.2142, 0.2404, 0.2673, 0.2781]], device='cuda:0')
tensor([[0.2194, 0.2477, 0.3055, 0.2274],
        [0.1522, 0.1613, 0.5271, 0.1594],
        [0.1618, 0.1728, 0.4698, 0.1957],
        [0.2287, 0.2432, 0.2546, 0.2734]], device='cuda:0')
tensor([[0.2219, 0.2528, 0.3033, 0.2220],
        [0.2298, 0.2497, 0.2948, 0.2258],
        [0.1765, 0.1857, 0.4539, 0.1839],
        [0.1702, 0.1784, 0.4554, 0.1961],
        [0.2346, 0.2404, 0.2406, 0.2845]], device='cuda:0')
tensor([[0.1629, 0.1666, 0.5327, 0.1377],
        [0.1785, 0.1693, 0.4960, 0.1561],
        [0.2123, 0.2193, 0.2810, 0.2874],
        [0.1295, 0.1377, 0.5205, 0.2124],
        [0.1373, 0.1463, 0.4878, 0.2285],
        [0.1440, 0.1487, 0.2107, 0.4967]], device='cuda:0')
tensor([[0.1926, 0.1753, 0.4935, 0.1387],
        [0.2121, 0.1805, 0.4496, 0.1578],
        [0.2521, 0.2382, 0.2588, 0.2509],
        [0.2212, 0.2084, 0.2570, 0.3134],
        [0.1446, 0.1461, 0.4854, 0.2240],
        [0.1255, 0.1290, 0.5147, 0.2307],
        [0.1718, 0.1625, 0.2044, 0.4613]], device='cuda:0')
#####################
10/12 02:35:04PM evaluateStageRelax_trainer.py:198 [INFO] Train: Epoch: [0][100/703]	Step 100	lr 0.025	Loss 5.9421 (6.5237)	Hard Loss 0.0000 (0.0000)	Soft Loss 0.0000 (0.0000)	Prec@(1,5) (2.9%, 11.6%)	
10/12 02:35:21PM evaluateStageRelax_trainer.py:198 [INFO] Train: Epoch: [0][200/703]	Step 200	lr 0.025	Loss 5.8384 (6.2315)	Hard Loss 0.0000 (0.0000)	Soft Loss 0.0000 (0.0000)	Prec@(1,5) (3.9%, 15.9%)	
10/12 02:35:38PM evaluateStageRelax_trainer.py:198 [INFO] Train: Epoch: [0][300/703]	Step 300	lr 0.025	Loss 5.5301 (6.0340)	Hard Loss 0.0000 (0.0000)	Soft Loss 0.0000 (0.0000)	Prec@(1,5) (4.9%, 19.1%)	
10/12 02:35:55PM evaluateStageRelax_trainer.py:198 [INFO] Train: Epoch: [0][400/703]	Step 400	lr 0.025	Loss 5.2573 (5.8894)	Hard Loss 0.0000 (0.0000)	Soft Loss 0.0000 (0.0000)	Prec@(1,5) (6.1%, 21.7%)	
10/12 02:36:12PM evaluateStageRelax_trainer.py:198 [INFO] Train: Epoch: [0][500/703]	Step 500	lr 0.025	Loss 5.1015 (5.7746)	Hard Loss 0.0000 (0.0000)	Soft Loss 0.0000 (0.0000)	Prec@(1,5) (7.0%, 23.9%)	
10/12 02:36:29PM evaluateStageRelax_trainer.py:198 [INFO] Train: Epoch: [0][600/703]	Step 600	lr 0.025	Loss 5.1949 (5.6823)	Hard Loss 0.0000 (0.0000)	Soft Loss 0.0000 (0.0000)	Prec@(1,5) (7.7%, 25.7%)	
10/12 02:36:46PM evaluateStageRelax_trainer.py:198 [INFO] Train: Epoch: [0][700/703]	Step 700	lr 0.025	Loss 5.1145 (5.5980)	Hard Loss 0.0000 (0.0000)	Soft Loss 0.0000 (0.0000)	Prec@(1,5) (8.4%, 27.4%)	
10/12 02:36:47PM evaluateStageRelax_trainer.py:198 [INFO] Train: Epoch: [0][703/703]	Step 703	lr 0.025	Loss 5.0729 (5.5957)	Hard Loss 0.0000 (0.0000)	Soft Loss 0.0000 (0.0000)	Prec@(1,5) (8.5%, 27.5%)	
10/12 02:36:48PM evaluateStageRelax_trainer.py:207 [INFO] Train: [  0/99] Final Prec@1 8.4533%
10/12 02:36:53PM evaluateStageRelax_trainer.py:242 [INFO] Valid: [  0/99] Final Prec@1 11.7400%
10/12 02:36:53午後 evaluateStageRelax_main.py:73 [INFO] Until now, best Prec@1 = 11.7400%
####### ALPHA #######
# Alpha - DAG
tensor([[0.1750, 0.1787, 0.4658, 0.1805],
        [0.1756, 0.1783, 0.4658, 0.1803]], device='cuda:0')
tensor([[0.1399, 0.1576, 0.5315, 0.1710],
        [0.1362, 0.1540, 0.5423, 0.1675],
        [0.2383, 0.2561, 0.2621, 0.2435]], device='cuda:0')
tensor([[0.2391, 0.2454, 0.2577, 0.2578],
        [0.1704, 0.1749, 0.4730, 0.1817],
        [0.2478, 0.2536, 0.2516, 0.2470],
        [0.1646, 0.1640, 0.5009, 0.1704]], device='cuda:0')
tensor([[0.2484, 0.2523, 0.2528, 0.2465],
        [0.2497, 0.2528, 0.2532, 0.2443],
        [0.2486, 0.2482, 0.2507, 0.2526],
        [0.1796, 0.1766, 0.4570, 0.1868],
        [0.1799, 0.1830, 0.4563, 0.1808]], device='cuda:0')
tensor([[0.2391, 0.2277, 0.2554, 0.2778],
        [0.2411, 0.2290, 0.2617, 0.2682],
        [0.2390, 0.2447, 0.2602, 0.2561],
        [0.1381, 0.1345, 0.5876, 0.1399],
        [0.1666, 0.1686, 0.4878, 0.1770],
        [0.2495, 0.2464, 0.2503, 0.2538]], device='cuda:0')
tensor([[0.2183, 0.2242, 0.2622, 0.2953],
        [0.2176, 0.2254, 0.2728, 0.2842],
        [0.2434, 0.2527, 0.2622, 0.2417],
        [0.2101, 0.2209, 0.3473, 0.2217],
        [0.1605, 0.1664, 0.5076, 0.1655],
        [0.2439, 0.2484, 0.2615, 0.2463],
        [0.1602, 0.1673, 0.5034, 0.1691]], device='cuda:0')
tensor([[0.1748, 0.1801, 0.4634, 0.1817],
        [0.1755, 0.1817, 0.4628, 0.1800]], device='cuda:0')
tensor([[0.1742, 0.1787, 0.4671, 0.1799],
        [0.1757, 0.1775, 0.4657, 0.1811],
        [0.2464, 0.2498, 0.2527, 0.2511]], device='cuda:0')
tensor([[0.2479, 0.2525, 0.2579, 0.2417],
        [0.1763, 0.1796, 0.4681, 0.1761],
        [0.1802, 0.1812, 0.4542, 0.1844],
        [0.2391, 0.2484, 0.2507, 0.2617]], device='cuda:0')
tensor([[0.2456, 0.2425, 0.2564, 0.2554],
        [0.2460, 0.2426, 0.2551, 0.2563],
        [0.1829, 0.1837, 0.4556, 0.1778],
        [0.1833, 0.1851, 0.4504, 0.1812],
        [0.2492, 0.2520, 0.2499, 0.2489]], device='cuda:0')
tensor([[0.2327, 0.2539, 0.2775, 0.2359],
        [0.2302, 0.2507, 0.2777, 0.2414],
        [0.2412, 0.2697, 0.2621, 0.2270],
        [0.1722, 0.1750, 0.4651, 0.1877],
        [0.1708, 0.1780, 0.4652, 0.1860],
        [0.2270, 0.2413, 0.2515, 0.2802]], device='cuda:0')
tensor([[0.2239, 0.2495, 0.2898, 0.2368],
        [0.2265, 0.2470, 0.2887, 0.2378],
        [0.2425, 0.2619, 0.2646, 0.2310],
        [0.2373, 0.2416, 0.2604, 0.2607],
        [0.1767, 0.1786, 0.4597, 0.1850],
        [0.1742, 0.1770, 0.4598, 0.1890],
        [0.2454, 0.2449, 0.2459, 0.2638]], device='cuda:0')
tensor([[0.1401, 0.1505, 0.5361, 0.1733],
        [0.1405, 0.1520, 0.5464, 0.1611]], device='cuda:0')
tensor([[0.1444, 0.1574, 0.5380, 0.1603],
        [0.1495, 0.1579, 0.5266, 0.1661],
        [0.2142, 0.2404, 0.2673, 0.2781]], device='cuda:0')
tensor([[0.2194, 0.2477, 0.3055, 0.2274],
        [0.1522, 0.1613, 0.5271, 0.1594],
        [0.1618, 0.1728, 0.4698, 0.1957],
        [0.2287, 0.2432, 0.2546, 0.2734]], device='cuda:0')
tensor([[0.2219, 0.2528, 0.3033, 0.2220],
        [0.2298, 0.2497, 0.2948, 0.2258],
        [0.1765, 0.1857, 0.4539, 0.1839],
        [0.1702, 0.1784, 0.4554, 0.1961],
        [0.2346, 0.2404, 0.2406, 0.2845]], device='cuda:0')
tensor([[0.1629, 0.1666, 0.5327, 0.1377],
        [0.1785, 0.1693, 0.4960, 0.1561],
        [0.2123, 0.2193, 0.2810, 0.2874],
        [0.1295, 0.1377, 0.5205, 0.2124],
        [0.1373, 0.1463, 0.4878, 0.2285],
        [0.1440, 0.1487, 0.2107, 0.4967]], device='cuda:0')
tensor([[0.1926, 0.1753, 0.4935, 0.1387],
        [0.2121, 0.1805, 0.4496, 0.1578],
        [0.2521, 0.2382, 0.2588, 0.2509],
        [0.2212, 0.2084, 0.2570, 0.3134],
        [0.1446, 0.1461, 0.4854, 0.2240],
        [0.1255, 0.1290, 0.5147, 0.2307],
        [0.1718, 0.1625, 0.2044, 0.4613]], device='cuda:0')
#####################
10/12 02:37:11午後 evaluateStageRelax_trainer.py:198 [INFO] Train: Epoch: [1][100/703]	Step 804	lr 0.02499	Loss 4.8499 (4.8833)	Hard Loss 0.0000 (0.0000)	Soft Loss 0.0000 (0.0000)	Prec@(1,5) (15.3%, 42.9%)	
10/12 02:37:29午後 evaluateStageRelax_trainer.py:198 [INFO] Train: Epoch: [1][200/703]	Step 904	lr 0.02499	Loss 4.3059 (4.8441)	Hard Loss 0.0000 (0.0000)	Soft Loss 0.0000 (0.0000)	Prec@(1,5) (15.7%, 43.4%)	
10/12 02:37:46午後 evaluateStageRelax_trainer.py:198 [INFO] Train: Epoch: [1][300/703]	Step 1004	lr 0.02499	Loss 3.9747 (4.7972)	Hard Loss 0.0000 (0.0000)	Soft Loss 0.0000 (0.0000)	Prec@(1,5) (16.4%, 44.4%)	
10/12 02:38:03午後 evaluateStageRelax_trainer.py:198 [INFO] Train: Epoch: [1][400/703]	Step 1104	lr 0.02499	Loss 4.1870 (4.7541)	Hard Loss 0.0000 (0.0000)	Soft Loss 0.0000 (0.0000)	Prec@(1,5) (17.0%, 45.0%)	
10/12 02:38:21午後 evaluateStageRelax_trainer.py:198 [INFO] Train: Epoch: [1][500/703]	Step 1204	lr 0.02499	Loss 4.5241 (4.7052)	Hard Loss 0.0000 (0.0000)	Soft Loss 0.0000 (0.0000)	Prec@(1,5) (17.7%, 46.0%)	
10/12 02:38:38午後 evaluateStageRelax_trainer.py:198 [INFO] Train: Epoch: [1][600/703]	Step 1304	lr 0.02499	Loss 4.0611 (4.6543)	Hard Loss 0.0000 (0.0000)	Soft Loss 0.0000 (0.0000)	Prec@(1,5) (18.3%, 47.0%)	
10/12 02:38:56午後 evaluateStageRelax_trainer.py:198 [INFO] Train: Epoch: [1][700/703]	Step 1404	lr 0.02499	Loss 3.7661 (4.6038)	Hard Loss 0.0000 (0.0000)	Soft Loss 0.0000 (0.0000)	Prec@(1,5) (19.0%, 47.9%)	
10/12 02:38:56午後 evaluateStageRelax_trainer.py:198 [INFO] Train: Epoch: [1][703/703]	Step 1407	lr 0.02499	Loss 3.8828 (4.6023)	Hard Loss 0.0000 (0.0000)	Soft Loss 0.0000 (0.0000)	Prec@(1,5) (19.0%, 47.9%)	
10/12 02:38:57午後 evaluateStageRelax_trainer.py:207 [INFO] Train: [  1/99] Final Prec@1 19.0200%
10/12 02:39:02午後 evaluateStageRelax_trainer.py:242 [INFO] Valid: [  1/99] Final Prec@1 21.8400%
10/12 02:39:02午後 evaluateStageRelax_main.py:73 [INFO] Until now, best Prec@1 = 21.8400%
####### ALPHA #######
# Alpha - DAG
tensor([[0.1750, 0.1787, 0.4658, 0.1805],
        [0.1756, 0.1783, 0.4658, 0.1803]], device='cuda:0')
tensor([[0.1399, 0.1576, 0.5315, 0.1710],
        [0.1362, 0.1540, 0.5423, 0.1675],
        [0.2383, 0.2561, 0.2621, 0.2435]], device='cuda:0')
tensor([[0.2391, 0.2454, 0.2577, 0.2578],
        [0.1704, 0.1749, 0.4730, 0.1817],
        [0.2478, 0.2536, 0.2516, 0.2470],
        [0.1646, 0.1640, 0.5009, 0.1704]], device='cuda:0')
tensor([[0.2484, 0.2523, 0.2528, 0.2465],
        [0.2497, 0.2528, 0.2532, 0.2443],
        [0.2486, 0.2482, 0.2507, 0.2526],
        [0.1796, 0.1766, 0.4570, 0.1868],
        [0.1799, 0.1830, 0.4563, 0.1808]], device='cuda:0')
tensor([[0.2391, 0.2277, 0.2554, 0.2778],
        [0.2411, 0.2290, 0.2617, 0.2682],
        [0.2390, 0.2447, 0.2602, 0.2561],
        [0.1381, 0.1345, 0.5876, 0.1399],
        [0.1666, 0.1686, 0.4878, 0.1770],
        [0.2495, 0.2464, 0.2503, 0.2538]], device='cuda:0')
tensor([[0.2183, 0.2242, 0.2622, 0.2953],
        [0.2176, 0.2254, 0.2728, 0.2842],
        [0.2434, 0.2527, 0.2622, 0.2417],
        [0.2101, 0.2209, 0.3473, 0.2217],
        [0.1605, 0.1664, 0.5076, 0.1655],
        [0.2439, 0.2484, 0.2615, 0.2463],
        [0.1602, 0.1673, 0.5034, 0.1691]], device='cuda:0')
tensor([[0.1748, 0.1801, 0.4634, 0.1817],
        [0.1755, 0.1817, 0.4628, 0.1800]], device='cuda:0')
tensor([[0.1742, 0.1787, 0.4671, 0.1799],
        [0.1757, 0.1775, 0.4657, 0.1811],
        [0.2464, 0.2498, 0.2527, 0.2511]], device='cuda:0')
tensor([[0.2479, 0.2525, 0.2579, 0.2417],
        [0.1763, 0.1796, 0.4681, 0.1761],
        [0.1802, 0.1812, 0.4542, 0.1844],
        [0.2391, 0.2484, 0.2507, 0.2617]], device='cuda:0')
tensor([[0.2456, 0.2425, 0.2564, 0.2554],
        [0.2460, 0.2426, 0.2551, 0.2563],
        [0.1829, 0.1837, 0.4556, 0.1778],
        [0.1833, 0.1851, 0.4504, 0.1812],
        [0.2492, 0.2520, 0.2499, 0.2489]], device='cuda:0')
tensor([[0.2327, 0.2539, 0.2775, 0.2359],
        [0.2302, 0.2507, 0.2777, 0.2414],
        [0.2412, 0.2697, 0.2621, 0.2270],
        [0.1722, 0.1750, 0.4651, 0.1877],
        [0.1708, 0.1780, 0.4652, 0.1860],
        [0.2270, 0.2413, 0.2515, 0.2802]], device='cuda:0')
tensor([[0.2239, 0.2495, 0.2898, 0.2368],
        [0.2265, 0.2470, 0.2887, 0.2378],
        [0.2425, 0.2619, 0.2646, 0.2310],
        [0.2373, 0.2416, 0.2604, 0.2607],
        [0.1767, 0.1786, 0.4597, 0.1850],
        [0.1742, 0.1770, 0.4598, 0.1890],
        [0.2454, 0.2449, 0.2459, 0.2638]], device='cuda:0')
tensor([[0.1401, 0.1505, 0.5361, 0.1733],
        [0.1405, 0.1520, 0.5464, 0.1611]], device='cuda:0')
tensor([[0.1444, 0.1574, 0.5380, 0.1603],
        [0.1495, 0.1579, 0.5266, 0.1661],
        [0.2142, 0.2404, 0.2673, 0.2781]], device='cuda:0')
tensor([[0.2194, 0.2477, 0.3055, 0.2274],
        [0.1522, 0.1613, 0.5271, 0.1594],
        [0.1618, 0.1728, 0.4698, 0.1957],
        [0.2287, 0.2432, 0.2546, 0.2734]], device='cuda:0')
tensor([[0.2219, 0.2528, 0.3033, 0.2220],
        [0.2298, 0.2497, 0.2948, 0.2258],
        [0.1765, 0.1857, 0.4539, 0.1839],
        [0.1702, 0.1784, 0.4554, 0.1961],
        [0.2346, 0.2404, 0.2406, 0.2845]], device='cuda:0')
tensor([[0.1629, 0.1666, 0.5327, 0.1377],
        [0.1785, 0.1693, 0.4960, 0.1561],
        [0.2123, 0.2193, 0.2810, 0.2874],
        [0.1295, 0.1377, 0.5205, 0.2124],
        [0.1373, 0.1463, 0.4878, 0.2285],
        [0.1440, 0.1487, 0.2107, 0.4967]], device='cuda:0')
tensor([[0.1926, 0.1753, 0.4935, 0.1387],
        [0.2121, 0.1805, 0.4496, 0.1578],
        [0.2521, 0.2382, 0.2588, 0.2509],
        [0.2212, 0.2084, 0.2570, 0.3134],
        [0.1446, 0.1461, 0.4854, 0.2240],
        [0.1255, 0.1290, 0.5147, 0.2307],
        [0.1718, 0.1625, 0.2044, 0.4613]], device='cuda:0')
#####################
10/12 02:39:20午後 evaluateStageRelax_trainer.py:198 [INFO] Train: Epoch: [2][100/703]	Step 1508	lr 0.02498	Loss 4.1191 (4.1405)	Hard Loss 0.0000 (0.0000)	Soft Loss 0.0000 (0.0000)	Prec@(1,5) (25.3%, 56.8%)	
10/12 02:39:38午後 evaluateStageRelax_trainer.py:198 [INFO] Train: Epoch: [2][200/703]	Step 1608	lr 0.02498	Loss 3.9973 (4.1139)	Hard Loss 0.0000 (0.0000)	Soft Loss 0.0000 (0.0000)	Prec@(1,5) (25.7%, 57.4%)	
10/12 02:39:55午後 evaluateStageRelax_trainer.py:198 [INFO] Train: Epoch: [2][300/703]	Step 1708	lr 0.02498	Loss 3.7740 (4.0737)	Hard Loss 0.0000 (0.0000)	Soft Loss 0.0000 (0.0000)	Prec@(1,5) (26.0%, 58.2%)	
10/12 02:40:12午後 evaluateStageRelax_trainer.py:198 [INFO] Train: Epoch: [2][400/703]	Step 1808	lr 0.02498	Loss 3.6825 (4.0454)	Hard Loss 0.0000 (0.0000)	Soft Loss 0.0000 (0.0000)	Prec@(1,5) (26.4%, 58.4%)	
10/12 02:40:29午後 evaluateStageRelax_trainer.py:198 [INFO] Train: Epoch: [2][500/703]	Step 1908	lr 0.02498	Loss 3.7447 (4.0173)	Hard Loss 0.0000 (0.0000)	Soft Loss 0.0000 (0.0000)	Prec@(1,5) (26.8%, 59.0%)	
10/12 02:40:47午後 evaluateStageRelax_trainer.py:198 [INFO] Train: Epoch: [2][600/703]	Step 2008	lr 0.02498	Loss 3.6869 (3.9849)	Hard Loss 0.0000 (0.0000)	Soft Loss 0.0000 (0.0000)	Prec@(1,5) (27.3%, 59.6%)	
10/12 02:41:04午後 evaluateStageRelax_trainer.py:198 [INFO] Train: Epoch: [2][700/703]	Step 2108	lr 0.02498	Loss 3.8871 (3.9454)	Hard Loss 0.0000 (0.0000)	Soft Loss 0.0000 (0.0000)	Prec@(1,5) (28.0%, 60.3%)	
10/12 02:41:04午後 evaluateStageRelax_trainer.py:198 [INFO] Train: Epoch: [2][703/703]	Step 2111	lr 0.02498	Loss 3.9646 (3.9451)	Hard Loss 0.0000 (0.0000)	Soft Loss 0.0000 (0.0000)	Prec@(1,5) (28.0%, 60.3%)	
10/12 02:41:05午後 evaluateStageRelax_trainer.py:207 [INFO] Train: [  2/99] Final Prec@1 27.9644%
10/12 02:41:10午後 evaluateStageRelax_trainer.py:242 [INFO] Valid: [  2/99] Final Prec@1 30.4600%
10/12 02:41:10午後 evaluateStageRelax_main.py:73 [INFO] Until now, best Prec@1 = 30.4600%
####### ALPHA #######
# Alpha - DAG
tensor([[0.1750, 0.1787, 0.4658, 0.1805],
        [0.1756, 0.1783, 0.4658, 0.1803]], device='cuda:0')
tensor([[0.1399, 0.1576, 0.5315, 0.1710],
        [0.1362, 0.1540, 0.5423, 0.1675],
        [0.2383, 0.2561, 0.2621, 0.2435]], device='cuda:0')
tensor([[0.2391, 0.2454, 0.2577, 0.2578],
        [0.1704, 0.1749, 0.4730, 0.1817],
        [0.2478, 0.2536, 0.2516, 0.2470],
        [0.1646, 0.1640, 0.5009, 0.1704]], device='cuda:0')
tensor([[0.2484, 0.2523, 0.2528, 0.2465],
        [0.2497, 0.2528, 0.2532, 0.2443],
        [0.2486, 0.2482, 0.2507, 0.2526],
        [0.1796, 0.1766, 0.4570, 0.1868],
        [0.1799, 0.1830, 0.4563, 0.1808]], device='cuda:0')
tensor([[0.2391, 0.2277, 0.2554, 0.2778],
        [0.2411, 0.2290, 0.2617, 0.2682],
        [0.2390, 0.2447, 0.2602, 0.2561],
        [0.1381, 0.1345, 0.5876, 0.1399],
        [0.1666, 0.1686, 0.4878, 0.1770],
        [0.2495, 0.2464, 0.2503, 0.2538]], device='cuda:0')
tensor([[0.2183, 0.2242, 0.2622, 0.2953],
        [0.2176, 0.2254, 0.2728, 0.2842],
        [0.2434, 0.2527, 0.2622, 0.2417],
        [0.2101, 0.2209, 0.3473, 0.2217],
        [0.1605, 0.1664, 0.5076, 0.1655],
        [0.2439, 0.2484, 0.2615, 0.2463],
        [0.1602, 0.1673, 0.5034, 0.1691]], device='cuda:0')
tensor([[0.1748, 0.1801, 0.4634, 0.1817],
        [0.1755, 0.1817, 0.4628, 0.1800]], device='cuda:0')
tensor([[0.1742, 0.1787, 0.4671, 0.1799],
        [0.1757, 0.1775, 0.4657, 0.1811],
        [0.2464, 0.2498, 0.2527, 0.2511]], device='cuda:0')
tensor([[0.2479, 0.2525, 0.2579, 0.2417],
        [0.1763, 0.1796, 0.4681, 0.1761],
        [0.1802, 0.1812, 0.4542, 0.1844],
        [0.2391, 0.2484, 0.2507, 0.2617]], device='cuda:0')
tensor([[0.2456, 0.2425, 0.2564, 0.2554],
        [0.2460, 0.2426, 0.2551, 0.2563],
        [0.1829, 0.1837, 0.4556, 0.1778],
        [0.1833, 0.1851, 0.4504, 0.1812],
        [0.2492, 0.2520, 0.2499, 0.2489]], device='cuda:0')
tensor([[0.2327, 0.2539, 0.2775, 0.2359],
        [0.2302, 0.2507, 0.2777, 0.2414],
        [0.2412, 0.2697, 0.2621, 0.2270],
        [0.1722, 0.1750, 0.4651, 0.1877],
        [0.1708, 0.1780, 0.4652, 0.1860],
        [0.2270, 0.2413, 0.2515, 0.2802]], device='cuda:0')
tensor([[0.2239, 0.2495, 0.2898, 0.2368],
        [0.2265, 0.2470, 0.2887, 0.2378],
        [0.2425, 0.2619, 0.2646, 0.2310],
        [0.2373, 0.2416, 0.2604, 0.2607],
        [0.1767, 0.1786, 0.4597, 0.1850],
        [0.1742, 0.1770, 0.4598, 0.1890],
        [0.2454, 0.2449, 0.2459, 0.2638]], device='cuda:0')
tensor([[0.1401, 0.1505, 0.5361, 0.1733],
        [0.1405, 0.1520, 0.5464, 0.1611]], device='cuda:0')
tensor([[0.1444, 0.1574, 0.5380, 0.1603],
        [0.1495, 0.1579, 0.5266, 0.1661],
        [0.2142, 0.2404, 0.2673, 0.2781]], device='cuda:0')
tensor([[0.2194, 0.2477, 0.3055, 0.2274],
        [0.1522, 0.1613, 0.5271, 0.1594],
        [0.1618, 0.1728, 0.4698, 0.1957],
        [0.2287, 0.2432, 0.2546, 0.2734]], device='cuda:0')
tensor([[0.2219, 0.2528, 0.3033, 0.2220],
        [0.2298, 0.2497, 0.2948, 0.2258],
        [0.1765, 0.1857, 0.4539, 0.1839],
        [0.1702, 0.1784, 0.4554, 0.1961],
        [0.2346, 0.2404, 0.2406, 0.2845]], device='cuda:0')
tensor([[0.1629, 0.1666, 0.5327, 0.1377],
        [0.1785, 0.1693, 0.4960, 0.1561],
        [0.2123, 0.2193, 0.2810, 0.2874],
        [0.1295, 0.1377, 0.5205, 0.2124],
        [0.1373, 0.1463, 0.4878, 0.2285],
        [0.1440, 0.1487, 0.2107, 0.4967]], device='cuda:0')
tensor([[0.1926, 0.1753, 0.4935, 0.1387],
        [0.2121, 0.1805, 0.4496, 0.1578],
        [0.2521, 0.2382, 0.2588, 0.2509],
        [0.2212, 0.2084, 0.2570, 0.3134],
        [0.1446, 0.1461, 0.4854, 0.2240],
        [0.1255, 0.1290, 0.5147, 0.2307],
        [0.1718, 0.1625, 0.2044, 0.4613]], device='cuda:0')
#####################
10/12 02:41:28午後 evaluateStageRelax_trainer.py:198 [INFO] Train: Epoch: [3][100/703]	Step 2212	lr 0.02495	Loss 3.3127 (3.6140)	Hard Loss 0.0000 (0.0000)	Soft Loss 0.0000 (0.0000)	Prec@(1,5) (32.9%, 65.7%)	
10/12 02:41:45午後 evaluateStageRelax_trainer.py:198 [INFO] Train: Epoch: [3][200/703]	Step 2312	lr 0.02495	Loss 3.9288 (3.5996)	Hard Loss 0.0000 (0.0000)	Soft Loss 0.0000 (0.0000)	Prec@(1,5) (33.4%, 66.0%)	
10/12 02:42:03午後 evaluateStageRelax_trainer.py:198 [INFO] Train: Epoch: [3][300/703]	Step 2412	lr 0.02495	Loss 3.5584 (3.5837)	Hard Loss 0.0000 (0.0000)	Soft Loss 0.0000 (0.0000)	Prec@(1,5) (33.5%, 66.3%)	
10/12 02:42:20午後 evaluateStageRelax_trainer.py:198 [INFO] Train: Epoch: [3][400/703]	Step 2512	lr 0.02495	Loss 3.2004 (3.5510)	Hard Loss 0.0000 (0.0000)	Soft Loss 0.0000 (0.0000)	Prec@(1,5) (33.8%, 66.8%)	
10/12 02:42:37午後 evaluateStageRelax_trainer.py:198 [INFO] Train: Epoch: [3][500/703]	Step 2612	lr 0.02495	Loss 2.6808 (3.5304)	Hard Loss 0.0000 (0.0000)	Soft Loss 0.0000 (0.0000)	Prec@(1,5) (34.1%, 67.2%)	
10/12 02:42:55午後 evaluateStageRelax_trainer.py:198 [INFO] Train: Epoch: [3][600/703]	Step 2712	lr 0.02495	Loss 3.3218 (3.5053)	Hard Loss 0.0000 (0.0000)	Soft Loss 0.0000 (0.0000)	Prec@(1,5) (34.5%, 67.6%)	
10/12 02:43:12午後 evaluateStageRelax_trainer.py:198 [INFO] Train: Epoch: [3][700/703]	Step 2812	lr 0.02495	Loss 3.3399 (3.4828)	Hard Loss 0.0000 (0.0000)	Soft Loss 0.0000 (0.0000)	Prec@(1,5) (34.9%, 67.9%)	
10/12 02:43:13午後 evaluateStageRelax_trainer.py:198 [INFO] Train: Epoch: [3][703/703]	Step 2815	lr 0.02495	Loss 3.1899 (3.4827)	Hard Loss 0.0000 (0.0000)	Soft Loss 0.0000 (0.0000)	Prec@(1,5) (34.9%, 67.9%)	
10/12 02:43:13午後 evaluateStageRelax_trainer.py:207 [INFO] Train: [  3/99] Final Prec@1 34.8800%
10/12 02:43:18午後 evaluateStageRelax_trainer.py:242 [INFO] Valid: [  3/99] Final Prec@1 34.5000%
10/12 02:43:19午後 evaluateStageRelax_main.py:73 [INFO] Until now, best Prec@1 = 34.5000%
####### ALPHA #######
# Alpha - DAG
tensor([[0.1750, 0.1787, 0.4658, 0.1805],
        [0.1756, 0.1783, 0.4658, 0.1803]], device='cuda:0')
tensor([[0.1399, 0.1576, 0.5315, 0.1710],
        [0.1362, 0.1540, 0.5423, 0.1675],
        [0.2383, 0.2561, 0.2621, 0.2435]], device='cuda:0')
tensor([[0.2391, 0.2454, 0.2577, 0.2578],
        [0.1704, 0.1749, 0.4730, 0.1817],
        [0.2478, 0.2536, 0.2516, 0.2470],
        [0.1646, 0.1640, 0.5009, 0.1704]], device='cuda:0')
tensor([[0.2484, 0.2523, 0.2528, 0.2465],
        [0.2497, 0.2528, 0.2532, 0.2443],
        [0.2486, 0.2482, 0.2507, 0.2526],
        [0.1796, 0.1766, 0.4570, 0.1868],
        [0.1799, 0.1830, 0.4563, 0.1808]], device='cuda:0')
tensor([[0.2391, 0.2277, 0.2554, 0.2778],
        [0.2411, 0.2290, 0.2617, 0.2682],
        [0.2390, 0.2447, 0.2602, 0.2561],
        [0.1381, 0.1345, 0.5876, 0.1399],
        [0.1666, 0.1686, 0.4878, 0.1770],
        [0.2495, 0.2464, 0.2503, 0.2538]], device='cuda:0')
tensor([[0.2183, 0.2242, 0.2622, 0.2953],
        [0.2176, 0.2254, 0.2728, 0.2842],
        [0.2434, 0.2527, 0.2622, 0.2417],
        [0.2101, 0.2209, 0.3473, 0.2217],
        [0.1605, 0.1664, 0.5076, 0.1655],
        [0.2439, 0.2484, 0.2615, 0.2463],
        [0.1602, 0.1673, 0.5034, 0.1691]], device='cuda:0')
tensor([[0.1748, 0.1801, 0.4634, 0.1817],
        [0.1755, 0.1817, 0.4628, 0.1800]], device='cuda:0')
tensor([[0.1742, 0.1787, 0.4671, 0.1799],
        [0.1757, 0.1775, 0.4657, 0.1811],
        [0.2464, 0.2498, 0.2527, 0.2511]], device='cuda:0')
tensor([[0.2479, 0.2525, 0.2579, 0.2417],
        [0.1763, 0.1796, 0.4681, 0.1761],
        [0.1802, 0.1812, 0.4542, 0.1844],
        [0.2391, 0.2484, 0.2507, 0.2617]], device='cuda:0')
tensor([[0.2456, 0.2425, 0.2564, 0.2554],
        [0.2460, 0.2426, 0.2551, 0.2563],
        [0.1829, 0.1837, 0.4556, 0.1778],
        [0.1833, 0.1851, 0.4504, 0.1812],
        [0.2492, 0.2520, 0.2499, 0.2489]], device='cuda:0')
tensor([[0.2327, 0.2539, 0.2775, 0.2359],
        [0.2302, 0.2507, 0.2777, 0.2414],
        [0.2412, 0.2697, 0.2621, 0.2270],
        [0.1722, 0.1750, 0.4651, 0.1877],
        [0.1708, 0.1780, 0.4652, 0.1860],
        [0.2270, 0.2413, 0.2515, 0.2802]], device='cuda:0')
tensor([[0.2239, 0.2495, 0.2898, 0.2368],
        [0.2265, 0.2470, 0.2887, 0.2378],
        [0.2425, 0.2619, 0.2646, 0.2310],
        [0.2373, 0.2416, 0.2604, 0.2607],
        [0.1767, 0.1786, 0.4597, 0.1850],
        [0.1742, 0.1770, 0.4598, 0.1890],
        [0.2454, 0.2449, 0.2459, 0.2638]], device='cuda:0')
tensor([[0.1401, 0.1505, 0.5361, 0.1733],
        [0.1405, 0.1520, 0.5464, 0.1611]], device='cuda:0')
tensor([[0.1444, 0.1574, 0.5380, 0.1603],
        [0.1495, 0.1579, 0.5266, 0.1661],
        [0.2142, 0.2404, 0.2673, 0.2781]], device='cuda:0')
tensor([[0.2194, 0.2477, 0.3055, 0.2274],
        [0.1522, 0.1613, 0.5271, 0.1594],
        [0.1618, 0.1728, 0.4698, 0.1957],
        [0.2287, 0.2432, 0.2546, 0.2734]], device='cuda:0')
tensor([[0.2219, 0.2528, 0.3033, 0.2220],
        [0.2298, 0.2497, 0.2948, 0.2258],
        [0.1765, 0.1857, 0.4539, 0.1839],
        [0.1702, 0.1784, 0.4554, 0.1961],
        [0.2346, 0.2404, 0.2406, 0.2845]], device='cuda:0')
tensor([[0.1629, 0.1666, 0.5327, 0.1377],
        [0.1785, 0.1693, 0.4960, 0.1561],
        [0.2123, 0.2193, 0.2810, 0.2874],
        [0.1295, 0.1377, 0.5205, 0.2124],
        [0.1373, 0.1463, 0.4878, 0.2285],
        [0.1440, 0.1487, 0.2107, 0.4967]], device='cuda:0')
tensor([[0.1926, 0.1753, 0.4935, 0.1387],
        [0.2121, 0.1805, 0.4496, 0.1578],
        [0.2521, 0.2382, 0.2588, 0.2509],
        [0.2212, 0.2084, 0.2570, 0.3134],
        [0.1446, 0.1461, 0.4854, 0.2240],
        [0.1255, 0.1290, 0.5147, 0.2307],
        [0.1718, 0.1625, 0.2044, 0.4613]], device='cuda:0')
#####################
10/12 02:43:37午後 evaluateStageRelax_trainer.py:198 [INFO] Train: Epoch: [4][100/703]	Step 2916	lr 0.02491	Loss 3.0122 (3.2672)	Hard Loss 0.0000 (0.0000)	Soft Loss 0.0000 (0.0000)	Prec@(1,5) (38.2%, 71.8%)	
10/12 02:43:54午後 evaluateStageRelax_trainer.py:198 [INFO] Train: Epoch: [4][200/703]	Step 3016	lr 0.02491	Loss 3.0329 (3.2396)	Hard Loss 0.0000 (0.0000)	Soft Loss 0.0000 (0.0000)	Prec@(1,5) (38.6%, 72.0%)	
10/12 02:44:11午後 evaluateStageRelax_trainer.py:198 [INFO] Train: Epoch: [4][300/703]	Step 3116	lr 0.02491	Loss 3.5018 (3.2189)	Hard Loss 0.0000 (0.0000)	Soft Loss 0.0000 (0.0000)	Prec@(1,5) (38.9%, 72.0%)	
10/12 02:44:29午後 evaluateStageRelax_trainer.py:198 [INFO] Train: Epoch: [4][400/703]	Step 3216	lr 0.02491	Loss 2.5021 (3.2035)	Hard Loss 0.0000 (0.0000)	Soft Loss 0.0000 (0.0000)	Prec@(1,5) (39.1%, 72.3%)	
10/12 02:44:46午後 evaluateStageRelax_trainer.py:198 [INFO] Train: Epoch: [4][500/703]	Step 3316	lr 0.02491	Loss 2.6369 (3.1831)	Hard Loss 0.0000 (0.0000)	Soft Loss 0.0000 (0.0000)	Prec@(1,5) (39.4%, 72.5%)	
10/12 02:45:03午後 evaluateStageRelax_trainer.py:198 [INFO] Train: Epoch: [4][600/703]	Step 3416	lr 0.02491	Loss 2.4470 (3.1717)	Hard Loss 0.0000 (0.0000)	Soft Loss 0.0000 (0.0000)	Prec@(1,5) (39.4%, 72.7%)	
10/12 02:45:21午後 evaluateStageRelax_trainer.py:198 [INFO] Train: Epoch: [4][700/703]	Step 3516	lr 0.02491	Loss 3.2381 (3.1552)	Hard Loss 0.0000 (0.0000)	Soft Loss 0.0000 (0.0000)	Prec@(1,5) (39.7%, 73.0%)	
10/12 02:45:21午後 evaluateStageRelax_trainer.py:198 [INFO] Train: Epoch: [4][703/703]	Step 3519	lr 0.02491	Loss 2.8787 (3.1544)	Hard Loss 0.0000 (0.0000)	Soft Loss 0.0000 (0.0000)	Prec@(1,5) (39.7%, 73.0%)	
10/12 02:45:21午後 evaluateStageRelax_trainer.py:207 [INFO] Train: [  4/99] Final Prec@1 39.7267%
10/12 02:45:26午後 evaluateStageRelax_trainer.py:242 [INFO] Valid: [  4/99] Final Prec@1 37.6600%
10/12 02:45:27午後 evaluateStageRelax_main.py:73 [INFO] Until now, best Prec@1 = 37.6600%
####### ALPHA #######
# Alpha - DAG
tensor([[0.1750, 0.1787, 0.4658, 0.1805],
        [0.1756, 0.1783, 0.4658, 0.1803]], device='cuda:0')
tensor([[0.1399, 0.1576, 0.5315, 0.1710],
        [0.1362, 0.1540, 0.5423, 0.1675],
        [0.2383, 0.2561, 0.2621, 0.2435]], device='cuda:0')
tensor([[0.2391, 0.2454, 0.2577, 0.2578],
        [0.1704, 0.1749, 0.4730, 0.1817],
        [0.2478, 0.2536, 0.2516, 0.2470],
        [0.1646, 0.1640, 0.5009, 0.1704]], device='cuda:0')
tensor([[0.2484, 0.2523, 0.2528, 0.2465],
        [0.2497, 0.2528, 0.2532, 0.2443],
        [0.2486, 0.2482, 0.2507, 0.2526],
        [0.1796, 0.1766, 0.4570, 0.1868],
        [0.1799, 0.1830, 0.4563, 0.1808]], device='cuda:0')
tensor([[0.2391, 0.2277, 0.2554, 0.2778],
        [0.2411, 0.2290, 0.2617, 0.2682],
        [0.2390, 0.2447, 0.2602, 0.2561],
        [0.1381, 0.1345, 0.5876, 0.1399],
        [0.1666, 0.1686, 0.4878, 0.1770],
        [0.2495, 0.2464, 0.2503, 0.2538]], device='cuda:0')
tensor([[0.2183, 0.2242, 0.2622, 0.2953],
        [0.2176, 0.2254, 0.2728, 0.2842],
        [0.2434, 0.2527, 0.2622, 0.2417],
        [0.2101, 0.2209, 0.3473, 0.2217],
        [0.1605, 0.1664, 0.5076, 0.1655],
        [0.2439, 0.2484, 0.2615, 0.2463],
        [0.1602, 0.1673, 0.5034, 0.1691]], device='cuda:0')
tensor([[0.1748, 0.1801, 0.4634, 0.1817],
        [0.1755, 0.1817, 0.4628, 0.1800]], device='cuda:0')
tensor([[0.1742, 0.1787, 0.4671, 0.1799],
        [0.1757, 0.1775, 0.4657, 0.1811],
        [0.2464, 0.2498, 0.2527, 0.2511]], device='cuda:0')
tensor([[0.2479, 0.2525, 0.2579, 0.2417],
        [0.1763, 0.1796, 0.4681, 0.1761],
        [0.1802, 0.1812, 0.4542, 0.1844],
        [0.2391, 0.2484, 0.2507, 0.2617]], device='cuda:0')
tensor([[0.2456, 0.2425, 0.2564, 0.2554],
        [0.2460, 0.2426, 0.2551, 0.2563],
        [0.1829, 0.1837, 0.4556, 0.1778],
        [0.1833, 0.1851, 0.4504, 0.1812],
        [0.2492, 0.2520, 0.2499, 0.2489]], device='cuda:0')
tensor([[0.2327, 0.2539, 0.2775, 0.2359],
        [0.2302, 0.2507, 0.2777, 0.2414],
        [0.2412, 0.2697, 0.2621, 0.2270],
        [0.1722, 0.1750, 0.4651, 0.1877],
        [0.1708, 0.1780, 0.4652, 0.1860],
        [0.2270, 0.2413, 0.2515, 0.2802]], device='cuda:0')
tensor([[0.2239, 0.2495, 0.2898, 0.2368],
        [0.2265, 0.2470, 0.2887, 0.2378],
        [0.2425, 0.2619, 0.2646, 0.2310],
        [0.2373, 0.2416, 0.2604, 0.2607],
        [0.1767, 0.1786, 0.4597, 0.1850],
        [0.1742, 0.1770, 0.4598, 0.1890],
        [0.2454, 0.2449, 0.2459, 0.2638]], device='cuda:0')
tensor([[0.1401, 0.1505, 0.5361, 0.1733],
        [0.1405, 0.1520, 0.5464, 0.1611]], device='cuda:0')
tensor([[0.1444, 0.1574, 0.5380, 0.1603],
        [0.1495, 0.1579, 0.5266, 0.1661],
        [0.2142, 0.2404, 0.2673, 0.2781]], device='cuda:0')
tensor([[0.2194, 0.2477, 0.3055, 0.2274],
        [0.1522, 0.1613, 0.5271, 0.1594],
        [0.1618, 0.1728, 0.4698, 0.1957],
        [0.2287, 0.2432, 0.2546, 0.2734]], device='cuda:0')
tensor([[0.2219, 0.2528, 0.3033, 0.2220],
        [0.2298, 0.2497, 0.2948, 0.2258],
        [0.1765, 0.1857, 0.4539, 0.1839],
        [0.1702, 0.1784, 0.4554, 0.1961],
        [0.2346, 0.2404, 0.2406, 0.2845]], device='cuda:0')
tensor([[0.1629, 0.1666, 0.5327, 0.1377],
        [0.1785, 0.1693, 0.4960, 0.1561],
        [0.2123, 0.2193, 0.2810, 0.2874],
        [0.1295, 0.1377, 0.5205, 0.2124],
        [0.1373, 0.1463, 0.4878, 0.2285],
        [0.1440, 0.1487, 0.2107, 0.4967]], device='cuda:0')
tensor([[0.1926, 0.1753, 0.4935, 0.1387],
        [0.2121, 0.1805, 0.4496, 0.1578],
        [0.2521, 0.2382, 0.2588, 0.2509],
        [0.2212, 0.2084, 0.2570, 0.3134],
        [0.1446, 0.1461, 0.4854, 0.2240],
        [0.1255, 0.1290, 0.5147, 0.2307],
        [0.1718, 0.1625, 0.2044, 0.4613]], device='cuda:0')
#####################
10/12 02:45:45午後 evaluateStageRelax_trainer.py:198 [INFO] Train: Epoch: [5][100/703]	Step 3620	lr 0.02485	Loss 2.9577 (2.9264)	Hard Loss 0.0000 (0.0000)	Soft Loss 0.0000 (0.0000)	Prec@(1,5) (42.7%, 76.9%)	
10/12 02:46:02午後 evaluateStageRelax_trainer.py:198 [INFO] Train: Epoch: [5][200/703]	Step 3720	lr 0.02485	Loss 2.5498 (2.9437)	Hard Loss 0.0000 (0.0000)	Soft Loss 0.0000 (0.0000)	Prec@(1,5) (42.7%, 76.6%)	
10/12 02:46:19午後 evaluateStageRelax_trainer.py:198 [INFO] Train: Epoch: [5][300/703]	Step 3820	lr 0.02485	Loss 2.8114 (2.9598)	Hard Loss 0.0000 (0.0000)	Soft Loss 0.0000 (0.0000)	Prec@(1,5) (42.6%, 76.1%)	
10/12 02:46:37午後 evaluateStageRelax_trainer.py:198 [INFO] Train: Epoch: [5][400/703]	Step 3920	lr 0.02485	Loss 3.0984 (2.9508)	Hard Loss 0.0000 (0.0000)	Soft Loss 0.0000 (0.0000)	Prec@(1,5) (42.6%, 76.1%)	
10/12 02:46:54午後 evaluateStageRelax_trainer.py:198 [INFO] Train: Epoch: [5][500/703]	Step 4020	lr 0.02485	Loss 2.7776 (2.9399)	Hard Loss 0.0000 (0.0000)	Soft Loss 0.0000 (0.0000)	Prec@(1,5) (42.8%, 76.0%)	
10/12 02:47:11午後 evaluateStageRelax_trainer.py:198 [INFO] Train: Epoch: [5][600/703]	Step 4120	lr 0.02485	Loss 2.5999 (2.9323)	Hard Loss 0.0000 (0.0000)	Soft Loss 0.0000 (0.0000)	Prec@(1,5) (43.0%, 76.0%)	
10/12 02:47:29午後 evaluateStageRelax_trainer.py:198 [INFO] Train: Epoch: [5][700/703]	Step 4220	lr 0.02485	Loss 3.1895 (2.9170)	Hard Loss 0.0000 (0.0000)	Soft Loss 0.0000 (0.0000)	Prec@(1,5) (43.3%, 76.2%)	
10/12 02:47:29午後 evaluateStageRelax_trainer.py:198 [INFO] Train: Epoch: [5][703/703]	Step 4223	lr 0.02485	Loss 3.3329 (2.9176)	Hard Loss 0.0000 (0.0000)	Soft Loss 0.0000 (0.0000)	Prec@(1,5) (43.3%, 76.2%)	
10/12 02:47:29午後 evaluateStageRelax_trainer.py:207 [INFO] Train: [  5/99] Final Prec@1 43.3000%
10/12 02:47:34午後 evaluateStageRelax_trainer.py:242 [INFO] Valid: [  5/99] Final Prec@1 39.4200%
10/12 02:47:35午後 evaluateStageRelax_main.py:73 [INFO] Until now, best Prec@1 = 39.4200%
####### ALPHA #######
# Alpha - DAG
tensor([[0.1750, 0.1787, 0.4658, 0.1805],
        [0.1756, 0.1783, 0.4658, 0.1803]], device='cuda:0')
tensor([[0.1399, 0.1576, 0.5315, 0.1710],
        [0.1362, 0.1540, 0.5423, 0.1675],
        [0.2383, 0.2561, 0.2621, 0.2435]], device='cuda:0')
tensor([[0.2391, 0.2454, 0.2577, 0.2578],
        [0.1704, 0.1749, 0.4730, 0.1817],
        [0.2478, 0.2536, 0.2516, 0.2470],
        [0.1646, 0.1640, 0.5009, 0.1704]], device='cuda:0')
tensor([[0.2484, 0.2523, 0.2528, 0.2465],
        [0.2497, 0.2528, 0.2532, 0.2443],
        [0.2486, 0.2482, 0.2507, 0.2526],
        [0.1796, 0.1766, 0.4570, 0.1868],
        [0.1799, 0.1830, 0.4563, 0.1808]], device='cuda:0')
tensor([[0.2391, 0.2277, 0.2554, 0.2778],
        [0.2411, 0.2290, 0.2617, 0.2682],
        [0.2390, 0.2447, 0.2602, 0.2561],
        [0.1381, 0.1345, 0.5876, 0.1399],
        [0.1666, 0.1686, 0.4878, 0.1770],
        [0.2495, 0.2464, 0.2503, 0.2538]], device='cuda:0')
tensor([[0.2183, 0.2242, 0.2622, 0.2953],
        [0.2176, 0.2254, 0.2728, 0.2842],
