11/12 09:45:10PM parser.py:28 [INFO] 
11/12 09:45:10PM parser.py:29 [INFO] Parameters:
11/12 09:45:10PM parser.py:31 [INFO] DAG_PATH=results/search_stage_KD/cifar100/noDepthLoss/s1-L32/DAG
11/12 09:45:10PM parser.py:31 [INFO] T=10.0
11/12 09:45:10PM parser.py:31 [INFO] ADVANCED=1
11/12 09:45:10PM parser.py:31 [INFO] ALPHA_LR=0.0003
11/12 09:45:10PM parser.py:31 [INFO] ALPHA_WEIGHT_DECAY=0.001
11/12 09:45:10PM parser.py:31 [INFO] ARCH_CRITERION=none
11/12 09:45:10PM parser.py:31 [INFO] BATCH_SIZE=64
11/12 09:45:10PM parser.py:31 [INFO] CASCADE=0
11/12 09:45:10PM parser.py:31 [INFO] CHECKPOINT_RESET=False
11/12 09:45:10PM parser.py:31 [INFO] CUTOUT_LENGTH=0
11/12 09:45:10PM parser.py:31 [INFO] DATA_PATH=../data/
11/12 09:45:10PM parser.py:31 [INFO] DATASET=cifar100
11/12 09:45:10PM parser.py:31 [INFO] DEPTH_COEF=0.0
11/12 09:45:10PM parser.py:31 [INFO] DESCRIPTION=search_stage_32-layer-network
11/12 09:45:10PM parser.py:31 [INFO] DISCRETE=0
11/12 09:45:10PM parser.py:31 [INFO] EPOCHS=50
11/12 09:45:10PM parser.py:31 [INFO] EVAL_EPOCHS=100
11/12 09:45:10PM parser.py:31 [INFO] EXP_NAME=s1-L32
11/12 09:45:10PM parser.py:31 [INFO] FINAL_L=0.0
11/12 09:45:10PM parser.py:31 [INFO] G=0.0
11/12 09:45:10PM parser.py:31 [INFO] GENOTYPE=Genotype3(normal1=[[('sep_conv_5x5', 0), ('sep_conv_3x3', 1)], [('sep_conv_3x3', 1), ('sep_conv_3x3', 0)], [('sep_conv_3x3', 1), ('sep_conv_3x3', 2)], [('sep_conv_3x3', 0), ('sep_conv_5x5', 4)]], normal1_concat=range(2, 6), reduce1=[[('sep_conv_3x3', 0), ('skip_connect', 1)], [('sep_conv_3x3', 1), ('max_pool_3x3', 0)], [('sep_conv_3x3', 2), ('sep_conv_3x3', 1)], [('max_pool_3x3', 0), ('dil_conv_3x3', 1)]], reduce1_concat=range(2, 6), normal2=[[('skip_connect', 0), ('sep_conv_5x5', 1)], [('skip_connect', 0), ('skip_connect', 2)], [('avg_pool_3x3', 0), ('avg_pool_3x3', 2)], [('skip_connect', 0), ('avg_pool_3x3', 2)]], normal2_concat=range(2, 6), reduce2=[[('avg_pool_3x3', 0), ('avg_pool_3x3', 1)], [('avg_pool_3x3', 0), ('skip_connect', 2)], [('skip_connect', 2), ('avg_pool_3x3', 0)], [('skip_connect', 2), ('avg_pool_3x3', 0)]], reduce2_concat=range(2, 6), normal3=[[('skip_connect', 0), ('skip_connect', 1)], [('skip_connect', 0), ('dil_conv_3x3', 1)], [('skip_connect', 0), ('skip_connect', 1)], [('skip_connect', 0), ('skip_connect', 2)]], normal3_concat=range(2, 6))
11/12 09:45:10PM parser.py:31 [INFO] GPUS=[0]
11/12 09:45:10PM parser.py:31 [INFO] HINT_EPOCHS=[16, 32]
11/12 09:45:10PM parser.py:31 [INFO] INIT_CHANNELS=16
11/12 09:45:10PM parser.py:31 [INFO] L=0.0
11/12 09:45:10PM parser.py:31 [INFO] LAYERS=32
11/12 09:45:10PM parser.py:31 [INFO] LOGGER=<Logger H-DAS (INFO)>
11/12 09:45:10PM parser.py:31 [INFO] NAME=noDepthLoss
11/12 09:45:10PM parser.py:31 [INFO] NONKD=1
11/12 09:45:10PM parser.py:31 [INFO] PATH=results/search_stage_KD/cifar100/noDepthLoss/s1-L32
11/12 09:45:10PM parser.py:31 [INFO] PCDARTS=0
11/12 09:45:10PM parser.py:31 [INFO] PLOT_PATH=results/search_stage_KD/cifar100/noDepthLoss/s1-L32/plots
11/12 09:45:10PM parser.py:31 [INFO] PRINT_FREQ=100
11/12 09:45:10PM parser.py:31 [INFO] RESET=0
11/12 09:45:10PM parser.py:31 [INFO] RESUME_PATH=None
11/12 09:45:10PM parser.py:31 [INFO] SAVE=s1-L32
11/12 09:45:10PM parser.py:31 [INFO] SEED=1
11/12 09:45:10PM parser.py:31 [INFO] SHARE_STAGE=0
11/12 09:45:10PM parser.py:31 [INFO] SLIDE_WINDOW=3
11/12 09:45:10PM parser.py:31 [INFO] SPEC_CELL=1
11/12 09:45:10PM parser.py:31 [INFO] STAGE_MACS=[8.18, 2.49, 1.88]
11/12 09:45:10PM parser.py:31 [INFO] TEACHER_NAME=none
11/12 09:45:10PM parser.py:31 [INFO] TEACHER_PATH=none
11/12 09:45:10PM parser.py:31 [INFO] TRAIN_PORTION=0.5
11/12 09:45:10PM parser.py:31 [INFO] TYPE=KD
11/12 09:45:10PM parser.py:31 [INFO] W_GRAD_CLIP=5.0
11/12 09:45:10PM parser.py:31 [INFO] W_LR=0.025
11/12 09:45:10PM parser.py:31 [INFO] W_LR_MIN=0.001
11/12 09:45:10PM parser.py:31 [INFO] W_MOMENTUM=0.9
11/12 09:45:10PM parser.py:31 [INFO] W_WEIGHT_DECAY=0.0003
11/12 09:45:10PM parser.py:31 [INFO] WORKERS=4
11/12 09:45:10PM parser.py:32 [INFO] 
11/12 09:45:36PM searchStage_trainer.py:134 [INFO] --> No loaded checkpoint!
####### ALPHA #######
# Alpha - DAG
tensor([[0.2501, 0.2500, 0.2499, 0.2501],
        [0.2500, 0.2501, 0.2497, 0.2502]], device='cuda:0',
       grad_fn=<SoftmaxBackward0>)
tensor([[0.2499, 0.2500, 0.2499, 0.2501],
        [0.2500, 0.2498, 0.2501, 0.2501],
        [0.2501, 0.2500, 0.2498, 0.2501]], device='cuda:0',
       grad_fn=<SoftmaxBackward0>)
tensor([[0.2508, 0.2494, 0.2503, 0.2496],
        [0.2498, 0.2496, 0.2501, 0.2504],
        [0.2502, 0.2498, 0.2498, 0.2502]], device='cuda:0',
       grad_fn=<SoftmaxBackward0>)
tensor([[0.2501, 0.2495, 0.2503, 0.2501],
        [0.2502, 0.2499, 0.2498, 0.2501],
        [0.2500, 0.2501, 0.2498, 0.2501]], device='cuda:0',
       grad_fn=<SoftmaxBackward0>)
tensor([[0.2499, 0.2502, 0.2501, 0.2498],
        [0.2499, 0.2502, 0.2500, 0.2499],
        [0.2497, 0.2503, 0.2501, 0.2499]], device='cuda:0',
       grad_fn=<SoftmaxBackward0>)
tensor([[0.2501, 0.2498, 0.2501, 0.2500],
        [0.2495, 0.2498, 0.2503, 0.2503],
        [0.2499, 0.2503, 0.2497, 0.2501]], device='cuda:0',
       grad_fn=<SoftmaxBackward0>)
tensor([[0.2498, 0.2499, 0.2501, 0.2502],
        [0.2500, 0.2503, 0.2496, 0.2501],
        [0.2500, 0.2502, 0.2500, 0.2498]], device='cuda:0',
       grad_fn=<SoftmaxBackward0>)
tensor([[0.2501, 0.2499, 0.2502, 0.2498],
        [0.2504, 0.2499, 0.2502, 0.2495],
        [0.2499, 0.2498, 0.2503, 0.2500]], device='cuda:0',
       grad_fn=<SoftmaxBackward0>)
tensor([[0.2498, 0.2502, 0.2502, 0.2498],
        [0.2502, 0.2502, 0.2502, 0.2494],
        [0.2502, 0.2499, 0.2497, 0.2502]], device='cuda:0',
       grad_fn=<SoftmaxBackward0>)
tensor([[0.2500, 0.2498, 0.2499, 0.2503],
        [0.2502, 0.2498, 0.2503, 0.2497],
        [0.2500, 0.2499, 0.2500, 0.2501]], device='cuda:0',
       grad_fn=<SoftmaxBackward0>)
tensor([[0.2501, 0.2498, 0.2500, 0.2502],
        [0.2500, 0.2497, 0.2503, 0.2500]], device='cuda:0',
       grad_fn=<SoftmaxBackward0>)
tensor([[0.2497, 0.2501, 0.2500, 0.2501],
        [0.2499, 0.2505, 0.2498, 0.2498],
        [0.2502, 0.2500, 0.2500, 0.2499]], device='cuda:0',
       grad_fn=<SoftmaxBackward0>)
tensor([[0.2502, 0.2499, 0.2499, 0.2500],
        [0.2501, 0.2502, 0.2499, 0.2497],
        [0.2499, 0.2501, 0.2499, 0.2501]], device='cuda:0',
       grad_fn=<SoftmaxBackward0>)
tensor([[0.2499, 0.2504, 0.2494, 0.2504],
        [0.2499, 0.2501, 0.2501, 0.2499],
        [0.2500, 0.2503, 0.2498, 0.2499]], device='cuda:0',
       grad_fn=<SoftmaxBackward0>)
tensor([[0.2501, 0.2503, 0.2499, 0.2497],
        [0.2500, 0.2500, 0.2499, 0.2500],
        [0.2499, 0.2499, 0.2503, 0.2498]], device='cuda:0',
       grad_fn=<SoftmaxBackward0>)
tensor([[0.2498, 0.2502, 0.2498, 0.2502],
        [0.2499, 0.2500, 0.2505, 0.2497],
        [0.2500, 0.2499, 0.2500, 0.2500]], device='cuda:0',
       grad_fn=<SoftmaxBackward0>)
tensor([[0.2499, 0.2499, 0.2500, 0.2501],
        [0.2499, 0.2500, 0.2500, 0.2501],
        [0.2497, 0.2500, 0.2500, 0.2503]], device='cuda:0',
       grad_fn=<SoftmaxBackward0>)
tensor([[0.2495, 0.2498, 0.2503, 0.2504],
        [0.2498, 0.2498, 0.2501, 0.2503],
        [0.2501, 0.2499, 0.2500, 0.2500]], device='cuda:0',
       grad_fn=<SoftmaxBackward0>)
tensor([[0.2503, 0.2499, 0.2501, 0.2498],
        [0.2500, 0.2504, 0.2498, 0.2498],
        [0.2501, 0.2500, 0.2502, 0.2497]], device='cuda:0',
       grad_fn=<SoftmaxBackward0>)
tensor([[0.2500, 0.2498, 0.2498, 0.2504],
        [0.2501, 0.2499, 0.2503, 0.2497],
        [0.2502, 0.2500, 0.2503, 0.2495]], device='cuda:0',
       grad_fn=<SoftmaxBackward0>)
tensor([[0.2497, 0.2498, 0.2505, 0.2500],
        [0.2500, 0.2497, 0.2501, 0.2502]], device='cuda:0',
       grad_fn=<SoftmaxBackward0>)
tensor([[0.2499, 0.2500, 0.2497, 0.2504],
        [0.2500, 0.2499, 0.2498, 0.2503],
        [0.2501, 0.2499, 0.2502, 0.2499]], device='cuda:0',
       grad_fn=<SoftmaxBackward0>)
tensor([[0.2500, 0.2502, 0.2497, 0.2501],
        [0.2502, 0.2500, 0.2503, 0.2496],
        [0.2503, 0.2500, 0.2496, 0.2501]], device='cuda:0',
       grad_fn=<SoftmaxBackward0>)
tensor([[0.2497, 0.2503, 0.2502, 0.2499],
        [0.2498, 0.2500, 0.2501, 0.2501],
        [0.2500, 0.2499, 0.2500, 0.2501]], device='cuda:0',
       grad_fn=<SoftmaxBackward0>)
tensor([[0.2498, 0.2496, 0.2502, 0.2504],
        [0.2499, 0.2500, 0.2499, 0.2502],
        [0.2504, 0.2498, 0.2502, 0.2497]], device='cuda:0',
       grad_fn=<SoftmaxBackward0>)
tensor([[0.2497, 0.2501, 0.2504, 0.2498],
        [0.2503, 0.2500, 0.2501, 0.2496],
        [0.2502, 0.2501, 0.2503, 0.2495]], device='cuda:0',
       grad_fn=<SoftmaxBackward0>)
tensor([[0.2500, 0.2497, 0.2503, 0.2500],
        [0.2499, 0.2499, 0.2504, 0.2497],
        [0.2500, 0.2503, 0.2498, 0.2499]], device='cuda:0',
       grad_fn=<SoftmaxBackward0>)
tensor([[0.2499, 0.2499, 0.2500, 0.2501],
        [0.2500, 0.2501, 0.2501, 0.2498],
        [0.2500, 0.2498, 0.2499, 0.2502]], device='cuda:0',
       grad_fn=<SoftmaxBackward0>)
tensor([[0.2500, 0.2502, 0.2500, 0.2499],
        [0.2501, 0.2501, 0.2500, 0.2499],
        [0.2500, 0.2497, 0.2499, 0.2504]], device='cuda:0',
       grad_fn=<SoftmaxBackward0>)
tensor([[0.2497, 0.2502, 0.2502, 0.2498],
        [0.2501, 0.2499, 0.2499, 0.2501],
        [0.2500, 0.2504, 0.2501, 0.2495]], device='cuda:0',
       grad_fn=<SoftmaxBackward0>)
#####################
11/12 09:46:17PM searchStage_trainer.py:265 [INFO] Train: Epoch: [0][100/390]	Step 100	lr 0.025	Loss 4.6379 (4.7067)	Hard Loss 4.6379 (4.7067)	Soft Loss 4.6379 (4.7067)	Arch Loss 4.5786 (4.6899)	Arch Hard Loss 4.5786 (4.6899)	Arch Soft Loss 4.5786 (4.6899)	Arch depth Loss 0.0000 (0.0000)	Prec@(1,5) (1.8%, 7.4%)	
11/12 09:46:56PM searchStage_trainer.py:265 [INFO] Train: Epoch: [0][200/390]	Step 200	lr 0.025	Loss 4.3409 (4.6030)	Hard Loss 4.3409 (4.6030)	Soft Loss 4.3409 (4.6030)	Arch Loss 4.2036 (4.5928)	Arch Hard Loss 4.2036 (4.5928)	Arch Soft Loss 4.2036 (4.5928)	Arch depth Loss 0.0000 (0.0000)	Prec@(1,5) (2.2%, 9.1%)	
11/12 09:47:34PM searchStage_trainer.py:265 [INFO] Train: Epoch: [0][300/390]	Step 300	lr 0.025	Loss 4.4204 (4.4947)	Hard Loss 4.4204 (4.4947)	Soft Loss 4.4204 (4.4947)	Arch Loss 4.2249 (4.4817)	Arch Hard Loss 4.2249 (4.4817)	Arch Soft Loss 4.2249 (4.4817)	Arch depth Loss 0.0000 (0.0000)	Prec@(1,5) (2.8%, 11.8%)	
11/12 09:48:09PM searchStage_trainer.py:265 [INFO] Train: Epoch: [0][390/390]	Step 390	lr 0.025	Loss 4.3760 (4.4193)	Hard Loss 4.3760 (4.4193)	Soft Loss 4.3760 (4.4193)	Arch Loss 4.0932 (4.4083)	Arch Hard Loss 4.0932 (4.4083)	Arch Soft Loss 4.0932 (4.4083)	Arch depth Loss 0.0000 (0.0000)	Prec@(1,5) (3.3%, 13.8%)	
11/12 09:48:10PM searchStage_trainer.py:281 [INFO] Train: [  0/49] Final Prec@1 3.3360%
11/12 09:48:17PM searchStage_trainer.py:309 [INFO] Valid: Epoch: [0][100/391]	Step 391	Loss 4.1161	Prec@(1,5) (4.9%, 21.5%)
11/12 09:48:23PM searchStage_trainer.py:309 [INFO] Valid: Epoch: [0][200/391]	Step 391	Loss 4.1277	Prec@(1,5) (5.0%, 21.3%)
11/12 09:48:29PM searchStage_trainer.py:309 [INFO] Valid: Epoch: [0][300/391]	Step 391	Loss 4.1239	Prec@(1,5) (5.3%, 21.4%)
11/12 09:48:35PM searchStage_trainer.py:309 [INFO] Valid: Epoch: [0][390/391]	Step 391	Loss 4.1240	Prec@(1,5) (5.3%, 21.6%)
11/12 09:48:35PM searchStage_trainer.py:320 [INFO] Valid: [  0/49] Final Prec@1 5.2960%
11/12 09:48:35PM trainer_runner.py:74 [INFO] DAG = Genotype2(DAG1=[[('max_pool_3x3', 0), ('max_pool_3x3', 1)], [('skip_connect', 1), ('avg_pool_3x3', 0)], [('max_pool_3x3', 1), ('max_pool_3x3', 2)], [('max_pool_3x3', 2), ('max_pool_3x3', 4)], [('skip_connect', 3), ('skip_connect', 5)], [('skip_connect', 4), ('avg_pool_3x3', 6)], [('max_pool_3x3', 6), ('max_pool_3x3', 5)], [('skip_connect', 8), ('avg_pool_3x3', 6)], [('max_pool_3x3', 8), ('skip_connect', 7)], [('skip_connect', 8), ('max_pool_3x3', 9)]], DAG1_concat=range(10, 12), DAG2=[[('skip_connect', 1), ('skip_connect', 0)], [('skip_connect', 0), ('skip_connect', 1)], [('skip_connect', 1), ('skip_connect', 3)], [('skip_connect', 4), ('max_pool_3x3', 3)], [('skip_connect', 4), ('max_pool_3x3', 3)], [('skip_connect', 6), ('skip_connect', 5)], [('skip_connect', 6), ('max_pool_3x3', 5)], [('skip_connect', 7), ('skip_connect', 6)], [('max_pool_3x3', 9), ('skip_connect', 8)], [('max_pool_3x3', 8), ('skip_connect', 10)]], DAG2_concat=range(10, 12), DAG3=[[('skip_connect', 0), ('skip_connect', 1)], [('skip_connect', 1), ('skip_connect', 0)], [('skip_connect', 1), ('skip_connect', 3)], [('skip_connect', 2), ('skip_connect', 3)], [('skip_connect', 4), ('skip_connect', 3)], [('skip_connect', 4), ('avg_pool_3x3', 5)], [('skip_connect', 6), ('skip_connect', 5)], [('skip_connect', 8), ('skip_connect', 6)], [('skip_connect', 8), ('skip_connect', 9)], [('skip_connect', 8), ('skip_connect', 10)]], DAG3_concat=range(10, 12))
11/12 09:48:35PM trainer_runner.py:105 [INFO] Until now, best Prec@1 = 5.2960%
####### ALPHA #######
# Alpha - DAG
tensor([[0.2507, 0.2500, 0.2497, 0.2496],
        [0.2502, 0.2494, 0.2496, 0.2508]], device='cuda:0',
       grad_fn=<SoftmaxBackward0>)
tensor([[0.2501, 0.2503, 0.2497, 0.2499],
        [0.2495, 0.2493, 0.2506, 0.2506],
        [0.2501, 0.2502, 0.2498, 0.2499]], device='cuda:0',
       grad_fn=<SoftmaxBackward0>)
tensor([[0.2511, 0.2495, 0.2501, 0.2494],
        [0.2503, 0.2502, 0.2494, 0.2502],
        [0.2500, 0.2497, 0.2499, 0.2504]], device='cuda:0',
       grad_fn=<SoftmaxBackward0>)
tensor([[0.2508, 0.2498, 0.2504, 0.2490],
        [0.2501, 0.2495, 0.2498, 0.2506],
        [0.2507, 0.2489, 0.2496, 0.2507]], device='cuda:0',
       grad_fn=<SoftmaxBackward0>)
tensor([[0.2500, 0.2502, 0.2505, 0.2494],
        [0.2496, 0.2503, 0.2502, 0.2499],
        [0.2488, 0.2503, 0.2506, 0.2503]], device='cuda:0',
       grad_fn=<SoftmaxBackward0>)
tensor([[0.2502, 0.2501, 0.2509, 0.2488],
        [0.2498, 0.2498, 0.2496, 0.2509],
        [0.2498, 0.2505, 0.2493, 0.2504]], device='cuda:0',
       grad_fn=<SoftmaxBackward0>)
tensor([[0.2504, 0.2491, 0.2500, 0.2505],
        [0.2506, 0.2500, 0.2502, 0.2492],
        [0.2496, 0.2501, 0.2497, 0.2505]], device='cuda:0',
       grad_fn=<SoftmaxBackward0>)
tensor([[0.2491, 0.2504, 0.2501, 0.2504],
        [0.2500, 0.2505, 0.2506, 0.2489],
        [0.2498, 0.2497, 0.2506, 0.2499]], device='cuda:0',
       grad_fn=<SoftmaxBackward0>)
tensor([[0.2505, 0.2500, 0.2511, 0.2484],
        [0.2510, 0.2499, 0.2483, 0.2508],
        [0.2510, 0.2496, 0.2492, 0.2503]], device='cuda:0',
       grad_fn=<SoftmaxBackward0>)
tensor([[0.2505, 0.2492, 0.2508, 0.2494],
        [0.2502, 0.2498, 0.2502, 0.2498],
        [0.2494, 0.2502, 0.2497, 0.2507]], device='cuda:0',
       grad_fn=<SoftmaxBackward0>)
tensor([[0.2497, 0.2496, 0.2510, 0.2497],
        [0.2489, 0.2496, 0.2512, 0.2503]], device='cuda:0',
       grad_fn=<SoftmaxBackward0>)
tensor([[0.2491, 0.2497, 0.2510, 0.2501],
        [0.2496, 0.2506, 0.2509, 0.2489],
        [0.2501, 0.2491, 0.2499, 0.2509]], device='cuda:0',
       grad_fn=<SoftmaxBackward0>)
tensor([[0.2492, 0.2500, 0.2514, 0.2494],
        [0.2502, 0.2491, 0.2501, 0.2506],
        [0.2500, 0.2491, 0.2510, 0.2499]], device='cuda:0',
       grad_fn=<SoftmaxBackward0>)
tensor([[0.2499, 0.2492, 0.2499, 0.2510],
        [0.2502, 0.2490, 0.2498, 0.2511],
        [0.2492, 0.2508, 0.2514, 0.2486]], device='cuda:0',
       grad_fn=<SoftmaxBackward0>)
tensor([[0.2513, 0.2492, 0.2498, 0.2497],
        [0.2496, 0.2498, 0.2514, 0.2492],
        [0.2501, 0.2481, 0.2502, 0.2516]], device='cuda:0',
       grad_fn=<SoftmaxBackward0>)
tensor([[0.2478, 0.2509, 0.2507, 0.2505],
        [0.2491, 0.2501, 0.2509, 0.2500],
        [0.2483, 0.2509, 0.2509, 0.2499]], device='cuda:0',
       grad_fn=<SoftmaxBackward0>)
tensor([[0.2505, 0.2488, 0.2499, 0.2508],
        [0.2506, 0.2481, 0.2516, 0.2498],
        [0.2506, 0.2486, 0.2501, 0.2507]], device='cuda:0',
       grad_fn=<SoftmaxBackward0>)
tensor([[0.2501, 0.2489, 0.2508, 0.2503],
        [0.2502, 0.2490, 0.2506, 0.2503],
        [0.2499, 0.2502, 0.2494, 0.2505]], device='cuda:0',
       grad_fn=<SoftmaxBackward0>)
tensor([[0.2509, 0.2490, 0.2498, 0.2503],
        [0.2503, 0.2492, 0.2509, 0.2496],
        [0.2517, 0.2485, 0.2499, 0.2499]], device='cuda:0',
       grad_fn=<SoftmaxBackward0>)
tensor([[0.2516, 0.2478, 0.2505, 0.2501],
        [0.2501, 0.2485, 0.2507, 0.2507],
        [0.2497, 0.2499, 0.2507, 0.2497]], device='cuda:0',
       grad_fn=<SoftmaxBackward0>)
tensor([[0.2468, 0.2482, 0.2561, 0.2489],
        [0.2463, 0.2478, 0.2551, 0.2508]], device='cuda:0',
       grad_fn=<SoftmaxBackward0>)
tensor([[0.2457, 0.2485, 0.2538, 0.2520],
        [0.2487, 0.2486, 0.2541, 0.2487],
        [0.2493, 0.2495, 0.2514, 0.2498]], device='cuda:0',
       grad_fn=<SoftmaxBackward0>)
tensor([[0.2479, 0.2485, 0.2558, 0.2478],
        [0.2505, 0.2487, 0.2498, 0.2509],
        [0.2485, 0.2486, 0.2517, 0.2512]], device='cuda:0',
       grad_fn=<SoftmaxBackward0>)
tensor([[0.2478, 0.2499, 0.2534, 0.2488],
        [0.2465, 0.2490, 0.2536, 0.2510],
        [0.2462, 0.2516, 0.2509, 0.2512]], device='cuda:0',
       grad_fn=<SoftmaxBackward0>)
tensor([[0.2472, 0.2503, 0.2528, 0.2496],
        [0.2479, 0.2511, 0.2525, 0.2486],
        [0.2470, 0.2501, 0.2503, 0.2527]], device='cuda:0',
       grad_fn=<SoftmaxBackward0>)
tensor([[0.2474, 0.2509, 0.2543, 0.2474],
        [0.2448, 0.2526, 0.2517, 0.2509],
        [0.2452, 0.2495, 0.2530, 0.2523]], device='cuda:0',
       grad_fn=<SoftmaxBackward0>)
tensor([[0.2487, 0.2509, 0.2517, 0.2487],
        [0.2465, 0.2499, 0.2530, 0.2506],
        [0.2481, 0.2496, 0.2508, 0.2515]], device='cuda:0',
       grad_fn=<SoftmaxBackward0>)
tensor([[0.2486, 0.2492, 0.2529, 0.2493],
        [0.2478, 0.2500, 0.2485, 0.2538],
        [0.2481, 0.2508, 0.2534, 0.2478]], device='cuda:0',
       grad_fn=<SoftmaxBackward0>)
tensor([[0.2460, 0.2506, 0.2525, 0.2509],
        [0.2443, 0.2512, 0.2558, 0.2487],
        [0.2437, 0.2493, 0.2553, 0.2518]], device='cuda:0',
       grad_fn=<SoftmaxBackward0>)
tensor([[0.2451, 0.2503, 0.2554, 0.2492],
        [0.2460, 0.2501, 0.2529, 0.2510],
        [0.2463, 0.2485, 0.2539, 0.2513]], device='cuda:0',
       grad_fn=<SoftmaxBackward0>)
#####################
11/12 09:49:16PM searchStage_trainer.py:265 [INFO] Train: Epoch: [1][100/390]	Step 491	lr 0.02498	Loss 4.0410 (4.1115)	Hard Loss 4.0410 (4.1115)	Soft Loss 4.0410 (4.1115)	Arch Loss 4.0916 (4.0876)	Arch Hard Loss 4.0916 (4.0876)	Arch Soft Loss 4.0916 (4.0876)	Arch depth Loss 0.0000 (0.0000)	Prec@(1,5) (5.3%, 21.6%)	
11/12 09:49:54PM searchStage_trainer.py:265 [INFO] Train: Epoch: [1][200/390]	Step 591	lr 0.02498	Loss 4.0806 (4.0839)	Hard Loss 4.0806 (4.0839)	Soft Loss 4.0806 (4.0839)	Arch Loss 4.0409 (4.0641)	Arch Hard Loss 4.0409 (4.0641)	Arch Soft Loss 4.0409 (4.0641)	Arch depth Loss 0.0000 (0.0000)	Prec@(1,5) (6.0%, 22.7%)	
11/12 09:50:33PM searchStage_trainer.py:265 [INFO] Train: Epoch: [1][300/390]	Step 691	lr 0.02498	Loss 3.9836 (4.0561)	Hard Loss 3.9836 (4.0561)	Soft Loss 3.9836 (4.0561)	Arch Loss 3.8245 (4.0335)	Arch Hard Loss 3.8245 (4.0335)	Arch Soft Loss 3.8245 (4.0335)	Arch depth Loss 0.0000 (0.0000)	Prec@(1,5) (6.3%, 23.6%)	
11/12 09:51:08PM searchStage_trainer.py:265 [INFO] Train: Epoch: [1][390/390]	Step 781	lr 0.02498	Loss 3.7149 (4.0266)	Hard Loss 3.7149 (4.0266)	Soft Loss 3.7149 (4.0266)	Arch Loss 4.1006 (4.0117)	Arch Hard Loss 4.1006 (4.0117)	Arch Soft Loss 4.1006 (4.0117)	Arch depth Loss 0.0000 (0.0000)	Prec@(1,5) (6.8%, 24.6%)	
11/12 09:51:09PM searchStage_trainer.py:281 [INFO] Train: [  1/49] Final Prec@1 6.7840%
11/12 09:51:16PM searchStage_trainer.py:309 [INFO] Valid: Epoch: [1][100/391]	Step 782	Loss 3.9113	Prec@(1,5) (8.3%, 28.3%)
11/12 09:51:22PM searchStage_trainer.py:309 [INFO] Valid: Epoch: [1][200/391]	Step 782	Loss 3.9089	Prec@(1,5) (8.5%, 28.5%)
11/12 09:51:28PM searchStage_trainer.py:309 [INFO] Valid: Epoch: [1][300/391]	Step 782	Loss 3.9077	Prec@(1,5) (8.4%, 28.6%)
11/12 09:51:33PM searchStage_trainer.py:309 [INFO] Valid: Epoch: [1][390/391]	Step 782	Loss 3.9115	Prec@(1,5) (8.4%, 28.4%)
11/12 09:51:34PM searchStage_trainer.py:320 [INFO] Valid: [  1/49] Final Prec@1 8.4080%
11/12 09:51:34PM trainer_runner.py:74 [INFO] DAG = Genotype2(DAG1=[[('max_pool_3x3', 0), ('max_pool_3x3', 1)], [('skip_connect', 1), ('avg_pool_3x3', 0)], [('max_pool_3x3', 1), ('max_pool_3x3', 2)], [('skip_connect', 2), ('max_pool_3x3', 4)], [('skip_connect', 3), ('skip_connect', 5)], [('skip_connect', 4), ('max_pool_3x3', 5)], [('skip_connect', 6), ('max_pool_3x3', 5)], [('skip_connect', 6), ('skip_connect', 8)], [('skip_connect', 7), ('max_pool_3x3', 8)], [('skip_connect', 9), ('max_pool_3x3', 8)]], DAG1_concat=range(10, 12), DAG2=[[('skip_connect', 0), ('skip_connect', 1)], [('skip_connect', 0), ('skip_connect', 1)], [('skip_connect', 1), ('skip_connect', 3)], [('skip_connect', 4), ('skip_connect', 3)], [('skip_connect', 3), ('skip_connect', 5)], [('skip_connect', 5), ('skip_connect', 4)], [('skip_connect', 6), ('skip_connect', 5)], [('skip_connect', 6), ('skip_connect', 8)], [('max_pool_3x3', 7), ('max_pool_3x3', 9)], [('max_pool_3x3', 8), ('skip_connect', 10)]], DAG2_concat=range(10, 12), DAG3=[[('skip_connect', 0), ('skip_connect', 1)], [('skip_connect', 0), ('skip_connect', 1)], [('skip_connect', 1), ('skip_connect', 2)], [('skip_connect', 2), ('skip_connect', 3)], [('skip_connect', 3), ('skip_connect', 4)], [('skip_connect', 4), ('skip_connect', 5)], [('skip_connect', 5), ('skip_connect', 6)], [('skip_connect', 6), ('skip_connect', 8)], [('max_pool_3x3', 7), ('skip_connect', 9)], [('skip_connect', 8), ('max_pool_3x3', 9)]], DAG3_concat=range(10, 12))
11/12 09:51:34PM trainer_runner.py:105 [INFO] Until now, best Prec@1 = 8.4080%
####### ALPHA #######
# Alpha - DAG
tensor([[0.2508, 0.2496, 0.2498, 0.2497],
        [0.2506, 0.2490, 0.2497, 0.2508]], device='cuda:0',
       grad_fn=<SoftmaxBackward0>)
tensor([[0.2502, 0.2503, 0.2499, 0.2496],
        [0.2496, 0.2492, 0.2507, 0.2505],
        [0.2500, 0.2500, 0.2497, 0.2503]], device='cuda:0',
       grad_fn=<SoftmaxBackward0>)
tensor([[0.2519, 0.2493, 0.2501, 0.2487],
        [0.2505, 0.2496, 0.2491, 0.2508],
        [0.2500, 0.2495, 0.2499, 0.2505]], device='cuda:0',
       grad_fn=<SoftmaxBackward0>)
tensor([[0.2506, 0.2496, 0.2507, 0.2491],
        [0.2501, 0.2495, 0.2502, 0.2502],
        [0.2507, 0.2488, 0.2495, 0.2511]], device='cuda:0',
       grad_fn=<SoftmaxBackward0>)
tensor([[0.2507, 0.2501, 0.2512, 0.2481],
        [0.2495, 0.2497, 0.2500, 0.2508],
        [0.2490, 0.2499, 0.2502, 0.2508]], device='cuda:0',
       grad_fn=<SoftmaxBackward0>)
tensor([[0.2508, 0.2492, 0.2514, 0.2485],
        [0.2508, 0.2491, 0.2494, 0.2508],
        [0.2505, 0.2498, 0.2488, 0.2509]], device='cuda:0',
       grad_fn=<SoftmaxBackward0>)
tensor([[0.2505, 0.2486, 0.2503, 0.2506],
        [0.2508, 0.2497, 0.2508, 0.2488],
        [0.2497, 0.2503, 0.2489, 0.2510]], device='cuda:0',
       grad_fn=<SoftmaxBackward0>)
tensor([[0.2495, 0.2504, 0.2504, 0.2497],
        [0.2499, 0.2504, 0.2504, 0.2493],
        [0.2497, 0.2494, 0.2505, 0.2503]], device='cuda:0',
       grad_fn=<SoftmaxBackward0>)
tensor([[0.2510, 0.2499, 0.2518, 0.2473],
        [0.2507, 0.2488, 0.2486, 0.2520],
        [0.2503, 0.2497, 0.2494, 0.2506]], device='cuda:0',
       grad_fn=<SoftmaxBackward0>)
tensor([[0.2507, 0.2493, 0.2506, 0.2494],
        [0.2504, 0.2496, 0.2513, 0.2487],
        [0.2487, 0.2497, 0.2499, 0.2517]], device='cuda:0',
       grad_fn=<SoftmaxBackward0>)
tensor([[0.2500, 0.2490, 0.2530, 0.2480],
        [0.2475, 0.2477, 0.2531, 0.2517]], device='cuda:0',
       grad_fn=<SoftmaxBackward0>)
tensor([[0.2490, 0.2484, 0.2534, 0.2491],
        [0.2482, 0.2487, 0.2532, 0.2499],
        [0.2492, 0.2493, 0.2507, 0.2508]], device='cuda:0',
       grad_fn=<SoftmaxBackward0>)
tensor([[0.2476, 0.2506, 0.2561, 0.2456],
        [0.2467, 0.2481, 0.2522, 0.2531],
        [0.2489, 0.2480, 0.2519, 0.2512]], device='cuda:0',
       grad_fn=<SoftmaxBackward0>)
tensor([[0.2493, 0.2480, 0.2505, 0.2522],
        [0.2509, 0.2473, 0.2512, 0.2507],
        [0.2498, 0.2493, 0.2521, 0.2487]], device='cuda:0',
       grad_fn=<SoftmaxBackward0>)
tensor([[0.2505, 0.2478, 0.2525, 0.2491],
        [0.2512, 0.2464, 0.2511, 0.2513],
        [0.2490, 0.2480, 0.2515, 0.2515]], device='cuda:0',
       grad_fn=<SoftmaxBackward0>)
tensor([[0.2482, 0.2481, 0.2527, 0.2509],
        [0.2481, 0.2494, 0.2530, 0.2495],
        [0.2482, 0.2493, 0.2512, 0.2513]], device='cuda:0',
       grad_fn=<SoftmaxBackward0>)
tensor([[0.2509, 0.2469, 0.2522, 0.2500],
        [0.2493, 0.2465, 0.2536, 0.2506],
        [0.2507, 0.2461, 0.2509, 0.2523]], device='cuda:0',
       grad_fn=<SoftmaxBackward0>)
tensor([[0.2490, 0.2475, 0.2523, 0.2512],
        [0.2501, 0.2476, 0.2516, 0.2507],
        [0.2474, 0.2505, 0.2517, 0.2503]], device='cuda:0',
       grad_fn=<SoftmaxBackward0>)
tensor([[0.2525, 0.2471, 0.2502, 0.2502],
        [0.2501, 0.2467, 0.2525, 0.2508],
        [0.2513, 0.2489, 0.2501, 0.2497]], device='cuda:0',
       grad_fn=<SoftmaxBackward0>)
tensor([[0.2542, 0.2443, 0.2521, 0.2493],
        [0.2492, 0.2462, 0.2520, 0.2526],
        [0.2474, 0.2507, 0.2520, 0.2499]], device='cuda:0',
       grad_fn=<SoftmaxBackward0>)
tensor([[0.2467, 0.2432, 0.2614, 0.2487],
        [0.2466, 0.2426, 0.2599, 0.2509]], device='cuda:0',
       grad_fn=<SoftmaxBackward0>)
tensor([[0.2441, 0.2458, 0.2618, 0.2483],
        [0.2477, 0.2450, 0.2613, 0.2460],
        [0.2472, 0.2479, 0.2501, 0.2549]], device='cuda:0',
       grad_fn=<SoftmaxBackward0>)
tensor([[0.2524, 0.2445, 0.2612, 0.2419],
        [0.2512, 0.2444, 0.2527, 0.2517],
        [0.2492, 0.2435, 0.2497, 0.2577]], device='cuda:0',
       grad_fn=<SoftmaxBackward0>)
tensor([[0.2477, 0.2473, 0.2580, 0.2470],
        [0.2474, 0.2435, 0.2561, 0.2530],
        [0.2468, 0.2501, 0.2512, 0.2518]], device='cuda:0',
       grad_fn=<SoftmaxBackward0>)
tensor([[0.2493, 0.2494, 0.2553, 0.2461],
        [0.2504, 0.2460, 0.2537, 0.2500],
        [0.2465, 0.2489, 0.2493, 0.2554]], device='cuda:0',
       grad_fn=<SoftmaxBackward0>)
tensor([[0.2517, 0.2490, 0.2580, 0.2413],
        [0.2469, 0.2495, 0.2502, 0.2533],
        [0.2458, 0.2477, 0.2500, 0.2565]], device='cuda:0',
       grad_fn=<SoftmaxBackward0>)
tensor([[0.2535, 0.2476, 0.2543, 0.2446],
        [0.2499, 0.2497, 0.2502, 0.2502],
        [0.2506, 0.2457, 0.2474, 0.2563]], device='cuda:0',
       grad_fn=<SoftmaxBackward0>)
tensor([[0.2509, 0.2463, 0.2579, 0.2449],
        [0.2486, 0.2469, 0.2462, 0.2582],
        [0.2486, 0.2511, 0.2525, 0.2478]], device='cuda:0',
       grad_fn=<SoftmaxBackward0>)
tensor([[0.2531, 0.2494, 0.2530, 0.2444],
        [0.2481, 0.2493, 0.2509, 0.2517],
        [0.2438, 0.2474, 0.2525, 0.2564]], device='cuda:0',
       grad_fn=<SoftmaxBackward0>)
tensor([[0.2502, 0.2505, 0.2520, 0.2474],
        [0.2517, 0.2514, 0.2487, 0.2482],
        [0.2476, 0.2488, 0.2497, 0.2540]], device='cuda:0',
       grad_fn=<SoftmaxBackward0>)
#####################
11/12 09:52:13PM searchStage_trainer.py:265 [INFO] Train: Epoch: [2][100/390]	Step 882	lr 0.02491	Loss 3.7432 (3.8880)	Hard Loss 3.7432 (3.8880)	Soft Loss 3.7432 (3.8880)	Arch Loss 3.8003 (3.9058)	Arch Hard Loss 3.8003 (3.9058)	Arch Soft Loss 3.8003 (3.9058)	Arch depth Loss 0.0000 (0.0000)	Prec@(1,5) (9.7%, 29.6%)	
11/12 09:52:51PM searchStage_trainer.py:265 [INFO] Train: Epoch: [2][200/390]	Step 982	lr 0.02491	Loss 3.7189 (3.8869)	Hard Loss 3.7189 (3.8869)	Soft Loss 3.7189 (3.8869)	Arch Loss 4.0229 (3.8958)	Arch Hard Loss 4.0229 (3.8958)	Arch Soft Loss 4.0229 (3.8958)	Arch depth Loss 0.0000 (0.0000)	Prec@(1,5) (9.3%, 29.6%)	
11/12 09:53:29PM searchStage_trainer.py:265 [INFO] Train: Epoch: [2][300/390]	Step 1082	lr 0.02491	Loss 3.7614 (3.8777)	Hard Loss 3.7614 (3.8777)	Soft Loss 3.7614 (3.8777)	Arch Loss 4.1556 (3.8714)	Arch Hard Loss 4.1556 (3.8714)	Arch Soft Loss 4.1556 (3.8714)	Arch depth Loss 0.0000 (0.0000)	Prec@(1,5) (9.4%, 29.9%)	
11/12 09:54:04PM searchStage_trainer.py:265 [INFO] Train: Epoch: [2][390/390]	Step 1172	lr 0.02491	Loss 3.7295 (3.8603)	Hard Loss 3.7295 (3.8603)	Soft Loss 3.7295 (3.8603)	Arch Loss 3.8613 (3.8496)	Arch Hard Loss 3.8613 (3.8496)	Arch Soft Loss 3.8613 (3.8496)	Arch depth Loss 0.0000 (0.0000)	Prec@(1,5) (9.5%, 30.6%)	
11/12 09:54:05PM searchStage_trainer.py:281 [INFO] Train: [  2/49] Final Prec@1 9.5280%
11/12 09:54:11PM searchStage_trainer.py:309 [INFO] Valid: Epoch: [2][100/391]	Step 1173	Loss 3.8032	Prec@(1,5) (9.8%, 32.4%)
11/12 09:54:17PM searchStage_trainer.py:309 [INFO] Valid: Epoch: [2][200/391]	Step 1173	Loss 3.8078	Prec@(1,5) (10.0%, 32.0%)
11/12 09:54:23PM searchStage_trainer.py:309 [INFO] Valid: Epoch: [2][300/391]	Step 1173	Loss 3.7966	Prec@(1,5) (10.3%, 32.3%)
11/12 09:54:29PM searchStage_trainer.py:309 [INFO] Valid: Epoch: [2][390/391]	Step 1173	Loss 3.7960	Prec@(1,5) (10.3%, 32.3%)
11/12 09:54:29PM searchStage_trainer.py:320 [INFO] Valid: [  2/49] Final Prec@1 10.2920%
11/12 09:54:29PM trainer_runner.py:74 [INFO] DAG = Genotype2(DAG1=[[('max_pool_3x3', 0), ('max_pool_3x3', 1)], [('skip_connect', 1), ('max_pool_3x3', 0)], [('max_pool_3x3', 1), ('max_pool_3x3', 2)], [('max_pool_3x3', 2), ('skip_connect', 3)], [('skip_connect', 3), ('skip_connect', 4)], [('max_pool_3x3', 5), ('skip_connect', 4)], [('skip_connect', 5), ('max_pool_3x3', 6)], [('skip_connect', 7), ('skip_connect', 6)], [('skip_connect', 7), ('max_pool_3x3', 8)], [('skip_connect', 8), ('skip_connect', 9)]], DAG1_concat=range(10, 12), DAG2=[[('skip_connect', 1), ('skip_connect', 0)], [('skip_connect', 0), ('skip_connect', 1)], [('skip_connect', 1), ('skip_connect', 2)], [('skip_connect', 3), ('skip_connect', 4)], [('skip_connect', 3), ('skip_connect', 4)], [('skip_connect', 4), ('skip_connect', 5)], [('skip_connect', 5), ('skip_connect', 6)], [('skip_connect', 6), ('skip_connect', 8)], [('skip_connect', 7), ('skip_connect', 8)], [('max_pool_3x3', 8), ('skip_connect', 10)]], DAG2_concat=range(10, 12), DAG3=[[('skip_connect', 0), ('skip_connect', 1)], [('skip_connect', 1), ('skip_connect', 0)], [('skip_connect', 1), ('skip_connect', 2)], [('skip_connect', 2), ('skip_connect', 3)], [('skip_connect', 3), ('skip_connect', 4)], [('skip_connect', 4), ('skip_connect', 5)], [('skip_connect', 5), ('max_pool_3x3', 7)], [('skip_connect', 6), ('avg_pool_3x3', 8)], [('max_pool_3x3', 7), ('skip_connect', 8)], [('max_pool_3x3', 9), ('avg_pool_3x3', 8)]], DAG3_concat=range(10, 12))
11/12 09:54:30PM trainer_runner.py:105 [INFO] Until now, best Prec@1 = 10.2920%
####### ALPHA #######
# Alpha - DAG
tensor([[0.2512, 0.2489, 0.2500, 0.2500],
        [0.2511, 0.2484, 0.2498, 0.2506]], device='cuda:0',
       grad_fn=<SoftmaxBackward0>)
tensor([[0.2503, 0.2502, 0.2502, 0.2493],
        [0.2498, 0.2492, 0.2510, 0.2500],
        [0.2498, 0.2499, 0.2494, 0.2510]], device='cuda:0',
       grad_fn=<SoftmaxBackward0>)
tensor([[0.2535, 0.2488, 0.2504, 0.2473],
        [0.2505, 0.2492, 0.2491, 0.2511],
        [0.2499, 0.2490, 0.2497, 0.2514]], device='cuda:0',
       grad_fn=<SoftmaxBackward0>)
tensor([[0.2505, 0.2501, 0.2501, 0.2493],
        [0.2502, 0.2494, 0.2505, 0.2499],
        [0.2506, 0.2484, 0.2498, 0.2512]], device='cuda:0',
       grad_fn=<SoftmaxBackward0>)
tensor([[0.2512, 0.2496, 0.2517, 0.2476],
        [0.2495, 0.2489, 0.2504, 0.2512],
        [0.2491, 0.2497, 0.2500, 0.2511]], device='cuda:0',
       grad_fn=<SoftmaxBackward0>)
tensor([[0.2510, 0.2488, 0.2518, 0.2484],
        [0.2523, 0.2480, 0.2494, 0.2502],
        [0.2509, 0.2492, 0.2483, 0.2516]], device='cuda:0',
       grad_fn=<SoftmaxBackward0>)
tensor([[0.2513, 0.2481, 0.2514, 0.2492],
        [0.2508, 0.2494, 0.2508, 0.2490],
        [0.2489, 0.2497, 0.2490, 0.2525]], device='cuda:0',
       grad_fn=<SoftmaxBackward0>)
tensor([[0.2494, 0.2502, 0.2504, 0.2501],
        [0.2498, 0.2506, 0.2509, 0.2487],
        [0.2495, 0.2496, 0.2504, 0.2506]], device='cuda:0',
       grad_fn=<SoftmaxBackward0>)
tensor([[0.2513, 0.2483, 0.2523, 0.2481],
        [0.2515, 0.2482, 0.2491, 0.2511],
        [0.2509, 0.2490, 0.2492, 0.2509]], device='cuda:0',
       grad_fn=<SoftmaxBackward0>)
tensor([[0.2516, 0.2504, 0.2523, 0.2456],
        [0.2497, 0.2486, 0.2511, 0.2506],
        [0.2487, 0.2484, 0.2488, 0.2541]], device='cuda:0',
       grad_fn=<SoftmaxBackward0>)
tensor([[0.2487, 0.2458, 0.2581, 0.2473],
        [0.2449, 0.2449, 0.2585, 0.2517]], device='cuda:0',
       grad_fn=<SoftmaxBackward0>)
tensor([[0.2457, 0.2459, 0.2619, 0.2464],
        [0.2463, 0.2437, 0.2620, 0.2480],
        [0.2488, 0.2474, 0.2501, 0.2537]], device='cuda:0',
       grad_fn=<SoftmaxBackward0>)
tensor([[0.2468, 0.2486, 0.2646, 0.2400],
        [0.2467, 0.2448, 0.2534, 0.2552],
        [0.2492, 0.2442, 0.2518, 0.2548]], device='cuda:0',
       grad_fn=<SoftmaxBackward0>)
tensor([[0.2460, 0.2461, 0.2544, 0.2534],
        [0.2490, 0.2440, 0.2558, 0.2512],
        [0.2461, 0.2499, 0.2549, 0.2492]], device='cuda:0',
       grad_fn=<SoftmaxBackward0>)
tensor([[0.2528, 0.2420, 0.2576, 0.2475],
        [0.2512, 0.2415, 0.2539, 0.2534],
        [0.2489, 0.2446, 0.2529, 0.2536]], device='cuda:0',
       grad_fn=<SoftmaxBackward0>)
tensor([[0.2426, 0.2477, 0.2626, 0.2471],
        [0.2440, 0.2483, 0.2581, 0.2496],
        [0.2415, 0.2510, 0.2496, 0.2579]], device='cuda:0',
       grad_fn=<SoftmaxBackward0>)
tensor([[0.2529, 0.2422, 0.2574, 0.2476],
        [0.2499, 0.2420, 0.2575, 0.2507],
        [0.2511, 0.2428, 0.2497, 0.2564]], device='cuda:0',
       grad_fn=<SoftmaxBackward0>)
tensor([[0.2477, 0.2452, 0.2560, 0.2510],
        [0.2473, 0.2461, 0.2543, 0.2523],
        [0.2446, 0.2506, 0.2540, 0.2508]], device='cuda:0',
       grad_fn=<SoftmaxBackward0>)
tensor([[0.2545, 0.2444, 0.2562, 0.2449],
        [0.2488, 0.2439, 0.2532, 0.2541],
        [0.2498, 0.2469, 0.2487, 0.2545]], device='cuda:0',
       grad_fn=<SoftmaxBackward0>)
tensor([[0.2569, 0.2398, 0.2535, 0.2498],
        [0.2506, 0.2401, 0.2527, 0.2565],
        [0.2467, 0.2493, 0.2560, 0.2480]], device='cuda:0',
       grad_fn=<SoftmaxBackward0>)
tensor([[0.2451, 0.2393, 0.2680, 0.2476],
        [0.2413, 0.2397, 0.2672, 0.2517]], device='cuda:0',
       grad_fn=<SoftmaxBackward0>)
tensor([[0.2429, 0.2430, 0.2677, 0.2464],
        [0.2471, 0.2415, 0.2683, 0.2431],
        [0.2430, 0.2453, 0.2524, 0.2592]], device='cuda:0',
       grad_fn=<SoftmaxBackward0>)
tensor([[0.2580, 0.2436, 0.2681, 0.2304],
        [0.2488, 0.2387, 0.2540, 0.2585],
        [0.2507, 0.2385, 0.2453, 0.2655]], device='cuda:0',
       grad_fn=<SoftmaxBackward0>)
tensor([[0.2483, 0.2434, 0.2596, 0.2488],
        [0.2489, 0.2424, 0.2594, 0.2493],
        [0.2457, 0.2471, 0.2528, 0.2543]], device='cuda:0',
       grad_fn=<SoftmaxBackward0>)
tensor([[0.2534, 0.2494, 0.2587, 0.2385],
        [0.2541, 0.2433, 0.2544, 0.2482],
        [0.2455, 0.2450, 0.2446, 0.2648]], device='cuda:0',
       grad_fn=<SoftmaxBackward0>)
tensor([[0.2512, 0.2489, 0.2664, 0.2335],
        [0.2449, 0.2470, 0.2546, 0.2536],
        [0.2469, 0.2431, 0.2439, 0.2662]], device='cuda:0',
       grad_fn=<SoftmaxBackward0>)
tensor([[0.2558, 0.2478, 0.2574, 0.2390],
        [0.2514, 0.2501, 0.2502, 0.2484],
        [0.2529, 0.2425, 0.2406, 0.2640]], device='cuda:0',
       grad_fn=<SoftmaxBackward0>)
tensor([[0.2513, 0.2487, 0.2649, 0.2352],
        [0.2452, 0.2481, 0.2424, 0.2643],
        [0.2458, 0.2526, 0.2500, 0.2516]], device='cuda:0',
       grad_fn=<SoftmaxBackward0>)
tensor([[0.2548, 0.2499, 0.2546, 0.2407],
        [0.2485, 0.2507, 0.2511, 0.2497],
        [0.2408, 0.2455, 0.2514, 0.2623]], device='cuda:0',
       grad_fn=<SoftmaxBackward0>)
tensor([[0.2536, 0.2546, 0.2541, 0.2377],
        [0.2567, 0.2532, 0.2440, 0.2461],
        [0.2440, 0.2450, 0.2461, 0.2650]], device='cuda:0',
       grad_fn=<SoftmaxBackward0>)
#####################
11/12 09:55:10PM searchStage_trainer.py:265 [INFO] Train: Epoch: [3][100/390]	Step 1273	lr 0.02479	Loss 3.6680 (3.7190)	Hard Loss 3.6680 (3.7190)	Soft Loss 3.6680 (3.7190)	Arch Loss 3.6998 (3.7625)	Arch Hard Loss 3.6998 (3.7625)	Arch Soft Loss 3.6998 (3.7625)	Arch depth Loss 0.0000 (0.0000)	Prec@(1,5) (11.7%, 35.2%)	
11/12 09:55:48PM searchStage_trainer.py:265 [INFO] Train: Epoch: [3][200/390]	Step 1373	lr 0.02479	Loss 3.7252 (3.7099)	Hard Loss 3.7252 (3.7099)	Soft Loss 3.7252 (3.7099)	Arch Loss 3.5557 (3.7243)	Arch Hard Loss 3.5557 (3.7243)	Arch Soft Loss 3.5557 (3.7243)	Arch depth Loss 0.0000 (0.0000)	Prec@(1,5) (11.7%, 35.2%)	
11/12 09:56:26PM searchStage_trainer.py:265 [INFO] Train: Epoch: [3][300/390]	Step 1473	lr 0.02479	Loss 3.7005 (3.7037)	Hard Loss 3.7005 (3.7037)	Soft Loss 3.7005 (3.7037)	Arch Loss 3.5508 (3.7137)	Arch Hard Loss 3.5508 (3.7137)	Arch Soft Loss 3.5508 (3.7137)	Arch depth Loss 0.0000 (0.0000)	Prec@(1,5) (11.9%, 35.2%)	
11/12 09:57:00PM searchStage_trainer.py:265 [INFO] Train: Epoch: [3][390/390]	Step 1563	lr 0.02479	Loss 3.5741 (3.6926)	Hard Loss 3.5741 (3.6926)	Soft Loss 3.5741 (3.6926)	Arch Loss 3.2688 (3.6987)	Arch Hard Loss 3.2688 (3.6987)	Arch Soft Loss 3.2688 (3.6987)	Arch depth Loss 0.0000 (0.0000)	Prec@(1,5) (12.1%, 35.5%)	
11/12 09:57:01PM searchStage_trainer.py:281 [INFO] Train: [  3/49] Final Prec@1 12.1400%
11/12 09:57:08PM searchStage_trainer.py:309 [INFO] Valid: Epoch: [3][100/391]	Step 1564	Loss 3.6773	Prec@(1,5) (12.6%, 35.8%)
11/12 09:57:14PM searchStage_trainer.py:309 [INFO] Valid: Epoch: [3][200/391]	Step 1564	Loss 3.6653	Prec@(1,5) (13.1%, 36.1%)
11/12 09:57:20PM searchStage_trainer.py:309 [INFO] Valid: Epoch: [3][300/391]	Step 1564	Loss 3.6599	Prec@(1,5) (13.1%, 36.2%)
11/12 09:57:26PM searchStage_trainer.py:309 [INFO] Valid: Epoch: [3][390/391]	Step 1564	Loss 3.6606	Prec@(1,5) (13.1%, 36.3%)
11/12 09:57:26PM searchStage_trainer.py:320 [INFO] Valid: [  3/49] Final Prec@1 13.1320%
11/12 09:57:26PM trainer_runner.py:74 [INFO] DAG = Genotype2(DAG1=[[('max_pool_3x3', 0), ('max_pool_3x3', 1)], [('skip_connect', 1), ('skip_connect', 0)], [('max_pool_3x3', 1), ('max_pool_3x3', 2)], [('skip_connect', 3), ('skip_connect', 2)], [('max_pool_3x3', 3), ('skip_connect', 4)], [('skip_connect', 4), ('max_pool_3x3', 5)], [('skip_connect', 5), ('skip_connect', 6)], [('skip_connect', 7), ('skip_connect', 8)], [('skip_connect', 7), ('max_pool_3x3', 8)], [('skip_connect', 8), ('skip_connect', 9)]], DAG1_concat=range(10, 12), DAG2=[[('skip_connect', 1), ('skip_connect', 0)], [('skip_connect', 1), ('skip_connect', 0)], [('skip_connect', 1), ('skip_connect', 2)], [('skip_connect', 3), ('skip_connect', 2)], [('skip_connect', 3), ('skip_connect', 4)], [('skip_connect', 4), ('skip_connect', 5)], [('skip_connect', 5), ('skip_connect', 6)], [('skip_connect', 6), ('skip_connect', 8)], [('skip_connect', 8), ('skip_connect', 7)], [('skip_connect', 8), ('skip_connect', 10)]], DAG2_concat=range(10, 12), DAG3=[[('skip_connect', 0), ('skip_connect', 1)], [('skip_connect', 0), ('skip_connect', 1)], [('max_pool_3x3', 1), ('skip_connect', 2)], [('skip_connect', 2), ('skip_connect', 3)], [('skip_connect', 3), ('max_pool_3x3', 4)], [('skip_connect', 4), ('skip_connect', 5)], [('skip_connect', 5), ('max_pool_3x3', 6)], [('skip_connect', 6), ('avg_pool_3x3', 8)], [('max_pool_3x3', 7), ('max_pool_3x3', 8)], [('max_pool_3x3', 9), ('skip_connect', 8)]], DAG3_concat=range(10, 12))
11/12 09:57:26PM trainer_runner.py:105 [INFO] Until now, best Prec@1 = 13.1320%
####### ALPHA #######
# Alpha - DAG
tensor([[0.2517, 0.2476, 0.2506, 0.2501],
        [0.2517, 0.2473, 0.2502, 0.2508]], device='cuda:0',
       grad_fn=<SoftmaxBackward0>)
tensor([[0.2506, 0.2493, 0.2513, 0.2488],
        [0.2497, 0.2487, 0.2522, 0.2495],
        [0.2497, 0.2493, 0.2490, 0.2521]], device='cuda:0',
       grad_fn=<SoftmaxBackward0>)
tensor([[0.2549, 0.2485, 0.2523, 0.2442],
        [0.2509, 0.2475, 0.2478, 0.2538],
        [0.2504, 0.2480, 0.2496, 0.2520]], device='cuda:0',
       grad_fn=<SoftmaxBackward0>)
tensor([[0.2498, 0.2487, 0.2503, 0.2512],
        [0.2509, 0.2488, 0.2523, 0.2481],
        [0.2502, 0.2481, 0.2502, 0.2516]], device='cuda:0',
