08/23 02:28:15PM parser.py:28 [INFO] 
08/23 02:28:15PM parser.py:29 [INFO] Parameters:
08/23 02:28:15PM parser.py:31 [INFO] DAG_PATH=results/search_stage_KD/cifar10/largeSlideWindow/s0-BaselineBestCell/DAG
08/23 02:28:15PM parser.py:31 [INFO] T=10.0
08/23 02:28:15PM parser.py:31 [INFO] ADVANCED=False
08/23 02:28:15PM parser.py:31 [INFO] ALPHA_LR=0.0003
08/23 02:28:15PM parser.py:31 [INFO] ALPHA_WEIGHT_DECAY=0.001
08/23 02:28:15PM parser.py:31 [INFO] BATCH_SIZE=64
08/23 02:28:15PM parser.py:31 [INFO] CASCADE=False
08/23 02:28:15PM parser.py:31 [INFO] CHECKPOINT_RESET=False
08/23 02:28:15PM parser.py:31 [INFO] CUTOUT_LENGTH=0
08/23 02:28:15PM parser.py:31 [INFO] DATA_PATH=../data/
08/23 02:28:15PM parser.py:31 [INFO] DATASET=cifar10
08/23 02:28:15PM parser.py:31 [INFO] DEPTH_COEF=1.0
08/23 02:28:15PM parser.py:31 [INFO] DESCRIPTION=search_stage_on_noKD_with_slideWindow-8
08/23 02:28:15PM parser.py:31 [INFO] EPOCHS=50
08/23 02:28:15PM parser.py:31 [INFO] EXP_NAME=s0-BaselineBestCell
08/23 02:28:15PM parser.py:31 [INFO] GENOTYPE=Genotype3(normal1=[[('sep_conv_5x5', 0), ('sep_conv_3x3', 1)], [('sep_conv_3x3', 1), ('sep_conv_3x3', 0)], [('sep_conv_3x3', 1), ('sep_conv_3x3', 2)], [('sep_conv_3x3', 0), ('sep_conv_5x5', 4)]], normal1_concat=range(2, 6), reduce1=[[('sep_conv_3x3', 0), ('skip_connect', 1)], [('sep_conv_3x3', 1), ('max_pool_3x3', 0)], [('sep_conv_3x3', 2), ('sep_conv_3x3', 1)], [('max_pool_3x3', 0), ('dil_conv_3x3', 1)]], reduce1_concat=range(2, 6), normal2=[[('skip_connect', 0), ('sep_conv_5x5', 1)], [('skip_connect', 0), ('skip_connect', 2)], [('avg_pool_3x3', 0), ('avg_pool_3x3', 2)], [('skip_connect', 0), ('avg_pool_3x3', 2)]], normal2_concat=range(2, 6), reduce2=[[('avg_pool_3x3', 0), ('avg_pool_3x3', 1)], [('avg_pool_3x3', 0), ('skip_connect', 2)], [('skip_connect', 2), ('avg_pool_3x3', 0)], [('skip_connect', 2), ('avg_pool_3x3', 0)]], reduce2_concat=range(2, 6), normal3=[[('skip_connect', 0), ('skip_connect', 1)], [('skip_connect', 0), ('dil_conv_3x3', 1)], [('skip_connect', 0), ('skip_connect', 1)], [('skip_connect', 0), ('skip_connect', 2)]], normal3_concat=range(2, 6))
08/23 02:28:15PM parser.py:31 [INFO] GPUS=[0]
08/23 02:28:15PM parser.py:31 [INFO] INIT_CHANNELS=16
08/23 02:28:15PM parser.py:31 [INFO] L=0.5
08/23 02:28:15PM parser.py:31 [INFO] LAYERS=20
08/23 02:28:15PM parser.py:31 [INFO] LOGGER=<Logger H-DAS (INFO)>
08/23 02:28:15PM parser.py:31 [INFO] NAME=largeSlideWindow
08/23 02:28:15PM parser.py:31 [INFO] NONKD=True
08/23 02:28:15PM parser.py:31 [INFO] PATH=results/search_stage_KD/cifar10/largeSlideWindow/s0-BaselineBestCell
08/23 02:28:15PM parser.py:31 [INFO] PCDARTS=False
08/23 02:28:15PM parser.py:31 [INFO] PLOT_PATH=results/search_stage_KD/cifar10/largeSlideWindow/s0-BaselineBestCell/plots
08/23 02:28:15PM parser.py:31 [INFO] PRINT_FREQ=50
08/23 02:28:15PM parser.py:31 [INFO] RESUME_PATH=None
08/23 02:28:15PM parser.py:31 [INFO] SAVE=s0-BaselineBestCell
08/23 02:28:15PM parser.py:31 [INFO] SEED=0
08/23 02:28:15PM parser.py:31 [INFO] SHARE_STAGE=False
08/23 02:28:15PM parser.py:31 [INFO] SLIDE_WINDOW=8
08/23 02:28:15PM parser.py:31 [INFO] SPEC_CELL=True
08/23 02:28:15PM parser.py:31 [INFO] TEACHER_NAME=non
08/23 02:28:15PM parser.py:31 [INFO] TEACHER_PATH=non
08/23 02:28:15PM parser.py:31 [INFO] TRAIN_PORTION=0.5
08/23 02:28:15PM parser.py:31 [INFO] W_GRAD_CLIP=5.0
08/23 02:28:15PM parser.py:31 [INFO] W_LR=0.025
08/23 02:28:15PM parser.py:31 [INFO] W_LR_MIN=0.001
08/23 02:28:15PM parser.py:31 [INFO] W_MOMENTUM=0.9
08/23 02:28:15PM parser.py:31 [INFO] W_WEIGHT_DECAY=0.0003
08/23 02:28:15PM parser.py:31 [INFO] WORKERS=4
08/23 02:28:15PM parser.py:32 [INFO] 
08/23 02:28:30PM searchStage_trainer.py:137 [INFO] --> No loaded checkpoint!
####### ALPHA #######
# Alpha - DAG
tensor([[0.2504, 0.2499, 0.2495, 0.2502],
        [0.2498, 0.2497, 0.2502, 0.2503]], device='cuda:0',
       grad_fn=<SoftmaxBackward0>)
tensor([[0.2499, 0.2500, 0.2499, 0.2501],
        [0.2498, 0.2503, 0.2498, 0.2501],
        [0.2500, 0.2503, 0.2499, 0.2498]], device='cuda:0',
       grad_fn=<SoftmaxBackward0>)
tensor([[0.2500, 0.2498, 0.2501, 0.2501],
        [0.2499, 0.2498, 0.2502, 0.2501],
        [0.2503, 0.2500, 0.2497, 0.2500],
        [0.2499, 0.2500, 0.2496, 0.2505]], device='cuda:0',
       grad_fn=<SoftmaxBackward0>)
tensor([[0.2501, 0.2500, 0.2499, 0.2499],
        [0.2499, 0.2501, 0.2499, 0.2501],
        [0.2500, 0.2502, 0.2498, 0.2500],
        [0.2498, 0.2500, 0.2501, 0.2501],
        [0.2499, 0.2506, 0.2495, 0.2500]], device='cuda:0',
       grad_fn=<SoftmaxBackward0>)
tensor([[0.2503, 0.2501, 0.2499, 0.2497],
        [0.2503, 0.2496, 0.2500, 0.2501],
        [0.2502, 0.2501, 0.2497, 0.2500],
        [0.2499, 0.2504, 0.2499, 0.2498],
        [0.2498, 0.2501, 0.2500, 0.2501],
        [0.2503, 0.2501, 0.2500, 0.2497]], device='cuda:0',
       grad_fn=<SoftmaxBackward0>)
tensor([[0.2500, 0.2500, 0.2504, 0.2496],
        [0.2503, 0.2500, 0.2502, 0.2495],
        [0.2500, 0.2498, 0.2500, 0.2501],
        [0.2502, 0.2497, 0.2501, 0.2500],
        [0.2501, 0.2498, 0.2501, 0.2500],
        [0.2500, 0.2500, 0.2499, 0.2500],
        [0.2501, 0.2499, 0.2502, 0.2498]], device='cuda:0',
       grad_fn=<SoftmaxBackward0>)
tensor([[0.2499, 0.2501, 0.2497, 0.2503],
        [0.2501, 0.2500, 0.2500, 0.2499]], device='cuda:0',
       grad_fn=<SoftmaxBackward0>)
tensor([[0.2501, 0.2502, 0.2499, 0.2498],
        [0.2502, 0.2505, 0.2497, 0.2496],
        [0.2496, 0.2505, 0.2496, 0.2503]], device='cuda:0',
       grad_fn=<SoftmaxBackward0>)
tensor([[0.2500, 0.2499, 0.2502, 0.2498],
        [0.2501, 0.2495, 0.2499, 0.2505],
        [0.2500, 0.2497, 0.2503, 0.2500],
        [0.2501, 0.2503, 0.2499, 0.2497]], device='cuda:0',
       grad_fn=<SoftmaxBackward0>)
tensor([[0.2499, 0.2505, 0.2498, 0.2499],
        [0.2500, 0.2500, 0.2499, 0.2501],
        [0.2501, 0.2499, 0.2500, 0.2500],
        [0.2505, 0.2498, 0.2498, 0.2499],
        [0.2499, 0.2503, 0.2501, 0.2498]], device='cuda:0',
       grad_fn=<SoftmaxBackward0>)
tensor([[0.2504, 0.2501, 0.2497, 0.2498],
        [0.2499, 0.2501, 0.2501, 0.2500],
        [0.2501, 0.2498, 0.2501, 0.2500],
        [0.2498, 0.2503, 0.2498, 0.2501],
        [0.2503, 0.2498, 0.2502, 0.2498],
        [0.2499, 0.2502, 0.2500, 0.2499]], device='cuda:0',
       grad_fn=<SoftmaxBackward0>)
tensor([[0.2502, 0.2499, 0.2501, 0.2499],
        [0.2498, 0.2500, 0.2505, 0.2497],
        [0.2503, 0.2499, 0.2498, 0.2499],
        [0.2499, 0.2507, 0.2497, 0.2498],
        [0.2501, 0.2499, 0.2497, 0.2503],
        [0.2507, 0.2499, 0.2496, 0.2497],
        [0.2502, 0.2498, 0.2504, 0.2497]], device='cuda:0',
       grad_fn=<SoftmaxBackward0>)
tensor([[0.2499, 0.2504, 0.2499, 0.2499],
        [0.2497, 0.2503, 0.2500, 0.2500]], device='cuda:0',
       grad_fn=<SoftmaxBackward0>)
tensor([[0.2499, 0.2502, 0.2501, 0.2499],
        [0.2499, 0.2505, 0.2497, 0.2499],
        [0.2500, 0.2502, 0.2499, 0.2499]], device='cuda:0',
       grad_fn=<SoftmaxBackward0>)
tensor([[0.2500, 0.2497, 0.2499, 0.2504],
        [0.2497, 0.2500, 0.2500, 0.2502],
        [0.2499, 0.2500, 0.2502, 0.2499],
        [0.2497, 0.2504, 0.2501, 0.2498]], device='cuda:0',
       grad_fn=<SoftmaxBackward0>)
tensor([[0.2500, 0.2497, 0.2499, 0.2504],
        [0.2497, 0.2502, 0.2499, 0.2502],
        [0.2503, 0.2501, 0.2497, 0.2499],
        [0.2498, 0.2502, 0.2498, 0.2501],
        [0.2501, 0.2500, 0.2501, 0.2498]], device='cuda:0',
       grad_fn=<SoftmaxBackward0>)
tensor([[0.2499, 0.2499, 0.2500, 0.2502],
        [0.2497, 0.2500, 0.2505, 0.2498],
        [0.2501, 0.2499, 0.2501, 0.2499],
        [0.2501, 0.2499, 0.2502, 0.2499],
        [0.2502, 0.2499, 0.2505, 0.2494],
        [0.2502, 0.2501, 0.2500, 0.2498]], device='cuda:0',
       grad_fn=<SoftmaxBackward0>)
tensor([[0.2499, 0.2502, 0.2503, 0.2495],
        [0.2501, 0.2498, 0.2500, 0.2501],
        [0.2497, 0.2504, 0.2498, 0.2501],
        [0.2499, 0.2499, 0.2499, 0.2503],
        [0.2500, 0.2499, 0.2504, 0.2497],
        [0.2498, 0.2502, 0.2497, 0.2503],
        [0.2500, 0.2502, 0.2497, 0.2501]], device='cuda:0',
       grad_fn=<SoftmaxBackward0>)
#####################
08/23 02:28:47PM searchStage_trainer.py:268 [INFO] Train: Epoch: [0][50/390]	Step 50	lr 0.025	Loss 2.0639 (2.2965)	Hard Loss 2.0639 (2.2965)	Soft Loss 2.0639 (2.2965)	Arch Loss 2.2975 (2.3165)	Arch Hard Loss 2.2975 (2.3165)	Arch Soft Loss 2.2975 (2.3165)	Arch depth Loss -0.2405 (-0.1190)	Prec@(1,5) (16.9%, 66.2%)	
08/23 02:29:03PM searchStage_trainer.py:268 [INFO] Train: Epoch: [0][100/390]	Step 100	lr 0.025	Loss 1.9938 (2.2044)	Hard Loss 1.9938 (2.2044)	Soft Loss 1.9938 (2.2044)	Arch Loss 1.9195 (2.2296)	Arch Hard Loss 1.9195 (2.2296)	Arch Soft Loss 1.9195 (2.2296)	Arch depth Loss -0.4992 (-0.2453)	Prec@(1,5) (19.8%, 72.1%)	
08/23 02:29:19PM searchStage_trainer.py:268 [INFO] Train: Epoch: [0][150/390]	Step 150	lr 0.025	Loss 2.0057 (2.1015)	Hard Loss 2.0057 (2.1015)	Soft Loss 2.0057 (2.1015)	Arch Loss 1.8488 (2.1278)	Arch Hard Loss 1.8488 (2.1278)	Arch Soft Loss 1.8488 (2.1278)	Arch depth Loss -0.7680 (-0.3753)	Prec@(1,5) (21.8%, 75.9%)	
08/23 02:29:35PM searchStage_trainer.py:268 [INFO] Train: Epoch: [0][200/390]	Step 200	lr 0.025	Loss 1.5293 (2.0256)	Hard Loss 1.5293 (2.0256)	Soft Loss 1.5293 (2.0256)	Arch Loss 1.8404 (2.0460)	Arch Hard Loss 1.8404 (2.0460)	Arch Soft Loss 1.8404 (2.0460)	Arch depth Loss -1.0459 (-0.5088)	Prec@(1,5) (24.3%, 78.2%)	
08/23 02:29:50PM searchStage_trainer.py:268 [INFO] Train: Epoch: [0][250/390]	Step 250	lr 0.025	Loss 1.6582 (1.9730)	Hard Loss 1.6582 (1.9730)	Soft Loss 1.6582 (1.9730)	Arch Loss 1.6529 (1.9898)	Arch Hard Loss 1.6529 (1.9898)	Arch Soft Loss 1.6529 (1.9898)	Arch depth Loss -1.3326 (-0.6453)	Prec@(1,5) (26.0%, 79.9%)	
08/23 02:30:06PM searchStage_trainer.py:268 [INFO] Train: Epoch: [0][300/390]	Step 300	lr 0.025	Loss 1.8530 (1.9210)	Hard Loss 1.8530 (1.9210)	Soft Loss 1.8530 (1.9210)	Arch Loss 1.4900 (1.9377)	Arch Hard Loss 1.4900 (1.9377)	Arch Soft Loss 1.4900 (1.9377)	Arch depth Loss -1.6281 (-0.7848)	Prec@(1,5) (28.2%, 81.3%)	
08/23 02:30:22PM searchStage_trainer.py:268 [INFO] Train: Epoch: [0][350/390]	Step 350	lr 0.025	Loss 1.4270 (1.8858)	Hard Loss 1.4270 (1.8858)	Soft Loss 1.4270 (1.8858)	Arch Loss 1.7740 (1.9001)	Arch Hard Loss 1.7740 (1.9001)	Arch Soft Loss 1.7740 (1.9001)	Arch depth Loss -1.9324 (-0.9274)	Prec@(1,5) (29.5%, 82.3%)	
08/23 02:30:34PM searchStage_trainer.py:268 [INFO] Train: Epoch: [0][390/390]	Step 390	lr 0.025	Loss 1.7144 (1.8569)	Hard Loss 1.7144 (1.8569)	Soft Loss 1.7144 (1.8569)	Arch Loss 1.5973 (1.8702)	Arch Hard Loss 1.5973 (1.8702)	Arch Soft Loss 1.5973 (1.8702)	Arch depth Loss -2.1824 (-1.0435)	Prec@(1,5) (30.6%, 83.1%)	
08/23 02:30:35PM searchStage_trainer.py:284 [INFO] Train: [  0/49] Final Prec@1 30.6720%
08/23 02:30:38PM searchStage_trainer.py:312 [INFO] Valid: Epoch: [0][50/391]	Step 391	Loss 1.6577	Prec@(1,5) (37.5%, 89.7%)
08/23 02:30:41PM searchStage_trainer.py:312 [INFO] Valid: Epoch: [0][100/391]	Step 391	Loss 1.6465	Prec@(1,5) (37.8%, 89.8%)
08/23 02:30:43PM searchStage_trainer.py:312 [INFO] Valid: Epoch: [0][150/391]	Step 391	Loss 1.6458	Prec@(1,5) (37.9%, 89.7%)
08/23 02:30:46PM searchStage_trainer.py:312 [INFO] Valid: Epoch: [0][200/391]	Step 391	Loss 1.6488	Prec@(1,5) (37.9%, 89.5%)
08/23 02:30:49PM searchStage_trainer.py:312 [INFO] Valid: Epoch: [0][250/391]	Step 391	Loss 1.6538	Prec@(1,5) (37.8%, 89.4%)
08/23 02:30:51PM searchStage_trainer.py:312 [INFO] Valid: Epoch: [0][300/391]	Step 391	Loss 1.6541	Prec@(1,5) (37.6%, 89.3%)
08/23 02:30:54PM searchStage_trainer.py:312 [INFO] Valid: Epoch: [0][350/391]	Step 391	Loss 1.6538	Prec@(1,5) (37.7%, 89.3%)
08/23 02:30:56PM searchStage_trainer.py:312 [INFO] Valid: Epoch: [0][390/391]	Step 391	Loss 1.6527	Prec@(1,5) (37.8%, 89.5%)
08/23 02:30:56PM searchStage_trainer.py:323 [INFO] Valid: [  0/49] Final Prec@1 37.8080%
08/23 02:30:56PM searchStage_KD_main.py:58 [INFO] DAG = Genotype2(DAG1=[[('max_pool_3x3', 0), ('max_pool_3x3', 1)], [('avg_pool_3x3', 2), ('max_pool_3x3', 0)], [('avg_pool_3x3', 3), ('avg_pool_3x3', 2)], [('avg_pool_3x3', 4), ('skip_connect', 3)], [('max_pool_3x3', 5), ('avg_pool_3x3', 4)], [('max_pool_3x3', 4), ('max_pool_3x3', 3)]], DAG1_concat=range(6, 8), DAG2=[[('skip_connect', 1), ('avg_pool_3x3', 0)], [('avg_pool_3x3', 2), ('avg_pool_3x3', 1)], [('avg_pool_3x3', 3), ('skip_connect', 2)], [('max_pool_3x3', 3), ('avg_pool_3x3', 4)], [('max_pool_3x3', 4), ('avg_pool_3x3', 5)], [('avg_pool_3x3', 3), ('skip_connect', 6)]], DAG2_concat=range(6, 8), DAG3=[[('skip_connect', 1), ('avg_pool_3x3', 0)], [('skip_connect', 2), ('skip_connect', 0)], [('skip_connect', 2), ('avg_pool_3x3', 3)], [('skip_connect', 2), ('avg_pool_3x3', 3)], [('skip_connect', 2), ('skip_connect', 4)], [('skip_connect', 4), ('skip_connect', 2)]], DAG3_concat=range(6, 8))
08/23 02:30:56PM searchStage_KD_main.py:89 [INFO] Until now, best Prec@1 = 37.8080%
####### ALPHA #######
# Alpha - DAG
tensor([[0.2512, 0.2502, 0.2498, 0.2489],
        [0.2506, 0.2498, 0.2501, 0.2496]], device='cuda:0',
       grad_fn=<SoftmaxBackward0>)
tensor([[0.2514, 0.2503, 0.2502, 0.2481],
        [0.2506, 0.2504, 0.2498, 0.2492],
        [0.2509, 0.2512, 0.2485, 0.2494]], device='cuda:0',
       grad_fn=<SoftmaxBackward0>)
tensor([[0.2518, 0.2502, 0.2522, 0.2459],
        [0.2518, 0.2516, 0.2491, 0.2475],
        [0.2513, 0.2519, 0.2469, 0.2499],
        [0.2500, 0.2500, 0.2497, 0.2503]], device='cuda:0',
       grad_fn=<SoftmaxBackward0>)
tensor([[0.2512, 0.2512, 0.2492, 0.2485],
        [0.2517, 0.2528, 0.2485, 0.2469],
        [0.2511, 0.2511, 0.2492, 0.2487],
        [0.2499, 0.2500, 0.2501, 0.2500],
        [0.2500, 0.2505, 0.2495, 0.2500]], device='cuda:0',
       grad_fn=<SoftmaxBackward0>)
tensor([[0.2517, 0.2528, 0.2496, 0.2460],
        [0.2516, 0.2506, 0.2481, 0.2496],
        [0.2525, 0.2515, 0.2476, 0.2485],
        [0.2500, 0.2503, 0.2500, 0.2498],
        [0.2499, 0.2501, 0.2500, 0.2501],
        [0.2502, 0.2501, 0.2500, 0.2497]], device='cuda:0',
       grad_fn=<SoftmaxBackward0>)
tensor([[0.2511, 0.2509, 0.2497, 0.2483],
        [0.2511, 0.2507, 0.2497, 0.2485],
        [0.2504, 0.2511, 0.2494, 0.2491],
        [0.2502, 0.2498, 0.2500, 0.2500],
        [0.2501, 0.2499, 0.2500, 0.2499],
        [0.2500, 0.2500, 0.2500, 0.2500],
        [0.2502, 0.2500, 0.2501, 0.2498]], device='cuda:0',
       grad_fn=<SoftmaxBackward0>)
tensor([[0.2499, 0.2501, 0.2499, 0.2501],
        [0.2499, 0.2500, 0.2501, 0.2500]], device='cuda:0',
       grad_fn=<SoftmaxBackward0>)
tensor([[0.2499, 0.2506, 0.2502, 0.2493],
        [0.2499, 0.2506, 0.2500, 0.2495],
        [0.2493, 0.2507, 0.2494, 0.2507]], device='cuda:0',
       grad_fn=<SoftmaxBackward0>)
tensor([[0.2498, 0.2501, 0.2505, 0.2495],
        [0.2501, 0.2497, 0.2498, 0.2504],
        [0.2498, 0.2499, 0.2503, 0.2500],
        [0.2501, 0.2502, 0.2499, 0.2498]], device='cuda:0',
       grad_fn=<SoftmaxBackward0>)
tensor([[0.2500, 0.2506, 0.2504, 0.2490],
        [0.2502, 0.2502, 0.2493, 0.2503],
        [0.2502, 0.2501, 0.2500, 0.2498],
        [0.2504, 0.2498, 0.2499, 0.2499],
        [0.2500, 0.2502, 0.2500, 0.2499]], device='cuda:0',
       grad_fn=<SoftmaxBackward0>)
tensor([[0.2504, 0.2503, 0.2501, 0.2492],
        [0.2499, 0.2504, 0.2499, 0.2498],
        [0.2501, 0.2504, 0.2500, 0.2495],
        [0.2498, 0.2502, 0.2499, 0.2502],
        [0.2502, 0.2498, 0.2501, 0.2499],
        [0.2499, 0.2501, 0.2500, 0.2500]], device='cuda:0',
       grad_fn=<SoftmaxBackward0>)
tensor([[0.2503, 0.2501, 0.2503, 0.2494],
        [0.2499, 0.2503, 0.2509, 0.2489],
        [0.2505, 0.2501, 0.2491, 0.2503],
        [0.2498, 0.2506, 0.2498, 0.2497],
        [0.2500, 0.2499, 0.2498, 0.2502],
        [0.2506, 0.2500, 0.2497, 0.2498],
        [0.2501, 0.2498, 0.2503, 0.2497]], device='cuda:0',
       grad_fn=<SoftmaxBackward0>)
tensor([[0.2497, 0.2503, 0.2502, 0.2497],
        [0.2495, 0.2501, 0.2503, 0.2501]], device='cuda:0',
       grad_fn=<SoftmaxBackward0>)
tensor([[0.2496, 0.2501, 0.2506, 0.2497],
        [0.2496, 0.2503, 0.2500, 0.2501],
        [0.2497, 0.2502, 0.2502, 0.2499]], device='cuda:0',
       grad_fn=<SoftmaxBackward0>)
tensor([[0.2498, 0.2497, 0.2504, 0.2501],
        [0.2493, 0.2500, 0.2505, 0.2502],
        [0.2495, 0.2498, 0.2507, 0.2500],
        [0.2497, 0.2502, 0.2502, 0.2498]], device='cuda:0',
       grad_fn=<SoftmaxBackward0>)
tensor([[0.2497, 0.2496, 0.2504, 0.2503],
        [0.2494, 0.2501, 0.2503, 0.2502],
        [0.2499, 0.2499, 0.2503, 0.2499],
        [0.2499, 0.2502, 0.2499, 0.2500],
        [0.2500, 0.2500, 0.2501, 0.2499]], device='cuda:0',
       grad_fn=<SoftmaxBackward0>)
tensor([[0.2489, 0.2500, 0.2516, 0.2495],
        [0.2486, 0.2500, 0.2519, 0.2495],
        [0.2490, 0.2498, 0.2509, 0.2504],
        [0.2501, 0.2499, 0.2501, 0.2499],
        [0.2501, 0.2500, 0.2505, 0.2494],
        [0.2501, 0.2500, 0.2500, 0.2499]], device='cuda:0',
       grad_fn=<SoftmaxBackward0>)
tensor([[0.2493, 0.2500, 0.2521, 0.2485],
        [0.2491, 0.2494, 0.2511, 0.2504],
        [0.2488, 0.2501, 0.2507, 0.2505],
        [0.2499, 0.2499, 0.2499, 0.2502],
        [0.2499, 0.2499, 0.2503, 0.2498],
        [0.2499, 0.2501, 0.2498, 0.2502],
        [0.2500, 0.2501, 0.2499, 0.2500]], device='cuda:0',
       grad_fn=<SoftmaxBackward0>)
#####################
08/23 02:31:13午後 searchStage_trainer.py:268 [INFO] Train: Epoch: [1][50/390]	Step 441	lr 0.02498	Loss 1.5672 (1.5686)	Hard Loss 1.5672 (1.5686)	Soft Loss 1.5672 (1.5686)	Arch Loss 1.7571 (1.6167)	Arch Hard Loss 1.7571 (1.6167)	Arch Soft Loss 1.7571 (1.6167)	Arch depth Loss -2.5096 (-2.3516)	Prec@(1,5) (41.2%, 90.4%)	
08/23 02:31:29午後 searchStage_trainer.py:268 [INFO] Train: Epoch: [1][100/390]	Step 491	lr 0.02498	Loss 1.3055 (1.5635)	Hard Loss 1.3055 (1.5635)	Soft Loss 1.3055 (1.5635)	Arch Loss 1.5733 (1.5701)	Arch Hard Loss 1.5733 (1.5701)	Arch Soft Loss 1.5733 (1.5701)	Arch depth Loss -2.8398 (-2.5144)	Prec@(1,5) (41.7%, 90.2%)	
08/23 02:31:45午後 searchStage_trainer.py:268 [INFO] Train: Epoch: [1][150/390]	Step 541	lr 0.02498	Loss 1.6166 (1.5465)	Hard Loss 1.6166 (1.5465)	Soft Loss 1.6166 (1.5465)	Arch Loss 1.3678 (1.5573)	Arch Hard Loss 1.3678 (1.5573)	Arch Soft Loss 1.3678 (1.5573)	Arch depth Loss -3.1795 (-2.6804)	Prec@(1,5) (42.6%, 90.5%)	
08/23 02:32:01午後 searchStage_trainer.py:268 [INFO] Train: Epoch: [1][200/390]	Step 591	lr 0.02498	Loss 1.4450 (1.5378)	Hard Loss 1.4450 (1.5378)	Soft Loss 1.4450 (1.5378)	Arch Loss 1.5083 (1.5535)	Arch Hard Loss 1.5083 (1.5535)	Arch Soft Loss 1.5083 (1.5535)	Arch depth Loss -3.5289 (-2.8495)	Prec@(1,5) (43.2%, 90.8%)	
08/23 02:32:17午後 searchStage_trainer.py:268 [INFO] Train: Epoch: [1][250/390]	Step 641	lr 0.02498	Loss 1.5539 (1.5322)	Hard Loss 1.5539 (1.5322)	Soft Loss 1.5539 (1.5322)	Arch Loss 1.3587 (1.5390)	Arch Hard Loss 1.3587 (1.5390)	Arch Soft Loss 1.3587 (1.5390)	Arch depth Loss -3.8881 (-3.0219)	Prec@(1,5) (43.6%, 90.9%)	
08/23 02:32:34午後 searchStage_trainer.py:268 [INFO] Train: Epoch: [1][300/390]	Step 691	lr 0.02498	Loss 1.2602 (1.5217)	Hard Loss 1.2602 (1.5217)	Soft Loss 1.2602 (1.5217)	Arch Loss 1.3784 (1.5286)	Arch Hard Loss 1.3784 (1.5286)	Arch Soft Loss 1.3784 (1.5286)	Arch depth Loss -4.2573 (-3.1975)	Prec@(1,5) (44.0%, 91.1%)	
08/23 02:32:50午後 searchStage_trainer.py:268 [INFO] Train: Epoch: [1][350/390]	Step 741	lr 0.02498	Loss 1.3175 (1.5095)	Hard Loss 1.3175 (1.5095)	Soft Loss 1.3175 (1.5095)	Arch Loss 1.4600 (1.5189)	Arch Hard Loss 1.4600 (1.5189)	Arch Soft Loss 1.4600 (1.5189)	Arch depth Loss -4.6367 (-3.3764)	Prec@(1,5) (44.5%, 91.3%)	
08/23 02:33:03午後 searchStage_trainer.py:268 [INFO] Train: Epoch: [1][390/390]	Step 781	lr 0.02498	Loss 1.4002 (1.4994)	Hard Loss 1.4002 (1.4994)	Soft Loss 1.4002 (1.4994)	Arch Loss 1.4504 (1.5073)	Arch Hard Loss 1.4504 (1.5073)	Arch Soft Loss 1.4504 (1.5073)	Arch depth Loss -4.9476 (-3.5219)	Prec@(1,5) (44.9%, 91.5%)	
08/23 02:33:03午後 searchStage_trainer.py:284 [INFO] Train: [  1/49] Final Prec@1 44.9040%
08/23 02:33:06午後 searchStage_trainer.py:312 [INFO] Valid: Epoch: [1][50/391]	Step 782	Loss 1.4833	Prec@(1,5) (47.3%, 92.5%)
08/23 02:33:09午後 searchStage_trainer.py:312 [INFO] Valid: Epoch: [1][100/391]	Step 782	Loss 1.4773	Prec@(1,5) (47.5%, 92.7%)
08/23 02:33:11午後 searchStage_trainer.py:312 [INFO] Valid: Epoch: [1][150/391]	Step 782	Loss 1.4905	Prec@(1,5) (46.9%, 92.7%)
08/23 02:33:14午後 searchStage_trainer.py:312 [INFO] Valid: Epoch: [1][200/391]	Step 782	Loss 1.4890	Prec@(1,5) (47.3%, 92.5%)
08/23 02:33:17午後 searchStage_trainer.py:312 [INFO] Valid: Epoch: [1][250/391]	Step 782	Loss 1.4985	Prec@(1,5) (47.0%, 92.5%)
08/23 02:33:19午後 searchStage_trainer.py:312 [INFO] Valid: Epoch: [1][300/391]	Step 782	Loss 1.5017	Prec@(1,5) (46.8%, 92.5%)
08/23 02:33:22午後 searchStage_trainer.py:312 [INFO] Valid: Epoch: [1][350/391]	Step 782	Loss 1.5022	Prec@(1,5) (46.7%, 92.4%)
08/23 02:33:24午後 searchStage_trainer.py:312 [INFO] Valid: Epoch: [1][390/391]	Step 782	Loss 1.5022	Prec@(1,5) (46.8%, 92.3%)
08/23 02:33:24午後 searchStage_trainer.py:323 [INFO] Valid: [  1/49] Final Prec@1 46.8040%
08/23 02:33:24午後 searchStage_KD_main.py:58 [INFO] DAG = Genotype2(DAG1=[[('max_pool_3x3', 0), ('max_pool_3x3', 1)], [('max_pool_3x3', 2), ('max_pool_3x3', 0)], [('max_pool_3x3', 3), ('avg_pool_3x3', 2)], [('avg_pool_3x3', 4), ('skip_connect', 3)], [('max_pool_3x3', 5), ('avg_pool_3x3', 4)], [('max_pool_3x3', 6), ('max_pool_3x3', 4)]], DAG1_concat=range(6, 8), DAG2=[[('skip_connect', 1), ('avg_pool_3x3', 0)], [('avg_pool_3x3', 2), ('avg_pool_3x3', 1)], [('avg_pool_3x3', 3), ('skip_connect', 2)], [('avg_pool_3x3', 4), ('max_pool_3x3', 3)], [('max_pool_3x3', 4), ('avg_pool_3x3', 5)], [('skip_connect', 6), ('avg_pool_3x3', 3)]], DAG2_concat=range(6, 8), DAG3=[[('skip_connect', 1), ('skip_connect', 0)], [('avg_pool_3x3', 2), ('skip_connect', 0)], [('avg_pool_3x3', 3), ('skip_connect', 2)], [('skip_connect', 4), ('avg_pool_3x3', 3)], [('max_pool_3x3', 5), ('skip_connect', 4)], [('avg_pool_3x3', 6), ('skip_connect', 4)]], DAG3_concat=range(6, 8))
08/23 02:33:25午後 searchStage_KD_main.py:89 [INFO] Until now, best Prec@1 = 46.8040%
####### ALPHA #######
# Alpha - DAG
tensor([[0.2516, 0.2494, 0.2502, 0.2487],
        [0.2509, 0.2490, 0.2506, 0.2495]], device='cuda:0',
       grad_fn=<SoftmaxBackward0>)
tensor([[0.2522, 0.2495, 0.2504, 0.2479],
        [0.2514, 0.2497, 0.2501, 0.2489],
        [0.2513, 0.2510, 0.2484, 0.2493]], device='cuda:0',
       grad_fn=<SoftmaxBackward0>)
tensor([[0.2525, 0.2495, 0.2535, 0.2445],
        [0.2524, 0.2510, 0.2493, 0.2473],
        [0.2512, 0.2519, 0.2468, 0.2501],
        [0.2500, 0.2500, 0.2497, 0.2503]], device='cuda:0',
       grad_fn=<SoftmaxBackward0>)
tensor([[0.2511, 0.2514, 0.2501, 0.2474],
        [0.2518, 0.2531, 0.2486, 0.2464],
        [0.2508, 0.2511, 0.2493, 0.2488],
        [0.2500, 0.2500, 0.2501, 0.2500],
        [0.2501, 0.2505, 0.2496, 0.2499]], device='cuda:0',
       grad_fn=<SoftmaxBackward0>)
tensor([[0.2528, 0.2528, 0.2496, 0.2447],
        [0.2526, 0.2506, 0.2483, 0.2485],
        [0.2530, 0.2512, 0.2468, 0.2490],
        [0.2501, 0.2502, 0.2500, 0.2498],
        [0.2499, 0.2501, 0.2500, 0.2500],
        [0.2503, 0.2501, 0.2500, 0.2497]], device='cuda:0',
       grad_fn=<SoftmaxBackward0>)
tensor([[0.2512, 0.2509, 0.2509, 0.2471],
        [0.2508, 0.2508, 0.2506, 0.2477],
        [0.2501, 0.2513, 0.2488, 0.2498],
        [0.2503, 0.2498, 0.2500, 0.2500],
        [0.2502, 0.2499, 0.2500, 0.2499],
        [0.2500, 0.2500, 0.2500, 0.2499],
        [0.2502, 0.2500, 0.2501, 0.2498]], device='cuda:0',
       grad_fn=<SoftmaxBackward0>)
tensor([[0.2498, 0.2501, 0.2500, 0.2500],
        [0.2498, 0.2500, 0.2502, 0.2501]], device='cuda:0',
       grad_fn=<SoftmaxBackward0>)
tensor([[0.2499, 0.2506, 0.2502, 0.2493],
        [0.2498, 0.2506, 0.2501, 0.2494],
        [0.2492, 0.2507, 0.2494, 0.2508]], device='cuda:0',
       grad_fn=<SoftmaxBackward0>)
tensor([[0.2498, 0.2503, 0.2506, 0.2492],
        [0.2501, 0.2498, 0.2500, 0.2502],
        [0.2497, 0.2499, 0.2500, 0.2504],
        [0.2500, 0.2502, 0.2500, 0.2498]], device='cuda:0',
       grad_fn=<SoftmaxBackward0>)
tensor([[0.2500, 0.2507, 0.2508, 0.2486],
        [0.2501, 0.2503, 0.2493, 0.2503],
        [0.2501, 0.2501, 0.2498, 0.2500],
        [0.2504, 0.2498, 0.2499, 0.2499],
        [0.2500, 0.2502, 0.2500, 0.2499]], device='cuda:0',
       grad_fn=<SoftmaxBackward0>)
tensor([[0.2504, 0.2504, 0.2505, 0.2487],
        [0.2499, 0.2504, 0.2501, 0.2496],
        [0.2499, 0.2505, 0.2498, 0.2498],
        [0.2498, 0.2502, 0.2499, 0.2502],
        [0.2502, 0.2498, 0.2501, 0.2499],
        [0.2499, 0.2501, 0.2500, 0.2500]], device='cuda:0',
       grad_fn=<SoftmaxBackward0>)
tensor([[0.2504, 0.2501, 0.2504, 0.2491],
        [0.2499, 0.2504, 0.2512, 0.2485],
        [0.2506, 0.2501, 0.2488, 0.2506],
        [0.2498, 0.2506, 0.2498, 0.2497],
        [0.2500, 0.2499, 0.2498, 0.2502],
        [0.2506, 0.2500, 0.2497, 0.2498],
        [0.2501, 0.2498, 0.2503, 0.2497]], device='cuda:0',
       grad_fn=<SoftmaxBackward0>)
tensor([[0.2496, 0.2502, 0.2504, 0.2498],
        [0.2494, 0.2501, 0.2504, 0.2501]], device='cuda:0',
       grad_fn=<SoftmaxBackward0>)
tensor([[0.2495, 0.2500, 0.2509, 0.2496],
        [0.2496, 0.2502, 0.2502, 0.2499],
        [0.2497, 0.2501, 0.2501, 0.2501]], device='cuda:0',
       grad_fn=<SoftmaxBackward0>)
tensor([[0.2498, 0.2497, 0.2507, 0.2497],
        [0.2492, 0.2499, 0.2507, 0.2503],
        [0.2494, 0.2497, 0.2507, 0.2502],
        [0.2497, 0.2502, 0.2502, 0.2498]], device='cuda:0',
       grad_fn=<SoftmaxBackward0>)
tensor([[0.2497, 0.2496, 0.2507, 0.2501],
        [0.2492, 0.2500, 0.2506, 0.2503],
        [0.2498, 0.2498, 0.2504, 0.2500],
        [0.2499, 0.2501, 0.2499, 0.2500],
        [0.2500, 0.2500, 0.2501, 0.2499]], device='cuda:0',
       grad_fn=<SoftmaxBackward0>)
tensor([[0.2488, 0.2499, 0.2524, 0.2489],
        [0.2484, 0.2498, 0.2524, 0.2494],
        [0.2486, 0.2497, 0.2510, 0.2507],
        [0.2501, 0.2499, 0.2502, 0.2499],
        [0.2501, 0.2500, 0.2505, 0.2494],
        [0.2501, 0.2500, 0.2500, 0.2499]], device='cuda:0',
       grad_fn=<SoftmaxBackward0>)
tensor([[0.2496, 0.2498, 0.2527, 0.2479],
        [0.2490, 0.2493, 0.2515, 0.2502],
        [0.2483, 0.2495, 0.2513, 0.2510],
        [0.2499, 0.2499, 0.2500, 0.2502],
        [0.2499, 0.2499, 0.2503, 0.2498],
        [0.2499, 0.2501, 0.2498, 0.2502],
        [0.2500, 0.2501, 0.2499, 0.2500]], device='cuda:0',
       grad_fn=<SoftmaxBackward0>)
#####################
08/23 02:33:42午後 searchStage_trainer.py:268 [INFO] Train: Epoch: [2][50/390]	Step 832	lr 0.02491	Loss 1.2886 (1.4232)	Hard Loss 1.2886 (1.4232)	Soft Loss 1.2886 (1.4232)	Arch Loss 1.4043 (1.4098)	Arch Hard Loss 1.4043 (1.4098)	Arch Soft Loss 1.4043 (1.4098)	Arch depth Loss -5.3539 (-5.1578)	Prec@(1,5) (47.7%, 92.3%)	
08/23 02:33:58午後 searchStage_trainer.py:268 [INFO] Train: Epoch: [2][100/390]	Step 882	lr 0.02491	Loss 1.2280 (1.3999)	Hard Loss 1.2280 (1.3999)	Soft Loss 1.2280 (1.3999)	Arch Loss 1.5937 (1.4069)	Arch Hard Loss 1.5937 (1.4069)	Arch Soft Loss 1.5937 (1.4069)	Arch depth Loss -5.7631 (-5.3597)	Prec@(1,5) (48.3%, 92.7%)	
08/23 02:34:14午後 searchStage_trainer.py:268 [INFO] Train: Epoch: [2][150/390]	Step 932	lr 0.02491	Loss 1.1318 (1.3783)	Hard Loss 1.1318 (1.3783)	Soft Loss 1.1318 (1.3783)	Arch Loss 1.2863 (1.3917)	Arch Hard Loss 1.2863 (1.3917)	Arch Soft Loss 1.2863 (1.3917)	Arch depth Loss -6.1831 (-5.5653)	Prec@(1,5) (49.1%, 92.9%)	
08/23 02:34:30午後 searchStage_trainer.py:268 [INFO] Train: Epoch: [2][200/390]	Step 982	lr 0.02491	Loss 1.3925 (1.3645)	Hard Loss 1.3925 (1.3645)	Soft Loss 1.3925 (1.3645)	Arch Loss 1.4017 (1.3777)	Arch Hard Loss 1.4017 (1.3777)	Arch Soft Loss 1.4017 (1.3777)	Arch depth Loss -6.6142 (-5.7745)	Prec@(1,5) (50.1%, 93.1%)	
08/23 02:34:47午後 searchStage_trainer.py:268 [INFO] Train: Epoch: [2][250/390]	Step 1032	lr 0.02491	Loss 1.5015 (1.3632)	Hard Loss 1.5015 (1.3632)	Soft Loss 1.5015 (1.3632)	Arch Loss 1.3303 (1.3742)	Arch Hard Loss 1.3303 (1.3742)	Arch Soft Loss 1.3303 (1.3742)	Arch depth Loss -7.0566 (-5.9874)	Prec@(1,5) (50.1%, 93.1%)	
08/23 02:35:03午後 searchStage_trainer.py:268 [INFO] Train: Epoch: [2][300/390]	Step 1082	lr 0.02491	Loss 1.3530 (1.3573)	Hard Loss 1.3530 (1.3573)	Soft Loss 1.3530 (1.3573)	Arch Loss 1.2018 (1.3623)	Arch Hard Loss 1.2018 (1.3623)	Arch Soft Loss 1.2018 (1.3623)	Arch depth Loss -7.5104 (-6.2040)	Prec@(1,5) (50.4%, 93.3%)	
08/23 02:35:19午後 searchStage_trainer.py:268 [INFO] Train: Epoch: [2][350/390]	Step 1132	lr 0.02491	Loss 1.1267 (1.3430)	Hard Loss 1.1267 (1.3430)	Soft Loss 1.1267 (1.3430)	Arch Loss 1.2250 (1.3555)	Arch Hard Loss 1.2250 (1.3555)	Arch Soft Loss 1.2250 (1.3555)	Arch depth Loss -7.9758 (-6.4244)	Prec@(1,5) (51.0%, 93.4%)	
08/23 02:35:32午後 searchStage_trainer.py:268 [INFO] Train: Epoch: [2][390/390]	Step 1172	lr 0.02491	Loss 1.3236 (1.3361)	Hard Loss 1.3236 (1.3361)	Soft Loss 1.3236 (1.3361)	Arch Loss 1.2562 (1.3475)	Arch Hard Loss 1.2562 (1.3475)	Arch Soft Loss 1.2562 (1.3475)	Arch depth Loss -8.3567 (-6.6034)	Prec@(1,5) (51.4%, 93.4%)	
08/23 02:35:33午後 searchStage_trainer.py:284 [INFO] Train: [  2/49] Final Prec@1 51.3920%
08/23 02:35:36午後 searchStage_trainer.py:312 [INFO] Valid: Epoch: [2][50/391]	Step 1173	Loss 1.3133	Prec@(1,5) (52.2%, 94.2%)
08/23 02:35:38午後 searchStage_trainer.py:312 [INFO] Valid: Epoch: [2][100/391]	Step 1173	Loss 1.2937	Prec@(1,5) (53.0%, 94.3%)
08/23 02:35:41午後 searchStage_trainer.py:312 [INFO] Valid: Epoch: [2][150/391]	Step 1173	Loss 1.3001	Prec@(1,5) (52.9%, 94.0%)
08/23 02:35:44午後 searchStage_trainer.py:312 [INFO] Valid: Epoch: [2][200/391]	Step 1173	Loss 1.3018	Prec@(1,5) (52.6%, 94.0%)
08/23 02:35:46午後 searchStage_trainer.py:312 [INFO] Valid: Epoch: [2][250/391]	Step 1173	Loss 1.3085	Prec@(1,5) (52.2%, 93.9%)
08/23 02:35:49午後 searchStage_trainer.py:312 [INFO] Valid: Epoch: [2][300/391]	Step 1173	Loss 1.3114	Prec@(1,5) (52.1%, 93.8%)
08/23 02:35:52午後 searchStage_trainer.py:312 [INFO] Valid: Epoch: [2][350/391]	Step 1173	Loss 1.3140	Prec@(1,5) (52.0%, 93.8%)
08/23 02:35:54午後 searchStage_trainer.py:312 [INFO] Valid: Epoch: [2][390/391]	Step 1173	Loss 1.3135	Prec@(1,5) (52.1%, 93.7%)
08/23 02:35:54午後 searchStage_trainer.py:323 [INFO] Valid: [  2/49] Final Prec@1 52.0640%
08/23 02:35:54午後 searchStage_KD_main.py:58 [INFO] DAG = Genotype2(DAG1=[[('max_pool_3x3', 0), ('skip_connect', 1)], [('max_pool_3x3', 2), ('max_pool_3x3', 0)], [('max_pool_3x3', 3), ('avg_pool_3x3', 2)], [('avg_pool_3x3', 4), ('skip_connect', 3)], [('max_pool_3x3', 5), ('avg_pool_3x3', 4)], [('max_pool_3x3', 6), ('skip_connect', 5)]], DAG1_concat=range(6, 8), DAG2=[[('skip_connect', 1), ('avg_pool_3x3', 0)], [('avg_pool_3x3', 2), ('avg_pool_3x3', 1)], [('avg_pool_3x3', 3), ('avg_pool_3x3', 2)], [('avg_pool_3x3', 4), ('max_pool_3x3', 3)], [('avg_pool_3x3', 5), ('max_pool_3x3', 4)], [('skip_connect', 6), ('max_pool_3x3', 5)]], DAG2_concat=range(6, 8), DAG3=[[('skip_connect', 1), ('skip_connect', 0)], [('avg_pool_3x3', 2), ('skip_connect', 0)], [('avg_pool_3x3', 3), ('skip_connect', 2)], [('skip_connect', 4), ('avg_pool_3x3', 3)], [('max_pool_3x3', 5), ('skip_connect', 4)], [('avg_pool_3x3', 6), ('avg_pool_3x3', 5)]], DAG3_concat=range(6, 8))
08/23 02:35:54午後 searchStage_KD_main.py:89 [INFO] Until now, best Prec@1 = 52.0640%
####### ALPHA #######
# Alpha - DAG
tensor([[0.2517, 0.2486, 0.2509, 0.2488],
        [0.2509, 0.2482, 0.2514, 0.2494]], device='cuda:0',
       grad_fn=<SoftmaxBackward0>)
tensor([[0.2526, 0.2489, 0.2508, 0.2477],
        [0.2517, 0.2490, 0.2505, 0.2488],
        [0.2516, 0.2508, 0.2484, 0.2492]], device='cuda:0',
       grad_fn=<SoftmaxBackward0>)
tensor([[0.2530, 0.2483, 0.2549, 0.2438],
        [0.2529, 0.2503, 0.2500, 0.2468],
        [0.2510, 0.2517, 0.2467, 0.2506],
        [0.2501, 0.2499, 0.2497, 0.2503]], device='cuda:0',
       grad_fn=<SoftmaxBackward0>)
tensor([[0.2509, 0.2515, 0.2511, 0.2465],
        [0.2518, 0.2531, 0.2486, 0.2466],
        [0.2505, 0.2511, 0.2496, 0.2489],
        [0.2500, 0.2499, 0.2501, 0.2500],
        [0.2501, 0.2504, 0.2496, 0.2499]], device='cuda:0',
       grad_fn=<SoftmaxBackward0>)
tensor([[0.2538, 0.2524, 0.2501, 0.2436],
        [0.2538, 0.2499, 0.2481, 0.2482],
        [0.2532, 0.2510, 0.2466, 0.2492],
        [0.2501, 0.2502, 0.2500, 0.2497],
        [0.2499, 0.2500, 0.2500, 0.2500],
        [0.2503, 0.2501, 0.2500, 0.2497]], device='cuda:0',
       grad_fn=<SoftmaxBackward0>)
tensor([[0.2511, 0.2507, 0.2536, 0.2445],
        [0.2505, 0.2508, 0.2515, 0.2472],
        [0.2496, 0.2510, 0.2480, 0.2514],
        [0.2503, 0.2497, 0.2500, 0.2500],
        [0.2502, 0.2498, 0.2501, 0.2499],
        [0.2501, 0.2500, 0.2501, 0.2499],
        [0.2503, 0.2499, 0.2501, 0.2497]], device='cuda:0',
       grad_fn=<SoftmaxBackward0>)
tensor([[0.2499, 0.2501, 0.2500, 0.2500],
        [0.2497, 0.2499, 0.2502, 0.2502]], device='cuda:0',
       grad_fn=<SoftmaxBackward0>)
tensor([[0.2499, 0.2506, 0.2503, 0.2492],
        [0.2498, 0.2506, 0.2502, 0.2494],
        [0.2492, 0.2506, 0.2494, 0.2508]], device='cuda:0',
       grad_fn=<SoftmaxBackward0>)
tensor([[0.2500, 0.2505, 0.2508, 0.2487],
        [0.2501, 0.2497, 0.2501, 0.2501],
        [0.2496, 0.2498, 0.2498, 0.2508],
        [0.2500, 0.2502, 0.2500, 0.2498]], device='cuda:0',
       grad_fn=<SoftmaxBackward0>)
tensor([[0.2500, 0.2508, 0.2513, 0.2480],
        [0.2500, 0.2503, 0.2493, 0.2504],
        [0.2501, 0.2500, 0.2496, 0.2503],
        [0.2504, 0.2498, 0.2499, 0.2499],
        [0.2499, 0.2502, 0.2500, 0.2499]], device='cuda:0',
       grad_fn=<SoftmaxBackward0>)
tensor([[0.2505, 0.2504, 0.2515, 0.2476],
        [0.2500, 0.2503, 0.2500, 0.2497],
        [0.2499, 0.2504, 0.2492, 0.2504],
        [0.2498, 0.2501, 0.2499, 0.2502],
        [0.2502, 0.2499, 0.2501, 0.2499],
        [0.2499, 0.2501, 0.2500, 0.2500]], device='cuda:0',
       grad_fn=<SoftmaxBackward0>)
tensor([[0.2503, 0.2503, 0.2509, 0.2485],
        [0.2499, 0.2504, 0.2509, 0.2488],
        [0.2505, 0.2502, 0.2487, 0.2506],
        [0.2498, 0.2506, 0.2498, 0.2498],
        [0.2500, 0.2499, 0.2498, 0.2502],
        [0.2506, 0.2500, 0.2497, 0.2498],
        [0.2501, 0.2498, 0.2503, 0.2497]], device='cuda:0',
       grad_fn=<SoftmaxBackward0>)
tensor([[0.2495, 0.2502, 0.2505, 0.2498],
        [0.2494, 0.2500, 0.2505, 0.2501]], device='cuda:0',
       grad_fn=<SoftmaxBackward0>)
tensor([[0.2495, 0.2500, 0.2510, 0.2495],
        [0.2495, 0.2502, 0.2504, 0.2498],
        [0.2497, 0.2501, 0.2500, 0.2502]], device='cuda:0',
       grad_fn=<SoftmaxBackward0>)
tensor([[0.2499, 0.2498, 0.2510, 0.2493],
        [0.2491, 0.2497, 0.2507, 0.2505],
        [0.2493, 0.2496, 0.2507, 0.2504],
        [0.2497, 0.2502, 0.2502, 0.2499]], device='cuda:0',
       grad_fn=<SoftmaxBackward0>)
tensor([[0.2496, 0.2496, 0.2509, 0.2499],
        [0.2491, 0.2499, 0.2506, 0.2503],
        [0.2497, 0.2498, 0.2505, 0.2500],
        [0.2499, 0.2501, 0.2499, 0.2500],
        [0.2500, 0.2500, 0.2501, 0.2499]], device='cuda:0',
       grad_fn=<SoftmaxBackward0>)
tensor([[0.2492, 0.2501, 0.2529, 0.2478],
        [0.2483, 0.2497, 0.2521, 0.2499],
        [0.2486, 0.2498, 0.2507, 0.2509],
        [0.2501, 0.2499, 0.2502, 0.2499],
        [0.2501, 0.2500, 0.2505, 0.2494],
        [0.2501, 0.2500, 0.2500, 0.2499]], device='cuda:0',
       grad_fn=<SoftmaxBackward0>)
tensor([[0.2499, 0.2496, 0.2530, 0.2475],
        [0.2489, 0.2492, 0.2522, 0.2497],
        [0.2478, 0.2489, 0.2518, 0.2515],
        [0.2499, 0.2499, 0.2500, 0.2502],
        [0.2499, 0.2499, 0.2503, 0.2498],
        [0.2499, 0.2501, 0.2498, 0.2502],
        [0.2500, 0.2501, 0.2499, 0.2500]], device='cuda:0',
       grad_fn=<SoftmaxBackward0>)
#####################
08/23 02:36:11午後 searchStage_trainer.py:268 [INFO] Train: Epoch: [3][50/390]	Step 1223	lr 0.02479	Loss 1.2655 (1.2570)	Hard Loss 1.2655 (1.2570)	Soft Loss 1.2655 (1.2570)	Arch Loss 1.2095 (1.2839)	Arch Hard Loss 1.2095 (1.2839)	Arch Soft Loss 1.2095 (1.2839)	Arch depth Loss -8.8533 (-8.6137)	Prec@(1,5) (54.2%, 94.6%)	
08/23 02:36:28午後 searchStage_trainer.py:268 [INFO] Train: Epoch: [3][100/390]	Step 1273	lr 0.02479	Loss 1.3173 (1.2382)	Hard Loss 1.3173 (1.2382)	Soft Loss 1.3173 (1.2382)	Arch Loss 1.3133 (1.2492)	Arch Hard Loss 1.3133 (1.2492)	Arch Soft Loss 1.3133 (1.2492)	Arch depth Loss -9.3526 (-8.8603)	Prec@(1,5) (54.8%, 94.7%)	
08/23 02:36:44午後 searchStage_trainer.py:268 [INFO] Train: Epoch: [3][150/390]	Step 1323	lr 0.02479	Loss 1.1214 (1.2303)	Hard Loss 1.1214 (1.2303)	Soft Loss 1.1214 (1.2303)	Arch Loss 1.1087 (1.2482)	Arch Hard Loss 1.1087 (1.2482)	Arch Soft Loss 1.1087 (1.2482)	Arch depth Loss -9.8641 (-9.1110)	Prec@(1,5) (55.1%, 94.8%)	
08/23 02:37:01午後 searchStage_trainer.py:268 [INFO] Train: Epoch: [3][200/390]	Step 1373	lr 0.02479	Loss 1.1260 (1.2259)	Hard Loss 1.1260 (1.2259)	Soft Loss 1.1260 (1.2259)	Arch Loss 1.2768 (1.2377)	Arch Hard Loss 1.2768 (1.2377)	Arch Soft Loss 1.2768 (1.2377)	Arch depth Loss -10.3882 (-9.3658)	Prec@(1,5) (55.5%, 94.7%)	
08/23 02:37:17午後 searchStage_trainer.py:268 [INFO] Train: Epoch: [3][250/390]	Step 1423	lr 0.02479	Loss 1.2869 (1.2187)	Hard Loss 1.2869 (1.2187)	Soft Loss 1.2869 (1.2187)	Arch Loss 1.2272 (1.2282)	Arch Hard Loss 1.2272 (1.2282)	Arch Soft Loss 1.2272 (1.2282)	Arch depth Loss -10.9250 (-9.6249)	Prec@(1,5) (55.7%, 94.9%)	
08/23 02:37:34午後 searchStage_trainer.py:268 [INFO] Train: Epoch: [3][300/390]	Step 1473	lr 0.02479	Loss 1.2769 (1.2065)	Hard Loss 1.2769 (1.2065)	Soft Loss 1.2769 (1.2065)	Arch Loss 1.4096 (1.2272)	Arch Hard Loss 1.4096 (1.2272)	Arch Soft Loss 1.4096 (1.2272)	Arch depth Loss -11.4748 (-9.8881)	Prec@(1,5) (56.1%, 95.0%)	
08/23 02:37:50午後 searchStage_trainer.py:268 [INFO] Train: Epoch: [3][350/390]	Step 1523	lr 0.02479	Loss 1.1684 (1.2019)	Hard Loss 1.1684 (1.2019)	Soft Loss 1.1684 (1.2019)	Arch Loss 1.1270 (1.2184)	Arch Hard Loss 1.1270 (1.2184)	Arch Soft Loss 1.1270 (1.2184)	Arch depth Loss -12.0376 (-10.1556)	Prec@(1,5) (56.4%, 95.1%)	
08/23 02:38:03午後 searchStage_trainer.py:268 [INFO] Train: Epoch: [3][390/390]	Step 1563	lr 0.02479	Loss 1.2183 (1.1966)	Hard Loss 1.2183 (1.1966)	Soft Loss 1.2183 (1.1966)	Arch Loss 1.1931 (1.2164)	Arch Hard Loss 1.1931 (1.2164)	Arch Soft Loss 1.1931 (1.2164)	Arch depth Loss -12.4975 (-10.3727)	Prec@(1,5) (56.7%, 95.0%)	
08/23 02:38:04午後 searchStage_trainer.py:284 [INFO] Train: [  3/49] Final Prec@1 56.7440%
08/23 02:38:07午後 searchStage_trainer.py:312 [INFO] Valid: Epoch: [3][50/391]	Step 1564	Loss 1.2575	Prec@(1,5) (54.7%, 95.0%)
08/23 02:38:09午後 searchStage_trainer.py:312 [INFO] Valid: Epoch: [3][100/391]	Step 1564	Loss 1.2259	Prec@(1,5) (55.5%, 95.7%)
08/23 02:38:12午後 searchStage_trainer.py:312 [INFO] Valid: Epoch: [3][150/391]	Step 1564	Loss 1.2359	Prec@(1,5) (55.0%, 95.5%)
08/23 02:38:15午後 searchStage_trainer.py:312 [INFO] Valid: Epoch: [3][200/391]	Step 1564	Loss 1.2345	Prec@(1,5) (54.9%, 95.3%)
08/23 02:38:17午後 searchStage_trainer.py:312 [INFO] Valid: Epoch: [3][250/391]	Step 1564	Loss 1.2366	Prec@(1,5) (55.0%, 95.2%)
08/23 02:38:20午後 searchStage_trainer.py:312 [INFO] Valid: Epoch: [3][300/391]	Step 1564	Loss 1.2346	Prec@(1,5) (55.2%, 95.1%)
08/23 02:38:23午後 searchStage_trainer.py:312 [INFO] Valid: Epoch: [3][350/391]	Step 1564	Loss 1.2322	Prec@(1,5) (55.4%, 95.0%)
08/23 02:38:25午後 searchStage_trainer.py:312 [INFO] Valid: Epoch: [3][390/391]	Step 1564	Loss 1.2382	Prec@(1,5) (55.2%, 95.0%)
08/23 02:38:25午後 searchStage_trainer.py:323 [INFO] Valid: [  3/49] Final Prec@1 55.2200%
