08/02 06:18:28PM parser.py:28 [INFO] 
08/02 06:18:28PM parser.py:29 [INFO] Parameters:
08/02 06:18:28PM parser.py:31 [INFO] DAG_PATH=results/search_cell_KD/cifar100/ARCH_WEIGHT/s1-20240802-181828/DAG
08/02 06:18:28PM parser.py:31 [INFO] T=10.0
08/02 06:18:28PM parser.py:31 [INFO] ADVANCED=True
08/02 06:18:28PM parser.py:31 [INFO] ALPHA_LR=0.0003
08/02 06:18:28PM parser.py:31 [INFO] ALPHA_WEIGHT_DECAY=0.001
08/02 06:18:28PM parser.py:31 [INFO] BATCH_SIZE=64
08/02 06:18:28PM parser.py:31 [INFO] CUTOUT_LENGTH=0
08/02 06:18:28PM parser.py:31 [INFO] DATA_PATH=../data/
08/02 06:18:28PM parser.py:31 [INFO] DATASET=cifar100
08/02 06:18:28PM parser.py:31 [INFO] DESCRIPTION=search_cell_with_simple_kd_on_seed-1
08/02 06:18:28PM parser.py:31 [INFO] EPOCHS=50
08/02 06:18:28PM parser.py:31 [INFO] EXP_NAME=s1-20240802-181828
08/02 06:18:28PM parser.py:31 [INFO] GPUS=[0]
08/02 06:18:28PM parser.py:31 [INFO] INIT_CHANNELS=16
08/02 06:18:28PM parser.py:31 [INFO] L=0.5
08/02 06:18:28PM parser.py:31 [INFO] LAYERS=8
08/02 06:18:28PM parser.py:31 [INFO] LOCAL_RANK=0
08/02 06:18:28PM parser.py:31 [INFO] LOGGER=<Logger H-DAS (INFO)>
08/02 06:18:28PM parser.py:31 [INFO] NAME=ARCH_WEIGHT
08/02 06:18:28PM parser.py:31 [INFO] NONKD=False
08/02 06:18:28PM parser.py:31 [INFO] PATH=results/search_cell_KD/cifar100/ARCH_WEIGHT/s1-20240802-181828
08/02 06:18:28PM parser.py:31 [INFO] PCDARTS=False
08/02 06:18:28PM parser.py:31 [INFO] PLOT_PATH=results/search_cell_KD/cifar100/ARCH_WEIGHT/s1-20240802-181828/plots
08/02 06:18:28PM parser.py:31 [INFO] PRINT_FREQ=50
08/02 06:18:28PM parser.py:31 [INFO] RESUME_PATH=None
08/02 06:18:28PM parser.py:31 [INFO] SAVE=s1
08/02 06:18:28PM parser.py:31 [INFO] SEED=1
08/02 06:18:28PM parser.py:31 [INFO] TEACHER_NAME=efficientnet_v2_s
08/02 06:18:28PM parser.py:31 [INFO] TEACHER_PATH=/home/miura/lab/KD-hdas/results/teacher/cifar100/efficientnet_v2_s/FINETUNE2/pretrained-20240716-002108/best.pth.tar
08/02 06:18:28PM parser.py:31 [INFO] TRAIN_PORTION=0.5
08/02 06:18:28PM parser.py:31 [INFO] W_GRAD_CLIP=5.0
08/02 06:18:28PM parser.py:31 [INFO] W_LR=0.025
08/02 06:18:28PM parser.py:31 [INFO] W_LR_MIN=0.001
08/02 06:18:28PM parser.py:31 [INFO] W_MOMENTUM=0.9
08/02 06:18:28PM parser.py:31 [INFO] W_WEIGHT_DECAY=0.0003
08/02 06:18:28PM parser.py:31 [INFO] WORKERS=4
08/02 06:18:28PM parser.py:32 [INFO] 
08/02 06:18:30PM searchCell_trainer.py:120 [INFO] --> Loaded teacher model 'efficientnet_v2_s' from '/home/miura/lab/KD-hdas/results/teacher/cifar100/efficientnet_v2_s/FINETUNE2/pretrained-20240716-002108/best.pth.tar' and Freezed parameters)
08/02 06:18:31PM eval_util.py:125 [INFO] Test: Step 000/390 Prec@(1,5) (96.9%, 100.0%)
08/02 06:19:02PM eval_util.py:125 [INFO] Test: Step 390/390 Prec@(1,5) (97.2%, 99.6%)
08/02 06:19:02PM eval_util.py:130 [INFO] Teacher=(efficientnet_v2_s <- (/home/miura/lab/KD-hdas/results/teacher/cifar100/efficientnet_v2_s/FINETUNE2/pretrained-20240716-002108/best.pth.tar)) achives Test Prec(@1, @5) = (97.1560%, 99.6400%)
08/02 06:19:32PM searchCell_trainer.py:127 [INFO] --> No loaded checkpoint!
####### ALPHA #######
# Alpha - normal
tensor([[0.1249, 0.1250, 0.1250, 0.1249, 0.1251, 0.1250, 0.1250, 0.1249],
        [0.1249, 0.1250, 0.1249, 0.1250, 0.1250, 0.1252, 0.1250, 0.1250]],
       device='cuda:0', grad_fn=<SoftmaxBackward0>)
tensor([[0.1249, 0.1249, 0.1251, 0.1250, 0.1251, 0.1250, 0.1249, 0.1251],
        [0.1248, 0.1249, 0.1253, 0.1250, 0.1250, 0.1248, 0.1251, 0.1251],
        [0.1252, 0.1250, 0.1250, 0.1251, 0.1249, 0.1251, 0.1249, 0.1248]],
       device='cuda:0', grad_fn=<SoftmaxBackward0>)
tensor([[0.1251, 0.1250, 0.1248, 0.1249, 0.1251, 0.1252, 0.1251, 0.1248],
        [0.1251, 0.1250, 0.1250, 0.1249, 0.1250, 0.1251, 0.1247, 0.1252],
        [0.1251, 0.1251, 0.1248, 0.1248, 0.1250, 0.1250, 0.1250, 0.1251],
        [0.1251, 0.1251, 0.1249, 0.1251, 0.1248, 0.1252, 0.1250, 0.1248]],
       device='cuda:0', grad_fn=<SoftmaxBackward0>)
tensor([[0.1250, 0.1249, 0.1250, 0.1250, 0.1252, 0.1249, 0.1251, 0.1250],
        [0.1249, 0.1249, 0.1252, 0.1251, 0.1250, 0.1251, 0.1249, 0.1249],
        [0.1250, 0.1250, 0.1246, 0.1251, 0.1251, 0.1250, 0.1251, 0.1251],
        [0.1251, 0.1248, 0.1251, 0.1252, 0.1250, 0.1248, 0.1251, 0.1249],
        [0.1248, 0.1248, 0.1251, 0.1251, 0.1253, 0.1251, 0.1252, 0.1248]],
       device='cuda:0', grad_fn=<SoftmaxBackward0>)
tensor([[0.1248, 0.1249, 0.1252, 0.1251, 0.1251, 0.1250, 0.1251, 0.1248],
        [0.1249, 0.1249, 0.1249, 0.1250, 0.1251, 0.1251, 0.1248, 0.1252]],
       device='cuda:0', grad_fn=<SoftmaxBackward0>)
tensor([[0.1251, 0.1250, 0.1249, 0.1250, 0.1249, 0.1249, 0.1251, 0.1251],
        [0.1250, 0.1247, 0.1250, 0.1250, 0.1250, 0.1250, 0.1252, 0.1251],
        [0.1251, 0.1250, 0.1250, 0.1251, 0.1249, 0.1249, 0.1250, 0.1251]],
       device='cuda:0', grad_fn=<SoftmaxBackward0>)
tensor([[0.1248, 0.1250, 0.1247, 0.1249, 0.1252, 0.1251, 0.1251, 0.1251],
        [0.1250, 0.1250, 0.1249, 0.1250, 0.1251, 0.1250, 0.1250, 0.1250],
        [0.1249, 0.1250, 0.1249, 0.1251, 0.1250, 0.1252, 0.1249, 0.1250],
        [0.1248, 0.1251, 0.1251, 0.1248, 0.1250, 0.1250, 0.1251, 0.1251]],
       device='cuda:0', grad_fn=<SoftmaxBackward0>)
tensor([[0.1253, 0.1249, 0.1250, 0.1248, 0.1250, 0.1248, 0.1252, 0.1250],
        [0.1252, 0.1250, 0.1249, 0.1250, 0.1250, 0.1249, 0.1250, 0.1250],
        [0.1250, 0.1251, 0.1247, 0.1249, 0.1251, 0.1252, 0.1250, 0.1251],
        [0.1249, 0.1249, 0.1251, 0.1249, 0.1250, 0.1250, 0.1251, 0.1251],
        [0.1251, 0.1248, 0.1250, 0.1249, 0.1251, 0.1252, 0.1251, 0.1249]],
       device='cuda:0', grad_fn=<SoftmaxBackward0>)
tensor([[0.1251, 0.1249, 0.1251, 0.1251, 0.1249, 0.1249, 0.1250, 0.1250],
        [0.1251, 0.1249, 0.1251, 0.1250, 0.1250, 0.1251, 0.1248, 0.1250]],
       device='cuda:0', grad_fn=<SoftmaxBackward0>)
tensor([[0.1251, 0.1249, 0.1250, 0.1252, 0.1249, 0.1251, 0.1250, 0.1249],
        [0.1250, 0.1250, 0.1249, 0.1248, 0.1250, 0.1250, 0.1251, 0.1251],
        [0.1250, 0.1251, 0.1248, 0.1249, 0.1252, 0.1250, 0.1250, 0.1249]],
       device='cuda:0', grad_fn=<SoftmaxBackward0>)
tensor([[0.1250, 0.1250, 0.1251, 0.1251, 0.1251, 0.1250, 0.1250, 0.1249],
        [0.1251, 0.1251, 0.1249, 0.1250, 0.1250, 0.1250, 0.1248, 0.1251],
        [0.1250, 0.1250, 0.1253, 0.1250, 0.1248, 0.1250, 0.1250, 0.1250],
        [0.1250, 0.1250, 0.1250, 0.1249, 0.1250, 0.1251, 0.1250, 0.1250]],
       device='cuda:0', grad_fn=<SoftmaxBackward0>)
tensor([[0.1251, 0.1252, 0.1249, 0.1249, 0.1249, 0.1250, 0.1248, 0.1251],
        [0.1252, 0.1248, 0.1249, 0.1250, 0.1251, 0.1251, 0.1249, 0.1250],
        [0.1250, 0.1251, 0.1246, 0.1251, 0.1248, 0.1252, 0.1250, 0.1252],
        [0.1250, 0.1251, 0.1250, 0.1251, 0.1250, 0.1248, 0.1249, 0.1251],
        [0.1250, 0.1247, 0.1250, 0.1250, 0.1249, 0.1251, 0.1250, 0.1253]],
       device='cuda:0', grad_fn=<SoftmaxBackward0>)

# Alpha - reduce
tensor([[0.1251, 0.1251, 0.1251, 0.1250, 0.1248, 0.1249, 0.1250, 0.1250],
        [0.1251, 0.1250, 0.1250, 0.1250, 0.1250, 0.1249, 0.1253, 0.1248]],
       device='cuda:0', grad_fn=<SoftmaxBackward0>)
tensor([[0.1250, 0.1250, 0.1250, 0.1250, 0.1249, 0.1251, 0.1252, 0.1248],
        [0.1249, 0.1251, 0.1248, 0.1249, 0.1250, 0.1250, 0.1252, 0.1251],
        [0.1247, 0.1253, 0.1249, 0.1248, 0.1250, 0.1252, 0.1251, 0.1250]],
       device='cuda:0', grad_fn=<SoftmaxBackward0>)
tensor([[0.1250, 0.1249, 0.1250, 0.1249, 0.1251, 0.1250, 0.1251, 0.1249],
        [0.1248, 0.1251, 0.1251, 0.1248, 0.1251, 0.1250, 0.1250, 0.1251],
        [0.1251, 0.1250, 0.1250, 0.1250, 0.1251, 0.1250, 0.1250, 0.1248],
        [0.1251, 0.1249, 0.1249, 0.1250, 0.1251, 0.1251, 0.1251, 0.1249]],
       device='cuda:0', grad_fn=<SoftmaxBackward0>)
tensor([[0.1250, 0.1251, 0.1249, 0.1250, 0.1250, 0.1250, 0.1249, 0.1252],
        [0.1250, 0.1251, 0.1249, 0.1249, 0.1249, 0.1250, 0.1251, 0.1251],
        [0.1250, 0.1250, 0.1250, 0.1253, 0.1249, 0.1250, 0.1249, 0.1250],
        [0.1249, 0.1249, 0.1251, 0.1249, 0.1252, 0.1251, 0.1250, 0.1249],
        [0.1249, 0.1250, 0.1249, 0.1250, 0.1251, 0.1251, 0.1250, 0.1250]],
       device='cuda:0', grad_fn=<SoftmaxBackward0>)
tensor([[0.1249, 0.1250, 0.1250, 0.1250, 0.1249, 0.1251, 0.1249, 0.1252],
        [0.1249, 0.1252, 0.1252, 0.1250, 0.1248, 0.1250, 0.1251, 0.1248]],
       device='cuda:0', grad_fn=<SoftmaxBackward0>)
tensor([[0.1250, 0.1248, 0.1251, 0.1249, 0.1250, 0.1250, 0.1250, 0.1253],
        [0.1250, 0.1252, 0.1247, 0.1251, 0.1248, 0.1251, 0.1252, 0.1249],
        [0.1248, 0.1250, 0.1252, 0.1249, 0.1251, 0.1250, 0.1249, 0.1252]],
       device='cuda:0', grad_fn=<SoftmaxBackward0>)
tensor([[0.1248, 0.1249, 0.1251, 0.1251, 0.1250, 0.1250, 0.1250, 0.1251],
        [0.1251, 0.1251, 0.1250, 0.1250, 0.1249, 0.1249, 0.1251, 0.1250],
        [0.1250, 0.1251, 0.1249, 0.1249, 0.1250, 0.1251, 0.1249, 0.1251],
        [0.1251, 0.1250, 0.1250, 0.1249, 0.1250, 0.1250, 0.1251, 0.1250]],
       device='cuda:0', grad_fn=<SoftmaxBackward0>)
tensor([[0.1252, 0.1249, 0.1247, 0.1250, 0.1250, 0.1250, 0.1251, 0.1250],
        [0.1251, 0.1249, 0.1251, 0.1249, 0.1250, 0.1250, 0.1248, 0.1251],
        [0.1249, 0.1252, 0.1249, 0.1250, 0.1251, 0.1249, 0.1250, 0.1250],
        [0.1252, 0.1251, 0.1251, 0.1247, 0.1249, 0.1250, 0.1249, 0.1251],
        [0.1249, 0.1251, 0.1252, 0.1249, 0.1251, 0.1249, 0.1249, 0.1251]],
       device='cuda:0', grad_fn=<SoftmaxBackward0>)
#####################
08/02 06:20:15PM searchCell_trainer.py:218 [INFO] Train: Epoch: [0][50/390]	Step 50	lr 0.025	Loss 2.1986 (2.2670)	Hard Loss 4.3451 (4.4835)	Soft Loss 0.0005 (0.0005)	Arch Loss 2.2581 (2.2585)	Arch Hard Loss 4.4652 (4.4676)	Arch Soft Loss 0.0005 (0.0005)	Prec@(1,5) (2.9%, 11.5%)	
08/02 06:20:56PM searchCell_trainer.py:218 [INFO] Train: Epoch: [0][100/390]	Step 100	lr 0.025	Loss 1.9538 (2.2018)	Hard Loss 3.8618 (4.3540)	Soft Loss 0.0005 (0.0005)	Arch Loss 1.9894 (2.1973)	Arch Hard Loss 3.9314 (4.3457)	Arch Soft Loss 0.0005 (0.0005)	Prec@(1,5) (4.2%, 16.2%)	
08/02 06:21:36PM searchCell_trainer.py:218 [INFO] Train: Epoch: [0][150/390]	Step 150	lr 0.025	Loss 2.1162 (2.1576)	Hard Loss 4.1914 (4.2663)	Soft Loss 0.0004 (0.0005)	Arch Loss 2.0272 (2.1408)	Arch Hard Loss 4.0084 (4.2332)	Arch Soft Loss 0.0005 (0.0005)	Prec@(1,5) (5.1%, 18.9%)	
08/02 06:22:16PM searchCell_trainer.py:218 [INFO] Train: Epoch: [0][200/390]	Step 200	lr 0.025	Loss 1.8791 (2.1153)	Hard Loss 3.7056 (4.1822)	Soft Loss 0.0005 (0.0005)	Arch Loss 1.8761 (2.1017)	Arch Hard Loss 3.7052 (4.1556)	Arch Soft Loss 0.0005 (0.0005)	Prec@(1,5) (6.0%, 21.5%)	
08/02 06:22:56PM searchCell_trainer.py:218 [INFO] Train: Epoch: [0][250/390]	Step 250	lr 0.025	Loss 1.8992 (2.0788)	Hard Loss 3.7550 (4.1093)	Soft Loss 0.0004 (0.0005)	Arch Loss 1.7871 (2.0682)	Arch Hard Loss 3.5293 (4.0890)	Arch Soft Loss 0.0004 (0.0005)	Prec@(1,5) (6.8%, 23.8%)	
08/02 06:23:36PM searchCell_trainer.py:218 [INFO] Train: Epoch: [0][300/390]	Step 300	lr 0.025	Loss 1.7576 (2.0515)	Hard Loss 3.4626 (4.0549)	Soft Loss 0.0005 (0.0005)	Arch Loss 1.7623 (2.0410)	Arch Hard Loss 3.4792 (4.0349)	Arch Soft Loss 0.0005 (0.0005)	Prec@(1,5) (7.7%, 25.6%)	
08/02 06:24:16PM searchCell_trainer.py:218 [INFO] Train: Epoch: [0][350/390]	Step 350	lr 0.025	Loss 2.0534 (2.0285)	Hard Loss 4.0620 (4.0093)	Soft Loss 0.0004 (0.0005)	Arch Loss 1.9515 (2.0157)	Arch Hard Loss 3.8562 (3.9844)	Arch Soft Loss 0.0005 (0.0005)	Prec@(1,5) (8.3%, 27.1%)	
08/02 06:24:48PM searchCell_trainer.py:218 [INFO] Train: Epoch: [0][390/390]	Step 390	lr 0.025	Loss 1.7267 (2.0106)	Hard Loss 3.4114 (3.9735)	Soft Loss 0.0004 (0.0005)	Arch Loss 1.9519 (1.9966)	Arch Hard Loss 3.8603 (3.9465)	Arch Soft Loss 0.0004 (0.0005)	Prec@(1,5) (8.8%, 28.2%)	
08/02 06:24:50PM searchCell_trainer.py:233 [INFO] Train: [  0/49] Final Prec@1 8.8200%
08/02 06:24:57PM searchCell_trainer.py:261 [INFO] Valid: Epoch: [0][50/391]	Step 391	Loss 3.5866	Prec@(1,5) (15.9%, 40.5%)
08/02 06:25:03PM searchCell_trainer.py:261 [INFO] Valid: Epoch: [0][100/391]	Step 391	Loss 3.6137	Prec@(1,5) (14.9%, 39.4%)
08/02 06:25:09PM searchCell_trainer.py:261 [INFO] Valid: Epoch: [0][150/391]	Step 391	Loss 3.6204	Prec@(1,5) (14.4%, 39.1%)
08/02 06:25:16PM searchCell_trainer.py:261 [INFO] Valid: Epoch: [0][200/391]	Step 391	Loss 3.6287	Prec@(1,5) (14.2%, 39.0%)
08/02 06:25:22PM searchCell_trainer.py:261 [INFO] Valid: Epoch: [0][250/391]	Step 391	Loss 3.6257	Prec@(1,5) (14.2%, 39.0%)
08/02 06:25:28PM searchCell_trainer.py:261 [INFO] Valid: Epoch: [0][300/391]	Step 391	Loss 3.6264	Prec@(1,5) (14.1%, 39.0%)
08/02 06:25:35PM searchCell_trainer.py:261 [INFO] Valid: Epoch: [0][350/391]	Step 391	Loss 3.6312	Prec@(1,5) (13.9%, 38.9%)
08/02 06:25:40PM searchCell_trainer.py:261 [INFO] Valid: Epoch: [0][390/391]	Step 391	Loss 3.6262	Prec@(1,5) (13.9%, 38.9%)
08/02 06:25:40PM searchCell_trainer.py:268 [INFO] Valid: [  0/49] Final Prec@1 13.9160%
08/02 06:25:40PM searchCell_KD_main.py:58 [INFO] genotype = Genotype3(normal1=[[('max_pool_3x3', 0), ('max_pool_3x3', 1)], [('max_pool_3x3', 0), ('max_pool_3x3', 1)], [('sep_conv_5x5', 2), ('max_pool_3x3', 1)], [('sep_conv_5x5', 3), ('sep_conv_3x3', 4)]], normal1_concat=range(2, 6), reduce1=[[('max_pool_3x3', 0), ('max_pool_3x3', 1)], [('max_pool_3x3', 0), ('sep_conv_5x5', 2)], [('dil_conv_5x5', 2), ('dil_conv_5x5', 0)], [('sep_conv_5x5', 3), ('max_pool_3x3', 1)]], reduce1_concat=range(2, 6), normal2=[[('dil_conv_3x3', 1), ('sep_conv_5x5', 0)], [('dil_conv_5x5', 1), ('dil_conv_5x5', 0)], [('dil_conv_5x5', 0), ('dil_conv_5x5', 3)], [('dil_conv_5x5', 0), ('dil_conv_5x5', 4)]], normal2_concat=range(2, 6), reduce2=[[('dil_conv_5x5', 0), ('sep_conv_5x5', 1)], [('dil_conv_5x5', 1), ('dil_conv_5x5', 2)], [('sep_conv_5x5', 3), ('sep_conv_3x3', 0)], [('sep_conv_5x5', 1), ('sep_conv_3x3', 2)]], reduce2_concat=range(2, 6), normal3=[[('dil_conv_3x3', 1), ('max_pool_3x3', 0)], [('sep_conv_3x3', 0), ('sep_conv_5x5', 2)], [('dil_conv_5x5', 0), ('sep_conv_5x5', 3)], [('sep_conv_5x5', 1), ('sep_conv_5x5', 0)]], normal3_concat=range(2, 6))
08/02 06:25:41PM searchCell_KD_main.py:92 [INFO] Until now, best Prec@1 = 13.9160%
####### ALPHA #######
# Alpha - normal
tensor([[0.1280, 0.1225, 0.1242, 0.1246, 0.1243, 0.1255, 0.1251, 0.1257],
        [0.1270, 0.1225, 0.1241, 0.1250, 0.1245, 0.1264, 0.1250, 0.1256]],
       device='cuda:0', grad_fn=<SoftmaxBackward0>)
tensor([[0.1284, 0.1236, 0.1262, 0.1251, 0.1264, 0.1229, 0.1220, 0.1253],
        [0.1278, 0.1229, 0.1248, 0.1274, 0.1253, 0.1233, 0.1254, 0.1231],
        [0.1265, 0.1229, 0.1250, 0.1238, 0.1263, 0.1257, 0.1248, 0.1251]],
       device='cuda:0', grad_fn=<SoftmaxBackward0>)
tensor([[0.1272, 0.1227, 0.1243, 0.1259, 0.1255, 0.1250, 0.1260, 0.1234],
        [0.1273, 0.1225, 0.1241, 0.1263, 0.1252, 0.1266, 0.1236, 0.1243],
        [0.1249, 0.1223, 0.1236, 0.1258, 0.1279, 0.1255, 0.1251, 0.1249],
        [0.1252, 0.1229, 0.1240, 0.1267, 0.1253, 0.1260, 0.1248, 0.1251]],
       device='cuda:0', grad_fn=<SoftmaxBackward0>)
tensor([[0.1268, 0.1226, 0.1249, 0.1245, 0.1248, 0.1245, 0.1262, 0.1256],
        [0.1265, 0.1220, 0.1239, 0.1258, 0.1237, 0.1263, 0.1256, 0.1262],
        [0.1246, 0.1211, 0.1229, 0.1260, 0.1269, 0.1252, 0.1263, 0.1270],
        [0.1241, 0.1215, 0.1227, 0.1258, 0.1283, 0.1256, 0.1262, 0.1258],
        [0.1255, 0.1231, 0.1238, 0.1269, 0.1251, 0.1258, 0.1249, 0.1250]],
       device='cuda:0', grad_fn=<SoftmaxBackward0>)
tensor([[0.1255, 0.1240, 0.1257, 0.1243, 0.1271, 0.1236, 0.1260, 0.1238],
        [0.1238, 0.1214, 0.1224, 0.1245, 0.1270, 0.1284, 0.1267, 0.1257]],
       device='cuda:0', grad_fn=<SoftmaxBackward0>)
tensor([[0.1258, 0.1245, 0.1256, 0.1239, 0.1259, 0.1231, 0.1264, 0.1247],
        [0.1253, 0.1230, 0.1241, 0.1249, 0.1255, 0.1247, 0.1266, 0.1259],
        [0.1261, 0.1256, 0.1259, 0.1242, 0.1253, 0.1248, 0.1234, 0.1245]],
       device='cuda:0', grad_fn=<SoftmaxBackward0>)
tensor([[0.1263, 0.1244, 0.1254, 0.1239, 0.1246, 0.1244, 0.1269, 0.1241],
        [0.1249, 0.1226, 0.1236, 0.1259, 0.1248, 0.1264, 0.1248, 0.1269],
        [0.1254, 0.1246, 0.1253, 0.1261, 0.1254, 0.1242, 0.1248, 0.1242],
        [0.1245, 0.1238, 0.1245, 0.1250, 0.1260, 0.1243, 0.1267, 0.1252]],
       device='cuda:0', grad_fn=<SoftmaxBackward0>)
tensor([[0.1253, 0.1236, 0.1245, 0.1249, 0.1242, 0.1251, 0.1277, 0.1247],
        [0.1248, 0.1230, 0.1235, 0.1256, 0.1249, 0.1261, 0.1259, 0.1262],
        [0.1255, 0.1254, 0.1248, 0.1244, 0.1233, 0.1251, 0.1265, 0.1252],
        [0.1239, 0.1233, 0.1236, 0.1258, 0.1263, 0.1260, 0.1257, 0.1254],
        [0.1244, 0.1235, 0.1241, 0.1246, 0.1247, 0.1260, 0.1271, 0.1256]],
       device='cuda:0', grad_fn=<SoftmaxBackward0>)
tensor([[0.1265, 0.1229, 0.1238, 0.1245, 0.1255, 0.1256, 0.1261, 0.1251],
        [0.1243, 0.1214, 0.1217, 0.1249, 0.1255, 0.1282, 0.1267, 0.1274]],
       device='cuda:0', grad_fn=<SoftmaxBackward0>)
tensor([[0.1244, 0.1216, 0.1220, 0.1286, 0.1259, 0.1247, 0.1260, 0.1268],
        [0.1245, 0.1220, 0.1219, 0.1258, 0.1269, 0.1254, 0.1261, 0.1274],
        [0.1242, 0.1228, 0.1218, 0.1265, 0.1275, 0.1252, 0.1257, 0.1264]],
       device='cuda:0', grad_fn=<SoftmaxBackward0>)
tensor([[0.1234, 0.1215, 0.1216, 0.1274, 0.1251, 0.1264, 0.1278, 0.1270],
        [0.1236, 0.1220, 0.1218, 0.1264, 0.1273, 0.1257, 0.1260, 0.1272],
        [0.1233, 0.1224, 0.1223, 0.1260, 0.1265, 0.1266, 0.1257, 0.1272],
        [0.1225, 0.1216, 0.1212, 0.1266, 0.1273, 0.1271, 0.1273, 0.1263]],
       device='cuda:0', grad_fn=<SoftmaxBackward0>)
tensor([[0.1252, 0.1227, 0.1225, 0.1248, 0.1278, 0.1243, 0.1273, 0.1253],
        [0.1232, 0.1210, 0.1212, 0.1268, 0.1280, 0.1260, 0.1259, 0.1279],
        [0.1244, 0.1234, 0.1225, 0.1258, 0.1249, 0.1254, 0.1270, 0.1266],
        [0.1244, 0.1233, 0.1228, 0.1261, 0.1257, 0.1272, 0.1244, 0.1261],
        [0.1238, 0.1225, 0.1227, 0.1260, 0.1263, 0.1259, 0.1267, 0.1261]],
       device='cuda:0', grad_fn=<SoftmaxBackward0>)

# Alpha - reduce
tensor([[0.1275, 0.1250, 0.1253, 0.1236, 0.1274, 0.1251, 0.1224, 0.1237],
        [0.1260, 0.1235, 0.1250, 0.1243, 0.1253, 0.1248, 0.1246, 0.1266]],
       device='cuda:0', grad_fn=<SoftmaxBackward0>)
tensor([[0.1275, 0.1242, 0.1242, 0.1240, 0.1253, 0.1246, 0.1262, 0.1240],
        [0.1262, 0.1237, 0.1233, 0.1269, 0.1258, 0.1242, 0.1246, 0.1253],
        [0.1250, 0.1217, 0.1219, 0.1266, 0.1273, 0.1254, 0.1272, 0.1249]],
       device='cuda:0', grad_fn=<SoftmaxBackward0>)
tensor([[0.1264, 0.1239, 0.1229, 0.1258, 0.1242, 0.1254, 0.1268, 0.1247],
        [0.1249, 0.1227, 0.1261, 0.1254, 0.1256, 0.1252, 0.1251, 0.1251],
        [0.1247, 0.1215, 0.1231, 0.1249, 0.1263, 0.1263, 0.1280, 0.1253],
        [0.1251, 0.1227, 0.1241, 0.1246, 0.1261, 0.1248, 0.1268, 0.1256]],
       device='cuda:0', grad_fn=<SoftmaxBackward0>)
tensor([[0.1264, 0.1238, 0.1251, 0.1232, 0.1261, 0.1239, 0.1258, 0.1257],
        [0.1269, 0.1243, 0.1245, 0.1245, 0.1240, 0.1256, 0.1241, 0.1260],
        [0.1256, 0.1217, 0.1232, 0.1250, 0.1268, 0.1257, 0.1264, 0.1255],
        [0.1249, 0.1222, 0.1240, 0.1244, 0.1272, 0.1256, 0.1267, 0.1251],
        [0.1257, 0.1237, 0.1250, 0.1256, 0.1253, 0.1250, 0.1253, 0.1244]],
       device='cuda:0', grad_fn=<SoftmaxBackward0>)
tensor([[0.1252, 0.1236, 0.1232, 0.1255, 0.1260, 0.1261, 0.1273, 0.1231],
        [0.1227, 0.1220, 0.1254, 0.1248, 0.1268, 0.1253, 0.1263, 0.1267]],
       device='cuda:0', grad_fn=<SoftmaxBackward0>)
tensor([[0.1256, 0.1241, 0.1251, 0.1257, 0.1250, 0.1251, 0.1249, 0.1245],
        [0.1222, 0.1212, 0.1243, 0.1253, 0.1257, 0.1271, 0.1273, 0.1268],
        [0.1249, 0.1228, 0.1243, 0.1260, 0.1253, 0.1252, 0.1261, 0.1256]],
       device='cuda:0', grad_fn=<SoftmaxBackward0>)
tensor([[0.1246, 0.1238, 0.1246, 0.1272, 0.1251, 0.1258, 0.1251, 0.1238],
        [0.1232, 0.1222, 0.1267, 0.1244, 0.1258, 0.1250, 0.1264, 0.1264],
        [0.1250, 0.1230, 0.1246, 0.1255, 0.1259, 0.1245, 0.1252, 0.1263],
        [0.1248, 0.1223, 0.1235, 0.1242, 0.1278, 0.1261, 0.1259, 0.1252]],
       device='cuda:0', grad_fn=<SoftmaxBackward0>)
tensor([[0.1255, 0.1238, 0.1245, 0.1253, 0.1268, 0.1248, 0.1260, 0.1234],
        [0.1215, 0.1205, 0.1235, 0.1260, 0.1286, 0.1262, 0.1273, 0.1262],
        [0.1252, 0.1225, 0.1225, 0.1276, 0.1258, 0.1261, 0.1262, 0.1241],
        [0.1252, 0.1221, 0.1228, 0.1251, 0.1264, 0.1264, 0.1269, 0.1252],
        [0.1241, 0.1218, 0.1226, 0.1274, 0.1275, 0.1250, 0.1266, 0.1251]],
       device='cuda:0', grad_fn=<SoftmaxBackward0>)
#####################
08/02 06:26:23午後 searchCell_trainer.py:218 [INFO] Train: Epoch: [1][50/390]	Step 441	lr 0.02498	Loss 1.9732 (1.8239)	Hard Loss 3.8984 (3.6013)	Soft Loss 0.0005 (0.0005)	Arch Loss 1.8357 (1.8282)	Arch Hard Loss 3.6274 (3.6121)	Arch Soft Loss 0.0004 (0.0004)	Prec@(1,5) (15.1%, 40.6%)	
08/02 06:27:03午後 searchCell_trainer.py:218 [INFO] Train: Epoch: [1][100/390]	Step 491	lr 0.02498	Loss 1.7136 (1.7980)	Hard Loss 3.3783 (3.5496)	Soft Loss 0.0005 (0.0005)	Arch Loss 1.8254 (1.8077)	Arch Hard Loss 3.6001 (3.5706)	Arch Soft Loss 0.0005 (0.0004)	Prec@(1,5) (15.4%, 41.2%)	
08/02 06:27:44午後 searchCell_trainer.py:218 [INFO] Train: Epoch: [1][150/390]	Step 541	lr 0.02498	Loss 1.7788 (1.7886)	Hard Loss 3.5154 (3.5313)	Soft Loss 0.0004 (0.0005)	Arch Loss 1.7138 (1.7908)	Arch Hard Loss 3.3839 (3.5369)	Arch Soft Loss 0.0004 (0.0004)	Prec@(1,5) (15.7%, 41.3%)	
08/02 06:28:25午後 searchCell_trainer.py:218 [INFO] Train: Epoch: [1][200/390]	Step 591	lr 0.02498	Loss 1.9100 (1.7803)	Hard Loss 3.7737 (3.5147)	Soft Loss 0.0005 (0.0005)	Arch Loss 1.6419 (1.7792)	Arch Hard Loss 3.2430 (3.5136)	Arch Soft Loss 0.0004 (0.0004)	Prec@(1,5) (15.9%, 41.8%)	
08/02 06:29:05午後 searchCell_trainer.py:218 [INFO] Train: Epoch: [1][250/390]	Step 641	lr 0.02498	Loss 1.5796 (1.7655)	Hard Loss 3.1170 (3.4853)	Soft Loss 0.0004 (0.0005)	Arch Loss 1.8078 (1.7699)	Arch Hard Loss 3.5733 (3.4950)	Arch Soft Loss 0.0004 (0.0004)	Prec@(1,5) (16.2%, 42.7%)	
08/02 06:29:45午後 searchCell_trainer.py:218 [INFO] Train: Epoch: [1][300/390]	Step 691	lr 0.02498	Loss 1.6729 (1.7556)	Hard Loss 3.3029 (3.4658)	Soft Loss 0.0004 (0.0005)	Arch Loss 1.6333 (1.7563)	Arch Hard Loss 3.2216 (3.4679)	Arch Soft Loss 0.0004 (0.0004)	Prec@(1,5) (16.3%, 43.2%)	
08/02 06:30:26午後 searchCell_trainer.py:218 [INFO] Train: Epoch: [1][350/390]	Step 741	lr 0.02498	Loss 1.5159 (1.7426)	Hard Loss 2.9884 (3.4398)	Soft Loss 0.0004 (0.0005)	Arch Loss 1.6418 (1.7429)	Arch Hard Loss 3.2410 (3.4413)	Arch Soft Loss 0.0004 (0.0004)	Prec@(1,5) (16.7%, 44.0%)	
08/02 06:30:59午後 searchCell_trainer.py:218 [INFO] Train: Epoch: [1][390/390]	Step 781	lr 0.02498	Loss 1.5942 (1.7370)	Hard Loss 3.1465 (3.4285)	Soft Loss 0.0004 (0.0005)	Arch Loss 1.7009 (1.7321)	Arch Hard Loss 3.3546 (3.4197)	Arch Soft Loss 0.0005 (0.0004)	Prec@(1,5) (17.1%, 44.4%)	
08/02 06:31:00午後 searchCell_trainer.py:233 [INFO] Train: [  1/49] Final Prec@1 17.1080%
08/02 06:31:07午後 searchCell_trainer.py:261 [INFO] Valid: Epoch: [1][50/391]	Step 782	Loss 3.2734	Prec@(1,5) (19.7%, 49.0%)
08/02 06:31:13午後 searchCell_trainer.py:261 [INFO] Valid: Epoch: [1][100/391]	Step 782	Loss 3.2865	Prec@(1,5) (19.5%, 48.7%)
08/02 06:31:20午後 searchCell_trainer.py:261 [INFO] Valid: Epoch: [1][150/391]	Step 782	Loss 3.2776	Prec@(1,5) (19.8%, 48.7%)
08/02 06:31:27午後 searchCell_trainer.py:261 [INFO] Valid: Epoch: [1][200/391]	Step 782	Loss 3.2697	Prec@(1,5) (20.0%, 49.2%)
08/02 06:31:33午後 searchCell_trainer.py:261 [INFO] Valid: Epoch: [1][250/391]	Step 782	Loss 3.2683	Prec@(1,5) (20.0%, 49.3%)
08/02 06:31:39午後 searchCell_trainer.py:261 [INFO] Valid: Epoch: [1][300/391]	Step 782	Loss 3.2680	Prec@(1,5) (19.9%, 49.2%)
08/02 06:31:46午後 searchCell_trainer.py:261 [INFO] Valid: Epoch: [1][350/391]	Step 782	Loss 3.2670	Prec@(1,5) (20.1%, 49.3%)
08/02 06:31:51午後 searchCell_trainer.py:261 [INFO] Valid: Epoch: [1][390/391]	Step 782	Loss 3.2665	Prec@(1,5) (20.2%, 49.4%)
08/02 06:31:51午後 searchCell_trainer.py:268 [INFO] Valid: [  1/49] Final Prec@1 20.1440%
08/02 06:31:51午後 searchCell_KD_main.py:58 [INFO] genotype = Genotype3(normal1=[[('max_pool_3x3', 0), ('max_pool_3x3', 1)], [('max_pool_3x3', 0), ('max_pool_3x3', 1)], [('sep_conv_3x3', 3), ('sep_conv_5x5', 2)], [('max_pool_3x3', 0), ('sep_conv_5x5', 3)]], normal1_concat=range(2, 6), reduce1=[[('sep_conv_5x5', 0), ('sep_conv_3x3', 1)], [('max_pool_3x3', 0), ('dil_conv_5x5', 2)], [('dil_conv_5x5', 3), ('dil_conv_5x5', 2)], [('sep_conv_5x5', 3), ('sep_conv_5x5', 2)]], reduce1_concat=range(2, 6), normal2=[[('dil_conv_3x3', 1), ('dil_conv_5x5', 0)], [('dil_conv_5x5', 1), ('dil_conv_5x5', 0)], [('sep_conv_5x5', 2), ('dil_conv_5x5', 1)], [('dil_conv_5x5', 2), ('dil_conv_5x5', 1)]], normal2_concat=range(2, 6), reduce2=[[('sep_conv_5x5', 1), ('sep_conv_5x5', 0)], [('dil_conv_5x5', 1), ('dil_conv_5x5', 2)], [('sep_conv_5x5', 3), ('sep_conv_3x3', 0)], [('sep_conv_5x5', 1), ('dil_conv_5x5', 4)]], reduce2_concat=range(2, 6), normal3=[[('dil_conv_3x3', 1), ('max_pool_3x3', 0)], [('sep_conv_3x3', 0), ('sep_conv_5x5', 1)], [('sep_conv_5x5', 1), ('dil_conv_5x5', 0)], [('sep_conv_5x5', 0), ('sep_conv_5x5', 1)]], normal3_concat=range(2, 6))
08/02 06:31:52午後 searchCell_KD_main.py:92 [INFO] Until now, best Prec@1 = 20.1440%
####### ALPHA #######
# Alpha - normal
tensor([[0.1298, 0.1196, 0.1235, 0.1255, 0.1257, 0.1259, 0.1245, 0.1255],
        [0.1280, 0.1197, 0.1236, 0.1253, 0.1258, 0.1277, 0.1243, 0.1256]],
       device='cuda:0', grad_fn=<SoftmaxBackward0>)
tensor([[0.1318, 0.1226, 0.1279, 0.1241, 0.1263, 0.1223, 0.1198, 0.1251],
        [0.1301, 0.1203, 0.1244, 0.1282, 0.1245, 0.1233, 0.1262, 0.1229],
        [0.1283, 0.1216, 0.1269, 0.1231, 0.1257, 0.1242, 0.1241, 0.1261]],
       device='cuda:0', grad_fn=<SoftmaxBackward0>)
tensor([[0.1296, 0.1214, 0.1258, 0.1241, 0.1261, 0.1249, 0.1261, 0.1219],
        [0.1269, 0.1187, 0.1226, 0.1303, 0.1261, 0.1257, 0.1243, 0.1253],
        [0.1244, 0.1196, 0.1237, 0.1257, 0.1306, 0.1246, 0.1256, 0.1256],
        [0.1219, 0.1182, 0.1211, 0.1313, 0.1291, 0.1274, 0.1262, 0.1247]],
       device='cuda:0', grad_fn=<SoftmaxBackward0>)
tensor([[0.1294, 0.1210, 0.1254, 0.1242, 0.1250, 0.1234, 0.1263, 0.1253],
        [0.1275, 0.1192, 0.1227, 0.1273, 0.1249, 0.1273, 0.1254, 0.1254],
        [0.1246, 0.1189, 0.1230, 0.1261, 0.1270, 0.1247, 0.1285, 0.1271],
        [0.1232, 0.1192, 0.1222, 0.1259, 0.1297, 0.1264, 0.1273, 0.1262],
        [0.1259, 0.1225, 0.1252, 0.1270, 0.1238, 0.1234, 0.1250, 0.1272]],
       device='cuda:0', grad_fn=<SoftmaxBackward0>)
tensor([[0.1267, 0.1231, 0.1263, 0.1239, 0.1266, 0.1237, 0.1276, 0.1222],
        [0.1226, 0.1176, 0.1206, 0.1255, 0.1286, 0.1301, 0.1285, 0.1263]],
       device='cuda:0', grad_fn=<SoftmaxBackward0>)
tensor([[0.1263, 0.1237, 0.1266, 0.1245, 0.1256, 0.1221, 0.1275, 0.1236],
        [0.1244, 0.1204, 0.1235, 0.1244, 0.1265, 0.1256, 0.1281, 0.1272],
        [0.1262, 0.1249, 0.1265, 0.1233, 0.1262, 0.1253, 0.1237, 0.1239]],
       device='cuda:0', grad_fn=<SoftmaxBackward0>)
tensor([[0.1270, 0.1229, 0.1261, 0.1261, 0.1242, 0.1240, 0.1260, 0.1237],
        [0.1231, 0.1187, 0.1212, 0.1268, 0.1268, 0.1274, 0.1287, 0.1273],
        [0.1248, 0.1227, 0.1247, 0.1276, 0.1286, 0.1239, 0.1240, 0.1238],
        [0.1230, 0.1207, 0.1237, 0.1229, 0.1279, 0.1258, 0.1285, 0.1274]],
       device='cuda:0', grad_fn=<SoftmaxBackward0>)
tensor([[0.1276, 0.1229, 0.1255, 0.1247, 0.1234, 0.1250, 0.1268, 0.1240],
        [0.1230, 0.1187, 0.1209, 0.1265, 0.1266, 0.1275, 0.1281, 0.1287],
        [0.1257, 0.1235, 0.1238, 0.1261, 0.1232, 0.1249, 0.1284, 0.1245],
        [0.1240, 0.1212, 0.1234, 0.1247, 0.1265, 0.1278, 0.1268, 0.1257],
        [0.1259, 0.1221, 0.1241, 0.1248, 0.1237, 0.1255, 0.1269, 0.1271]],
       device='cuda:0', grad_fn=<SoftmaxBackward0>)
tensor([[0.1296, 0.1220, 0.1231, 0.1231, 0.1271, 0.1252, 0.1263, 0.1236],
        [0.1255, 0.1195, 0.1200, 0.1238, 0.1265, 0.1293, 0.1278, 0.1278]],
       device='cuda:0', grad_fn=<SoftmaxBackward0>)
tensor([[0.1264, 0.1206, 0.1211, 0.1291, 0.1265, 0.1230, 0.1273, 0.1259],
        [0.1252, 0.1199, 0.1198, 0.1265, 0.1278, 0.1263, 0.1264, 0.1282],
        [0.1263, 0.1230, 0.1207, 0.1267, 0.1280, 0.1252, 0.1255, 0.1246]],
       device='cuda:0', grad_fn=<SoftmaxBackward0>)
tensor([[0.1253, 0.1204, 0.1205, 0.1271, 0.1247, 0.1272, 0.1280, 0.1269],
        [0.1248, 0.1209, 0.1208, 0.1251, 0.1281, 0.1258, 0.1276, 0.1269],
        [0.1252, 0.1227, 0.1210, 0.1255, 0.1282, 0.1263, 0.1256, 0.1255],
        [0.1245, 0.1221, 0.1212, 0.1264, 0.1276, 0.1271, 0.1265, 0.1245]],
       device='cuda:0', grad_fn=<SoftmaxBackward0>)
tensor([[0.1268, 0.1217, 0.1215, 0.1249, 0.1299, 0.1237, 0.1273, 0.1243],
        [0.1237, 0.1195, 0.1197, 0.1261, 0.1284, 0.1265, 0.1273, 0.1288],
        [0.1265, 0.1239, 0.1219, 0.1255, 0.1254, 0.1252, 0.1264, 0.1252],
        [0.1264, 0.1236, 0.1227, 0.1256, 0.1260, 0.1274, 0.1238, 0.1245],
        [0.1257, 0.1227, 0.1227, 0.1248, 0.1247, 0.1275, 0.1270, 0.1250]],
       device='cuda:0', grad_fn=<SoftmaxBackward0>)

# Alpha - reduce
tensor([[0.1274, 0.1228, 0.1261, 0.1254, 0.1320, 0.1244, 0.1207, 0.1213],
        [0.1255, 0.1212, 0.1243, 0.1264, 0.1250, 0.1224, 0.1257, 0.1295]],
       device='cuda:0', grad_fn=<SoftmaxBackward0>)
tensor([[0.1295, 0.1235, 0.1245, 0.1229, 0.1248, 0.1234, 0.1265, 0.1249],
        [0.1256, 0.1215, 0.1238, 0.1263, 0.1269, 0.1254, 0.1250, 0.1255],
        [0.1239, 0.1186, 0.1207, 0.1289, 0.1279, 0.1258, 0.1300, 0.1241]],
       device='cuda:0', grad_fn=<SoftmaxBackward0>)
tensor([[0.1271, 0.1222, 0.1231, 0.1262, 0.1229, 0.1261, 0.1273, 0.1252],
        [0.1244, 0.1205, 0.1261, 0.1254, 0.1257, 0.1265, 0.1261, 0.1253],
        [0.1245, 0.1183, 0.1220, 0.1237, 0.1280, 0.1283, 0.1304, 0.1248],
        [0.1241, 0.1193, 0.1232, 0.1238, 0.1264, 0.1260, 0.1305, 0.1267]],
       device='cuda:0', grad_fn=<SoftmaxBackward0>)
tensor([[0.1257, 0.1207, 0.1231, 0.1261, 0.1286, 0.1231, 0.1255, 0.1272],
        [0.1262, 0.1218, 0.1255, 0.1249, 0.1260, 0.1257, 0.1237, 0.1262],
        [0.1252, 0.1186, 0.1213, 0.1270, 0.1300, 0.1261, 0.1269, 0.1249],
        [0.1222, 0.1175, 0.1207, 0.1259, 0.1312, 0.1290, 0.1291, 0.1244],
        [0.1237, 0.1201, 0.1231, 0.1275, 0.1265, 0.1252, 0.1286, 0.1253]],
       device='cuda:0', grad_fn=<SoftmaxBackward0>)
tensor([[0.1264, 0.1221, 0.1226, 0.1253, 0.1284, 0.1249, 0.1274, 0.1229],
        [0.1214, 0.1191, 0.1251, 0.1255, 0.1295, 0.1237, 0.1287, 0.1270]],
       device='cuda:0', grad_fn=<SoftmaxBackward0>)
tensor([[0.1254, 0.1219, 0.1264, 0.1259, 0.1262, 0.1236, 0.1268, 0.1239],
        [0.1211, 0.1182, 0.1226, 0.1248, 0.1280, 0.1268, 0.1290, 0.1295],
        [0.1264, 0.1195, 0.1226, 0.1279, 0.1267, 0.1245, 0.1282, 0.1243]],
       device='cuda:0', grad_fn=<SoftmaxBackward0>)
tensor([[0.1236, 0.1206, 0.1241, 0.1290, 0.1278, 0.1251, 0.1269, 0.1229],
        [0.1223, 0.1197, 0.1263, 0.1245, 0.1281, 0.1249, 0.1269, 0.1274],
        [0.1259, 0.1199, 0.1236, 0.1277, 0.1263, 0.1250, 0.1250, 0.1267],
        [0.1255, 0.1185, 0.1213, 0.1244, 0.1312, 0.1277, 0.1275, 0.1238]],
       device='cuda:0', grad_fn=<SoftmaxBackward0>)
tensor([[0.1262, 0.1226, 0.1249, 0.1259, 0.1267, 0.1254, 0.1258, 0.1224],
        [0.1188, 0.1167, 0.1234, 0.1289, 0.1295, 0.1266, 0.1288, 0.1273],
        [0.1257, 0.1180, 0.1197, 0.1279, 0.1275, 0.1280, 0.1288, 0.1244],
        [0.1261, 0.1179, 0.1196, 0.1263, 0.1286, 0.1284, 0.1276, 0.1254],
        [0.1249, 0.1181, 0.1201, 0.1278, 0.1287, 0.1249, 0.1291, 0.1264]],
       device='cuda:0', grad_fn=<SoftmaxBackward0>)
#####################
08/02 06:32:34午後 searchCell_trainer.py:218 [INFO] Train: Epoch: [2][50/390]	Step 832	lr 0.02491	Loss 1.4882 (1.6216)	Hard Loss 2.9311 (3.1980)	Soft Loss 0.0005 (0.0005)	Arch Loss 1.7253 (1.6387)	Arch Hard Loss 3.4070 (3.2334)	Arch Soft Loss 0.0004 (0.0004)	Prec@(1,5) (20.7%, 49.9%)	
08/02 06:33:16午後 searchCell_trainer.py:218 [INFO] Train: Epoch: [2][100/390]	Step 882	lr 0.02491	Loss 1.4589 (1.5939)	Hard Loss 2.8742 (3.1427)	Soft Loss 0.0004 (0.0005)	Arch Loss 1.5909 (1.6194)	Arch Hard Loss 3.1327 (3.1947)	Arch Soft Loss 0.0005 (0.0004)	Prec@(1,5) (22.4%, 51.5%)	
08/02 06:33:57午後 searchCell_trainer.py:218 [INFO] Train: Epoch: [2][150/390]	Step 932	lr 0.02491	Loss 1.5153 (1.5869)	Hard Loss 2.9847 (3.1288)	Soft Loss 0.0005 (0.0004)	Arch Loss 1.4741 (1.6141)	Arch Hard Loss 2.9038 (3.1842)	Arch Soft Loss 0.0004 (0.0004)	Prec@(1,5) (22.7%, 51.9%)	
08/02 06:34:38午後 searchCell_trainer.py:218 [INFO] Train: Epoch: [2][200/390]	Step 982	lr 0.02491	Loss 1.6767 (1.5797)	Hard Loss 3.3053 (3.1143)	Soft Loss 0.0005 (0.0004)	Arch Loss 1.4660 (1.5991)	Arch Hard Loss 2.8876 (3.1541)	Arch Soft Loss 0.0004 (0.0004)	Prec@(1,5) (23.0%, 52.1%)	
08/02 06:35:18午後 searchCell_trainer.py:218 [INFO] Train: Epoch: [2][250/390]	Step 1032	lr 0.02491	Loss 1.4705 (1.5778)	Hard Loss 2.9007 (3.1107)	Soft Loss 0.0004 (0.0004)	Arch Loss 1.5245 (1.5934)	Arch Hard Loss 3.0049 (3.1427)	Arch Soft Loss 0.0004 (0.0004)	Prec@(1,5) (23.2%, 52.6%)	
08/02 06:35:59午後 searchCell_trainer.py:218 [INFO] Train: Epoch: [2][300/390]	Step 1082	lr 0.02491	Loss 1.4736 (1.5768)	Hard Loss 2.9038 (3.1086)	Soft Loss 0.0004 (0.0004)	Arch Loss 1.6050 (1.5904)	Arch Hard Loss 3.1671 (3.1369)	Arch Soft Loss 0.0004 (0.0004)	Prec@(1,5) (23.3%, 52.5%)	
08/02 06:36:40午後 searchCell_trainer.py:218 [INFO] Train: Epoch: [2][350/390]	Step 1132	lr 0.02491	Loss 1.5175 (1.5745)	Hard Loss 2.9878 (3.1041)	Soft Loss 0.0005 (0.0004)	Arch Loss 1.4351 (1.5856)	Arch Hard Loss 2.8237 (3.1273)	Arch Soft Loss 0.0005 (0.0004)	Prec@(1,5) (23.3%, 52.8%)	
08/02 06:37:14午後 searchCell_trainer.py:218 [INFO] Train: Epoch: [2][390/390]	Step 1172	lr 0.02491	Loss 1.6137 (1.5698)	Hard Loss 3.1825 (3.0948)	Soft Loss 0.0004 (0.0004)	Arch Loss 1.5956 (1.5821)	Arch Hard Loss 3.1466 (3.1201)	Arch Soft Loss 0.0004 (0.0004)	Prec@(1,5) (23.5%, 53.1%)	
08/02 06:37:14午後 searchCell_trainer.py:233 [INFO] Train: [  2/49] Final Prec@1 23.4880%
08/02 06:37:21午後 searchCell_trainer.py:261 [INFO] Valid: Epoch: [2][50/391]	Step 1173	Loss 2.9867	Prec@(1,5) (25.2%, 56.7%)
08/02 06:37:27午後 searchCell_trainer.py:261 [INFO] Valid: Epoch: [2][100/391]	Step 1173	Loss 2.9960	Prec@(1,5) (25.5%, 56.3%)
08/02 06:37:34午後 searchCell_trainer.py:261 [INFO] Valid: Epoch: [2][150/391]	Step 1173	Loss 2.9905	Prec@(1,5) (25.7%, 56.5%)
08/02 06:37:40午後 searchCell_trainer.py:261 [INFO] Valid: Epoch: [2][200/391]	Step 1173	Loss 2.9923	Prec@(1,5) (25.7%, 56.5%)
08/02 06:37:47午後 searchCell_trainer.py:261 [INFO] Valid: Epoch: [2][250/391]	Step 1173	Loss 2.9871	Prec@(1,5) (25.7%, 56.6%)
08/02 06:37:53午後 searchCell_trainer.py:261 [INFO] Valid: Epoch: [2][300/391]	Step 1173	Loss 2.9943	Prec@(1,5) (25.6%, 56.4%)
08/02 06:37:59午後 searchCell_trainer.py:261 [INFO] Valid: Epoch: [2][350/391]	Step 1173	Loss 2.9900	Prec@(1,5) (25.7%, 56.5%)
08/02 06:38:04午後 searchCell_trainer.py:261 [INFO] Valid: Epoch: [2][390/391]	Step 1173	Loss 2.9847	Prec@(1,5) (25.7%, 56.6%)
08/02 06:38:04午後 searchCell_trainer.py:268 [INFO] Valid: [  2/49] Final Prec@1 25.7400%
08/02 06:38:04午後 searchCell_KD_main.py:58 [INFO] genotype = Genotype3(normal1=[[('max_pool_3x3', 0), ('dil_conv_3x3', 1)], [('max_pool_3x3', 0), ('max_pool_3x3', 1)], [('sep_conv_5x5', 2), ('sep_conv_3x3', 3)], [('max_pool_3x3', 0), ('dil_conv_5x5', 2)]], normal1_concat=range(2, 6), reduce1=[[('sep_conv_5x5', 0), ('sep_conv_3x3', 1)], [('dil_conv_5x5', 2), ('max_pool_3x3', 0)], [('dil_conv_5x5', 3), ('dil_conv_5x5', 2)], [('sep_conv_5x5', 2), ('sep_conv_5x5', 3)]], reduce1_concat=range(2, 6), normal2=[[('sep_conv_5x5', 1), ('dil_conv_5x5', 0)], [('dil_conv_5x5', 1), ('dil_conv_5x5', 0)], [('dil_conv_5x5', 1), ('sep_conv_5x5', 2)], [('max_pool_3x3', 0), ('dil_conv_5x5', 3)]], normal2_concat=range(2, 6), reduce2=[[('sep_conv_5x5', 0), ('sep_conv_5x5', 1)], [('dil_conv_5x5', 2), ('sep_conv_5x5', 1)], [('sep_conv_5x5', 3), ('sep_conv_3x3', 2)], [('sep_conv_5x5', 4), ('sep_conv_5x5', 1)]], reduce2_concat=range(2, 6), normal3=[[('dil_conv_3x3', 1), ('max_pool_3x3', 0)], [('sep_conv_3x3', 0), ('sep_conv_5x5', 1)], [('sep_conv_5x5', 1), ('sep_conv_5x5', 2)], [('sep_conv_5x5', 0), ('sep_conv_5x5', 1)]], normal3_concat=range(2, 6))
08/02 06:38:05午後 searchCell_KD_main.py:92 [INFO] Until now, best Prec@1 = 25.7400%
####### ALPHA #######
# Alpha - normal
tensor([[0.1314, 0.1180, 0.1242, 0.1259, 0.1274, 0.1269, 0.1229, 0.1233],
        [0.1279, 0.1157, 0.1218, 0.1261, 0.1277, 0.1283, 0.1254, 0.1271]],
       device='cuda:0', grad_fn=<SoftmaxBackward0>)
tensor([[0.1343, 0.1218, 0.1298, 0.1232, 0.1270, 0.1197, 0.1187, 0.1254],
        [0.1308, 0.1169, 0.1229, 0.1275, 0.1259, 0.1250, 0.1274, 0.1236],
        [0.1273, 0.1195, 0.1274, 0.1235, 0.1264, 0.1246, 0.1255, 0.1258]],
       device='cuda:0', grad_fn=<SoftmaxBackward0>)
tensor([[0.1319, 0.1209, 0.1274, 0.1220, 0.1248, 0.1250, 0.1271, 0.1209],
        [0.1280, 0.1147, 0.1205, 0.1324, 0.1274, 0.1241, 0.1270, 0.1258],
        [0.1238, 0.1176, 0.1237, 0.1273, 0.1333, 0.1247, 0.1241, 0.1255],
        [0.1211, 0.1165, 0.1213, 0.1330, 0.1286, 0.1279, 0.1268, 0.1249]],
       device='cuda:0', grad_fn=<SoftmaxBackward0>)
tensor([[0.1309, 0.1193, 0.1260, 0.1238, 0.1252, 0.1235, 0.1257, 0.1254],
        [0.1279, 0.1157, 0.1210, 0.1298, 0.1256, 0.1283, 0.1260, 0.1257],
        [0.1243, 0.1173, 0.1238, 0.1267, 0.1260, 0.1249, 0.1304, 0.1266],
        [0.1213, 0.1163, 0.1219, 0.1256, 0.1289, 0.1295, 0.1288, 0.1277],
        [0.1237, 0.1196, 0.1242, 0.1279, 0.1227, 0.1255, 0.1280, 0.1284]],
       device='cuda:0', grad_fn=<SoftmaxBackward0>)
tensor([[0.1276, 0.1222, 0.1272, 0.1229, 0.1269, 0.1242, 0.1283, 0.1207],
        [0.1205, 0.1139, 0.1185, 0.1266, 0.1326, 0.1309, 0.1295, 0.1276]],
       device='cuda:0', grad_fn=<SoftmaxBackward0>)
tensor([[0.1271, 0.1227, 0.1272, 0.1257, 0.1250, 0.1218, 0.1277, 0.1227],
        [0.1212, 0.1162, 0.1207, 0.1262, 0.1300, 0.1274, 0.1302, 0.1281],
        [0.1244, 0.1231, 0.1264, 0.1235, 0.1264, 0.1256, 0.1258, 0.1249]],
       device='cuda:0', grad_fn=<SoftmaxBackward0>)
tensor([[0.1287, 0.1230, 0.1279, 0.1277, 0.1226, 0.1233, 0.1249, 0.1218],
        [0.1223, 0.1166, 0.1204, 0.1257, 0.1282, 0.1270, 0.1326, 0.1273],
        [0.1251, 0.1220, 0.1254, 0.1268, 0.1308, 0.1235, 0.1240, 0.1226],
        [0.1233, 0.1199, 0.1251, 0.1220, 0.1292, 0.1267, 0.1267, 0.1272]],
       device='cuda:0', grad_fn=<SoftmaxBackward0>)
tensor([[0.1297, 0.1218, 0.1257, 0.1255, 0.1224, 0.1247, 0.1264, 0.1239],
        [0.1224, 0.1162, 0.1196, 0.1266, 0.1285, 0.1271, 0.1290, 0.1305],
        [0.1261, 0.1221, 0.1250, 0.1266, 0.1215, 0.1242, 0.1288, 0.1257],
        [0.1237, 0.1189, 0.1225, 0.1244, 0.1258, 0.1293, 0.1298, 0.1257],
        [0.1263, 0.1200, 0.1236, 0.1247, 0.1244, 0.1248, 0.1272, 0.1289]],
       device='cuda:0', grad_fn=<SoftmaxBackward0>)
tensor([[0.1308, 0.1199, 0.1215, 0.1241, 0.1276, 0.1253, 0.1269, 0.1239],
        [0.1259, 0.1173, 0.1185, 0.1235, 0.1269, 0.1311, 0.1290, 0.1279]],
       device='cuda:0', grad_fn=<SoftmaxBackward0>)
tensor([[0.1270, 0.1185, 0.1195, 0.1302, 0.1278, 0.1223, 0.1288, 0.1257],
        [0.1253, 0.1176, 0.1179, 0.1260, 0.1294, 0.1273, 0.1272, 0.1293],
        [0.1268, 0.1214, 0.1190, 0.1274, 0.1298, 0.1256, 0.1261, 0.1239]],
       device='cuda:0', grad_fn=<SoftmaxBackward0>)
tensor([[0.1254, 0.1180, 0.1183, 0.1284, 0.1245, 0.1288, 0.1290, 0.1275],
        [0.1252, 0.1193, 0.1197, 0.1251, 0.1296, 0.1256, 0.1279, 0.1276],
        [0.1253, 0.1210, 0.1193, 0.1265, 0.1300, 0.1262, 0.1261, 0.1256],
        [0.1246, 0.1208, 0.1200, 0.1279, 0.1275, 0.1284, 0.1265, 0.1242]],
       device='cuda:0', grad_fn=<SoftmaxBackward0>)
tensor([[0.1270, 0.1196, 0.1196, 0.1261, 0.1323, 0.1231, 0.1279, 0.1245],
        [0.1234, 0.1174, 0.1178, 0.1274, 0.1291, 0.1271, 0.1281, 0.1296],
        [0.1266, 0.1225, 0.1201, 0.1256, 0.1263, 0.1256, 0.1282, 0.1251],
        [0.1266, 0.1222, 0.1215, 0.1269, 0.1259, 0.1285, 0.1236, 0.1248],
        [0.1257, 0.1210, 0.1211, 0.1246, 0.1249, 0.1289, 0.1282, 0.1256]],
       device='cuda:0', grad_fn=<SoftmaxBackward0>)

# Alpha - reduce
tensor([[0.1275, 0.1208, 0.1234, 0.1276, 0.1326, 0.1267, 0.1193, 0.1220],
        [0.1263, 0.1210, 0.1230, 0.1278, 0.1258, 0.1215, 0.1263, 0.1283]],
