08/11 12:01:46AM parser.py:28 [INFO] 
08/11 12:01:46AM parser.py:29 [INFO] Parameters:
08/11 12:01:46AM parser.py:31 [INFO] DAG_PATH=results/search_stage/cifar10/BASELINE/notVArchitect-20240811-000146/DAG
08/11 12:01:46AM parser.py:31 [INFO] ADVANCED=False
08/11 12:01:46AM parser.py:31 [INFO] ALPHA_LR=0.0003
08/11 12:01:46AM parser.py:31 [INFO] ALPHA_WEIGHT_DECAY=0.001
08/11 12:01:46AM parser.py:31 [INFO] BATCH_SIZE=64
08/11 12:01:46AM parser.py:31 [INFO] CUTOUT_LENGTH=0
08/11 12:01:46AM parser.py:31 [INFO] DATA_PATH=../data/
08/11 12:01:46AM parser.py:31 [INFO] DATASET=cifar10
08/11 12:01:46AM parser.py:31 [INFO] EPOCHS=50
08/11 12:01:46AM parser.py:31 [INFO] EXP_NAME=notVArchitect-20240811-000146
08/11 12:01:46AM parser.py:31 [INFO] GENOTYPE=Genotype3(normal1=[[('sep_conv_5x5', 0), ('sep_conv_3x3', 1)], [('sep_conv_3x3', 1), ('sep_conv_3x3', 0)], [('sep_conv_3x3', 1), ('sep_conv_3x3', 2)], [('sep_conv_3x3', 0), ('sep_conv_5x5', 4)]], normal1_concat=range(2, 6), reduce1=[[('sep_conv_3x3', 0), ('skip_connect', 1)], [('sep_conv_3x3', 1), ('max_pool_3x3', 0)], [('sep_conv_3x3', 2), ('sep_conv_3x3', 1)], [('max_pool_3x3', 0), ('dil_conv_3x3', 1)]], reduce1_concat=range(2, 6), normal2=[[('skip_connect', 0), ('sep_conv_5x5', 1)], [('skip_connect', 0), ('skip_connect', 2)], [('avg_pool_3x3', 0), ('avg_pool_3x3', 2)], [('skip_connect', 0), ('avg_pool_3x3', 2)]], normal2_concat=range(2, 6), reduce2=[[('avg_pool_3x3', 0), ('avg_pool_3x3', 1)], [('avg_pool_3x3', 0), ('skip_connect', 2)], [('skip_connect', 2), ('avg_pool_3x3', 0)], [('skip_connect', 2), ('avg_pool_3x3', 0)]], reduce2_concat=range(2, 6), normal3=[[('skip_connect', 0), ('skip_connect', 1)], [('skip_connect', 0), ('dil_conv_3x3', 1)], [('skip_connect', 0), ('skip_connect', 1)], [('skip_connect', 0), ('skip_connect', 2)]], normal3_concat=range(2, 6))
08/11 12:01:46AM parser.py:31 [INFO] GPUS=[0]
08/11 12:01:46AM parser.py:31 [INFO] INIT_CHANNELS=16
08/11 12:01:46AM parser.py:31 [INFO] LAYERS=20
08/11 12:01:46AM parser.py:31 [INFO] LOCAL_RANK=0
08/11 12:01:46AM parser.py:31 [INFO] LOGGER=<Logger H-DAS (INFO)>
08/11 12:01:46AM parser.py:31 [INFO] NAME=BASELINE
08/11 12:01:46AM parser.py:31 [INFO] PATH=results/search_stage/cifar10/BASELINE/notVArchitect-20240811-000146
08/11 12:01:46AM parser.py:31 [INFO] PLOT_PATH=results/search_stage/cifar10/BASELINE/notVArchitect-20240811-000146/plots
08/11 12:01:46AM parser.py:31 [INFO] PRINT_FREQ=50
08/11 12:01:46AM parser.py:31 [INFO] RESUME_PATH=None
08/11 12:01:46AM parser.py:31 [INFO] SAVE=notVArchitect
08/11 12:01:46AM parser.py:31 [INFO] SEED=0
08/11 12:01:46AM parser.py:31 [INFO] SPEC_CELL=True
08/11 12:01:46AM parser.py:31 [INFO] W_GRAD_CLIP=5.0
08/11 12:01:46AM parser.py:31 [INFO] W_LR=0.025
08/11 12:01:46AM parser.py:31 [INFO] W_LR_MIN=0.001
08/11 12:01:46AM parser.py:31 [INFO] W_MOMENTUM=0.9
08/11 12:01:46AM parser.py:31 [INFO] W_WEIGHT_DECAY=0.0003
08/11 12:01:46AM parser.py:31 [INFO] WORKERS=4
08/11 12:01:46AM parser.py:32 [INFO] 
08/11 12:01:50AM searchStage_trainer.py:99 [INFO] --> No loaded checkpoint!
####### ALPHA #######
# Alpha - DAG
tensor([[0.2504, 0.2499, 0.2495, 0.2502],
        [0.2498, 0.2497, 0.2502, 0.2503]], device='cuda:0',
       grad_fn=<SoftmaxBackward0>)
tensor([[0.2499, 0.2500, 0.2499, 0.2501],
        [0.2498, 0.2503, 0.2498, 0.2501],
        [0.2500, 0.2503, 0.2499, 0.2498]], device='cuda:0',
       grad_fn=<SoftmaxBackward0>)
tensor([[0.2499, 0.2501, 0.2500, 0.2500],
        [0.2501, 0.2504, 0.2497, 0.2498],
        [0.2501, 0.2499, 0.2502, 0.2498]], device='cuda:0',
       grad_fn=<SoftmaxBackward0>)
tensor([[0.2501, 0.2502, 0.2495, 0.2501],
        [0.2499, 0.2500, 0.2502, 0.2499],
        [0.2500, 0.2501, 0.2500, 0.2498]], device='cuda:0',
       grad_fn=<SoftmaxBackward0>)
tensor([[0.2498, 0.2500, 0.2501, 0.2500],
        [0.2504, 0.2499, 0.2499, 0.2497],
        [0.2501, 0.2505, 0.2498, 0.2496]], device='cuda:0',
       grad_fn=<SoftmaxBackward0>)
tensor([[0.2497, 0.2499, 0.2504, 0.2501],
        [0.2496, 0.2497, 0.2502, 0.2505],
        [0.2500, 0.2500, 0.2497, 0.2504]], device='cuda:0',
       grad_fn=<SoftmaxBackward0>)
tensor([[0.2503, 0.2502, 0.2500, 0.2495],
        [0.2496, 0.2502, 0.2502, 0.2500]], device='cuda:0',
       grad_fn=<SoftmaxBackward0>)
tensor([[0.2500, 0.2501, 0.2498, 0.2500],
        [0.2500, 0.2502, 0.2498, 0.2500],
        [0.2499, 0.2503, 0.2499, 0.2499]], device='cuda:0',
       grad_fn=<SoftmaxBackward0>)
tensor([[0.2499, 0.2501, 0.2497, 0.2503],
        [0.2501, 0.2500, 0.2500, 0.2499],
        [0.2501, 0.2502, 0.2499, 0.2498]], device='cuda:0',
       grad_fn=<SoftmaxBackward0>)
tensor([[0.2502, 0.2505, 0.2497, 0.2496],
        [0.2496, 0.2505, 0.2496, 0.2503],
        [0.2502, 0.2500, 0.2500, 0.2498]], device='cuda:0',
       grad_fn=<SoftmaxBackward0>)
tensor([[0.2499, 0.2500, 0.2500, 0.2500],
        [0.2498, 0.2501, 0.2502, 0.2499],
        [0.2496, 0.2501, 0.2503, 0.2500]], device='cuda:0',
       grad_fn=<SoftmaxBackward0>)
tensor([[0.2503, 0.2500, 0.2497, 0.2501],
        [0.2501, 0.2500, 0.2500, 0.2499],
        [0.2496, 0.2502, 0.2500, 0.2502]], device='cuda:0',
       grad_fn=<SoftmaxBackward0>)
tensor([[0.2500, 0.2504, 0.2496, 0.2499],
        [0.2503, 0.2503, 0.2498, 0.2497]], device='cuda:0',
       grad_fn=<SoftmaxBackward0>)
tensor([[0.2501, 0.2500, 0.2499, 0.2500],
        [0.2499, 0.2495, 0.2504, 0.2501],
        [0.2503, 0.2498, 0.2499, 0.2500]], device='cuda:0',
       grad_fn=<SoftmaxBackward0>)
tensor([[0.2497, 0.2502, 0.2503, 0.2498],
        [0.2498, 0.2504, 0.2500, 0.2498],
        [0.2502, 0.2497, 0.2501, 0.2500]], device='cuda:0',
       grad_fn=<SoftmaxBackward0>)
tensor([[0.2501, 0.2499, 0.2500, 0.2499],
        [0.2498, 0.2500, 0.2499, 0.2503],
        [0.2499, 0.2504, 0.2499, 0.2499]], device='cuda:0',
       grad_fn=<SoftmaxBackward0>)
tensor([[0.2497, 0.2503, 0.2500, 0.2500],
        [0.2499, 0.2502, 0.2501, 0.2499],
        [0.2499, 0.2505, 0.2497, 0.2499]], device='cuda:0',
       grad_fn=<SoftmaxBackward0>)
tensor([[0.2500, 0.2502, 0.2499, 0.2499],
        [0.2502, 0.2496, 0.2504, 0.2499],
        [0.2501, 0.2502, 0.2499, 0.2499]], device='cuda:0',
       grad_fn=<SoftmaxBackward0>)
#####################
08/11 12:02:28AM searchStage_trainer.py:198 [INFO] Train: Epoch: [0][50/390]	Step 50	lr 0.025	Loss 2.3583 (2.3289)	Prec@(1,5) (16.7%, 66.7%)	
08/11 12:03:03AM searchStage_trainer.py:198 [INFO] Train: Epoch: [0][100/390]	Step 100	lr 0.025	Loss 1.8737 (2.2254)	Prec@(1,5) (18.7%, 71.7%)	
08/11 12:03:37AM searchStage_trainer.py:198 [INFO] Train: Epoch: [0][150/390]	Step 150	lr 0.025	Loss 1.8420 (2.1239)	Prec@(1,5) (21.2%, 75.8%)	
08/11 12:04:12AM searchStage_trainer.py:198 [INFO] Train: Epoch: [0][200/390]	Step 200	lr 0.025	Loss 1.8878 (2.0556)	Prec@(1,5) (23.0%, 78.1%)	
08/11 12:04:46AM searchStage_trainer.py:198 [INFO] Train: Epoch: [0][250/390]	Step 250	lr 0.025	Loss 1.7666 (2.0034)	Prec@(1,5) (24.9%, 79.6%)	
08/11 12:05:21AM searchStage_trainer.py:198 [INFO] Train: Epoch: [0][300/390]	Step 300	lr 0.025	Loss 1.7048 (1.9630)	Prec@(1,5) (26.4%, 80.7%)	
08/11 12:05:55AM searchStage_trainer.py:198 [INFO] Train: Epoch: [0][350/390]	Step 350	lr 0.025	Loss 1.7079 (1.9214)	Prec@(1,5) (28.0%, 81.7%)	
08/11 12:06:32AM searchStage_trainer.py:198 [INFO] Train: Epoch: [0][390/390]	Step 390	lr 0.025	Loss 1.8784 (1.8926)	Prec@(1,5) (28.9%, 82.4%)	
08/11 12:06:36AM searchStage_trainer.py:208 [INFO] Train: [  0/49] Final Prec@1 28.8760%
08/11 12:06:45AM searchStage_trainer.py:236 [INFO] Valid: Epoch: [0][50/391]	Step 391	Loss 1.7974	Prec@(1,5) (35.2%, 84.5%)
08/11 12:06:53AM searchStage_trainer.py:236 [INFO] Valid: Epoch: [0][100/391]	Step 391	Loss 1.7990	Prec@(1,5) (34.5%, 85.0%)
08/11 12:07:02AM searchStage_trainer.py:236 [INFO] Valid: Epoch: [0][150/391]	Step 391	Loss 1.8039	Prec@(1,5) (34.3%, 85.2%)
08/11 12:07:10AM searchStage_trainer.py:236 [INFO] Valid: Epoch: [0][200/391]	Step 391	Loss 1.8069	Prec@(1,5) (34.3%, 85.1%)
08/11 12:07:19AM searchStage_trainer.py:236 [INFO] Valid: Epoch: [0][250/391]	Step 391	Loss 1.8043	Prec@(1,5) (34.4%, 85.1%)
08/11 12:07:27AM searchStage_trainer.py:236 [INFO] Valid: Epoch: [0][300/391]	Step 391	Loss 1.8017	Prec@(1,5) (34.4%, 85.1%)
08/11 12:07:36AM searchStage_trainer.py:236 [INFO] Valid: Epoch: [0][350/391]	Step 391	Loss 1.8038	Prec@(1,5) (34.3%, 85.2%)
08/11 12:07:43AM searchStage_trainer.py:236 [INFO] Valid: Epoch: [0][390/391]	Step 391	Loss 1.8039	Prec@(1,5) (34.4%, 85.1%)
08/11 12:07:43AM searchStage_trainer.py:247 [INFO] Valid: [  0/49] Final Prec@1 34.3800%
08/11 12:07:43AM searchStage_main.py:47 [INFO] DAG = Genotype2(DAG1=[[('skip_connect', 1), ('avg_pool_3x3', 0)], [('avg_pool_3x3', 2), ('skip_connect', 1)], [('avg_pool_3x3', 2), ('avg_pool_3x3', 3)], [('max_pool_3x3', 3), ('avg_pool_3x3', 2)], [('max_pool_3x3', 5), ('max_pool_3x3', 4)], [('avg_pool_3x3', 5), ('avg_pool_3x3', 6)]], DAG1_concat=range(6, 8), DAG2=[[('avg_pool_3x3', 0), ('skip_connect', 1)], [('avg_pool_3x3', 2), ('avg_pool_3x3', 1)], [('avg_pool_3x3', 3), ('avg_pool_3x3', 2)], [('avg_pool_3x3', 2), ('avg_pool_3x3', 3)], [('avg_pool_3x3', 5), ('skip_connect', 3)], [('max_pool_3x3', 4), ('avg_pool_3x3', 6)]], DAG2_concat=range(6, 8), DAG3=[[('avg_pool_3x3', 1), ('avg_pool_3x3', 0)], [('skip_connect', 2), ('skip_connect', 1)], [('skip_connect', 3), ('avg_pool_3x3', 2)], [('skip_connect', 2), ('avg_pool_3x3', 4)], [('skip_connect', 4), ('skip_connect', 3)], [('skip_connect', 5), ('skip_connect', 4)]], DAG3_concat=range(6, 8))
08/11 12:07:43AM searchStage_main.py:73 [INFO] Until now, best Prec@1 = 34.3800%
####### ALPHA #######
# Alpha - DAG
tensor([[0.2504, 0.2508, 0.2504, 0.2483],
        [0.2495, 0.2508, 0.2511, 0.2485]], device='cuda:0',
       grad_fn=<SoftmaxBackward0>)
tensor([[0.2500, 0.2500, 0.2507, 0.2493],
        [0.2500, 0.2506, 0.2510, 0.2484],
        [0.2517, 0.2527, 0.2481, 0.2475]], device='cuda:0',
       grad_fn=<SoftmaxBackward0>)
tensor([[0.2515, 0.2507, 0.2510, 0.2468],
        [0.2514, 0.2518, 0.2488, 0.2481],
        [0.2501, 0.2515, 0.2485, 0.2499]], device='cuda:0',
       grad_fn=<SoftmaxBackward0>)
tensor([[0.2509, 0.2510, 0.2497, 0.2484],
        [0.2513, 0.2506, 0.2495, 0.2486],
        [0.2511, 0.2507, 0.2491, 0.2491]], device='cuda:0',
       grad_fn=<SoftmaxBackward0>)
tensor([[0.2502, 0.2505, 0.2500, 0.2493],
        [0.2506, 0.2504, 0.2495, 0.2495],
        [0.2509, 0.2507, 0.2492, 0.2492]], device='cuda:0',
       grad_fn=<SoftmaxBackward0>)
tensor([[0.2503, 0.2503, 0.2499, 0.2494],
        [0.2497, 0.2500, 0.2497, 0.2506],
        [0.2501, 0.2502, 0.2497, 0.2500]], device='cuda:0',
       grad_fn=<SoftmaxBackward0>)
tensor([[0.2502, 0.2503, 0.2502, 0.2492],
        [0.2494, 0.2501, 0.2504, 0.2501]], device='cuda:0',
       grad_fn=<SoftmaxBackward0>)
tensor([[0.2502, 0.2501, 0.2500, 0.2497],
        [0.2499, 0.2502, 0.2500, 0.2499],
        [0.2496, 0.2504, 0.2499, 0.2500]], device='cuda:0',
       grad_fn=<SoftmaxBackward0>)
tensor([[0.2501, 0.2501, 0.2498, 0.2501],
        [0.2500, 0.2501, 0.2499, 0.2500],
        [0.2500, 0.2502, 0.2500, 0.2497]], device='cuda:0',
       grad_fn=<SoftmaxBackward0>)
tensor([[0.2501, 0.2504, 0.2500, 0.2495],
        [0.2495, 0.2506, 0.2499, 0.2500],
        [0.2501, 0.2500, 0.2498, 0.2501]], device='cuda:0',
       grad_fn=<SoftmaxBackward0>)
tensor([[0.2497, 0.2503, 0.2504, 0.2497],
        [0.2498, 0.2502, 0.2502, 0.2499],
        [0.2496, 0.2504, 0.2501, 0.2500]], device='cuda:0',
       grad_fn=<SoftmaxBackward0>)
tensor([[0.2503, 0.2500, 0.2500, 0.2497],
        [0.2501, 0.2500, 0.2499, 0.2500],
        [0.2496, 0.2502, 0.2498, 0.2503]], device='cuda:0',
       grad_fn=<SoftmaxBackward0>)
tensor([[0.2497, 0.2502, 0.2500, 0.2501],
        [0.2501, 0.2503, 0.2502, 0.2495]], device='cuda:0',
       grad_fn=<SoftmaxBackward0>)
tensor([[0.2500, 0.2500, 0.2503, 0.2498],
        [0.2498, 0.2495, 0.2508, 0.2499],
        [0.2499, 0.2497, 0.2501, 0.2503]], device='cuda:0',
       grad_fn=<SoftmaxBackward0>)
tensor([[0.2496, 0.2502, 0.2509, 0.2493],
        [0.2495, 0.2503, 0.2502, 0.2500],
        [0.2500, 0.2496, 0.2504, 0.2500]], device='cuda:0',
       grad_fn=<SoftmaxBackward0>)
tensor([[0.2500, 0.2497, 0.2503, 0.2500],
        [0.2498, 0.2499, 0.2501, 0.2503],
        [0.2499, 0.2503, 0.2501, 0.2498]], device='cuda:0',
       grad_fn=<SoftmaxBackward0>)
tensor([[0.2494, 0.2501, 0.2507, 0.2498],
        [0.2495, 0.2500, 0.2508, 0.2497],
        [0.2494, 0.2505, 0.2499, 0.2503]], device='cuda:0',
       grad_fn=<SoftmaxBackward0>)
tensor([[0.2499, 0.2501, 0.2503, 0.2497],
        [0.2499, 0.2495, 0.2510, 0.2496],
        [0.2498, 0.2499, 0.2501, 0.2502]], device='cuda:0',
       grad_fn=<SoftmaxBackward0>)
#####################
08/11 12:08:36AM searchStage_trainer.py:198 [INFO] Train: Epoch: [1][50/390]	Step 441	lr 0.02498	Loss 1.5012 (1.6365)	Prec@(1,5) (38.0%, 89.0%)	
08/11 12:09:28AM searchStage_trainer.py:198 [INFO] Train: Epoch: [1][100/390]	Step 491	lr 0.02498	Loss 1.5763 (1.6275)	Prec@(1,5) (38.5%, 89.1%)	
08/11 12:10:20AM searchStage_trainer.py:198 [INFO] Train: Epoch: [1][150/390]	Step 541	lr 0.02498	Loss 1.4967 (1.6151)	Prec@(1,5) (39.2%, 89.4%)	
08/11 12:11:12AM searchStage_trainer.py:198 [INFO] Train: Epoch: [1][200/390]	Step 591	lr 0.02498	Loss 1.6576 (1.5970)	Prec@(1,5) (39.7%, 89.9%)	
08/11 12:12:03AM searchStage_trainer.py:198 [INFO] Train: Epoch: [1][250/390]	Step 641	lr 0.02498	Loss 1.5363 (1.5729)	Prec@(1,5) (40.6%, 90.3%)	
08/11 12:12:53AM searchStage_trainer.py:198 [INFO] Train: Epoch: [1][300/390]	Step 691	lr 0.02498	Loss 1.4862 (1.5602)	Prec@(1,5) (41.1%, 90.6%)	
08/11 12:13:45AM searchStage_trainer.py:198 [INFO] Train: Epoch: [1][350/390]	Step 741	lr 0.02498	Loss 1.5484 (1.5473)	Prec@(1,5) (41.8%, 90.7%)	
08/11 12:14:25AM searchStage_trainer.py:198 [INFO] Train: Epoch: [1][390/390]	Step 781	lr 0.02498	Loss 1.4250 (1.5388)	Prec@(1,5) (42.3%, 90.9%)	
08/11 12:14:26AM searchStage_trainer.py:208 [INFO] Train: [  1/49] Final Prec@1 42.2880%
08/11 12:14:34AM searchStage_trainer.py:236 [INFO] Valid: Epoch: [1][50/391]	Step 782	Loss 1.4987	Prec@(1,5) (44.4%, 90.8%)
08/11 12:14:43AM searchStage_trainer.py:236 [INFO] Valid: Epoch: [1][100/391]	Step 782	Loss 1.5022	Prec@(1,5) (44.3%, 91.3%)
08/11 12:14:51AM searchStage_trainer.py:236 [INFO] Valid: Epoch: [1][150/391]	Step 782	Loss 1.4945	Prec@(1,5) (44.9%, 91.4%)
08/11 12:15:00AM searchStage_trainer.py:236 [INFO] Valid: Epoch: [1][200/391]	Step 782	Loss 1.4848	Prec@(1,5) (45.1%, 91.9%)
08/11 12:15:08AM searchStage_trainer.py:236 [INFO] Valid: Epoch: [1][250/391]	Step 782	Loss 1.4821	Prec@(1,5) (45.1%, 91.9%)
08/11 12:15:17AM searchStage_trainer.py:236 [INFO] Valid: Epoch: [1][300/391]	Step 782	Loss 1.4809	Prec@(1,5) (45.3%, 91.8%)
08/11 12:15:25AM searchStage_trainer.py:236 [INFO] Valid: Epoch: [1][350/391]	Step 782	Loss 1.4810	Prec@(1,5) (45.1%, 91.9%)
08/11 12:15:32AM searchStage_trainer.py:236 [INFO] Valid: Epoch: [1][390/391]	Step 782	Loss 1.4827	Prec@(1,5) (45.0%, 91.9%)
08/11 12:15:32AM searchStage_trainer.py:247 [INFO] Valid: [  1/49] Final Prec@1 45.0600%
08/11 12:15:33AM searchStage_main.py:47 [INFO] DAG = Genotype2(DAG1=[[('skip_connect', 1), ('max_pool_3x3', 0)], [('avg_pool_3x3', 2), ('skip_connect', 1)], [('max_pool_3x3', 2), ('avg_pool_3x3', 3)], [('max_pool_3x3', 4), ('max_pool_3x3', 3)], [('max_pool_3x3', 5), ('max_pool_3x3', 4)], [('avg_pool_3x3', 5), ('avg_pool_3x3', 6)]], DAG1_concat=range(6, 8), DAG2=[[('skip_connect', 1), ('skip_connect', 0)], [('avg_pool_3x3', 2), ('max_pool_3x3', 0)], [('avg_pool_3x3', 3), ('avg_pool_3x3', 2)], [('max_pool_3x3', 4), ('avg_pool_3x3', 3)], [('avg_pool_3x3', 5), ('avg_pool_3x3', 4)], [('avg_pool_3x3', 6), ('max_pool_3x3', 5)]], DAG2_concat=range(6, 8), DAG3=[[('skip_connect', 1), ('skip_connect', 0)], [('skip_connect', 2), ('skip_connect', 1)], [('skip_connect', 3), ('skip_connect', 2)], [('avg_pool_3x3', 4), ('skip_connect', 2)], [('avg_pool_3x3', 5), ('skip_connect', 4)], [('skip_connect', 5), ('skip_connect', 6)]], DAG3_concat=range(6, 8))
08/11 12:15:33AM searchStage_main.py:73 [INFO] Until now, best Prec@1 = 45.0600%
####### ALPHA #######
# Alpha - DAG
tensor([[0.2508, 0.2504, 0.2508, 0.2480],
        [0.2499, 0.2504, 0.2514, 0.2482]], device='cuda:0',
       grad_fn=<SoftmaxBackward0>)
tensor([[0.2507, 0.2492, 0.2513, 0.2488],
        [0.2506, 0.2498, 0.2515, 0.2480],
        [0.2520, 0.2528, 0.2478, 0.2474]], device='cuda:0',
       grad_fn=<SoftmaxBackward0>)
tensor([[0.2525, 0.2504, 0.2515, 0.2456],
        [0.2517, 0.2517, 0.2488, 0.2478],
        [0.2504, 0.2512, 0.2481, 0.2503]], device='cuda:0',
       grad_fn=<SoftmaxBackward0>)
tensor([[0.2509, 0.2510, 0.2498, 0.2482],
        [0.2517, 0.2505, 0.2493, 0.2485],
        [0.2513, 0.2508, 0.2491, 0.2488]], device='cuda:0',
       grad_fn=<SoftmaxBackward0>)
tensor([[0.2510, 0.2503, 0.2500, 0.2486],
        [0.2511, 0.2500, 0.2493, 0.2496],
        [0.2512, 0.2506, 0.2490, 0.2493]], device='cuda:0',
       grad_fn=<SoftmaxBackward0>)
tensor([[0.2506, 0.2504, 0.2501, 0.2490],
        [0.2498, 0.2500, 0.2497, 0.2505],
        [0.2501, 0.2501, 0.2495, 0.2502]], device='cuda:0',
       grad_fn=<SoftmaxBackward0>)
tensor([[0.2502, 0.2502, 0.2503, 0.2492],
        [0.2495, 0.2500, 0.2504, 0.2501]], device='cuda:0',
       grad_fn=<SoftmaxBackward0>)
tensor([[0.2503, 0.2500, 0.2501, 0.2496],
        [0.2500, 0.2501, 0.2501, 0.2499],
        [0.2497, 0.2503, 0.2499, 0.2501]], device='cuda:0',
       grad_fn=<SoftmaxBackward0>)
tensor([[0.2502, 0.2501, 0.2498, 0.2499],
        [0.2500, 0.2500, 0.2500, 0.2500],
        [0.2500, 0.2502, 0.2499, 0.2500]], device='cuda:0',
       grad_fn=<SoftmaxBackward0>)
tensor([[0.2501, 0.2504, 0.2501, 0.2494],
        [0.2494, 0.2506, 0.2499, 0.2500],
        [0.2501, 0.2500, 0.2497, 0.2502]], device='cuda:0',
       grad_fn=<SoftmaxBackward0>)
tensor([[0.2496, 0.2503, 0.2506, 0.2495],
        [0.2497, 0.2501, 0.2501, 0.2500],
        [0.2496, 0.2503, 0.2500, 0.2501]], device='cuda:0',
       grad_fn=<SoftmaxBackward0>)
tensor([[0.2503, 0.2500, 0.2501, 0.2496],
        [0.2501, 0.2500, 0.2500, 0.2499],
        [0.2496, 0.2502, 0.2497, 0.2504]], device='cuda:0',
       grad_fn=<SoftmaxBackward0>)
tensor([[0.2496, 0.2501, 0.2502, 0.2501],
        [0.2500, 0.2501, 0.2504, 0.2495]], device='cuda:0',
       grad_fn=<SoftmaxBackward0>)
tensor([[0.2500, 0.2499, 0.2505, 0.2497],
        [0.2497, 0.2494, 0.2510, 0.2499],
        [0.2498, 0.2497, 0.2502, 0.2503]], device='cuda:0',
       grad_fn=<SoftmaxBackward0>)
tensor([[0.2497, 0.2501, 0.2511, 0.2491],
        [0.2494, 0.2501, 0.2504, 0.2501],
        [0.2499, 0.2495, 0.2505, 0.2501]], device='cuda:0',
       grad_fn=<SoftmaxBackward0>)
tensor([[0.2500, 0.2496, 0.2504, 0.2500],
        [0.2497, 0.2498, 0.2501, 0.2503],
        [0.2499, 0.2502, 0.2501, 0.2498]], device='cuda:0',
       grad_fn=<SoftmaxBackward0>)
tensor([[0.2495, 0.2500, 0.2510, 0.2495],
        [0.2495, 0.2499, 0.2508, 0.2498],
        [0.2493, 0.2504, 0.2499, 0.2505]], device='cuda:0',
       grad_fn=<SoftmaxBackward0>)
tensor([[0.2499, 0.2500, 0.2506, 0.2496],
        [0.2499, 0.2494, 0.2511, 0.2496],
        [0.2497, 0.2498, 0.2503, 0.2503]], device='cuda:0',
       grad_fn=<SoftmaxBackward0>)
#####################
08/11 12:16:26AM searchStage_trainer.py:198 [INFO] Train: Epoch: [2][50/390]	Step 832	lr 0.02491	Loss 1.4843 (1.4348)	Prec@(1,5) (46.7%, 92.5%)	
08/11 12:17:18AM searchStage_trainer.py:198 [INFO] Train: Epoch: [2][100/390]	Step 882	lr 0.02491	Loss 1.3003 (1.4136)	Prec@(1,5) (46.9%, 92.7%)	
08/11 12:18:09AM searchStage_trainer.py:198 [INFO] Train: Epoch: [2][150/390]	Step 932	lr 0.02491	Loss 1.3717 (1.4048)	Prec@(1,5) (47.3%, 92.8%)	
08/11 12:19:01AM searchStage_trainer.py:198 [INFO] Train: Epoch: [2][200/390]	Step 982	lr 0.02491	Loss 1.4849 (1.4025)	Prec@(1,5) (47.7%, 92.7%)	
08/11 12:19:53AM searchStage_trainer.py:198 [INFO] Train: Epoch: [2][250/390]	Step 1032	lr 0.02491	Loss 1.2251 (1.3961)	Prec@(1,5) (48.2%, 92.9%)	
08/11 12:20:45AM searchStage_trainer.py:198 [INFO] Train: Epoch: [2][300/390]	Step 1082	lr 0.02491	Loss 1.3063 (1.3808)	Prec@(1,5) (48.9%, 93.0%)	
08/11 12:21:36AM searchStage_trainer.py:198 [INFO] Train: Epoch: [2][350/390]	Step 1132	lr 0.02491	Loss 1.3723 (1.3766)	Prec@(1,5) (49.0%, 93.1%)	
08/11 12:22:17AM searchStage_trainer.py:198 [INFO] Train: Epoch: [2][390/390]	Step 1172	lr 0.02491	Loss 1.3720 (1.3643)	Prec@(1,5) (49.5%, 93.2%)	
08/11 12:22:17AM searchStage_trainer.py:208 [INFO] Train: [  2/49] Final Prec@1 49.4880%
08/11 12:22:26AM searchStage_trainer.py:236 [INFO] Valid: Epoch: [2][50/391]	Step 1173	Loss 1.4469	Prec@(1,5) (47.7%, 91.7%)
08/11 12:22:34AM searchStage_trainer.py:236 [INFO] Valid: Epoch: [2][100/391]	Step 1173	Loss 1.4355	Prec@(1,5) (48.0%, 91.9%)
08/11 12:22:43AM searchStage_trainer.py:236 [INFO] Valid: Epoch: [2][150/391]	Step 1173	Loss 1.4256	Prec@(1,5) (48.4%, 91.8%)
08/11 12:22:51AM searchStage_trainer.py:236 [INFO] Valid: Epoch: [2][200/391]	Step 1173	Loss 1.4291	Prec@(1,5) (48.4%, 91.9%)
08/11 12:23:00AM searchStage_trainer.py:236 [INFO] Valid: Epoch: [2][250/391]	Step 1173	Loss 1.4245	Prec@(1,5) (48.6%, 91.8%)
08/11 12:23:08AM searchStage_trainer.py:236 [INFO] Valid: Epoch: [2][300/391]	Step 1173	Loss 1.4253	Prec@(1,5) (48.6%, 91.7%)
08/11 12:23:17AM searchStage_trainer.py:236 [INFO] Valid: Epoch: [2][350/391]	Step 1173	Loss 1.4302	Prec@(1,5) (48.5%, 91.7%)
08/11 12:23:24AM searchStage_trainer.py:236 [INFO] Valid: Epoch: [2][390/391]	Step 1173	Loss 1.4336	Prec@(1,5) (48.4%, 91.6%)
08/11 12:23:24AM searchStage_trainer.py:247 [INFO] Valid: [  2/49] Final Prec@1 48.3480%
08/11 12:23:24AM searchStage_main.py:47 [INFO] DAG = Genotype2(DAG1=[[('skip_connect', 1), ('skip_connect', 0)], [('avg_pool_3x3', 2), ('skip_connect', 1)], [('avg_pool_3x3', 3), ('max_pool_3x3', 2)], [('max_pool_3x3', 4), ('max_pool_3x3', 3)], [('max_pool_3x3', 5), ('max_pool_3x3', 4)], [('max_pool_3x3', 6), ('avg_pool_3x3', 5)]], DAG1_concat=range(6, 8), DAG2=[[('skip_connect', 1), ('skip_connect', 0)], [('avg_pool_3x3', 2), ('max_pool_3x3', 0)], [('avg_pool_3x3', 3), ('max_pool_3x3', 2)], [('max_pool_3x3', 4), ('avg_pool_3x3', 3)], [('avg_pool_3x3', 5), ('skip_connect', 4)], [('avg_pool_3x3', 6), ('max_pool_3x3', 5)]], DAG2_concat=range(6, 8), DAG3=[[('skip_connect', 1), ('skip_connect', 0)], [('skip_connect', 2), ('skip_connect', 1)], [('skip_connect', 3), ('skip_connect', 2)], [('skip_connect', 4), ('skip_connect', 3)], [('avg_pool_3x3', 5), ('skip_connect', 4)], [('skip_connect', 5), ('skip_connect', 6)]], DAG3_concat=range(6, 8))
08/11 12:23:24AM searchStage_main.py:73 [INFO] Until now, best Prec@1 = 48.3480%
####### ALPHA #######
# Alpha - DAG
tensor([[0.2511, 0.2496, 0.2514, 0.2479],
        [0.2503, 0.2496, 0.2519, 0.2482]], device='cuda:0',
       grad_fn=<SoftmaxBackward0>)
tensor([[0.2514, 0.2479, 0.2518, 0.2490],
        [0.2513, 0.2487, 0.2522, 0.2479],
        [0.2523, 0.2526, 0.2479, 0.2472]], device='cuda:0',
       grad_fn=<SoftmaxBackward0>)
tensor([[0.2532, 0.2498, 0.2524, 0.2446],
        [0.2516, 0.2514, 0.2490, 0.2480],
        [0.2504, 0.2508, 0.2481, 0.2507]], device='cuda:0',
       grad_fn=<SoftmaxBackward0>)
tensor([[0.2510, 0.2509, 0.2500, 0.2481],
        [0.2518, 0.2504, 0.2494, 0.2485],
        [0.2513, 0.2508, 0.2491, 0.2488]], device='cuda:0',
       grad_fn=<SoftmaxBackward0>)
tensor([[0.2515, 0.2501, 0.2502, 0.2482],
        [0.2512, 0.2498, 0.2496, 0.2493],
        [0.2513, 0.2504, 0.2488, 0.2496]], device='cuda:0',
       grad_fn=<SoftmaxBackward0>)
tensor([[0.2507, 0.2503, 0.2504, 0.2486],
        [0.2499, 0.2499, 0.2496, 0.2507],
        [0.2502, 0.2501, 0.2495, 0.2503]], device='cuda:0',
       grad_fn=<SoftmaxBackward0>)
tensor([[0.2503, 0.2501, 0.2504, 0.2492],
        [0.2495, 0.2498, 0.2505, 0.2502]], device='cuda:0',
       grad_fn=<SoftmaxBackward0>)
tensor([[0.2503, 0.2499, 0.2502, 0.2496],
        [0.2499, 0.2500, 0.2502, 0.2499],
        [0.2497, 0.2503, 0.2499, 0.2501]], device='cuda:0',
       grad_fn=<SoftmaxBackward0>)
tensor([[0.2503, 0.2502, 0.2499, 0.2497],
        [0.2501, 0.2500, 0.2501, 0.2499],
        [0.2500, 0.2501, 0.2498, 0.2501]], device='cuda:0',
       grad_fn=<SoftmaxBackward0>)
tensor([[0.2501, 0.2504, 0.2501, 0.2494],
        [0.2494, 0.2506, 0.2500, 0.2500],
        [0.2501, 0.2500, 0.2497, 0.2502]], device='cuda:0',
       grad_fn=<SoftmaxBackward0>)
tensor([[0.2496, 0.2502, 0.2506, 0.2496],
        [0.2498, 0.2501, 0.2503, 0.2498],
        [0.2496, 0.2503, 0.2500, 0.2501]], device='cuda:0',
       grad_fn=<SoftmaxBackward0>)
tensor([[0.2504, 0.2499, 0.2502, 0.2495],
        [0.2501, 0.2500, 0.2500, 0.2498],
        [0.2496, 0.2502, 0.2496, 0.2505]], device='cuda:0',
       grad_fn=<SoftmaxBackward0>)
tensor([[0.2496, 0.2500, 0.2504, 0.2501],
        [0.2500, 0.2500, 0.2505, 0.2495]], device='cuda:0',
       grad_fn=<SoftmaxBackward0>)
tensor([[0.2499, 0.2497, 0.2506, 0.2497],
        [0.2497, 0.2493, 0.2512, 0.2499],
        [0.2499, 0.2496, 0.2502, 0.2503]], device='cuda:0',
       grad_fn=<SoftmaxBackward0>)
tensor([[0.2496, 0.2500, 0.2512, 0.2491],
        [0.2494, 0.2500, 0.2505, 0.2501],
        [0.2499, 0.2494, 0.2505, 0.2501]], device='cuda:0',
       grad_fn=<SoftmaxBackward0>)
tensor([[0.2501, 0.2495, 0.2504, 0.2500],
        [0.2498, 0.2497, 0.2501, 0.2504],
        [0.2500, 0.2501, 0.2502, 0.2497]], device='cuda:0',
       grad_fn=<SoftmaxBackward0>)
tensor([[0.2495, 0.2499, 0.2512, 0.2494],
        [0.2495, 0.2497, 0.2509, 0.2498],
        [0.2494, 0.2502, 0.2499, 0.2505]], device='cuda:0',
       grad_fn=<SoftmaxBackward0>)
tensor([[0.2499, 0.2498, 0.2508, 0.2495],
        [0.2500, 0.2492, 0.2513, 0.2495],
        [0.2497, 0.2495, 0.2504, 0.2505]], device='cuda:0',
       grad_fn=<SoftmaxBackward0>)
#####################
08/11 12:24:17AM searchStage_trainer.py:198 [INFO] Train: Epoch: [3][50/390]	Step 1223	lr 0.02479	Loss 1.2767 (1.2421)	Prec@(1,5) (55.5%, 94.7%)	
08/11 12:25:09AM searchStage_trainer.py:198 [INFO] Train: Epoch: [3][100/390]	Step 1273	lr 0.02479	Loss 1.2226 (1.2529)	Prec@(1,5) (55.1%, 94.8%)	
08/11 12:26:01AM searchStage_trainer.py:198 [INFO] Train: Epoch: [3][150/390]	Step 1323	lr 0.02479	Loss 1.1975 (1.2505)	Prec@(1,5) (55.0%, 94.8%)	
08/11 12:26:53AM searchStage_trainer.py:198 [INFO] Train: Epoch: [3][200/390]	Step 1373	lr 0.02479	Loss 0.9768 (1.2468)	Prec@(1,5) (54.9%, 94.7%)	
08/11 12:27:45AM searchStage_trainer.py:198 [INFO] Train: Epoch: [3][250/390]	Step 1423	lr 0.02479	Loss 1.1275 (1.2401)	Prec@(1,5) (54.8%, 94.8%)	
08/11 12:28:36AM searchStage_trainer.py:198 [INFO] Train: Epoch: [3][300/390]	Step 1473	lr 0.02479	Loss 1.3015 (1.2334)	Prec@(1,5) (55.0%, 94.9%)	
08/11 12:29:28AM searchStage_trainer.py:198 [INFO] Train: Epoch: [3][350/390]	Step 1523	lr 0.02479	Loss 1.1102 (1.2246)	Prec@(1,5) (55.4%, 94.9%)	
08/11 12:30:08AM searchStage_trainer.py:198 [INFO] Train: Epoch: [3][390/390]	Step 1563	lr 0.02479	Loss 1.1736 (1.2168)	Prec@(1,5) (55.6%, 95.0%)	
08/11 12:30:09AM searchStage_trainer.py:208 [INFO] Train: [  3/49] Final Prec@1 55.5600%
08/11 12:30:17AM searchStage_trainer.py:236 [INFO] Valid: Epoch: [3][50/391]	Step 1564	Loss 1.1269	Prec@(1,5) (59.5%, 95.7%)
08/11 12:30:26AM searchStage_trainer.py:236 [INFO] Valid: Epoch: [3][100/391]	Step 1564	Loss 1.1431	Prec@(1,5) (59.0%, 95.0%)
08/11 12:30:34AM searchStage_trainer.py:236 [INFO] Valid: Epoch: [3][150/391]	Step 1564	Loss 1.1543	Prec@(1,5) (58.4%, 95.1%)
08/11 12:30:43AM searchStage_trainer.py:236 [INFO] Valid: Epoch: [3][200/391]	Step 1564	Loss 1.1588	Prec@(1,5) (58.3%, 95.0%)
08/11 12:30:52AM searchStage_trainer.py:236 [INFO] Valid: Epoch: [3][250/391]	Step 1564	Loss 1.1577	Prec@(1,5) (58.4%, 95.2%)
08/11 12:31:00AM searchStage_trainer.py:236 [INFO] Valid: Epoch: [3][300/391]	Step 1564	Loss 1.1608	Prec@(1,5) (58.2%, 95.1%)
08/11 12:31:09AM searchStage_trainer.py:236 [INFO] Valid: Epoch: [3][350/391]	Step 1564	Loss 1.1653	Prec@(1,5) (58.1%, 95.0%)
08/11 12:31:16AM searchStage_trainer.py:236 [INFO] Valid: Epoch: [3][390/391]	Step 1564	Loss 1.1651	Prec@(1,5) (58.2%, 95.1%)
08/11 12:31:16AM searchStage_trainer.py:247 [INFO] Valid: [  3/49] Final Prec@1 58.2080%
08/11 12:31:16AM searchStage_main.py:47 [INFO] DAG = Genotype2(DAG1=[[('skip_connect', 1), ('skip_connect', 0)], [('max_pool_3x3', 2), ('skip_connect', 1)], [('avg_pool_3x3', 3), ('max_pool_3x3', 2)], [('max_pool_3x3', 4), ('max_pool_3x3', 3)], [('max_pool_3x3', 5), ('max_pool_3x3', 4)], [('max_pool_3x3', 6), ('max_pool_3x3', 5)]], DAG1_concat=range(6, 8), DAG2=[[('skip_connect', 0), ('skip_connect', 1)], [('avg_pool_3x3', 2), ('skip_connect', 1)], [('avg_pool_3x3', 3), ('skip_connect', 2)], [('max_pool_3x3', 4), ('avg_pool_3x3', 3)], [('avg_pool_3x3', 5), ('skip_connect', 4)], [('avg_pool_3x3', 6), ('max_pool_3x3', 5)]], DAG2_concat=range(6, 8), DAG3=[[('skip_connect', 1), ('skip_connect', 0)], [('skip_connect', 2), ('skip_connect', 1)], [('skip_connect', 3), ('skip_connect', 2)], [('skip_connect', 4), ('skip_connect', 3)], [('avg_pool_3x3', 5), ('skip_connect', 4)], [('skip_connect', 6), ('skip_connect', 5)]], DAG3_concat=range(6, 8))
08/11 12:31:16AM searchStage_main.py:73 [INFO] Until now, best Prec@1 = 58.2080%
####### ALPHA #######
# Alpha - DAG
tensor([[0.2508, 0.2490, 0.2523, 0.2479],
        [0.2502, 0.2490, 0.2526, 0.2482]], device='cuda:0',
       grad_fn=<SoftmaxBackward0>)
tensor([[0.2515, 0.2469, 0.2525, 0.2490],
        [0.2515, 0.2478, 0.2529, 0.2478],
        [0.2524, 0.2523, 0.2482, 0.2472]], device='cuda:0',
       grad_fn=<SoftmaxBackward0>)
tensor([[0.2535, 0.2491, 0.2533, 0.2441],
        [0.2515, 0.2511, 0.2494, 0.2480],
        [0.2503, 0.2506, 0.2482, 0.2509]], device='cuda:0',
       grad_fn=<SoftmaxBackward0>)
tensor([[0.2511, 0.2509, 0.2503, 0.2477],
        [0.2518, 0.2502, 0.2493, 0.2488],
        [0.2513, 0.2506, 0.2492, 0.2489]], device='cuda:0',
       grad_fn=<SoftmaxBackward0>)
tensor([[0.2516, 0.2498, 0.2503, 0.2482],
        [0.2513, 0.2496, 0.2499, 0.2491],
        [0.2512, 0.2504, 0.2487, 0.2497]], device='cuda:0',
       grad_fn=<SoftmaxBackward0>)
tensor([[0.2509, 0.2502, 0.2508, 0.2481],
        [0.2499, 0.2499, 0.2496, 0.2506],
        [0.2501, 0.2500, 0.2493, 0.2507]], device='cuda:0',
       grad_fn=<SoftmaxBackward0>)
tensor([[0.2502, 0.2501, 0.2505, 0.2492],
        [0.2495, 0.2498, 0.2505, 0.2502]], device='cuda:0',
       grad_fn=<SoftmaxBackward0>)
tensor([[0.2503, 0.2499, 0.2502, 0.2496],
        [0.2499, 0.2500, 0.2502, 0.2499],
        [0.2497, 0.2503, 0.2499, 0.2501]], device='cuda:0',
       grad_fn=<SoftmaxBackward0>)
tensor([[0.2504, 0.2503, 0.2500, 0.2493],
        [0.2500, 0.2499, 0.2500, 0.2500],
        [0.2500, 0.2501, 0.2497, 0.2502]], device='cuda:0',
       grad_fn=<SoftmaxBackward0>)
tensor([[0.2501, 0.2504, 0.2501, 0.2494],
        [0.2495, 0.2506, 0.2501, 0.2499],
        [0.2501, 0.2499, 0.2496, 0.2503]], device='cuda:0',
       grad_fn=<SoftmaxBackward0>)
tensor([[0.2496, 0.2502, 0.2508, 0.2494],
        [0.2498, 0.2501, 0.2503, 0.2499],
        [0.2495, 0.2503, 0.2500, 0.2502]], device='cuda:0',
       grad_fn=<SoftmaxBackward0>)
tensor([[0.2503, 0.2499, 0.2503, 0.2495],
        [0.2501, 0.2500, 0.2501, 0.2498],
        [0.2496, 0.2502, 0.2496, 0.2506]], device='cuda:0',
       grad_fn=<SoftmaxBackward0>)
tensor([[0.2495, 0.2499, 0.2505, 0.2501],
        [0.2499, 0.2499, 0.2507, 0.2495]], device='cuda:0',
       grad_fn=<SoftmaxBackward0>)
tensor([[0.2499, 0.2496, 0.2508, 0.2497],
        [0.2497, 0.2492, 0.2513, 0.2499],
        [0.2499, 0.2495, 0.2503, 0.2503]], device='cuda:0',
       grad_fn=<SoftmaxBackward0>)
tensor([[0.2496, 0.2500, 0.2515, 0.2489],
        [0.2493, 0.2499, 0.2506, 0.2502],
        [0.2499, 0.2494, 0.2505, 0.2502]], device='cuda:0',
       grad_fn=<SoftmaxBackward0>)
tensor([[0.2501, 0.2495, 0.2505, 0.2499],
        [0.2498, 0.2496, 0.2502, 0.2504],
        [0.2500, 0.2501, 0.2502, 0.2497]], device='cuda:0',
       grad_fn=<SoftmaxBackward0>)
tensor([[0.2496, 0.2498, 0.2516, 0.2490],
        [0.2494, 0.2495, 0.2511, 0.2500],
        [0.2492, 0.2501, 0.2500, 0.2507]], device='cuda:0',
       grad_fn=<SoftmaxBackward0>)
tensor([[0.2498, 0.2496, 0.2512, 0.2494],
        [0.2499, 0.2491, 0.2515, 0.2494],
        [0.2495, 0.2493, 0.2506, 0.2506]], device='cuda:0',
       grad_fn=<SoftmaxBackward0>)
#####################
08/11 12:32:09AM searchStage_trainer.py:198 [INFO] Train: Epoch: [4][50/390]	Step 1614	lr 0.02462	Loss 1.1382 (1.1701)	Prec@(1,5) (58.0%, 95.2%)	
08/11 12:33:01AM searchStage_trainer.py:198 [INFO] Train: Epoch: [4][100/390]	Step 1664	lr 0.02462	Loss 1.2225 (1.1630)	Prec@(1,5) (58.1%, 95.1%)	
08/11 12:33:53AM searchStage_trainer.py:198 [INFO] Train: Epoch: [4][150/390]	Step 1714	lr 0.02462	Loss 1.1604 (1.1671)	Prec@(1,5) (57.7%, 95.2%)	
08/11 12:34:45AM searchStage_trainer.py:198 [INFO] Train: Epoch: [4][200/390]	Step 1764	lr 0.02462	Loss 1.1648 (1.1525)	Prec@(1,5) (58.2%, 95.4%)	
08/11 12:35:36AM searchStage_trainer.py:198 [INFO] Train: Epoch: [4][250/390]	Step 1814	lr 0.02462	Loss 1.1955 (1.1425)	Prec@(1,5) (58.7%, 95.5%)	
08/11 12:36:28AM searchStage_trainer.py:198 [INFO] Train: Epoch: [4][300/390]	Step 1864	lr 0.02462	Loss 0.7701 (1.1330)	Prec@(1,5) (59.0%, 95.7%)	
08/11 12:37:20AM searchStage_trainer.py:198 [INFO] Train: Epoch: [4][350/390]	Step 1914	lr 0.02462	Loss 0.8992 (1.1275)	Prec@(1,5) (59.4%, 95.7%)	
08/11 12:38:00AM searchStage_trainer.py:198 [INFO] Train: Epoch: [4][390/390]	Step 1954	lr 0.02462	Loss 1.1112 (1.1232)	Prec@(1,5) (59.6%, 95.7%)	
08/11 12:38:01AM searchStage_trainer.py:208 [INFO] Train: [  4/49] Final Prec@1 59.5840%
08/11 12:38:09AM searchStage_trainer.py:236 [INFO] Valid: Epoch: [4][50/391]	Step 1955	Loss 1.2253	Prec@(1,5) (57.3%, 93.9%)
08/11 12:38:17AM searchStage_trainer.py:236 [INFO] Valid: Epoch: [4][100/391]	Step 1955	Loss 1.2161	Prec@(1,5) (57.2%, 94.4%)
08/11 12:38:26AM searchStage_trainer.py:236 [INFO] Valid: Epoch: [4][150/391]	Step 1955	Loss 1.2067	Prec@(1,5) (57.5%, 94.7%)
08/11 12:38:35AM searchStage_trainer.py:236 [INFO] Valid: Epoch: [4][200/391]	Step 1955	Loss 1.2085	Prec@(1,5) (57.7%, 94.6%)
08/11 12:38:43AM searchStage_trainer.py:236 [INFO] Valid: Epoch: [4][250/391]	Step 1955	Loss 1.2046	Prec@(1,5) (57.8%, 94.6%)
08/11 12:38:52AM searchStage_trainer.py:236 [INFO] Valid: Epoch: [4][300/391]	Step 1955	Loss 1.2028	Prec@(1,5) (57.8%, 94.5%)
08/11 12:39:00AM searchStage_trainer.py:236 [INFO] Valid: Epoch: [4][350/391]	Step 1955	Loss 1.2009	Prec@(1,5) (57.9%, 94.5%)
08/11 12:39:07AM searchStage_trainer.py:236 [INFO] Valid: Epoch: [4][390/391]	Step 1955	Loss 1.1992	Prec@(1,5) (57.9%, 94.6%)
08/11 12:39:07AM searchStage_trainer.py:247 [INFO] Valid: [  4/49] Final Prec@1 57.9440%
08/11 12:39:08AM searchStage_main.py:47 [INFO] DAG = Genotype2(DAG1=[[('skip_connect', 1), ('skip_connect', 0)], [('max_pool_3x3', 2), ('skip_connect', 1)], [('avg_pool_3x3', 3), ('max_pool_3x3', 2)], [('max_pool_3x3', 4), ('max_pool_3x3', 3)], [('max_pool_3x3', 5), ('max_pool_3x3', 4)], [('max_pool_3x3', 6), ('max_pool_3x3', 5)]], DAG1_concat=range(6, 8), DAG2=[[('skip_connect', 0), ('skip_connect', 1)], [('avg_pool_3x3', 2), ('max_pool_3x3', 0)], [('avg_pool_3x3', 3), ('skip_connect', 2)], [('max_pool_3x3', 4), ('avg_pool_3x3', 3)], [('avg_pool_3x3', 5), ('skip_connect', 4)], [('avg_pool_3x3', 6), ('max_pool_3x3', 5)]], DAG2_concat=range(6, 8), DAG3=[[('skip_connect', 1), ('skip_connect', 0)], [('skip_connect', 2), ('skip_connect', 1)], [('skip_connect', 3), ('skip_connect', 2)], [('skip_connect', 4), ('skip_connect', 3)], [('avg_pool_3x3', 5), ('skip_connect', 4)], [('skip_connect', 6), ('skip_connect', 5)]], DAG3_concat=range(6, 8))
08/11 12:39:08AM searchStage_main.py:73 [INFO] Until now, best Prec@1 = 58.2080%
####### ALPHA #######
# Alpha - DAG
tensor([[0.2505, 0.2484, 0.2530, 0.2480],
        [0.2500, 0.2485, 0.2534, 0.2481]], device='cuda:0',
       grad_fn=<SoftmaxBackward0>)
tensor([[0.2516, 0.2460, 0.2533, 0.2491],
        [0.2515, 0.2469, 0.2538, 0.2478],
        [0.2523, 0.2521, 0.2484, 0.2472]], device='cuda:0',
       grad_fn=<SoftmaxBackward0>)
tensor([[0.2533, 0.2484, 0.2545, 0.2438],
        [0.2513, 0.2509, 0.2498, 0.2479],
        [0.2503, 0.2504, 0.2483, 0.2510]], device='cuda:0',
       grad_fn=<SoftmaxBackward0>)
tensor([[0.2511, 0.2508, 0.2504, 0.2476],
        [0.2518, 0.2500, 0.2495, 0.2487],
        [0.2512, 0.2505, 0.2492, 0.2491]], device='cuda:0',
       grad_fn=<SoftmaxBackward0>)
tensor([[0.2517, 0.2496, 0.2506, 0.2480],
        [0.2513, 0.2495, 0.2504, 0.2489],
        [0.2511, 0.2502, 0.2487, 0.2500]], device='cuda:0',
       grad_fn=<SoftmaxBackward0>)
tensor([[0.2511, 0.2502, 0.2513, 0.2475],
        [0.2499, 0.2497, 0.2495, 0.2509],
        [0.2500, 0.2499, 0.2493, 0.2509]], device='cuda:0',
       grad_fn=<SoftmaxBackward0>)
tensor([[0.2503, 0.2500, 0.2505, 0.2492],
        [0.2495, 0.2497, 0.2506, 0.2502]], device='cuda:0',
       grad_fn=<SoftmaxBackward0>)
tensor([[0.2504, 0.2499, 0.2502, 0.2495],
        [0.2500, 0.2499, 0.2503, 0.2498],
        [0.2497, 0.2503, 0.2498, 0.2502]], device='cuda:0',
       grad_fn=<SoftmaxBackward0>)
tensor([[0.2505, 0.2503, 0.2500, 0.2491],
        [0.2500, 0.2499, 0.2501, 0.2500],
        [0.2500, 0.2500, 0.2496, 0.2504]], device='cuda:0',
       grad_fn=<SoftmaxBackward0>)
tensor([[0.2501, 0.2503, 0.2502, 0.2493],
        [0.2495, 0.2506, 0.2500, 0.2499],
        [0.2501, 0.2499, 0.2496, 0.2504]], device='cuda:0',
       grad_fn=<SoftmaxBackward0>)
tensor([[0.2496, 0.2502, 0.2510, 0.2492],
        [0.2498, 0.2501, 0.2501, 0.2500],
        [0.2496, 0.2503, 0.2499, 0.2502]], device='cuda:0',
       grad_fn=<SoftmaxBackward0>)
tensor([[0.2504, 0.2499, 0.2504, 0.2493],
        [0.2501, 0.2500, 0.2501, 0.2498],
        [0.2495, 0.2502, 0.2495, 0.2508]], device='cuda:0',
       grad_fn=<SoftmaxBackward0>)
tensor([[0.2495, 0.2498, 0.2506, 0.2501],
        [0.2499, 0.2499, 0.2507, 0.2495]], device='cuda:0',
       grad_fn=<SoftmaxBackward0>)
tensor([[0.2499, 0.2495, 0.2508, 0.2497],
        [0.2497, 0.2491, 0.2514, 0.2499],
        [0.2499, 0.2495, 0.2503, 0.2504]], device='cuda:0',
       grad_fn=<SoftmaxBackward0>)
tensor([[0.2497, 0.2499, 0.2516, 0.2487],
        [0.2494, 0.2499, 0.2506, 0.2502],
        [0.2500, 0.2493, 0.2505, 0.2502]], device='cuda:0',
       grad_fn=<SoftmaxBackward0>)
tensor([[0.2501, 0.2495, 0.2505, 0.2499],
        [0.2498, 0.2496, 0.2502, 0.2504],
        [0.2500, 0.2500, 0.2503, 0.2497]], device='cuda:0',
       grad_fn=<SoftmaxBackward0>)
tensor([[0.2497, 0.2497, 0.2517, 0.2489],
        [0.2494, 0.2494, 0.2511, 0.2501],
        [0.2493, 0.2500, 0.2500, 0.2507]], device='cuda:0',
       grad_fn=<SoftmaxBackward0>)
tensor([[0.2498, 0.2495, 0.2514, 0.2493],
        [0.2499, 0.2491, 0.2516, 0.2494],
        [0.2494, 0.2492, 0.2507, 0.2507]], device='cuda:0',
       grad_fn=<SoftmaxBackward0>)
#####################
08/11 12:40:01AM searchStage_trainer.py:198 [INFO] Train: Epoch: [5][50/390]	Step 2005	lr 0.02441	Loss 0.8100 (1.0739)	Prec@(1,5) (61.1%, 96.5%)	
08/11 12:40:53AM searchStage_trainer.py:198 [INFO] Train: Epoch: [5][100/390]	Step 2055	lr 0.02441	Loss 1.0608 (1.0478)	Prec@(1,5) (62.2%, 96.5%)	
08/11 12:41:44AM searchStage_trainer.py:198 [INFO] Train: Epoch: [5][150/390]	Step 2105	lr 0.02441	Loss 1.1541 (1.0493)	Prec@(1,5) (62.2%, 96.5%)	
08/11 12:42:36AM searchStage_trainer.py:198 [INFO] Train: Epoch: [5][200/390]	Step 2155	lr 0.02441	Loss 1.2202 (1.0543)	Prec@(1,5) (62.0%, 96.4%)	
08/11 12:43:28AM searchStage_trainer.py:198 [INFO] Train: Epoch: [5][250/390]	Step 2205	lr 0.02441	Loss 0.7903 (1.0438)	Prec@(1,5) (62.5%, 96.4%)	
08/11 12:44:20AM searchStage_trainer.py:198 [INFO] Train: Epoch: [5][300/390]	Step 2255	lr 0.02441	Loss 1.1148 (1.0418)	Prec@(1,5) (62.5%, 96.4%)	
08/11 12:45:11AM searchStage_trainer.py:198 [INFO] Train: Epoch: [5][350/390]	Step 2305	lr 0.02441	Loss 1.3799 (1.0376)	Prec@(1,5) (62.8%, 96.4%)	
