09/05 02:13:20AM parser.py:28 [INFO] 
09/05 02:13:20AM parser.py:29 [INFO] Parameters:
09/05 02:13:20AM parser.py:31 [INFO] DAG_PATH=results/search_stage_KD/cifar100/SIMPLE-KD/s2-BaselineBestCell/DAG
09/05 02:13:20AM parser.py:31 [INFO] T=10.0
09/05 02:13:20AM parser.py:31 [INFO] ADVANCED=True
09/05 02:13:20AM parser.py:31 [INFO] ALPHA_LR=0.0003
09/05 02:13:20AM parser.py:31 [INFO] ALPHA_WEIGHT_DECAY=0.001
09/05 02:13:20AM parser.py:31 [INFO] BATCH_SIZE=64
09/05 02:13:20AM parser.py:31 [INFO] CASCADE=False
09/05 02:13:20AM parser.py:31 [INFO] CHECKPOINT_RESET=False
09/05 02:13:20AM parser.py:31 [INFO] CUTOUT_LENGTH=0
09/05 02:13:20AM parser.py:31 [INFO] DATA_PATH=../data/
09/05 02:13:20AM parser.py:31 [INFO] DATASET=cifar100
09/05 02:13:20AM parser.py:31 [INFO] DEPTH_COEF=0.0
09/05 02:13:20AM parser.py:31 [INFO] DESCRIPTION=search_architecture_on_KD_without_depth_loss_with_large_slidewindoe
09/05 02:13:20AM parser.py:31 [INFO] EPOCHS=50
09/05 02:13:20AM parser.py:31 [INFO] EXP_NAME=s2-BaselineBestCell
09/05 02:13:20AM parser.py:31 [INFO] GENOTYPE=Genotype3(normal1=[[('sep_conv_5x5', 0), ('sep_conv_3x3', 1)], [('sep_conv_3x3', 1), ('sep_conv_3x3', 0)], [('sep_conv_3x3', 1), ('sep_conv_3x3', 2)], [('sep_conv_3x3', 0), ('sep_conv_5x5', 4)]], normal1_concat=range(2, 6), reduce1=[[('sep_conv_3x3', 0), ('skip_connect', 1)], [('sep_conv_3x3', 1), ('max_pool_3x3', 0)], [('sep_conv_3x3', 2), ('sep_conv_3x3', 1)], [('max_pool_3x3', 0), ('dil_conv_3x3', 1)]], reduce1_concat=range(2, 6), normal2=[[('skip_connect', 0), ('sep_conv_5x5', 1)], [('skip_connect', 0), ('skip_connect', 2)], [('avg_pool_3x3', 0), ('avg_pool_3x3', 2)], [('skip_connect', 0), ('avg_pool_3x3', 2)]], normal2_concat=range(2, 6), reduce2=[[('avg_pool_3x3', 0), ('avg_pool_3x3', 1)], [('avg_pool_3x3', 0), ('skip_connect', 2)], [('skip_connect', 2), ('avg_pool_3x3', 0)], [('skip_connect', 2), ('avg_pool_3x3', 0)]], reduce2_concat=range(2, 6), normal3=[[('skip_connect', 0), ('skip_connect', 1)], [('skip_connect', 0), ('dil_conv_3x3', 1)], [('skip_connect', 0), ('skip_connect', 1)], [('skip_connect', 0), ('skip_connect', 2)]], normal3_concat=range(2, 6))
09/05 02:13:20AM parser.py:31 [INFO] GPUS=[0]
09/05 02:13:20AM parser.py:31 [INFO] INIT_CHANNELS=16
09/05 02:13:21AM parser.py:31 [INFO] L=0.5
09/05 02:13:21AM parser.py:31 [INFO] LAYERS=20
09/05 02:13:21AM parser.py:31 [INFO] LOGGER=<Logger H-DAS (INFO)>
09/05 02:13:21AM parser.py:31 [INFO] NAME=SIMPLE-KD
09/05 02:13:21AM parser.py:31 [INFO] NONKD=False
09/05 02:13:21AM parser.py:31 [INFO] PATH=results/search_stage_KD/cifar100/SIMPLE-KD/s2-BaselineBestCell
09/05 02:13:21AM parser.py:31 [INFO] PCDARTS=False
09/05 02:13:21AM parser.py:31 [INFO] PLOT_PATH=results/search_stage_KD/cifar100/SIMPLE-KD/s2-BaselineBestCell/plots
09/05 02:13:21AM parser.py:31 [INFO] PRINT_FREQ=50
09/05 02:13:21AM parser.py:31 [INFO] RESUME_PATH=None
09/05 02:13:21AM parser.py:31 [INFO] SAVE=s2-BaselineBestCell
09/05 02:13:21AM parser.py:31 [INFO] SEED=2
09/05 02:13:21AM parser.py:31 [INFO] SHARE_STAGE=False
09/05 02:13:21AM parser.py:31 [INFO] SLIDE_WINDOW=8
09/05 02:13:21AM parser.py:31 [INFO] SPEC_CELL=True
09/05 02:13:21AM parser.py:31 [INFO] TEACHER_NAME=efficientnet_v2_s
09/05 02:13:21AM parser.py:31 [INFO] TEACHER_PATH=/home/miura/lab/KD-hdas/results/teacher/cifar100/efficientnet_v2_s/FINETUNE2/pretrained-20240716-002108/best.pth.tar
09/05 02:13:21AM parser.py:31 [INFO] TRAIN_PORTION=0.5
09/05 02:13:21AM parser.py:31 [INFO] W_GRAD_CLIP=5.0
09/05 02:13:21AM parser.py:31 [INFO] W_LR=0.025
09/05 02:13:21AM parser.py:31 [INFO] W_LR_MIN=0.001
09/05 02:13:21AM parser.py:31 [INFO] W_MOMENTUM=0.9
09/05 02:13:21AM parser.py:31 [INFO] W_WEIGHT_DECAY=0.0003
09/05 02:13:21AM parser.py:31 [INFO] WORKERS=4
09/05 02:13:21AM parser.py:32 [INFO] 
09/05 02:13:23AM searchStage_trainer.py:130 [INFO] --> Loaded teacher model 'efficientnet_v2_s' from '/home/miura/lab/KD-hdas/results/teacher/cifar100/efficientnet_v2_s/FINETUNE2/pretrained-20240716-002108/best.pth.tar' and Freezed parameters)
09/05 02:13:24AM eval_util.py:125 [INFO] Test: Step 000/390 Prec@(1,5) (95.3%, 100.0%)
09/05 02:13:35AM eval_util.py:125 [INFO] Test: Step 390/390 Prec@(1,5) (97.1%, 99.6%)
09/05 02:13:35AM eval_util.py:130 [INFO] Teacher=(efficientnet_v2_s <- (/home/miura/lab/KD-hdas/results/teacher/cifar100/efficientnet_v2_s/FINETUNE2/pretrained-20240716-002108/best.pth.tar)) achives Test Prec(@1, @5) = (97.1400%, 99.6320%)
09/05 02:13:55AM searchStage_trainer.py:137 [INFO] --> No loaded checkpoint!
####### ALPHA #######
# Alpha - DAG
tensor([[0.2502, 0.2500, 0.2500, 0.2498],
        [0.2502, 0.2497, 0.2500, 0.2500]], device='cuda:0',
       grad_fn=<SoftmaxBackward0>)
tensor([[0.2499, 0.2497, 0.2503, 0.2501],
        [0.2499, 0.2499, 0.2502, 0.2500],
        [0.2502, 0.2499, 0.2500, 0.2499]], device='cuda:0',
       grad_fn=<SoftmaxBackward0>)
tensor([[0.2498, 0.2499, 0.2501, 0.2502],
        [0.2503, 0.2502, 0.2498, 0.2498],
        [0.2501, 0.2502, 0.2498, 0.2499],
        [0.2498, 0.2497, 0.2504, 0.2501]], device='cuda:0',
       grad_fn=<SoftmaxBackward0>)
tensor([[0.2502, 0.2495, 0.2498, 0.2506],
        [0.2500, 0.2501, 0.2498, 0.2501],
        [0.2501, 0.2499, 0.2499, 0.2501],
        [0.2498, 0.2501, 0.2502, 0.2499],
        [0.2503, 0.2500, 0.2497, 0.2500]], device='cuda:0',
       grad_fn=<SoftmaxBackward0>)
tensor([[0.2498, 0.2498, 0.2505, 0.2499],
        [0.2500, 0.2499, 0.2500, 0.2501],
        [0.2500, 0.2502, 0.2497, 0.2501],
        [0.2503, 0.2502, 0.2499, 0.2496],
        [0.2497, 0.2504, 0.2502, 0.2496],
        [0.2501, 0.2502, 0.2501, 0.2496]], device='cuda:0',
       grad_fn=<SoftmaxBackward0>)
tensor([[0.2501, 0.2499, 0.2501, 0.2499],
        [0.2495, 0.2499, 0.2506, 0.2500],
        [0.2502, 0.2502, 0.2498, 0.2498],
        [0.2499, 0.2503, 0.2500, 0.2499],
        [0.2502, 0.2497, 0.2503, 0.2498],
        [0.2500, 0.2501, 0.2501, 0.2498],
        [0.2497, 0.2502, 0.2500, 0.2500]], device='cuda:0',
       grad_fn=<SoftmaxBackward0>)
tensor([[0.2496, 0.2502, 0.2500, 0.2502],
        [0.2500, 0.2503, 0.2497, 0.2499]], device='cuda:0',
       grad_fn=<SoftmaxBackward0>)
tensor([[0.2497, 0.2498, 0.2502, 0.2503],
        [0.2499, 0.2503, 0.2498, 0.2500],
        [0.2497, 0.2501, 0.2501, 0.2501]], device='cuda:0',
       grad_fn=<SoftmaxBackward0>)
tensor([[0.2496, 0.2499, 0.2499, 0.2506],
        [0.2503, 0.2503, 0.2496, 0.2499],
        [0.2500, 0.2501, 0.2502, 0.2496],
        [0.2498, 0.2503, 0.2501, 0.2498]], device='cuda:0',
       grad_fn=<SoftmaxBackward0>)
tensor([[0.2499, 0.2498, 0.2501, 0.2502],
        [0.2497, 0.2500, 0.2499, 0.2504],
        [0.2501, 0.2495, 0.2502, 0.2502],
        [0.2502, 0.2501, 0.2499, 0.2498],
        [0.2500, 0.2496, 0.2503, 0.2502]], device='cuda:0',
       grad_fn=<SoftmaxBackward0>)
tensor([[0.2499, 0.2499, 0.2499, 0.2503],
        [0.2500, 0.2498, 0.2500, 0.2502],
        [0.2497, 0.2501, 0.2504, 0.2499],
        [0.2495, 0.2503, 0.2501, 0.2501],
        [0.2503, 0.2503, 0.2493, 0.2502],
        [0.2501, 0.2499, 0.2499, 0.2502]], device='cuda:0',
       grad_fn=<SoftmaxBackward0>)
tensor([[0.2501, 0.2501, 0.2498, 0.2500],
        [0.2500, 0.2502, 0.2500, 0.2498],
        [0.2502, 0.2504, 0.2496, 0.2499],
        [0.2502, 0.2499, 0.2503, 0.2496],
        [0.2501, 0.2501, 0.2501, 0.2496],
        [0.2496, 0.2502, 0.2503, 0.2500],
        [0.2504, 0.2497, 0.2502, 0.2497]], device='cuda:0',
       grad_fn=<SoftmaxBackward0>)
tensor([[0.2499, 0.2502, 0.2501, 0.2499],
        [0.2502, 0.2501, 0.2499, 0.2498]], device='cuda:0',
       grad_fn=<SoftmaxBackward0>)
tensor([[0.2502, 0.2500, 0.2496, 0.2502],
        [0.2498, 0.2502, 0.2500, 0.2499],
        [0.2500, 0.2499, 0.2499, 0.2502]], device='cuda:0',
       grad_fn=<SoftmaxBackward0>)
tensor([[0.2502, 0.2501, 0.2495, 0.2503],
        [0.2501, 0.2498, 0.2499, 0.2502],
        [0.2502, 0.2498, 0.2499, 0.2501],
        [0.2501, 0.2492, 0.2505, 0.2502]], device='cuda:0',
       grad_fn=<SoftmaxBackward0>)
tensor([[0.2496, 0.2502, 0.2502, 0.2500],
        [0.2496, 0.2503, 0.2498, 0.2503],
        [0.2500, 0.2498, 0.2500, 0.2502],
        [0.2497, 0.2502, 0.2500, 0.2500],
        [0.2505, 0.2502, 0.2498, 0.2495]], device='cuda:0',
       grad_fn=<SoftmaxBackward0>)
tensor([[0.2502, 0.2500, 0.2499, 0.2499],
        [0.2499, 0.2498, 0.2500, 0.2503],
        [0.2503, 0.2498, 0.2502, 0.2497],
        [0.2496, 0.2502, 0.2499, 0.2503],
        [0.2501, 0.2502, 0.2499, 0.2498],
        [0.2501, 0.2501, 0.2499, 0.2499]], device='cuda:0',
       grad_fn=<SoftmaxBackward0>)
tensor([[0.2498, 0.2500, 0.2502, 0.2500],
        [0.2498, 0.2504, 0.2500, 0.2499],
        [0.2498, 0.2501, 0.2500, 0.2501],
        [0.2498, 0.2501, 0.2499, 0.2501],
        [0.2498, 0.2498, 0.2503, 0.2501],
        [0.2505, 0.2497, 0.2500, 0.2498],
        [0.2505, 0.2494, 0.2501, 0.2499]], device='cuda:0',
       grad_fn=<SoftmaxBackward0>)
#####################
09/05 02:14:14AM searchStage_trainer.py:268 [INFO] Train: Epoch: [0][50/390]	Step 50	lr 0.025	Loss 2.2788 (2.3408)	Hard Loss 4.5108 (4.6293)	Soft Loss 0.0005 (0.0005)	Arch Loss 2.2650 (2.3571)	Arch Hard Loss 4.4807 (4.6635)	Arch Soft Loss 0.0005 (0.0005)	Arch depth Loss -0.0000 (0.0000)	Prec@(1,5) (2.2%, 8.5%)	
09/05 02:14:30AM searchStage_trainer.py:268 [INFO] Train: Epoch: [0][100/390]	Step 100	lr 0.025	Loss 2.1894 (2.2650)	Hard Loss 4.3354 (4.4789)	Soft Loss 0.0004 (0.0005)	Arch Loss 2.1296 (2.2765)	Arch Hard Loss 4.2124 (4.5031)	Arch Soft Loss 0.0005 (0.0005)	Arch depth Loss -0.0000 (0.0000)	Prec@(1,5) (3.2%, 12.3%)	
09/05 02:14:47AM searchStage_trainer.py:268 [INFO] Train: Epoch: [0][150/390]	Step 150	lr 0.025	Loss 2.0547 (2.2096)	Hard Loss 4.0625 (4.3691)	Soft Loss 0.0005 (0.0005)	Arch Loss 2.0895 (2.2197)	Arch Hard Loss 4.1343 (4.3901)	Arch Soft Loss 0.0004 (0.0005)	Arch depth Loss 0.0000 (0.0000)	Prec@(1,5) (3.9%, 15.8%)	
09/05 02:15:03AM searchStage_trainer.py:268 [INFO] Train: Epoch: [0][200/390]	Step 200	lr 0.025	Loss 2.0384 (2.1726)	Hard Loss 4.0311 (4.2956)	Soft Loss 0.0005 (0.0005)	Arch Loss 2.0009 (2.1778)	Arch Hard Loss 3.9578 (4.3068)	Arch Soft Loss 0.0004 (0.0005)	Arch depth Loss 0.0000 (0.0000)	Prec@(1,5) (4.6%, 18.0%)	
09/05 02:15:20AM searchStage_trainer.py:268 [INFO] Train: Epoch: [0][250/390]	Step 250	lr 0.025	Loss 1.9874 (2.1424)	Hard Loss 3.9244 (4.2356)	Soft Loss 0.0005 (0.0005)	Arch Loss 1.9497 (2.1431)	Arch Hard Loss 3.8541 (4.2379)	Arch Soft Loss 0.0005 (0.0005)	Arch depth Loss -0.0000 (0.0000)	Prec@(1,5) (5.2%, 19.6%)	
09/05 02:15:36AM searchStage_trainer.py:268 [INFO] Train: Epoch: [0][300/390]	Step 300	lr 0.025	Loss 1.9913 (2.1174)	Hard Loss 3.9276 (4.1859)	Soft Loss 0.0006 (0.0005)	Arch Loss 2.0072 (2.1150)	Arch Hard Loss 3.9662 (4.1821)	Arch Soft Loss 0.0005 (0.0005)	Arch depth Loss -0.0000 (0.0000)	Prec@(1,5) (5.8%, 21.2%)	
09/05 02:15:53AM searchStage_trainer.py:268 [INFO] Train: Epoch: [0][350/390]	Step 350	lr 0.025	Loss 1.8153 (2.0947)	Hard Loss 3.5827 (4.1407)	Soft Loss 0.0005 (0.0005)	Arch Loss 1.9278 (2.0910)	Arch Hard Loss 3.8125 (4.1345)	Arch Soft Loss 0.0004 (0.0005)	Arch depth Loss -0.0000 (0.0000)	Prec@(1,5) (6.4%, 22.4%)	
09/05 02:16:06AM searchStage_trainer.py:268 [INFO] Train: Epoch: [0][390/390]	Step 390	lr 0.025	Loss 1.9825 (2.0777)	Hard Loss 3.9180 (4.1070)	Soft Loss 0.0005 (0.0005)	Arch Loss 1.9714 (2.0733)	Arch Hard Loss 3.8928 (4.0993)	Arch Soft Loss 0.0005 (0.0005)	Arch depth Loss -0.0000 (0.0000)	Prec@(1,5) (6.7%, 23.5%)	
09/05 02:16:07AM searchStage_trainer.py:284 [INFO] Train: [  0/49] Final Prec@1 6.7600%
09/05 02:16:10AM searchStage_trainer.py:312 [INFO] Valid: Epoch: [0][50/391]	Step 391	Loss 3.7867	Prec@(1,5) (11.1%, 33.3%)
09/05 02:16:12AM searchStage_trainer.py:312 [INFO] Valid: Epoch: [0][100/391]	Step 391	Loss 3.7780	Prec@(1,5) (11.1%, 33.6%)
09/05 02:16:15AM searchStage_trainer.py:312 [INFO] Valid: Epoch: [0][150/391]	Step 391	Loss 3.7798	Prec@(1,5) (10.9%, 33.6%)
09/05 02:16:17AM searchStage_trainer.py:312 [INFO] Valid: Epoch: [0][200/391]	Step 391	Loss 3.7757	Prec@(1,5) (11.0%, 33.6%)
09/05 02:16:19AM searchStage_trainer.py:312 [INFO] Valid: Epoch: [0][250/391]	Step 391	Loss 3.7838	Prec@(1,5) (10.9%, 33.5%)
09/05 02:16:21AM searchStage_trainer.py:312 [INFO] Valid: Epoch: [0][300/391]	Step 391	Loss 3.7836	Prec@(1,5) (10.9%, 33.6%)
09/05 02:16:24AM searchStage_trainer.py:312 [INFO] Valid: Epoch: [0][350/391]	Step 391	Loss 3.7842	Prec@(1,5) (10.8%, 33.6%)
09/05 02:16:25AM searchStage_trainer.py:312 [INFO] Valid: Epoch: [0][390/391]	Step 391	Loss 3.7878	Prec@(1,5) (10.9%, 33.5%)
09/05 02:16:26AM searchStage_trainer.py:323 [INFO] Valid: [  0/49] Final Prec@1 10.8680%
09/05 02:16:26AM searchStage_KD_main.py:58 [INFO] DAG = Genotype2(DAG1=[[('skip_connect', 1), ('skip_connect', 0)], [('skip_connect', 0), ('skip_connect', 1)], [('max_pool_3x3', 1), ('max_pool_3x3', 0)], [('avg_pool_3x3', 3), ('skip_connect', 0)], [('max_pool_3x3', 1), ('max_pool_3x3', 0)], [('max_pool_3x3', 0), ('max_pool_3x3', 1)]], DAG1_concat=range(6, 8), DAG2=[[('skip_connect', 0), ('skip_connect', 1)], [('skip_connect', 0), ('skip_connect', 2)], [('max_pool_3x3', 1), ('skip_connect', 0)], [('skip_connect', 3), ('max_pool_3x3', 1)], [('max_pool_3x3', 1), ('max_pool_3x3', 0)], [('skip_connect', 0), ('skip_connect', 1)]], DAG2_concat=range(6, 8), DAG3=[[('skip_connect', 1), ('skip_connect', 0)], [('skip_connect', 1), ('skip_connect', 0)], [('skip_connect', 1), ('skip_connect', 0)], [('max_pool_3x3', 1), ('skip_connect', 0)], [('skip_connect', 1), ('max_pool_3x3', 0)], [('max_pool_3x3', 1), ('max_pool_3x3', 0)]], DAG3_concat=range(6, 8))
09/05 02:16:26AM searchStage_KD_main.py:89 [INFO] Until now, best Prec@1 = 10.8680%
####### ALPHA #######
# Alpha - DAG
tensor([[0.2488, 0.2503, 0.2508, 0.2502],
        [0.2494, 0.2502, 0.2508, 0.2496]], device='cuda:0',
       grad_fn=<SoftmaxBackward0>)
tensor([[0.2492, 0.2500, 0.2516, 0.2492],
        [0.2499, 0.2494, 0.2509, 0.2498],
        [0.2494, 0.2500, 0.2498, 0.2508]], device='cuda:0',
       grad_fn=<SoftmaxBackward0>)
tensor([[0.2505, 0.2489, 0.2502, 0.2504],
        [0.2518, 0.2509, 0.2504, 0.2469],
        [0.2496, 0.2500, 0.2501, 0.2503],
        [0.2500, 0.2483, 0.2494, 0.2522]], device='cuda:0',
       grad_fn=<SoftmaxBackward0>)
tensor([[0.2481, 0.2484, 0.2515, 0.2519],
        [0.2493, 0.2495, 0.2507, 0.2506],
        [0.2496, 0.2500, 0.2508, 0.2496],
        [0.2487, 0.2515, 0.2506, 0.2493],
        [0.2492, 0.2506, 0.2509, 0.2494]], device='cuda:0',
       grad_fn=<SoftmaxBackward0>)
tensor([[0.2520, 0.2488, 0.2517, 0.2476],
        [0.2524, 0.2480, 0.2505, 0.2492],
        [0.2508, 0.2486, 0.2506, 0.2500],
        [0.2505, 0.2500, 0.2504, 0.2491],
        [0.2496, 0.2492, 0.2482, 0.2530],
        [0.2513, 0.2497, 0.2488, 0.2501]], device='cuda:0',
       grad_fn=<SoftmaxBackward0>)
tensor([[0.2543, 0.2481, 0.2495, 0.2480],
        [0.2542, 0.2467, 0.2489, 0.2502],
        [0.2534, 0.2491, 0.2480, 0.2494],
        [0.2511, 0.2499, 0.2498, 0.2492],
        [0.2506, 0.2495, 0.2501, 0.2498],
        [0.2517, 0.2474, 0.2511, 0.2497],
        [0.2502, 0.2485, 0.2481, 0.2533]], device='cuda:0',
       grad_fn=<SoftmaxBackward0>)
tensor([[0.2494, 0.2465, 0.2533, 0.2509],
        [0.2494, 0.2497, 0.2524, 0.2485]], device='cuda:0',
       grad_fn=<SoftmaxBackward0>)
tensor([[0.2498, 0.2481, 0.2527, 0.2494],
        [0.2484, 0.2471, 0.2518, 0.2527],
        [0.2494, 0.2499, 0.2520, 0.2487]], device='cuda:0',
       grad_fn=<SoftmaxBackward0>)
tensor([[0.2516, 0.2500, 0.2528, 0.2456],
        [0.2539, 0.2484, 0.2521, 0.2456],
        [0.2509, 0.2472, 0.2496, 0.2523],
        [0.2507, 0.2479, 0.2467, 0.2547]], device='cuda:0',
       grad_fn=<SoftmaxBackward0>)
tensor([[0.2522, 0.2486, 0.2517, 0.2475],
        [0.2523, 0.2497, 0.2512, 0.2467],
        [0.2508, 0.2484, 0.2495, 0.2512],
        [0.2476, 0.2506, 0.2537, 0.2482],
        [0.2503, 0.2478, 0.2464, 0.2554]], device='cuda:0',
       grad_fn=<SoftmaxBackward0>)
tensor([[0.2535, 0.2505, 0.2515, 0.2445],
        [0.2539, 0.2526, 0.2536, 0.2399],
        [0.2484, 0.2492, 0.2539, 0.2485],
        [0.2468, 0.2499, 0.2519, 0.2514],
        [0.2452, 0.2511, 0.2496, 0.2541],
        [0.2482, 0.2481, 0.2450, 0.2587]], device='cuda:0',
       grad_fn=<SoftmaxBackward0>)
tensor([[0.2484, 0.2517, 0.2555, 0.2444],
        [0.2521, 0.2531, 0.2537, 0.2412],
        [0.2472, 0.2490, 0.2524, 0.2514],
        [0.2495, 0.2481, 0.2521, 0.2503],
        [0.2482, 0.2485, 0.2492, 0.2541],
        [0.2482, 0.2485, 0.2483, 0.2550],
        [0.2482, 0.2493, 0.2515, 0.2511]], device='cuda:0',
       grad_fn=<SoftmaxBackward0>)
tensor([[0.2436, 0.2444, 0.2609, 0.2512],
        [0.2449, 0.2462, 0.2610, 0.2480]], device='cuda:0',
       grad_fn=<SoftmaxBackward0>)
tensor([[0.2446, 0.2486, 0.2575, 0.2493],
        [0.2451, 0.2508, 0.2593, 0.2448],
        [0.2452, 0.2499, 0.2500, 0.2549]], device='cuda:0',
       grad_fn=<SoftmaxBackward0>)
tensor([[0.2526, 0.2483, 0.2527, 0.2464],
        [0.2494, 0.2497, 0.2555, 0.2454],
        [0.2474, 0.2477, 0.2490, 0.2559],
        [0.2483, 0.2495, 0.2504, 0.2518]], device='cuda:0',
       grad_fn=<SoftmaxBackward0>)
tensor([[0.2500, 0.2473, 0.2515, 0.2511],
        [0.2538, 0.2496, 0.2504, 0.2463],
        [0.2494, 0.2490, 0.2507, 0.2509],
        [0.2512, 0.2487, 0.2500, 0.2500],
        [0.2514, 0.2481, 0.2492, 0.2514]], device='cuda:0',
       grad_fn=<SoftmaxBackward0>)
tensor([[0.2540, 0.2492, 0.2525, 0.2443],
        [0.2534, 0.2516, 0.2541, 0.2408],
        [0.2479, 0.2490, 0.2493, 0.2538],
        [0.2499, 0.2500, 0.2494, 0.2507],
        [0.2499, 0.2495, 0.2471, 0.2534],
        [0.2475, 0.2513, 0.2473, 0.2540]], device='cuda:0',
       grad_fn=<SoftmaxBackward0>)
tensor([[0.2538, 0.2499, 0.2521, 0.2442],
        [0.2547, 0.2509, 0.2525, 0.2418],
        [0.2487, 0.2492, 0.2513, 0.2508],
        [0.2496, 0.2472, 0.2492, 0.2540],
        [0.2498, 0.2467, 0.2484, 0.2550],
        [0.2496, 0.2497, 0.2502, 0.2505],
        [0.2495, 0.2486, 0.2495, 0.2524]], device='cuda:0',
       grad_fn=<SoftmaxBackward0>)
#####################
09/05 02:16:45午前 searchStage_trainer.py:268 [INFO] Train: Epoch: [1][50/390]	Step 441	lr 0.02498	Loss 2.0552 (1.8983)	Hard Loss 4.0639 (3.7497)	Soft Loss 0.0005 (0.0005)	Arch Loss 1.8326 (1.9068)	Arch Hard Loss 3.6200 (3.7680)	Arch Soft Loss 0.0005 (0.0005)	Arch depth Loss -0.0000 (0.0000)	Prec@(1,5) (11.3%, 33.4%)	
09/05 02:17:01午前 searchStage_trainer.py:268 [INFO] Train: Epoch: [1][100/390]	Step 491	lr 0.02498	Loss 1.8196 (1.8956)	Hard Loss 3.5951 (3.7447)	Soft Loss 0.0004 (0.0005)	Arch Loss 1.9423 (1.8968)	Arch Hard Loss 3.8430 (3.7481)	Arch Soft Loss 0.0004 (0.0005)	Arch depth Loss -0.0000 (0.0000)	Prec@(1,5) (11.5%, 33.4%)	
09/05 02:17:18午前 searchStage_trainer.py:268 [INFO] Train: Epoch: [1][150/390]	Step 541	lr 0.02498	Loss 1.7335 (1.8822)	Hard Loss 3.4250 (3.7179)	Soft Loss 0.0004 (0.0005)	Arch Loss 1.8123 (1.8840)	Arch Hard Loss 3.5800 (3.7224)	Arch Soft Loss 0.0004 (0.0005)	Arch depth Loss -0.0000 (0.0000)	Prec@(1,5) (12.2%, 34.5%)	
09/05 02:17:35午前 searchStage_trainer.py:268 [INFO] Train: Epoch: [1][200/390]	Step 591	lr 0.02498	Loss 2.0255 (1.8751)	Hard Loss 4.0032 (3.7037)	Soft Loss 0.0005 (0.0005)	Arch Loss 1.9161 (1.8722)	Arch Hard Loss 3.7814 (3.6989)	Arch Soft Loss 0.0005 (0.0005)	Arch depth Loss 0.0000 (0.0000)	Prec@(1,5) (12.3%, 34.9%)	
09/05 02:17:52午前 searchStage_trainer.py:268 [INFO] Train: Epoch: [1][250/390]	Step 641	lr 0.02498	Loss 1.8261 (1.8666)	Hard Loss 3.6066 (3.6867)	Soft Loss 0.0005 (0.0005)	Arch Loss 1.7836 (1.8679)	Arch Hard Loss 3.5192 (3.6902)	Arch Soft Loss 0.0005 (0.0005)	Arch depth Loss 0.0000 (0.0000)	Prec@(1,5) (12.4%, 35.6%)	
09/05 02:18:09午前 searchStage_trainer.py:268 [INFO] Train: Epoch: [1][300/390]	Step 691	lr 0.02498	Loss 1.8528 (1.8612)	Hard Loss 3.6593 (3.6759)	Soft Loss 0.0005 (0.0005)	Arch Loss 1.7115 (1.8547)	Arch Hard Loss 3.3779 (3.6639)	Arch Soft Loss 0.0005 (0.0005)	Arch depth Loss 0.0000 (0.0000)	Prec@(1,5) (12.7%, 36.0%)	
09/05 02:18:26午前 searchStage_trainer.py:268 [INFO] Train: Epoch: [1][350/390]	Step 741	lr 0.02498	Loss 1.7926 (1.8514)	Hard Loss 3.5487 (3.6566)	Soft Loss 0.0004 (0.0005)	Arch Loss 1.6758 (1.8483)	Arch Hard Loss 3.3085 (3.6512)	Arch Soft Loss 0.0004 (0.0005)	Arch depth Loss 0.0000 (0.0000)	Prec@(1,5) (13.1%, 36.7%)	
09/05 02:18:39午前 searchStage_trainer.py:268 [INFO] Train: Epoch: [1][390/390]	Step 781	lr 0.02498	Loss 1.7374 (1.8452)	Hard Loss 3.4247 (3.6442)	Soft Loss 0.0005 (0.0005)	Arch Loss 1.8743 (1.8427)	Arch Hard Loss 3.7055 (3.6400)	Arch Soft Loss 0.0004 (0.0005)	Arch depth Loss 0.0000 (0.0000)	Prec@(1,5) (13.4%, 37.1%)	
09/05 02:18:40午前 searchStage_trainer.py:284 [INFO] Train: [  1/49] Final Prec@1 13.3720%
09/05 02:18:43午前 searchStage_trainer.py:312 [INFO] Valid: Epoch: [1][50/391]	Step 782	Loss 3.5082	Prec@(1,5) (15.1%, 41.6%)
09/05 02:18:45午前 searchStage_trainer.py:312 [INFO] Valid: Epoch: [1][100/391]	Step 782	Loss 3.5142	Prec@(1,5) (15.0%, 41.1%)
09/05 02:18:47午前 searchStage_trainer.py:312 [INFO] Valid: Epoch: [1][150/391]	Step 782	Loss 3.5018	Prec@(1,5) (15.1%, 41.3%)
09/05 02:18:49午前 searchStage_trainer.py:312 [INFO] Valid: Epoch: [1][200/391]	Step 782	Loss 3.4956	Prec@(1,5) (15.2%, 41.6%)
09/05 02:18:51午前 searchStage_trainer.py:312 [INFO] Valid: Epoch: [1][250/391]	Step 782	Loss 3.4927	Prec@(1,5) (15.2%, 41.7%)
09/05 02:18:53午前 searchStage_trainer.py:312 [INFO] Valid: Epoch: [1][300/391]	Step 782	Loss 3.4965	Prec@(1,5) (15.1%, 41.6%)
09/05 02:18:55午前 searchStage_trainer.py:312 [INFO] Valid: Epoch: [1][350/391]	Step 782	Loss 3.4927	Prec@(1,5) (15.3%, 41.7%)
09/05 02:18:57午前 searchStage_trainer.py:312 [INFO] Valid: Epoch: [1][390/391]	Step 782	Loss 3.4908	Prec@(1,5) (15.3%, 41.7%)
09/05 02:18:57午前 searchStage_trainer.py:323 [INFO] Valid: [  1/49] Final Prec@1 15.3120%
09/05 02:18:57午前 searchStage_KD_main.py:58 [INFO] DAG = Genotype2(DAG1=[[('skip_connect', 1), ('skip_connect', 0)], [('skip_connect', 0), ('skip_connect', 1)], [('skip_connect', 0), ('skip_connect', 1)], [('skip_connect', 0), ('skip_connect', 4)], [('max_pool_3x3', 1), ('skip_connect', 0)], [('max_pool_3x3', 0), ('max_pool_3x3', 1)]], DAG1_concat=range(6, 8), DAG2=[[('skip_connect', 0), ('skip_connect', 1)], [('skip_connect', 0), ('skip_connect', 2)], [('skip_connect', 1), ('skip_connect', 0)], [('skip_connect', 3), ('skip_connect', 0)], [('max_pool_3x3', 0), ('max_pool_3x3', 1)], [('max_pool_3x3', 1), ('skip_connect', 0)]], DAG2_concat=range(6, 8), DAG3=[[('skip_connect', 0), ('skip_connect', 1)], [('skip_connect', 1), ('skip_connect', 0)], [('max_pool_3x3', 0), ('max_pool_3x3', 1)], [('max_pool_3x3', 1), ('max_pool_3x3', 3)], [('max_pool_3x3', 0), ('max_pool_3x3', 1)], [('max_pool_3x3', 0), ('max_pool_3x3', 1)]], DAG3_concat=range(6, 8))
09/05 02:18:58午前 searchStage_KD_main.py:89 [INFO] Until now, best Prec@1 = 15.3120%
####### ALPHA #######
# Alpha - DAG
tensor([[0.2452, 0.2501, 0.2542, 0.2505],
        [0.2456, 0.2498, 0.2558, 0.2488]], device='cuda:0',
       grad_fn=<SoftmaxBackward0>)
tensor([[0.2483, 0.2481, 0.2534, 0.2503],
        [0.2479, 0.2482, 0.2524, 0.2515],
        [0.2506, 0.2496, 0.2510, 0.2488]], device='cuda:0',
       grad_fn=<SoftmaxBackward0>)
tensor([[0.2507, 0.2462, 0.2544, 0.2487],
        [0.2513, 0.2460, 0.2545, 0.2481],
        [0.2486, 0.2488, 0.2513, 0.2512],
        [0.2464, 0.2499, 0.2514, 0.2523]], device='cuda:0',
       grad_fn=<SoftmaxBackward0>)
tensor([[0.2485, 0.2470, 0.2555, 0.2490],
        [0.2522, 0.2464, 0.2507, 0.2507],
        [0.2484, 0.2494, 0.2522, 0.2500],
        [0.2488, 0.2487, 0.2508, 0.2517],
        [0.2484, 0.2496, 0.2527, 0.2493]], device='cuda:0',
       grad_fn=<SoftmaxBackward0>)
tensor([[0.2552, 0.2445, 0.2561, 0.2442],
        [0.2578, 0.2439, 0.2544, 0.2439],
        [0.2487, 0.2451, 0.2548, 0.2514],
        [0.2494, 0.2499, 0.2530, 0.2476],
        [0.2475, 0.2434, 0.2478, 0.2612],
        [0.2506, 0.2484, 0.2487, 0.2522]], device='cuda:0',
       grad_fn=<SoftmaxBackward0>)
tensor([[0.2609, 0.2449, 0.2480, 0.2461],
        [0.2604, 0.2429, 0.2478, 0.2488],
        [0.2534, 0.2482, 0.2533, 0.2451],
        [0.2496, 0.2492, 0.2487, 0.2525],
        [0.2509, 0.2451, 0.2488, 0.2552],
        [0.2534, 0.2467, 0.2510, 0.2489],
        [0.2493, 0.2469, 0.2494, 0.2544]], device='cuda:0',
       grad_fn=<SoftmaxBackward0>)
tensor([[0.2483, 0.2432, 0.2602, 0.2482],
        [0.2514, 0.2418, 0.2561, 0.2508]], device='cuda:0',
       grad_fn=<SoftmaxBackward0>)
tensor([[0.2498, 0.2463, 0.2561, 0.2478],
        [0.2488, 0.2414, 0.2532, 0.2566],
        [0.2517, 0.2469, 0.2543, 0.2472]], device='cuda:0',
       grad_fn=<SoftmaxBackward0>)
tensor([[0.2533, 0.2480, 0.2539, 0.2448],
        [0.2531, 0.2480, 0.2564, 0.2424],
        [0.2471, 0.2490, 0.2505, 0.2534],
        [0.2487, 0.2489, 0.2451, 0.2572]], device='cuda:0',
       grad_fn=<SoftmaxBackward0>)
tensor([[0.2520, 0.2515, 0.2526, 0.2439],
        [0.2518, 0.2518, 0.2511, 0.2453],
        [0.2495, 0.2488, 0.2488, 0.2530],
        [0.2475, 0.2523, 0.2534, 0.2468],
        [0.2468, 0.2510, 0.2436, 0.2587]], device='cuda:0',
       grad_fn=<SoftmaxBackward0>)
tensor([[0.2628, 0.2483, 0.2524, 0.2364],
        [0.2617, 0.2515, 0.2525, 0.2343],
        [0.2505, 0.2461, 0.2532, 0.2502],
        [0.2503, 0.2446, 0.2496, 0.2555],
        [0.2465, 0.2458, 0.2449, 0.2628],
        [0.2495, 0.2468, 0.2456, 0.2580]], device='cuda:0',
       grad_fn=<SoftmaxBackward0>)
tensor([[0.2560, 0.2517, 0.2562, 0.2361],
        [0.2600, 0.2504, 0.2524, 0.2372],
        [0.2475, 0.2474, 0.2528, 0.2524],
        [0.2524, 0.2467, 0.2513, 0.2496],
        [0.2494, 0.2452, 0.2454, 0.2600],
        [0.2476, 0.2478, 0.2456, 0.2590],
        [0.2500, 0.2471, 0.2507, 0.2522]], device='cuda:0',
       grad_fn=<SoftmaxBackward0>)
tensor([[0.2547, 0.2313, 0.2620, 0.2520],
        [0.2585, 0.2341, 0.2586, 0.2488]], device='cuda:0',
       grad_fn=<SoftmaxBackward0>)
tensor([[0.2561, 0.2383, 0.2561, 0.2494],
        [0.2562, 0.2425, 0.2562, 0.2452],
        [0.2504, 0.2474, 0.2467, 0.2555]], device='cuda:0',
       grad_fn=<SoftmaxBackward0>)
tensor([[0.2629, 0.2420, 0.2502, 0.2449],
        [0.2594, 0.2452, 0.2520, 0.2435],
        [0.2499, 0.2471, 0.2452, 0.2578],
        [0.2551, 0.2459, 0.2453, 0.2536]], device='cuda:0',
       grad_fn=<SoftmaxBackward0>)
tensor([[0.2567, 0.2444, 0.2511, 0.2478],
        [0.2602, 0.2441, 0.2492, 0.2465],
        [0.2517, 0.2444, 0.2487, 0.2551],
        [0.2587, 0.2460, 0.2454, 0.2498],
        [0.2556, 0.2457, 0.2482, 0.2505]], device='cuda:0',
       grad_fn=<SoftmaxBackward0>)
tensor([[0.2705, 0.2426, 0.2450, 0.2419],
        [0.2699, 0.2467, 0.2465, 0.2369],
        [0.2588, 0.2431, 0.2427, 0.2554],
        [0.2625, 0.2435, 0.2415, 0.2525],
        [0.2613, 0.2435, 0.2392, 0.2560],
        [0.2582, 0.2464, 0.2414, 0.2540]], device='cuda:0',
       grad_fn=<SoftmaxBackward0>)
tensor([[0.2669, 0.2466, 0.2481, 0.2384],
        [0.2660, 0.2486, 0.2495, 0.2358],
        [0.2578, 0.2416, 0.2455, 0.2551],
        [0.2589, 0.2413, 0.2426, 0.2572],
        [0.2582, 0.2424, 0.2459, 0.2535],
        [0.2588, 0.2448, 0.2431, 0.2532],
        [0.2540, 0.2466, 0.2451, 0.2544]], device='cuda:0',
       grad_fn=<SoftmaxBackward0>)
#####################
09/05 02:19:16午前 searchStage_trainer.py:268 [INFO] Train: Epoch: [2][50/390]	Step 832	lr 0.02491	Loss 1.7710 (1.7417)	Hard Loss 3.4909 (3.4374)	Soft Loss 0.0005 (0.0005)	Arch Loss 1.7151 (1.7620)	Arch Hard Loss 3.3894 (3.4785)	Arch Soft Loss 0.0004 (0.0005)	Arch depth Loss 0.0000 (0.0000)	Prec@(1,5) (16.9%, 43.2%)	
09/05 02:19:33午前 searchStage_trainer.py:268 [INFO] Train: Epoch: [2][100/390]	Step 882	lr 0.02491	Loss 1.8108 (1.7300)	Hard Loss 3.5765 (3.4138)	Soft Loss 0.0005 (0.0005)	Arch Loss 1.8574 (1.7602)	Arch Hard Loss 3.6728 (3.4749)	Arch Soft Loss 0.0004 (0.0005)	Arch depth Loss 0.0000 (0.0000)	Prec@(1,5) (17.5%, 43.9%)	
09/05 02:19:50午前 searchStage_trainer.py:268 [INFO] Train: Epoch: [2][150/390]	Step 932	lr 0.02491	Loss 1.6690 (1.7318)	Hard Loss 3.2942 (3.4173)	Soft Loss 0.0004 (0.0005)	Arch Loss 1.7381 (1.7546)	Arch Hard Loss 3.4308 (3.4638)	Arch Soft Loss 0.0005 (0.0005)	Arch depth Loss 0.0000 (0.0000)	Prec@(1,5) (17.4%, 43.9%)	
09/05 02:20:07午前 searchStage_trainer.py:268 [INFO] Train: Epoch: [2][200/390]	Step 982	lr 0.02491	Loss 1.7596 (1.7257)	Hard Loss 3.4773 (3.4052)	Soft Loss 0.0004 (0.0005)	Arch Loss 1.7930 (1.7433)	Arch Hard Loss 3.5428 (3.4411)	Arch Soft Loss 0.0004 (0.0005)	Arch depth Loss 0.0000 (0.0000)	Prec@(1,5) (17.5%, 44.1%)	
09/05 02:20:24午前 searchStage_trainer.py:268 [INFO] Train: Epoch: [2][250/390]	Step 1032	lr 0.02491	Loss 1.8283 (1.7274)	Hard Loss 3.6105 (3.4086)	Soft Loss 0.0005 (0.0005)	Arch Loss 1.7348 (1.7322)	Arch Hard Loss 3.4209 (3.4190)	Arch Soft Loss 0.0005 (0.0005)	Arch depth Loss 0.0000 (0.0000)	Prec@(1,5) (17.4%, 44.1%)	
09/05 02:20:40午前 searchStage_trainer.py:268 [INFO] Train: Epoch: [2][300/390]	Step 1082	lr 0.02491	Loss 1.7118 (1.7208)	Hard Loss 3.3821 (3.3956)	Soft Loss 0.0004 (0.0005)	Arch Loss 1.7574 (1.7287)	Arch Hard Loss 3.4714 (3.4123)	Arch Soft Loss 0.0004 (0.0005)	Arch depth Loss 0.0000 (0.0000)	Prec@(1,5) (17.6%, 44.6%)	
09/05 02:20:57午前 searchStage_trainer.py:268 [INFO] Train: Epoch: [2][350/390]	Step 1132	lr 0.02491	Loss 1.5728 (1.7118)	Hard Loss 3.0992 (3.3777)	Soft Loss 0.0005 (0.0005)	Arch Loss 1.6448 (1.7204)	Arch Hard Loss 3.2455 (3.3955)	Arch Soft Loss 0.0004 (0.0005)	Arch depth Loss 0.0000 (0.0000)	Prec@(1,5) (17.8%, 45.0%)	
09/05 02:21:11午前 searchStage_trainer.py:268 [INFO] Train: Epoch: [2][390/390]	Step 1172	lr 0.02491	Loss 1.5859 (1.7077)	Hard Loss 3.1273 (3.3693)	Soft Loss 0.0004 (0.0005)	Arch Loss 1.5488 (1.7159)	Arch Hard Loss 3.0519 (3.3866)	Arch Soft Loss 0.0005 (0.0005)	Arch depth Loss 0.0000 (0.0000)	Prec@(1,5) (17.9%, 45.2%)	
09/05 02:21:11午前 searchStage_trainer.py:284 [INFO] Train: [  2/49] Final Prec@1 17.9560%
09/05 02:21:14午前 searchStage_trainer.py:312 [INFO] Valid: Epoch: [2][50/391]	Step 1173	Loss 3.3650	Prec@(1,5) (18.3%, 46.3%)
09/05 02:21:16午前 searchStage_trainer.py:312 [INFO] Valid: Epoch: [2][100/391]	Step 1173	Loss 3.3296	Prec@(1,5) (19.1%, 46.6%)
09/05 02:21:18午前 searchStage_trainer.py:312 [INFO] Valid: Epoch: [2][150/391]	Step 1173	Loss 3.3279	Prec@(1,5) (18.7%, 46.5%)
09/05 02:21:20午前 searchStage_trainer.py:312 [INFO] Valid: Epoch: [2][200/391]	Step 1173	Loss 3.3472	Prec@(1,5) (18.3%, 45.7%)
09/05 02:21:22午前 searchStage_trainer.py:312 [INFO] Valid: Epoch: [2][250/391]	Step 1173	Loss 3.3338	Prec@(1,5) (18.5%, 46.1%)
09/05 02:21:24午前 searchStage_trainer.py:312 [INFO] Valid: Epoch: [2][300/391]	Step 1173	Loss 3.3363	Prec@(1,5) (18.4%, 46.1%)
09/05 02:21:27午前 searchStage_trainer.py:312 [INFO] Valid: Epoch: [2][350/391]	Step 1173	Loss 3.3403	Prec@(1,5) (18.4%, 46.1%)
09/05 02:21:28午前 searchStage_trainer.py:312 [INFO] Valid: Epoch: [2][390/391]	Step 1173	Loss 3.3406	Prec@(1,5) (18.2%, 46.1%)
09/05 02:21:28午前 searchStage_trainer.py:323 [INFO] Valid: [  2/49] Final Prec@1 18.2400%
09/05 02:21:28午前 searchStage_KD_main.py:58 [INFO] DAG = Genotype2(DAG1=[[('skip_connect', 1), ('skip_connect', 0)], [('skip_connect', 0), ('skip_connect', 1)], [('skip_connect', 0), ('skip_connect', 1)], [('skip_connect', 0), ('skip_connect', 4)], [('skip_connect', 0), ('max_pool_3x3', 1)], [('max_pool_3x3', 1), ('max_pool_3x3', 0)]], DAG1_concat=range(6, 8), DAG2=[[('skip_connect', 0), ('skip_connect', 1)], [('skip_connect', 0), ('skip_connect', 1)], [('skip_connect', 1), ('skip_connect', 0)], [('skip_connect', 3), ('skip_connect', 0)], [('max_pool_3x3', 0), ('skip_connect', 1)], [('max_pool_3x3', 1), ('max_pool_3x3', 0)]], DAG2_concat=range(6, 8), DAG3=[[('skip_connect', 0), ('max_pool_3x3', 1)], [('max_pool_3x3', 1), ('max_pool_3x3', 0)], [('max_pool_3x3', 0), ('max_pool_3x3', 1)], [('max_pool_3x3', 1), ('max_pool_3x3', 3)], [('max_pool_3x3', 0), ('max_pool_3x3', 1)], [('max_pool_3x3', 0), ('max_pool_3x3', 1)]], DAG3_concat=range(6, 8))
09/05 02:21:29午前 searchStage_KD_main.py:89 [INFO] Until now, best Prec@1 = 18.2400%
####### ALPHA #######
# Alpha - DAG
tensor([[0.2404, 0.2469, 0.2613, 0.2514],
        [0.2418, 0.2476, 0.2629, 0.2476]], device='cuda:0',
       grad_fn=<SoftmaxBackward0>)
tensor([[0.2440, 0.2475, 0.2605, 0.2480],
        [0.2455, 0.2468, 0.2581, 0.2496],
        [0.2479, 0.2486, 0.2515, 0.2520]], device='cuda:0',
       grad_fn=<SoftmaxBackward0>)
tensor([[0.2481, 0.2438, 0.2591, 0.2490],
        [0.2489, 0.2413, 0.2581, 0.2518],
        [0.2481, 0.2490, 0.2547, 0.2482],
        [0.2431, 0.2521, 0.2525, 0.2522]], device='cuda:0',
       grad_fn=<SoftmaxBackward0>)
tensor([[0.2484, 0.2430, 0.2571, 0.2515],
        [0.2521, 0.2410, 0.2533, 0.2537],
        [0.2484, 0.2479, 0.2539, 0.2498],
        [0.2501, 0.2478, 0.2526, 0.2496],
        [0.2501, 0.2475, 0.2547, 0.2477]], device='cuda:0',
       grad_fn=<SoftmaxBackward0>)
tensor([[0.2573, 0.2412, 0.2661, 0.2354],
        [0.2618, 0.2386, 0.2615, 0.2381],
        [0.2483, 0.2416, 0.2572, 0.2528],
        [0.2498, 0.2466, 0.2513, 0.2523],
        [0.2474, 0.2409, 0.2474, 0.2643],
        [0.2486, 0.2445, 0.2476, 0.2592]], device='cuda:0',
       grad_fn=<SoftmaxBackward0>)
tensor([[0.2653, 0.2420, 0.2524, 0.2403],
        [0.2682, 0.2379, 0.2486, 0.2453],
        [0.2515, 0.2460, 0.2568, 0.2457],
        [0.2489, 0.2506, 0.2490, 0.2515],
        [0.2508, 0.2436, 0.2481, 0.2575],
        [0.2530, 0.2444, 0.2476, 0.2550],
        [0.2492, 0.2443, 0.2509, 0.2555]], device='cuda:0',
       grad_fn=<SoftmaxBackward0>)
tensor([[0.2438, 0.2408, 0.2671, 0.2482],
        [0.2466, 0.2381, 0.2659, 0.2495]], device='cuda:0',
       grad_fn=<SoftmaxBackward0>)
tensor([[0.2431, 0.2436, 0.2618, 0.2514],
        [0.2432, 0.2441, 0.2601, 0.2526],
        [0.2499, 0.2484, 0.2560, 0.2458]], device='cuda:0',
       grad_fn=<SoftmaxBackward0>)
tensor([[0.2520, 0.2448, 0.2576, 0.2456],
        [0.2511, 0.2461, 0.2577, 0.2451],
        [0.2464, 0.2483, 0.2537, 0.2515],
        [0.2501, 0.2479, 0.2450, 0.2570]], device='cuda:0',
       grad_fn=<SoftmaxBackward0>)
tensor([[0.2409, 0.2522, 0.2558, 0.2511],
        [0.2439, 0.2489, 0.2525, 0.2546],
        [0.2460, 0.2529, 0.2523, 0.2488],
        [0.2453, 0.2546, 0.2572, 0.2430],
        [0.2451, 0.2535, 0.2478, 0.2536]], device='cuda:0',
       grad_fn=<SoftmaxBackward0>)
tensor([[0.2618, 0.2472, 0.2597, 0.2313],
        [0.2592, 0.2482, 0.2598, 0.2328],
        [0.2486, 0.2448, 0.2530, 0.2536],
        [0.2504, 0.2430, 0.2513, 0.2553],
        [0.2465, 0.2433, 0.2420, 0.2682],
        [0.2537, 0.2455, 0.2452, 0.2556]], device='cuda:0',
       grad_fn=<SoftmaxBackward0>)
tensor([[0.2600, 0.2514, 0.2580, 0.2306],
        [0.2608, 0.2497, 0.2558, 0.2337],
        [0.2498, 0.2433, 0.2488, 0.2581],
        [0.2561, 0.2456, 0.2504, 0.2479],
        [0.2528, 0.2429, 0.2415, 0.2628],
        [0.2508, 0.2450, 0.2416, 0.2626],
        [0.2515, 0.2453, 0.2528, 0.2504]], device='cuda:0',
       grad_fn=<SoftmaxBackward0>)
tensor([[0.2591, 0.2218, 0.2685, 0.2506],
        [0.2655, 0.2230, 0.2616, 0.2499]], device='cuda:0',
       grad_fn=<SoftmaxBackward0>)
tensor([[0.2611, 0.2296, 0.2579, 0.2513],
        [0.2626, 0.2337, 0.2582, 0.2455],
        [0.2592, 0.2419, 0.2455, 0.2534]], device='cuda:0',
       grad_fn=<SoftmaxBackward0>)
tensor([[0.2646, 0.2385, 0.2540, 0.2429],
        [0.2618, 0.2393, 0.2544, 0.2444],
        [0.2536, 0.2423, 0.2454, 0.2587],
        [0.2544, 0.2446, 0.2472, 0.2538]], device='cuda:0',
       grad_fn=<SoftmaxBackward0>)
tensor([[0.2592, 0.2410, 0.2535, 0.2463],
        [0.2611, 0.2416, 0.2530, 0.2443],
        [0.2548, 0.2420, 0.2491, 0.2541],
        [0.2611, 0.2417, 0.2436, 0.2536],
        [0.2535, 0.2437, 0.2510, 0.2518]], device='cuda:0',
       grad_fn=<SoftmaxBackward0>)
tensor([[0.2846, 0.2362, 0.2408, 0.2384],
        [0.2802, 0.2395, 0.2448, 0.2355],
        [0.2645, 0.2403, 0.2392, 0.2561],
        [0.2697, 0.2393, 0.2410, 0.2500],
        [0.2681, 0.2379, 0.2359, 0.2582],
        [0.2612, 0.2414, 0.2384, 0.2590]], device='cuda:0',
       grad_fn=<SoftmaxBackward0>)
tensor([[0.2791, 0.2427, 0.2442, 0.2341],
        [0.2749, 0.2454, 0.2485, 0.2311],
        [0.2640, 0.2362, 0.2416, 0.2582],
        [0.2651, 0.2368, 0.2449, 0.2533],
        [0.2632, 0.2370, 0.2454, 0.2543],
        [0.2636, 0.2397, 0.2400, 0.2567],
        [0.2579, 0.2401, 0.2403, 0.2617]], device='cuda:0',
       grad_fn=<SoftmaxBackward0>)
#####################
09/05 02:21:47午前 searchStage_trainer.py:268 [INFO] Train: Epoch: [3][50/390]	Step 1223	lr 0.02479	Loss 1.5972 (1.6273)	Hard Loss 3.1494 (3.2089)	Soft Loss 0.0005 (0.0005)	Arch Loss 1.7279 (1.6750)	Arch Hard Loss 3.4123 (3.3055)	Arch Soft Loss 0.0004 (0.0004)	Arch depth Loss 0.0000 (0.0000)	Prec@(1,5) (20.8%, 50.3%)	
09/05 02:22:04午前 searchStage_trainer.py:268 [INFO] Train: Epoch: [3][100/390]	Step 1273	lr 0.02479	Loss 1.6247 (1.6138)	Hard Loss 3.2042 (3.1821)	Soft Loss 0.0005 (0.0005)	Arch Loss 1.6099 (1.6504)	Arch Hard Loss 3.1726 (3.2562)	Arch Soft Loss 0.0005 (0.0004)	Arch depth Loss 0.0000 (0.0000)	Prec@(1,5) (21.7%, 50.8%)	
09/05 02:22:20午前 searchStage_trainer.py:268 [INFO] Train: Epoch: [3][150/390]	Step 1323	lr 0.02479	Loss 1.5837 (1.6082)	Hard Loss 3.1241 (3.1707)	Soft Loss 0.0004 (0.0005)	Arch Loss 1.7075 (1.6455)	Arch Hard Loss 3.3643 (3.2462)	Arch Soft Loss 0.0005 (0.0004)	Arch depth Loss 0.0000 (0.0000)	Prec@(1,5) (21.7%, 51.0%)	
09/05 02:22:37午前 searchStage_trainer.py:268 [INFO] Train: Epoch: [3][200/390]	Step 1373	lr 0.02479	Loss 1.5485 (1.6126)	Hard Loss 3.0523 (3.1797)	Soft Loss 0.0004 (0.0005)	Arch Loss 1.5139 (1.6390)	Arch Hard Loss 2.9806 (3.2332)	Arch Soft Loss 0.0005 (0.0004)	Arch depth Loss 0.0000 (0.0000)	Prec@(1,5) (21.6%, 50.5%)	
09/05 02:22:54午前 searchStage_trainer.py:268 [INFO] Train: Epoch: [3][250/390]	Step 1423	lr 0.02479	Loss 1.6018 (1.6084)	Hard Loss 3.1564 (3.1713)	Soft Loss 0.0005 (0.0005)	Arch Loss 1.6043 (1.6340)	Arch Hard Loss 3.1646 (3.2232)	Arch Soft Loss 0.0004 (0.0004)	Arch depth Loss 0.0000 (0.0000)	Prec@(1,5) (21.6%, 50.8%)	
09/05 02:23:10午前 searchStage_trainer.py:268 [INFO] Train: Epoch: [3][300/390]	Step 1473	lr 0.02479	Loss 1.5036 (1.6022)	Hard Loss 2.9621 (3.1589)	Soft Loss 0.0005 (0.0005)	Arch Loss 1.7365 (1.6253)	Arch Hard Loss 3.4309 (3.2058)	Arch Soft Loss 0.0004 (0.0004)	Arch depth Loss 0.0000 (0.0000)	Prec@(1,5) (21.6%, 51.2%)	
09/05 02:23:27午前 searchStage_trainer.py:268 [INFO] Train: Epoch: [3][350/390]	Step 1523	lr 0.02479	Loss 1.6135 (1.5978)	Hard Loss 3.1799 (3.1500)	Soft Loss 0.0005 (0.0005)	Arch Loss 1.6407 (1.6163)	Arch Hard Loss 3.2388 (3.1878)	Arch Soft Loss 0.0004 (0.0004)	Arch depth Loss 0.0000 (0.0000)	Prec@(1,5) (21.9%, 51.5%)	
09/05 02:23:41午前 searchStage_trainer.py:268 [INFO] Train: Epoch: [3][390/390]	Step 1563	lr 0.02479	Loss 1.6940 (1.5971)	Hard Loss 3.3385 (3.1487)	Soft Loss 0.0005 (0.0005)	Arch Loss 1.6401 (1.6100)	Arch Hard Loss 3.2369 (3.1753)	Arch Soft Loss 0.0004 (0.0004)	Arch depth Loss 0.0000 (0.0000)	Prec@(1,5) (22.0%, 51.5%)	
09/05 02:23:41午前 searchStage_trainer.py:284 [INFO] Train: [  3/49] Final Prec@1 22.0280%
09/05 02:23:44午前 searchStage_trainer.py:312 [INFO] Valid: Epoch: [3][50/391]	Step 1564	Loss 3.1215	Prec@(1,5) (22.7%, 52.7%)
09/05 02:23:46午前 searchStage_trainer.py:312 [INFO] Valid: Epoch: [3][100/391]	Step 1564	Loss 3.0888	Prec@(1,5) (22.9%, 53.9%)
09/05 02:23:48午前 searchStage_trainer.py:312 [INFO] Valid: Epoch: [3][150/391]	Step 1564	Loss 3.0797	Prec@(1,5) (23.0%, 53.9%)
09/05 02:23:51午前 searchStage_trainer.py:312 [INFO] Valid: Epoch: [3][200/391]	Step 1564	Loss 3.0887	Prec@(1,5) (23.2%, 53.6%)
09/05 02:23:53午前 searchStage_trainer.py:312 [INFO] Valid: Epoch: [3][250/391]	Step 1564	Loss 3.0916	Prec@(1,5) (23.1%, 53.6%)
09/05 02:23:55午前 searchStage_trainer.py:312 [INFO] Valid: Epoch: [3][300/391]	Step 1564	Loss 3.0910	Prec@(1,5) (23.1%, 53.5%)
09/05 02:23:57午前 searchStage_trainer.py:312 [INFO] Valid: Epoch: [3][350/391]	Step 1564	Loss 3.0850	Prec@(1,5) (23.1%, 53.6%)
