10/13 12:35:12PM parser.py:28 [INFO] 
10/13 12:35:12PM parser.py:29 [INFO] Parameters:
10/13 12:35:12PM parser.py:31 [INFO] DAG=Genotype2(DAG1=[[('skip_connect', 0), ('skip_connect', 1)], [('skip_connect', 1), ('skip_connect', 0)], [('skip_connect', 3), ('skip_connect', 1)], [('skip_connect', 3), ('skip_connect', 4)], [('skip_connect', 3), ('skip_connect', 4)], [('skip_connect', 4), ('skip_connect', 6)]], DAG1_concat=range(6, 8), DAG2=[[('skip_connect', 0), ('skip_connect', 1)], [('skip_connect', 0), ('skip_connect', 1)], [('skip_connect', 1), ('skip_connect', 2)], [('skip_connect', 2), ('skip_connect', 3)], [('skip_connect', 4), ('skip_connect', 3)], [('skip_connect', 5), ('skip_connect', 4)]], DAG2_concat=range(6, 8), DAG3=[[('skip_connect', 1), ('skip_connect', 0)], [('skip_connect', 0), ('skip_connect', 1)], [('skip_connect', 1), ('skip_connect', 2)], [('skip_connect', 3), ('skip_connect', 2)], [('skip_connect', 3), ('skip_connect', 4)], [('skip_connect', 5), ('skip_connect', 4)]], DAG3_concat=range(6, 8))
10/13 12:35:12PM parser.py:31 [INFO] T=10.0
10/13 12:35:12PM parser.py:31 [INFO] ADVANCED=True
10/13 12:35:12PM parser.py:31 [INFO] AUX_WEIGHT=0.4
10/13 12:35:12PM parser.py:31 [INFO] BATCH_SIZE=64
10/13 12:35:12PM parser.py:31 [INFO] CHECKPOINT_RESET=False
10/13 12:35:12PM parser.py:31 [INFO] CUTOUT_LENGTH=16
10/13 12:35:12PM parser.py:31 [INFO] DATA_PATH=../data/
10/13 12:35:12PM parser.py:31 [INFO] DATASET=cifar100
10/13 12:35:12PM parser.py:31 [INFO] DEPTH_COEF=0.0
10/13 12:35:12PM parser.py:31 [INFO] DESCRIPTION=ArchHint_KD_mimic_only_teacher_archtecture
10/13 12:35:12PM parser.py:31 [INFO] DROP_PATH_PROB=0.2
10/13 12:35:12PM parser.py:31 [INFO] EPOCHS=100
10/13 12:35:12PM parser.py:31 [INFO] EXP_NAME=s3l0.01-h_das_teacher
10/13 12:35:12PM parser.py:31 [INFO] GENOTYPE=Genotype3(normal1=[[('sep_conv_5x5', 0), ('sep_conv_3x3', 1)], [('sep_conv_3x3', 1), ('sep_conv_3x3', 0)], [('sep_conv_3x3', 1), ('sep_conv_3x3', 2)], [('sep_conv_3x3', 0), ('sep_conv_5x5', 4)]], normal1_concat=range(2, 6), reduce1=[[('sep_conv_3x3', 0), ('skip_connect', 1)], [('sep_conv_3x3', 1), ('max_pool_3x3', 0)], [('sep_conv_3x3', 2), ('sep_conv_3x3', 1)], [('max_pool_3x3', 0), ('dil_conv_3x3', 1)]], reduce1_concat=range(2, 6), normal2=[[('skip_connect', 0), ('sep_conv_5x5', 1)], [('skip_connect', 0), ('skip_connect', 2)], [('avg_pool_3x3', 0), ('avg_pool_3x3', 2)], [('skip_connect', 0), ('avg_pool_3x3', 2)]], normal2_concat=range(2, 6), reduce2=[[('avg_pool_3x3', 0), ('avg_pool_3x3', 1)], [('avg_pool_3x3', 0), ('skip_connect', 2)], [('skip_connect', 2), ('avg_pool_3x3', 0)], [('skip_connect', 2), ('avg_pool_3x3', 0)]], reduce2_concat=range(2, 6), normal3=[[('skip_connect', 0), ('skip_connect', 1)], [('skip_connect', 0), ('dil_conv_3x3', 1)], [('skip_connect', 0), ('skip_connect', 1)], [('skip_connect', 0), ('skip_connect', 2)]], normal3_concat=range(2, 6))
10/13 12:35:12PM parser.py:31 [INFO] GPUS=[0]
10/13 12:35:12PM parser.py:31 [INFO] INIT_CHANNELS=32
10/13 12:35:12PM parser.py:31 [INFO] L=0.5
10/13 12:35:12PM parser.py:31 [INFO] LAYERS=20
10/13 12:35:12PM parser.py:31 [INFO] LOGGER=<Logger H-DAS (INFO)>
10/13 12:35:12PM parser.py:31 [INFO] NAME=ARCH-KD
10/13 12:35:12PM parser.py:31 [INFO] NONKD=True
10/13 12:35:12PM parser.py:31 [INFO] PATH=results/evaluate_stage_KD/cifar100/ARCH-KD/s3l0.01-h_das_teacher
10/13 12:35:12PM parser.py:31 [INFO] PLOT_PATH=results/evaluate_stage_KD/cifar100/ARCH-KD/s3l0.01-h_das_teacher/plots
10/13 12:35:12PM parser.py:31 [INFO] PRINT_FREQ=100
10/13 12:35:12PM parser.py:31 [INFO] RESUME_PATH=/home/miura/lab/KD-hdas/results/search_stage_KD/cifar100/ARCH-KD/l0.01-2-h_das_teacher/best.pth.tar
10/13 12:35:12PM parser.py:31 [INFO] SAVE=s3l0.01-h_das_teacher
10/13 12:35:12PM parser.py:31 [INFO] SEED=3
10/13 12:35:12PM parser.py:31 [INFO] SLIDE_WINDOW=8
10/13 12:35:12PM parser.py:31 [INFO] SPEC_CELL=True
10/13 12:35:12PM parser.py:31 [INFO] TEACHER_NAME=none
10/13 12:35:12PM parser.py:31 [INFO] TEACHER_PATH=none
10/13 12:35:12PM parser.py:31 [INFO] TRAIN_PORTION=0.9
10/13 12:35:12PM parser.py:31 [INFO] W_GRAD_CLIP=5.0
10/13 12:35:12PM parser.py:31 [INFO] W_LR=0.025
10/13 12:35:12PM parser.py:31 [INFO] W_LR_MIN=0.001
10/13 12:35:12PM parser.py:31 [INFO] W_MOMENTUM=0.9
10/13 12:35:12PM parser.py:31 [INFO] W_WEIGHT_DECAY=0.0003
10/13 12:35:12PM parser.py:31 [INFO] WORKERS=4
10/13 12:35:12PM parser.py:32 [INFO] 
10/13 12:35:32PM evaluateStageRelax_trainer.py:115 [INFO] --> Loaded checkpoint '/home/miura/lab/KD-hdas/results/search_stage_KD/cifar100/ARCH-KD/l0.01-2-h_das_teacher/best.pth.tar'(Reseted epoch 0)
10/13 12:35:32PM evaluateStageRelax_trainer.py:138 [INFO] --> Loaded alpha parameters are Freezed
####### ALPHA #######
# Alpha - DAG
tensor([[0.1750, 0.1787, 0.4658, 0.1805],
        [0.1756, 0.1783, 0.4658, 0.1803]], device='cuda:0')
tensor([[0.1399, 0.1576, 0.5315, 0.1710],
        [0.1362, 0.1540, 0.5423, 0.1675],
        [0.2383, 0.2561, 0.2621, 0.2435]], device='cuda:0')
tensor([[0.2391, 0.2454, 0.2577, 0.2578],
        [0.1704, 0.1749, 0.4730, 0.1817],
        [0.2478, 0.2536, 0.2516, 0.2470],
        [0.1646, 0.1640, 0.5009, 0.1704]], device='cuda:0')
tensor([[0.2484, 0.2523, 0.2528, 0.2465],
        [0.2497, 0.2528, 0.2532, 0.2443],
        [0.2486, 0.2482, 0.2507, 0.2526],
        [0.1796, 0.1766, 0.4570, 0.1868],
        [0.1799, 0.1830, 0.4563, 0.1808]], device='cuda:0')
tensor([[0.2391, 0.2277, 0.2554, 0.2778],
        [0.2411, 0.2290, 0.2617, 0.2682],
        [0.2390, 0.2447, 0.2602, 0.2561],
        [0.1381, 0.1345, 0.5876, 0.1399],
        [0.1666, 0.1686, 0.4878, 0.1770],
        [0.2495, 0.2464, 0.2503, 0.2538]], device='cuda:0')
tensor([[0.2183, 0.2242, 0.2622, 0.2953],
        [0.2176, 0.2254, 0.2728, 0.2842],
        [0.2434, 0.2527, 0.2622, 0.2417],
        [0.2101, 0.2209, 0.3473, 0.2217],
        [0.1605, 0.1664, 0.5076, 0.1655],
        [0.2439, 0.2484, 0.2615, 0.2463],
        [0.1602, 0.1673, 0.5034, 0.1691]], device='cuda:0')
tensor([[0.1748, 0.1801, 0.4634, 0.1817],
        [0.1755, 0.1817, 0.4628, 0.1800]], device='cuda:0')
tensor([[0.1742, 0.1787, 0.4671, 0.1799],
        [0.1757, 0.1775, 0.4657, 0.1811],
        [0.2464, 0.2498, 0.2527, 0.2511]], device='cuda:0')
tensor([[0.2479, 0.2525, 0.2579, 0.2417],
        [0.1763, 0.1796, 0.4681, 0.1761],
        [0.1802, 0.1812, 0.4542, 0.1844],
        [0.2391, 0.2484, 0.2507, 0.2617]], device='cuda:0')
tensor([[0.2456, 0.2425, 0.2564, 0.2554],
        [0.2460, 0.2426, 0.2551, 0.2563],
        [0.1829, 0.1837, 0.4556, 0.1778],
        [0.1833, 0.1851, 0.4504, 0.1812],
        [0.2492, 0.2520, 0.2499, 0.2489]], device='cuda:0')
tensor([[0.2327, 0.2539, 0.2775, 0.2359],
        [0.2302, 0.2507, 0.2777, 0.2414],
        [0.2412, 0.2697, 0.2621, 0.2270],
        [0.1722, 0.1750, 0.4651, 0.1877],
        [0.1708, 0.1780, 0.4652, 0.1860],
        [0.2270, 0.2413, 0.2515, 0.2802]], device='cuda:0')
tensor([[0.2239, 0.2495, 0.2898, 0.2368],
        [0.2265, 0.2470, 0.2887, 0.2378],
        [0.2425, 0.2619, 0.2646, 0.2310],
        [0.2373, 0.2416, 0.2604, 0.2607],
        [0.1767, 0.1786, 0.4597, 0.1850],
        [0.1742, 0.1770, 0.4598, 0.1890],
        [0.2454, 0.2449, 0.2459, 0.2638]], device='cuda:0')
tensor([[0.1401, 0.1505, 0.5361, 0.1733],
        [0.1405, 0.1520, 0.5464, 0.1611]], device='cuda:0')
tensor([[0.1444, 0.1574, 0.5380, 0.1603],
        [0.1495, 0.1579, 0.5266, 0.1661],
        [0.2142, 0.2404, 0.2673, 0.2781]], device='cuda:0')
tensor([[0.2194, 0.2477, 0.3055, 0.2274],
        [0.1522, 0.1613, 0.5271, 0.1594],
        [0.1618, 0.1728, 0.4698, 0.1957],
        [0.2287, 0.2432, 0.2546, 0.2734]], device='cuda:0')
tensor([[0.2219, 0.2528, 0.3033, 0.2220],
        [0.2298, 0.2497, 0.2948, 0.2258],
        [0.1765, 0.1857, 0.4539, 0.1839],
        [0.1702, 0.1784, 0.4554, 0.1961],
        [0.2346, 0.2404, 0.2406, 0.2845]], device='cuda:0')
tensor([[0.1629, 0.1666, 0.5327, 0.1377],
        [0.1785, 0.1693, 0.4960, 0.1561],
        [0.2123, 0.2193, 0.2810, 0.2874],
        [0.1295, 0.1377, 0.5205, 0.2124],
        [0.1373, 0.1463, 0.4878, 0.2285],
        [0.1440, 0.1487, 0.2107, 0.4967]], device='cuda:0')
tensor([[0.1926, 0.1753, 0.4935, 0.1387],
        [0.2121, 0.1805, 0.4496, 0.1578],
        [0.2521, 0.2382, 0.2588, 0.2509],
        [0.2212, 0.2084, 0.2570, 0.3134],
        [0.1446, 0.1461, 0.4854, 0.2240],
        [0.1255, 0.1290, 0.5147, 0.2307],
        [0.1718, 0.1625, 0.2044, 0.4613]], device='cuda:0')
#####################
10/13 12:35:50PM evaluateStageRelax_trainer.py:198 [INFO] Train: Epoch: [0][100/703]	Step 100	lr 0.025	Loss 5.8731 (6.4820)	Hard Loss 0.0000 (0.0000)	Soft Loss 0.0000 (0.0000)	Prec@(1,5) (2.3%, 11.1%)	
10/13 12:36:07PM evaluateStageRelax_trainer.py:198 [INFO] Train: Epoch: [0][200/703]	Step 200	lr 0.025	Loss 5.6632 (6.1814)	Hard Loss 0.0000 (0.0000)	Soft Loss 0.0000 (0.0000)	Prec@(1,5) (3.8%, 15.7%)	
10/13 12:36:24PM evaluateStageRelax_trainer.py:198 [INFO] Train: Epoch: [0][300/703]	Step 300	lr 0.025	Loss 5.3630 (5.9812)	Hard Loss 0.0000 (0.0000)	Soft Loss 0.0000 (0.0000)	Prec@(1,5) (5.0%, 19.4%)	
10/13 12:36:41PM evaluateStageRelax_trainer.py:198 [INFO] Train: Epoch: [0][400/703]	Step 400	lr 0.025	Loss 5.2109 (5.8461)	Hard Loss 0.0000 (0.0000)	Soft Loss 0.0000 (0.0000)	Prec@(1,5) (6.1%, 21.8%)	
10/13 12:36:58PM evaluateStageRelax_trainer.py:198 [INFO] Train: Epoch: [0][500/703]	Step 500	lr 0.025	Loss 5.2242 (5.7297)	Hard Loss 0.0000 (0.0000)	Soft Loss 0.0000 (0.0000)	Prec@(1,5) (7.1%, 24.2%)	
10/13 12:37:14PM evaluateStageRelax_trainer.py:198 [INFO] Train: Epoch: [0][600/703]	Step 600	lr 0.025	Loss 4.8140 (5.6344)	Hard Loss 0.0000 (0.0000)	Soft Loss 0.0000 (0.0000)	Prec@(1,5) (8.1%, 26.3%)	
10/13 12:37:31PM evaluateStageRelax_trainer.py:198 [INFO] Train: Epoch: [0][700/703]	Step 700	lr 0.025	Loss 5.0767 (5.5509)	Hard Loss 0.0000 (0.0000)	Soft Loss 0.0000 (0.0000)	Prec@(1,5) (8.8%, 27.9%)	
10/13 12:37:32PM evaluateStageRelax_trainer.py:198 [INFO] Train: Epoch: [0][703/703]	Step 703	lr 0.025	Loss 4.7702 (5.5479)	Hard Loss 0.0000 (0.0000)	Soft Loss 0.0000 (0.0000)	Prec@(1,5) (8.8%, 28.0%)	
10/13 12:37:32PM evaluateStageRelax_trainer.py:207 [INFO] Train: [  0/99] Final Prec@1 8.8022%
10/13 12:37:37PM evaluateStageRelax_trainer.py:242 [INFO] Valid: [  0/99] Final Prec@1 14.7600%
10/13 12:37:38午後 evaluateStageRelax_main.py:73 [INFO] Until now, best Prec@1 = 14.7600%
####### ALPHA #######
# Alpha - DAG
tensor([[0.1750, 0.1787, 0.4658, 0.1805],
        [0.1756, 0.1783, 0.4658, 0.1803]], device='cuda:0')
tensor([[0.1399, 0.1576, 0.5315, 0.1710],
        [0.1362, 0.1540, 0.5423, 0.1675],
        [0.2383, 0.2561, 0.2621, 0.2435]], device='cuda:0')
tensor([[0.2391, 0.2454, 0.2577, 0.2578],
        [0.1704, 0.1749, 0.4730, 0.1817],
        [0.2478, 0.2536, 0.2516, 0.2470],
        [0.1646, 0.1640, 0.5009, 0.1704]], device='cuda:0')
tensor([[0.2484, 0.2523, 0.2528, 0.2465],
        [0.2497, 0.2528, 0.2532, 0.2443],
        [0.2486, 0.2482, 0.2507, 0.2526],
        [0.1796, 0.1766, 0.4570, 0.1868],
        [0.1799, 0.1830, 0.4563, 0.1808]], device='cuda:0')
tensor([[0.2391, 0.2277, 0.2554, 0.2778],
        [0.2411, 0.2290, 0.2617, 0.2682],
        [0.2390, 0.2447, 0.2602, 0.2561],
        [0.1381, 0.1345, 0.5876, 0.1399],
        [0.1666, 0.1686, 0.4878, 0.1770],
        [0.2495, 0.2464, 0.2503, 0.2538]], device='cuda:0')
tensor([[0.2183, 0.2242, 0.2622, 0.2953],
        [0.2176, 0.2254, 0.2728, 0.2842],
        [0.2434, 0.2527, 0.2622, 0.2417],
        [0.2101, 0.2209, 0.3473, 0.2217],
        [0.1605, 0.1664, 0.5076, 0.1655],
        [0.2439, 0.2484, 0.2615, 0.2463],
        [0.1602, 0.1673, 0.5034, 0.1691]], device='cuda:0')
tensor([[0.1748, 0.1801, 0.4634, 0.1817],
        [0.1755, 0.1817, 0.4628, 0.1800]], device='cuda:0')
tensor([[0.1742, 0.1787, 0.4671, 0.1799],
        [0.1757, 0.1775, 0.4657, 0.1811],
        [0.2464, 0.2498, 0.2527, 0.2511]], device='cuda:0')
tensor([[0.2479, 0.2525, 0.2579, 0.2417],
        [0.1763, 0.1796, 0.4681, 0.1761],
        [0.1802, 0.1812, 0.4542, 0.1844],
        [0.2391, 0.2484, 0.2507, 0.2617]], device='cuda:0')
tensor([[0.2456, 0.2425, 0.2564, 0.2554],
        [0.2460, 0.2426, 0.2551, 0.2563],
        [0.1829, 0.1837, 0.4556, 0.1778],
        [0.1833, 0.1851, 0.4504, 0.1812],
        [0.2492, 0.2520, 0.2499, 0.2489]], device='cuda:0')
tensor([[0.2327, 0.2539, 0.2775, 0.2359],
        [0.2302, 0.2507, 0.2777, 0.2414],
        [0.2412, 0.2697, 0.2621, 0.2270],
        [0.1722, 0.1750, 0.4651, 0.1877],
        [0.1708, 0.1780, 0.4652, 0.1860],
        [0.2270, 0.2413, 0.2515, 0.2802]], device='cuda:0')
tensor([[0.2239, 0.2495, 0.2898, 0.2368],
        [0.2265, 0.2470, 0.2887, 0.2378],
        [0.2425, 0.2619, 0.2646, 0.2310],
        [0.2373, 0.2416, 0.2604, 0.2607],
        [0.1767, 0.1786, 0.4597, 0.1850],
        [0.1742, 0.1770, 0.4598, 0.1890],
        [0.2454, 0.2449, 0.2459, 0.2638]], device='cuda:0')
tensor([[0.1401, 0.1505, 0.5361, 0.1733],
        [0.1405, 0.1520, 0.5464, 0.1611]], device='cuda:0')
tensor([[0.1444, 0.1574, 0.5380, 0.1603],
        [0.1495, 0.1579, 0.5266, 0.1661],
        [0.2142, 0.2404, 0.2673, 0.2781]], device='cuda:0')
tensor([[0.2194, 0.2477, 0.3055, 0.2274],
        [0.1522, 0.1613, 0.5271, 0.1594],
        [0.1618, 0.1728, 0.4698, 0.1957],
        [0.2287, 0.2432, 0.2546, 0.2734]], device='cuda:0')
tensor([[0.2219, 0.2528, 0.3033, 0.2220],
        [0.2298, 0.2497, 0.2948, 0.2258],
        [0.1765, 0.1857, 0.4539, 0.1839],
        [0.1702, 0.1784, 0.4554, 0.1961],
        [0.2346, 0.2404, 0.2406, 0.2845]], device='cuda:0')
tensor([[0.1629, 0.1666, 0.5327, 0.1377],
        [0.1785, 0.1693, 0.4960, 0.1561],
        [0.2123, 0.2193, 0.2810, 0.2874],
        [0.1295, 0.1377, 0.5205, 0.2124],
        [0.1373, 0.1463, 0.4878, 0.2285],
        [0.1440, 0.1487, 0.2107, 0.4967]], device='cuda:0')
tensor([[0.1926, 0.1753, 0.4935, 0.1387],
        [0.2121, 0.1805, 0.4496, 0.1578],
        [0.2521, 0.2382, 0.2588, 0.2509],
        [0.2212, 0.2084, 0.2570, 0.3134],
        [0.1446, 0.1461, 0.4854, 0.2240],
        [0.1255, 0.1290, 0.5147, 0.2307],
        [0.1718, 0.1625, 0.2044, 0.4613]], device='cuda:0')
#####################
10/13 12:37:56午後 evaluateStageRelax_trainer.py:198 [INFO] Train: Epoch: [1][100/703]	Step 804	lr 0.02499	Loss 4.4240 (4.8519)	Hard Loss 0.0000 (0.0000)	Soft Loss 0.0000 (0.0000)	Prec@(1,5) (15.5%, 43.0%)	
10/13 12:38:14午後 evaluateStageRelax_trainer.py:198 [INFO] Train: Epoch: [1][200/703]	Step 904	lr 0.02499	Loss 4.9756 (4.8079)	Hard Loss 0.0000 (0.0000)	Soft Loss 0.0000 (0.0000)	Prec@(1,5) (16.5%, 44.0%)	
10/13 12:38:31午後 evaluateStageRelax_trainer.py:198 [INFO] Train: Epoch: [1][300/703]	Step 1004	lr 0.02499	Loss 4.4523 (4.7569)	Hard Loss 0.0000 (0.0000)	Soft Loss 0.0000 (0.0000)	Prec@(1,5) (17.1%, 44.8%)	
10/13 12:38:48午後 evaluateStageRelax_trainer.py:198 [INFO] Train: Epoch: [1][400/703]	Step 1104	lr 0.02499	Loss 4.5349 (4.7052)	Hard Loss 0.0000 (0.0000)	Soft Loss 0.0000 (0.0000)	Prec@(1,5) (18.0%, 45.9%)	
10/13 12:39:06午後 evaluateStageRelax_trainer.py:198 [INFO] Train: Epoch: [1][500/703]	Step 1204	lr 0.02499	Loss 4.0022 (4.6546)	Hard Loss 0.0000 (0.0000)	Soft Loss 0.0000 (0.0000)	Prec@(1,5) (18.6%, 47.0%)	
10/13 12:39:23午後 evaluateStageRelax_trainer.py:198 [INFO] Train: Epoch: [1][600/703]	Step 1304	lr 0.02499	Loss 3.6533 (4.6039)	Hard Loss 0.0000 (0.0000)	Soft Loss 0.0000 (0.0000)	Prec@(1,5) (19.2%, 48.0%)	
10/13 12:39:41午後 evaluateStageRelax_trainer.py:198 [INFO] Train: Epoch: [1][700/703]	Step 1404	lr 0.02499	Loss 4.1010 (4.5561)	Hard Loss 0.0000 (0.0000)	Soft Loss 0.0000 (0.0000)	Prec@(1,5) (19.8%, 48.9%)	
10/13 12:39:41午後 evaluateStageRelax_trainer.py:198 [INFO] Train: Epoch: [1][703/703]	Step 1407	lr 0.02499	Loss 4.3181 (4.5545)	Hard Loss 0.0000 (0.0000)	Soft Loss 0.0000 (0.0000)	Prec@(1,5) (19.8%, 49.0%)	
10/13 12:39:42午後 evaluateStageRelax_trainer.py:207 [INFO] Train: [  1/99] Final Prec@1 19.8267%
10/13 12:39:47午後 evaluateStageRelax_trainer.py:242 [INFO] Valid: [  1/99] Final Prec@1 23.1000%
10/13 12:39:47午後 evaluateStageRelax_main.py:73 [INFO] Until now, best Prec@1 = 23.1000%
####### ALPHA #######
# Alpha - DAG
tensor([[0.1750, 0.1787, 0.4658, 0.1805],
        [0.1756, 0.1783, 0.4658, 0.1803]], device='cuda:0')
tensor([[0.1399, 0.1576, 0.5315, 0.1710],
        [0.1362, 0.1540, 0.5423, 0.1675],
        [0.2383, 0.2561, 0.2621, 0.2435]], device='cuda:0')
tensor([[0.2391, 0.2454, 0.2577, 0.2578],
        [0.1704, 0.1749, 0.4730, 0.1817],
        [0.2478, 0.2536, 0.2516, 0.2470],
        [0.1646, 0.1640, 0.5009, 0.1704]], device='cuda:0')
tensor([[0.2484, 0.2523, 0.2528, 0.2465],
        [0.2497, 0.2528, 0.2532, 0.2443],
        [0.2486, 0.2482, 0.2507, 0.2526],
        [0.1796, 0.1766, 0.4570, 0.1868],
        [0.1799, 0.1830, 0.4563, 0.1808]], device='cuda:0')
tensor([[0.2391, 0.2277, 0.2554, 0.2778],
        [0.2411, 0.2290, 0.2617, 0.2682],
        [0.2390, 0.2447, 0.2602, 0.2561],
        [0.1381, 0.1345, 0.5876, 0.1399],
        [0.1666, 0.1686, 0.4878, 0.1770],
        [0.2495, 0.2464, 0.2503, 0.2538]], device='cuda:0')
tensor([[0.2183, 0.2242, 0.2622, 0.2953],
        [0.2176, 0.2254, 0.2728, 0.2842],
        [0.2434, 0.2527, 0.2622, 0.2417],
        [0.2101, 0.2209, 0.3473, 0.2217],
        [0.1605, 0.1664, 0.5076, 0.1655],
        [0.2439, 0.2484, 0.2615, 0.2463],
        [0.1602, 0.1673, 0.5034, 0.1691]], device='cuda:0')
tensor([[0.1748, 0.1801, 0.4634, 0.1817],
        [0.1755, 0.1817, 0.4628, 0.1800]], device='cuda:0')
tensor([[0.1742, 0.1787, 0.4671, 0.1799],
        [0.1757, 0.1775, 0.4657, 0.1811],
        [0.2464, 0.2498, 0.2527, 0.2511]], device='cuda:0')
tensor([[0.2479, 0.2525, 0.2579, 0.2417],
        [0.1763, 0.1796, 0.4681, 0.1761],
        [0.1802, 0.1812, 0.4542, 0.1844],
        [0.2391, 0.2484, 0.2507, 0.2617]], device='cuda:0')
tensor([[0.2456, 0.2425, 0.2564, 0.2554],
        [0.2460, 0.2426, 0.2551, 0.2563],
        [0.1829, 0.1837, 0.4556, 0.1778],
        [0.1833, 0.1851, 0.4504, 0.1812],
        [0.2492, 0.2520, 0.2499, 0.2489]], device='cuda:0')
tensor([[0.2327, 0.2539, 0.2775, 0.2359],
        [0.2302, 0.2507, 0.2777, 0.2414],
        [0.2412, 0.2697, 0.2621, 0.2270],
        [0.1722, 0.1750, 0.4651, 0.1877],
        [0.1708, 0.1780, 0.4652, 0.1860],
        [0.2270, 0.2413, 0.2515, 0.2802]], device='cuda:0')
tensor([[0.2239, 0.2495, 0.2898, 0.2368],
        [0.2265, 0.2470, 0.2887, 0.2378],
        [0.2425, 0.2619, 0.2646, 0.2310],
        [0.2373, 0.2416, 0.2604, 0.2607],
        [0.1767, 0.1786, 0.4597, 0.1850],
        [0.1742, 0.1770, 0.4598, 0.1890],
        [0.2454, 0.2449, 0.2459, 0.2638]], device='cuda:0')
tensor([[0.1401, 0.1505, 0.5361, 0.1733],
        [0.1405, 0.1520, 0.5464, 0.1611]], device='cuda:0')
tensor([[0.1444, 0.1574, 0.5380, 0.1603],
        [0.1495, 0.1579, 0.5266, 0.1661],
        [0.2142, 0.2404, 0.2673, 0.2781]], device='cuda:0')
tensor([[0.2194, 0.2477, 0.3055, 0.2274],
        [0.1522, 0.1613, 0.5271, 0.1594],
        [0.1618, 0.1728, 0.4698, 0.1957],
        [0.2287, 0.2432, 0.2546, 0.2734]], device='cuda:0')
tensor([[0.2219, 0.2528, 0.3033, 0.2220],
        [0.2298, 0.2497, 0.2948, 0.2258],
        [0.1765, 0.1857, 0.4539, 0.1839],
        [0.1702, 0.1784, 0.4554, 0.1961],
        [0.2346, 0.2404, 0.2406, 0.2845]], device='cuda:0')
tensor([[0.1629, 0.1666, 0.5327, 0.1377],
        [0.1785, 0.1693, 0.4960, 0.1561],
        [0.2123, 0.2193, 0.2810, 0.2874],
        [0.1295, 0.1377, 0.5205, 0.2124],
        [0.1373, 0.1463, 0.4878, 0.2285],
        [0.1440, 0.1487, 0.2107, 0.4967]], device='cuda:0')
tensor([[0.1926, 0.1753, 0.4935, 0.1387],
        [0.2121, 0.1805, 0.4496, 0.1578],
        [0.2521, 0.2382, 0.2588, 0.2509],
        [0.2212, 0.2084, 0.2570, 0.3134],
        [0.1446, 0.1461, 0.4854, 0.2240],
        [0.1255, 0.1290, 0.5147, 0.2307],
        [0.1718, 0.1625, 0.2044, 0.4613]], device='cuda:0')
#####################
10/13 12:40:05午後 evaluateStageRelax_trainer.py:198 [INFO] Train: Epoch: [2][100/703]	Step 1508	lr 0.02498	Loss 3.9488 (4.1289)	Hard Loss 0.0000 (0.0000)	Soft Loss 0.0000 (0.0000)	Prec@(1,5) (25.3%, 57.5%)	
10/13 12:40:23午後 evaluateStageRelax_trainer.py:198 [INFO] Train: Epoch: [2][200/703]	Step 1608	lr 0.02498	Loss 4.0695 (4.0852)	Hard Loss 0.0000 (0.0000)	Soft Loss 0.0000 (0.0000)	Prec@(1,5) (25.9%, 57.9%)	
10/13 12:40:41午後 evaluateStageRelax_trainer.py:198 [INFO] Train: Epoch: [2][300/703]	Step 1708	lr 0.02498	Loss 4.0814 (4.0348)	Hard Loss 0.0000 (0.0000)	Soft Loss 0.0000 (0.0000)	Prec@(1,5) (26.6%, 58.8%)	
10/13 12:40:58午後 evaluateStageRelax_trainer.py:198 [INFO] Train: Epoch: [2][400/703]	Step 1808	lr 0.02498	Loss 4.0003 (4.0055)	Hard Loss 0.0000 (0.0000)	Soft Loss 0.0000 (0.0000)	Prec@(1,5) (27.2%, 59.2%)	
10/13 12:41:16午後 evaluateStageRelax_trainer.py:198 [INFO] Train: Epoch: [2][500/703]	Step 1908	lr 0.02498	Loss 3.4126 (3.9707)	Hard Loss 0.0000 (0.0000)	Soft Loss 0.0000 (0.0000)	Prec@(1,5) (27.6%, 59.9%)	
10/13 12:41:33午後 evaluateStageRelax_trainer.py:198 [INFO] Train: Epoch: [2][600/703]	Step 2008	lr 0.02498	Loss 3.9061 (3.9408)	Hard Loss 0.0000 (0.0000)	Soft Loss 0.0000 (0.0000)	Prec@(1,5) (28.0%, 60.5%)	
10/13 12:41:51午後 evaluateStageRelax_trainer.py:198 [INFO] Train: Epoch: [2][700/703]	Step 2108	lr 0.02498	Loss 3.4870 (3.9102)	Hard Loss 0.0000 (0.0000)	Soft Loss 0.0000 (0.0000)	Prec@(1,5) (28.6%, 61.0%)	
10/13 12:41:51午後 evaluateStageRelax_trainer.py:198 [INFO] Train: Epoch: [2][703/703]	Step 2111	lr 0.02498	Loss 3.5678 (3.9088)	Hard Loss 0.0000 (0.0000)	Soft Loss 0.0000 (0.0000)	Prec@(1,5) (28.6%, 61.0%)	
10/13 12:41:52午後 evaluateStageRelax_trainer.py:207 [INFO] Train: [  2/99] Final Prec@1 28.6444%
10/13 12:41:57午後 evaluateStageRelax_trainer.py:242 [INFO] Valid: [  2/99] Final Prec@1 31.2600%
10/13 12:41:57午後 evaluateStageRelax_main.py:73 [INFO] Until now, best Prec@1 = 31.2600%
####### ALPHA #######
# Alpha - DAG
tensor([[0.1750, 0.1787, 0.4658, 0.1805],
        [0.1756, 0.1783, 0.4658, 0.1803]], device='cuda:0')
tensor([[0.1399, 0.1576, 0.5315, 0.1710],
        [0.1362, 0.1540, 0.5423, 0.1675],
        [0.2383, 0.2561, 0.2621, 0.2435]], device='cuda:0')
tensor([[0.2391, 0.2454, 0.2577, 0.2578],
        [0.1704, 0.1749, 0.4730, 0.1817],
        [0.2478, 0.2536, 0.2516, 0.2470],
        [0.1646, 0.1640, 0.5009, 0.1704]], device='cuda:0')
tensor([[0.2484, 0.2523, 0.2528, 0.2465],
        [0.2497, 0.2528, 0.2532, 0.2443],
        [0.2486, 0.2482, 0.2507, 0.2526],
        [0.1796, 0.1766, 0.4570, 0.1868],
        [0.1799, 0.1830, 0.4563, 0.1808]], device='cuda:0')
tensor([[0.2391, 0.2277, 0.2554, 0.2778],
        [0.2411, 0.2290, 0.2617, 0.2682],
        [0.2390, 0.2447, 0.2602, 0.2561],
        [0.1381, 0.1345, 0.5876, 0.1399],
        [0.1666, 0.1686, 0.4878, 0.1770],
        [0.2495, 0.2464, 0.2503, 0.2538]], device='cuda:0')
tensor([[0.2183, 0.2242, 0.2622, 0.2953],
        [0.2176, 0.2254, 0.2728, 0.2842],
        [0.2434, 0.2527, 0.2622, 0.2417],
        [0.2101, 0.2209, 0.3473, 0.2217],
        [0.1605, 0.1664, 0.5076, 0.1655],
        [0.2439, 0.2484, 0.2615, 0.2463],
        [0.1602, 0.1673, 0.5034, 0.1691]], device='cuda:0')
tensor([[0.1748, 0.1801, 0.4634, 0.1817],
        [0.1755, 0.1817, 0.4628, 0.1800]], device='cuda:0')
tensor([[0.1742, 0.1787, 0.4671, 0.1799],
        [0.1757, 0.1775, 0.4657, 0.1811],
        [0.2464, 0.2498, 0.2527, 0.2511]], device='cuda:0')
tensor([[0.2479, 0.2525, 0.2579, 0.2417],
        [0.1763, 0.1796, 0.4681, 0.1761],
        [0.1802, 0.1812, 0.4542, 0.1844],
        [0.2391, 0.2484, 0.2507, 0.2617]], device='cuda:0')
tensor([[0.2456, 0.2425, 0.2564, 0.2554],
        [0.2460, 0.2426, 0.2551, 0.2563],
        [0.1829, 0.1837, 0.4556, 0.1778],
        [0.1833, 0.1851, 0.4504, 0.1812],
        [0.2492, 0.2520, 0.2499, 0.2489]], device='cuda:0')
tensor([[0.2327, 0.2539, 0.2775, 0.2359],
        [0.2302, 0.2507, 0.2777, 0.2414],
        [0.2412, 0.2697, 0.2621, 0.2270],
        [0.1722, 0.1750, 0.4651, 0.1877],
        [0.1708, 0.1780, 0.4652, 0.1860],
        [0.2270, 0.2413, 0.2515, 0.2802]], device='cuda:0')
tensor([[0.2239, 0.2495, 0.2898, 0.2368],
        [0.2265, 0.2470, 0.2887, 0.2378],
        [0.2425, 0.2619, 0.2646, 0.2310],
        [0.2373, 0.2416, 0.2604, 0.2607],
        [0.1767, 0.1786, 0.4597, 0.1850],
        [0.1742, 0.1770, 0.4598, 0.1890],
        [0.2454, 0.2449, 0.2459, 0.2638]], device='cuda:0')
tensor([[0.1401, 0.1505, 0.5361, 0.1733],
        [0.1405, 0.1520, 0.5464, 0.1611]], device='cuda:0')
tensor([[0.1444, 0.1574, 0.5380, 0.1603],
        [0.1495, 0.1579, 0.5266, 0.1661],
        [0.2142, 0.2404, 0.2673, 0.2781]], device='cuda:0')
tensor([[0.2194, 0.2477, 0.3055, 0.2274],
        [0.1522, 0.1613, 0.5271, 0.1594],
        [0.1618, 0.1728, 0.4698, 0.1957],
        [0.2287, 0.2432, 0.2546, 0.2734]], device='cuda:0')
tensor([[0.2219, 0.2528, 0.3033, 0.2220],
        [0.2298, 0.2497, 0.2948, 0.2258],
        [0.1765, 0.1857, 0.4539, 0.1839],
        [0.1702, 0.1784, 0.4554, 0.1961],
        [0.2346, 0.2404, 0.2406, 0.2845]], device='cuda:0')
tensor([[0.1629, 0.1666, 0.5327, 0.1377],
        [0.1785, 0.1693, 0.4960, 0.1561],
        [0.2123, 0.2193, 0.2810, 0.2874],
        [0.1295, 0.1377, 0.5205, 0.2124],
        [0.1373, 0.1463, 0.4878, 0.2285],
        [0.1440, 0.1487, 0.2107, 0.4967]], device='cuda:0')
tensor([[0.1926, 0.1753, 0.4935, 0.1387],
        [0.2121, 0.1805, 0.4496, 0.1578],
        [0.2521, 0.2382, 0.2588, 0.2509],
        [0.2212, 0.2084, 0.2570, 0.3134],
        [0.1446, 0.1461, 0.4854, 0.2240],
        [0.1255, 0.1290, 0.5147, 0.2307],
        [0.1718, 0.1625, 0.2044, 0.4613]], device='cuda:0')
#####################
10/13 12:42:15午後 evaluateStageRelax_trainer.py:198 [INFO] Train: Epoch: [3][100/703]	Step 2212	lr 0.02495	Loss 3.5564 (3.5876)	Hard Loss 0.0000 (0.0000)	Soft Loss 0.0000 (0.0000)	Prec@(1,5) (33.6%, 66.2%)	
10/13 12:42:32午後 evaluateStageRelax_trainer.py:198 [INFO] Train: Epoch: [3][200/703]	Step 2312	lr 0.02495	Loss 3.4114 (3.5713)	Hard Loss 0.0000 (0.0000)	Soft Loss 0.0000 (0.0000)	Prec@(1,5) (33.6%, 66.8%)	
10/13 12:42:49午後 evaluateStageRelax_trainer.py:198 [INFO] Train: Epoch: [3][300/703]	Step 2412	lr 0.02495	Loss 3.0417 (3.5507)	Hard Loss 0.0000 (0.0000)	Soft Loss 0.0000 (0.0000)	Prec@(1,5) (33.8%, 67.0%)	
10/13 12:43:06午後 evaluateStageRelax_trainer.py:198 [INFO] Train: Epoch: [3][400/703]	Step 2512	lr 0.02495	Loss 3.4743 (3.5394)	Hard Loss 0.0000 (0.0000)	Soft Loss 0.0000 (0.0000)	Prec@(1,5) (33.9%, 67.3%)	
10/13 12:43:24午後 evaluateStageRelax_trainer.py:198 [INFO] Train: Epoch: [3][500/703]	Step 2612	lr 0.02495	Loss 3.4899 (3.5215)	Hard Loss 0.0000 (0.0000)	Soft Loss 0.0000 (0.0000)	Prec@(1,5) (34.3%, 67.5%)	
10/13 12:43:41午後 evaluateStageRelax_trainer.py:198 [INFO] Train: Epoch: [3][600/703]	Step 2712	lr 0.02495	Loss 2.8259 (3.5042)	Hard Loss 0.0000 (0.0000)	Soft Loss 0.0000 (0.0000)	Prec@(1,5) (34.6%, 68.0%)	
10/13 12:43:58午後 evaluateStageRelax_trainer.py:198 [INFO] Train: Epoch: [3][700/703]	Step 2812	lr 0.02495	Loss 3.0301 (3.4792)	Hard Loss 0.0000 (0.0000)	Soft Loss 0.0000 (0.0000)	Prec@(1,5) (35.1%, 68.3%)	
10/13 12:43:59午後 evaluateStageRelax_trainer.py:198 [INFO] Train: Epoch: [3][703/703]	Step 2815	lr 0.02495	Loss 2.8596 (3.4771)	Hard Loss 0.0000 (0.0000)	Soft Loss 0.0000 (0.0000)	Prec@(1,5) (35.1%, 68.3%)	
10/13 12:43:59午後 evaluateStageRelax_trainer.py:207 [INFO] Train: [  3/99] Final Prec@1 35.1422%
10/13 12:44:04午後 evaluateStageRelax_trainer.py:242 [INFO] Valid: [  3/99] Final Prec@1 34.6200%
10/13 12:44:04午後 evaluateStageRelax_main.py:73 [INFO] Until now, best Prec@1 = 34.6200%
####### ALPHA #######
# Alpha - DAG
tensor([[0.1750, 0.1787, 0.4658, 0.1805],
        [0.1756, 0.1783, 0.4658, 0.1803]], device='cuda:0')
tensor([[0.1399, 0.1576, 0.5315, 0.1710],
        [0.1362, 0.1540, 0.5423, 0.1675],
        [0.2383, 0.2561, 0.2621, 0.2435]], device='cuda:0')
tensor([[0.2391, 0.2454, 0.2577, 0.2578],
        [0.1704, 0.1749, 0.4730, 0.1817],
        [0.2478, 0.2536, 0.2516, 0.2470],
        [0.1646, 0.1640, 0.5009, 0.1704]], device='cuda:0')
tensor([[0.2484, 0.2523, 0.2528, 0.2465],
        [0.2497, 0.2528, 0.2532, 0.2443],
        [0.2486, 0.2482, 0.2507, 0.2526],
        [0.1796, 0.1766, 0.4570, 0.1868],
        [0.1799, 0.1830, 0.4563, 0.1808]], device='cuda:0')
tensor([[0.2391, 0.2277, 0.2554, 0.2778],
        [0.2411, 0.2290, 0.2617, 0.2682],
        [0.2390, 0.2447, 0.2602, 0.2561],
        [0.1381, 0.1345, 0.5876, 0.1399],
        [0.1666, 0.1686, 0.4878, 0.1770],
        [0.2495, 0.2464, 0.2503, 0.2538]], device='cuda:0')
tensor([[0.2183, 0.2242, 0.2622, 0.2953],
        [0.2176, 0.2254, 0.2728, 0.2842],
        [0.2434, 0.2527, 0.2622, 0.2417],
        [0.2101, 0.2209, 0.3473, 0.2217],
        [0.1605, 0.1664, 0.5076, 0.1655],
        [0.2439, 0.2484, 0.2615, 0.2463],
        [0.1602, 0.1673, 0.5034, 0.1691]], device='cuda:0')
tensor([[0.1748, 0.1801, 0.4634, 0.1817],
        [0.1755, 0.1817, 0.4628, 0.1800]], device='cuda:0')
tensor([[0.1742, 0.1787, 0.4671, 0.1799],
        [0.1757, 0.1775, 0.4657, 0.1811],
        [0.2464, 0.2498, 0.2527, 0.2511]], device='cuda:0')
tensor([[0.2479, 0.2525, 0.2579, 0.2417],
        [0.1763, 0.1796, 0.4681, 0.1761],
        [0.1802, 0.1812, 0.4542, 0.1844],
        [0.2391, 0.2484, 0.2507, 0.2617]], device='cuda:0')
tensor([[0.2456, 0.2425, 0.2564, 0.2554],
        [0.2460, 0.2426, 0.2551, 0.2563],
        [0.1829, 0.1837, 0.4556, 0.1778],
        [0.1833, 0.1851, 0.4504, 0.1812],
        [0.2492, 0.2520, 0.2499, 0.2489]], device='cuda:0')
tensor([[0.2327, 0.2539, 0.2775, 0.2359],
        [0.2302, 0.2507, 0.2777, 0.2414],
        [0.2412, 0.2697, 0.2621, 0.2270],
        [0.1722, 0.1750, 0.4651, 0.1877],
        [0.1708, 0.1780, 0.4652, 0.1860],
        [0.2270, 0.2413, 0.2515, 0.2802]], device='cuda:0')
tensor([[0.2239, 0.2495, 0.2898, 0.2368],
        [0.2265, 0.2470, 0.2887, 0.2378],
        [0.2425, 0.2619, 0.2646, 0.2310],
        [0.2373, 0.2416, 0.2604, 0.2607],
        [0.1767, 0.1786, 0.4597, 0.1850],
        [0.1742, 0.1770, 0.4598, 0.1890],
        [0.2454, 0.2449, 0.2459, 0.2638]], device='cuda:0')
tensor([[0.1401, 0.1505, 0.5361, 0.1733],
        [0.1405, 0.1520, 0.5464, 0.1611]], device='cuda:0')
tensor([[0.1444, 0.1574, 0.5380, 0.1603],
        [0.1495, 0.1579, 0.5266, 0.1661],
        [0.2142, 0.2404, 0.2673, 0.2781]], device='cuda:0')
tensor([[0.2194, 0.2477, 0.3055, 0.2274],
        [0.1522, 0.1613, 0.5271, 0.1594],
        [0.1618, 0.1728, 0.4698, 0.1957],
        [0.2287, 0.2432, 0.2546, 0.2734]], device='cuda:0')
tensor([[0.2219, 0.2528, 0.3033, 0.2220],
        [0.2298, 0.2497, 0.2948, 0.2258],
        [0.1765, 0.1857, 0.4539, 0.1839],
        [0.1702, 0.1784, 0.4554, 0.1961],
        [0.2346, 0.2404, 0.2406, 0.2845]], device='cuda:0')
tensor([[0.1629, 0.1666, 0.5327, 0.1377],
        [0.1785, 0.1693, 0.4960, 0.1561],
        [0.2123, 0.2193, 0.2810, 0.2874],
        [0.1295, 0.1377, 0.5205, 0.2124],
        [0.1373, 0.1463, 0.4878, 0.2285],
        [0.1440, 0.1487, 0.2107, 0.4967]], device='cuda:0')
tensor([[0.1926, 0.1753, 0.4935, 0.1387],
        [0.2121, 0.1805, 0.4496, 0.1578],
        [0.2521, 0.2382, 0.2588, 0.2509],
        [0.2212, 0.2084, 0.2570, 0.3134],
        [0.1446, 0.1461, 0.4854, 0.2240],
        [0.1255, 0.1290, 0.5147, 0.2307],
        [0.1718, 0.1625, 0.2044, 0.4613]], device='cuda:0')
#####################
10/13 12:44:22午後 evaluateStageRelax_trainer.py:198 [INFO] Train: Epoch: [4][100/703]	Step 2916	lr 0.02491	Loss 2.4375 (3.2500)	Hard Loss 0.0000 (0.0000)	Soft Loss 0.0000 (0.0000)	Prec@(1,5) (38.9%, 71.1%)	
10/13 12:44:40午後 evaluateStageRelax_trainer.py:198 [INFO] Train: Epoch: [4][200/703]	Step 3016	lr 0.02491	Loss 3.1882 (3.2115)	Hard Loss 0.0000 (0.0000)	Soft Loss 0.0000 (0.0000)	Prec@(1,5) (39.4%, 71.7%)	
10/13 12:44:57午後 evaluateStageRelax_trainer.py:198 [INFO] Train: Epoch: [4][300/703]	Step 3116	lr 0.02491	Loss 3.1299 (3.1969)	Hard Loss 0.0000 (0.0000)	Soft Loss 0.0000 (0.0000)	Prec@(1,5) (39.6%, 72.2%)	
10/13 12:45:15午後 evaluateStageRelax_trainer.py:198 [INFO] Train: Epoch: [4][400/703]	Step 3216	lr 0.02491	Loss 3.4345 (3.1938)	Hard Loss 0.0000 (0.0000)	Soft Loss 0.0000 (0.0000)	Prec@(1,5) (39.6%, 72.3%)	
10/13 12:45:32午後 evaluateStageRelax_trainer.py:198 [INFO] Train: Epoch: [4][500/703]	Step 3316	lr 0.02491	Loss 3.3881 (3.1793)	Hard Loss 0.0000 (0.0000)	Soft Loss 0.0000 (0.0000)	Prec@(1,5) (39.8%, 72.5%)	
10/13 12:45:50午後 evaluateStageRelax_trainer.py:198 [INFO] Train: Epoch: [4][600/703]	Step 3416	lr 0.02491	Loss 3.6319 (3.1756)	Hard Loss 0.0000 (0.0000)	Soft Loss 0.0000 (0.0000)	Prec@(1,5) (39.6%, 72.7%)	
10/13 12:46:08午後 evaluateStageRelax_trainer.py:198 [INFO] Train: Epoch: [4][700/703]	Step 3516	lr 0.02491	Loss 3.5677 (3.1674)	Hard Loss 0.0000 (0.0000)	Soft Loss 0.0000 (0.0000)	Prec@(1,5) (39.7%, 72.8%)	
10/13 12:46:08午後 evaluateStageRelax_trainer.py:198 [INFO] Train: Epoch: [4][703/703]	Step 3519	lr 0.02491	Loss 3.2667 (3.1675)	Hard Loss 0.0000 (0.0000)	Soft Loss 0.0000 (0.0000)	Prec@(1,5) (39.7%, 72.8%)	
10/13 12:46:08午後 evaluateStageRelax_trainer.py:207 [INFO] Train: [  4/99] Final Prec@1 39.6822%
10/13 12:46:14午後 evaluateStageRelax_trainer.py:242 [INFO] Valid: [  4/99] Final Prec@1 40.9600%
10/13 12:46:14午後 evaluateStageRelax_main.py:73 [INFO] Until now, best Prec@1 = 40.9600%
####### ALPHA #######
# Alpha - DAG
tensor([[0.1750, 0.1787, 0.4658, 0.1805],
        [0.1756, 0.1783, 0.4658, 0.1803]], device='cuda:0')
tensor([[0.1399, 0.1576, 0.5315, 0.1710],
        [0.1362, 0.1540, 0.5423, 0.1675],
        [0.2383, 0.2561, 0.2621, 0.2435]], device='cuda:0')
tensor([[0.2391, 0.2454, 0.2577, 0.2578],
        [0.1704, 0.1749, 0.4730, 0.1817],
        [0.2478, 0.2536, 0.2516, 0.2470],
        [0.1646, 0.1640, 0.5009, 0.1704]], device='cuda:0')
tensor([[0.2484, 0.2523, 0.2528, 0.2465],
        [0.2497, 0.2528, 0.2532, 0.2443],
        [0.2486, 0.2482, 0.2507, 0.2526],
        [0.1796, 0.1766, 0.4570, 0.1868],
        [0.1799, 0.1830, 0.4563, 0.1808]], device='cuda:0')
tensor([[0.2391, 0.2277, 0.2554, 0.2778],
        [0.2411, 0.2290, 0.2617, 0.2682],
        [0.2390, 0.2447, 0.2602, 0.2561],
        [0.1381, 0.1345, 0.5876, 0.1399],
        [0.1666, 0.1686, 0.4878, 0.1770],
        [0.2495, 0.2464, 0.2503, 0.2538]], device='cuda:0')
tensor([[0.2183, 0.2242, 0.2622, 0.2953],
        [0.2176, 0.2254, 0.2728, 0.2842],
        [0.2434, 0.2527, 0.2622, 0.2417],
        [0.2101, 0.2209, 0.3473, 0.2217],
        [0.1605, 0.1664, 0.5076, 0.1655],
        [0.2439, 0.2484, 0.2615, 0.2463],
        [0.1602, 0.1673, 0.5034, 0.1691]], device='cuda:0')
tensor([[0.1748, 0.1801, 0.4634, 0.1817],
        [0.1755, 0.1817, 0.4628, 0.1800]], device='cuda:0')
tensor([[0.1742, 0.1787, 0.4671, 0.1799],
        [0.1757, 0.1775, 0.4657, 0.1811],
        [0.2464, 0.2498, 0.2527, 0.2511]], device='cuda:0')
tensor([[0.2479, 0.2525, 0.2579, 0.2417],
        [0.1763, 0.1796, 0.4681, 0.1761],
        [0.1802, 0.1812, 0.4542, 0.1844],
        [0.2391, 0.2484, 0.2507, 0.2617]], device='cuda:0')
tensor([[0.2456, 0.2425, 0.2564, 0.2554],
        [0.2460, 0.2426, 0.2551, 0.2563],
        [0.1829, 0.1837, 0.4556, 0.1778],
        [0.1833, 0.1851, 0.4504, 0.1812],
        [0.2492, 0.2520, 0.2499, 0.2489]], device='cuda:0')
tensor([[0.2327, 0.2539, 0.2775, 0.2359],
        [0.2302, 0.2507, 0.2777, 0.2414],
        [0.2412, 0.2697, 0.2621, 0.2270],
        [0.1722, 0.1750, 0.4651, 0.1877],
        [0.1708, 0.1780, 0.4652, 0.1860],
        [0.2270, 0.2413, 0.2515, 0.2802]], device='cuda:0')
tensor([[0.2239, 0.2495, 0.2898, 0.2368],
        [0.2265, 0.2470, 0.2887, 0.2378],
        [0.2425, 0.2619, 0.2646, 0.2310],
        [0.2373, 0.2416, 0.2604, 0.2607],
        [0.1767, 0.1786, 0.4597, 0.1850],
        [0.1742, 0.1770, 0.4598, 0.1890],
        [0.2454, 0.2449, 0.2459, 0.2638]], device='cuda:0')
tensor([[0.1401, 0.1505, 0.5361, 0.1733],
        [0.1405, 0.1520, 0.5464, 0.1611]], device='cuda:0')
tensor([[0.1444, 0.1574, 0.5380, 0.1603],
        [0.1495, 0.1579, 0.5266, 0.1661],
        [0.2142, 0.2404, 0.2673, 0.2781]], device='cuda:0')
tensor([[0.2194, 0.2477, 0.3055, 0.2274],
        [0.1522, 0.1613, 0.5271, 0.1594],
        [0.1618, 0.1728, 0.4698, 0.1957],
        [0.2287, 0.2432, 0.2546, 0.2734]], device='cuda:0')
tensor([[0.2219, 0.2528, 0.3033, 0.2220],
        [0.2298, 0.2497, 0.2948, 0.2258],
        [0.1765, 0.1857, 0.4539, 0.1839],
        [0.1702, 0.1784, 0.4554, 0.1961],
        [0.2346, 0.2404, 0.2406, 0.2845]], device='cuda:0')
tensor([[0.1629, 0.1666, 0.5327, 0.1377],
        [0.1785, 0.1693, 0.4960, 0.1561],
        [0.2123, 0.2193, 0.2810, 0.2874],
        [0.1295, 0.1377, 0.5205, 0.2124],
        [0.1373, 0.1463, 0.4878, 0.2285],
        [0.1440, 0.1487, 0.2107, 0.4967]], device='cuda:0')
tensor([[0.1926, 0.1753, 0.4935, 0.1387],
        [0.2121, 0.1805, 0.4496, 0.1578],
        [0.2521, 0.2382, 0.2588, 0.2509],
        [0.2212, 0.2084, 0.2570, 0.3134],
        [0.1446, 0.1461, 0.4854, 0.2240],
        [0.1255, 0.1290, 0.5147, 0.2307],
        [0.1718, 0.1625, 0.2044, 0.4613]], device='cuda:0')
#####################
10/13 12:46:32午後 evaluateStageRelax_trainer.py:198 [INFO] Train: Epoch: [5][100/703]	Step 3620	lr 0.02485	Loss 2.9578 (2.9679)	Hard Loss 0.0000 (0.0000)	Soft Loss 0.0000 (0.0000)	Prec@(1,5) (42.7%, 75.4%)	
10/13 12:46:50午後 evaluateStageRelax_trainer.py:198 [INFO] Train: Epoch: [5][200/703]	Step 3720	lr 0.02485	Loss 3.2150 (2.9724)	Hard Loss 0.0000 (0.0000)	Soft Loss 0.0000 (0.0000)	Prec@(1,5) (42.5%, 75.6%)	
10/13 12:47:07午後 evaluateStageRelax_trainer.py:198 [INFO] Train: Epoch: [5][300/703]	Step 3820	lr 0.02485	Loss 2.9182 (2.9719)	Hard Loss 0.0000 (0.0000)	Soft Loss 0.0000 (0.0000)	Prec@(1,5) (42.5%, 75.9%)	
10/13 12:47:24午後 evaluateStageRelax_trainer.py:198 [INFO] Train: Epoch: [5][400/703]	Step 3920	lr 0.02485	Loss 2.9029 (2.9543)	Hard Loss 0.0000 (0.0000)	Soft Loss 0.0000 (0.0000)	Prec@(1,5) (43.1%, 76.1%)	
10/13 12:47:42午後 evaluateStageRelax_trainer.py:198 [INFO] Train: Epoch: [5][500/703]	Step 4020	lr 0.02485	Loss 2.7129 (2.9470)	Hard Loss 0.0000 (0.0000)	Soft Loss 0.0000 (0.0000)	Prec@(1,5) (43.1%, 76.1%)	
10/13 12:47:59午後 evaluateStageRelax_trainer.py:198 [INFO] Train: Epoch: [5][600/703]	Step 4120	lr 0.02485	Loss 3.1074 (2.9429)	Hard Loss 0.0000 (0.0000)	Soft Loss 0.0000 (0.0000)	Prec@(1,5) (43.3%, 76.1%)	
10/13 12:48:16午後 evaluateStageRelax_trainer.py:198 [INFO] Train: Epoch: [5][700/703]	Step 4220	lr 0.02485	Loss 3.2624 (2.9316)	Hard Loss 0.0000 (0.0000)	Soft Loss 0.0000 (0.0000)	Prec@(1,5) (43.6%, 76.3%)	
10/13 12:48:17午後 evaluateStageRelax_trainer.py:198 [INFO] Train: Epoch: [5][703/703]	Step 4223	lr 0.02485	Loss 2.7761 (2.9313)	Hard Loss 0.0000 (0.0000)	Soft Loss 0.0000 (0.0000)	Prec@(1,5) (43.6%, 76.3%)	
10/13 12:48:17午後 evaluateStageRelax_trainer.py:207 [INFO] Train: [  5/99] Final Prec@1 43.5889%
10/13 12:48:22午後 evaluateStageRelax_trainer.py:242 [INFO] Valid: [  5/99] Final Prec@1 41.4800%
10/13 12:48:23午後 evaluateStageRelax_main.py:73 [INFO] Until now, best Prec@1 = 41.4800%
####### ALPHA #######
# Alpha - DAG
tensor([[0.1750, 0.1787, 0.4658, 0.1805],
        [0.1756, 0.1783, 0.4658, 0.1803]], device='cuda:0')
tensor([[0.1399, 0.1576, 0.5315, 0.1710],
        [0.1362, 0.1540, 0.5423, 0.1675],
        [0.2383, 0.2561, 0.2621, 0.2435]], device='cuda:0')
tensor([[0.2391, 0.2454, 0.2577, 0.2578],
        [0.1704, 0.1749, 0.4730, 0.1817],
        [0.2478, 0.2536, 0.2516, 0.2470],
        [0.1646, 0.1640, 0.5009, 0.1704]], device='cuda:0')
tensor([[0.2484, 0.2523, 0.2528, 0.2465],
        [0.2497, 0.2528, 0.2532, 0.2443],
        [0.2486, 0.2482, 0.2507, 0.2526],
        [0.1796, 0.1766, 0.4570, 0.1868],
        [0.1799, 0.1830, 0.4563, 0.1808]], device='cuda:0')
tensor([[0.2391, 0.2277, 0.2554, 0.2778],
        [0.2411, 0.2290, 0.2617, 0.2682],
        [0.2390, 0.2447, 0.2602, 0.2561],
        [0.1381, 0.1345, 0.5876, 0.1399],
        [0.1666, 0.1686, 0.4878, 0.1770],
        [0.2495, 0.2464, 0.2503, 0.2538]], device='cuda:0')
tensor([[0.2183, 0.2242, 0.2622, 0.2953],
        [0.2176, 0.2254, 0.2728, 0.2842],
