09/05 09:53:50PM parser.py:28 [INFO] 
09/05 09:53:50PM parser.py:29 [INFO] Parameters:
09/05 09:53:50PM parser.py:31 [INFO] DAG_PATH=results/search_stage_KD/cifar100/SIMPLE-KD-ONLYARCH/s2-BaselineBestCell/DAG
09/05 09:53:50PM parser.py:31 [INFO] T=10.0
09/05 09:53:50PM parser.py:31 [INFO] ADVANCED=True
09/05 09:53:50PM parser.py:31 [INFO] ALPHA_LR=0.0003
09/05 09:53:50PM parser.py:31 [INFO] ALPHA_WEIGHT_DECAY=0.001
09/05 09:53:50PM parser.py:31 [INFO] BATCH_SIZE=64
09/05 09:53:50PM parser.py:31 [INFO] CASCADE=False
09/05 09:53:50PM parser.py:31 [INFO] CHECKPOINT_RESET=False
09/05 09:53:50PM parser.py:31 [INFO] CUTOUT_LENGTH=0
09/05 09:53:50PM parser.py:31 [INFO] DATA_PATH=../data/
09/05 09:53:50PM parser.py:31 [INFO] DATASET=cifar100
09/05 09:53:50PM parser.py:31 [INFO] DEPTH_COEF=0.0
09/05 09:53:50PM parser.py:31 [INFO] DESCRIPTION=search_architecture_on_KD_for_architecture_parameters_without_depth_loss_with_large_slidewindow
09/05 09:53:50PM parser.py:31 [INFO] EPOCHS=50
09/05 09:53:50PM parser.py:31 [INFO] EXP_NAME=s2-BaselineBestCell
09/05 09:53:50PM parser.py:31 [INFO] GENOTYPE=Genotype3(normal1=[[('sep_conv_5x5', 0), ('sep_conv_3x3', 1)], [('sep_conv_3x3', 1), ('sep_conv_3x3', 0)], [('sep_conv_3x3', 1), ('sep_conv_3x3', 2)], [('sep_conv_3x3', 0), ('sep_conv_5x5', 4)]], normal1_concat=range(2, 6), reduce1=[[('sep_conv_3x3', 0), ('skip_connect', 1)], [('sep_conv_3x3', 1), ('max_pool_3x3', 0)], [('sep_conv_3x3', 2), ('sep_conv_3x3', 1)], [('max_pool_3x3', 0), ('dil_conv_3x3', 1)]], reduce1_concat=range(2, 6), normal2=[[('skip_connect', 0), ('sep_conv_5x5', 1)], [('skip_connect', 0), ('skip_connect', 2)], [('avg_pool_3x3', 0), ('avg_pool_3x3', 2)], [('skip_connect', 0), ('avg_pool_3x3', 2)]], normal2_concat=range(2, 6), reduce2=[[('avg_pool_3x3', 0), ('avg_pool_3x3', 1)], [('avg_pool_3x3', 0), ('skip_connect', 2)], [('skip_connect', 2), ('avg_pool_3x3', 0)], [('skip_connect', 2), ('avg_pool_3x3', 0)]], reduce2_concat=range(2, 6), normal3=[[('skip_connect', 0), ('skip_connect', 1)], [('skip_connect', 0), ('dil_conv_3x3', 1)], [('skip_connect', 0), ('skip_connect', 1)], [('skip_connect', 0), ('skip_connect', 2)]], normal3_concat=range(2, 6))
09/05 09:53:50PM parser.py:31 [INFO] GPUS=[0]
09/05 09:53:50PM parser.py:31 [INFO] INIT_CHANNELS=16
09/05 09:53:50PM parser.py:31 [INFO] L=0.5
09/05 09:53:50PM parser.py:31 [INFO] LAYERS=20
09/05 09:53:50PM parser.py:31 [INFO] LOGGER=<Logger H-DAS (INFO)>
09/05 09:53:50PM parser.py:31 [INFO] NAME=SIMPLE-KD-ONLYARCH
09/05 09:53:50PM parser.py:31 [INFO] NONKD=False
09/05 09:53:50PM parser.py:31 [INFO] PATH=results/search_stage_KD/cifar100/SIMPLE-KD-ONLYARCH/s2-BaselineBestCell
09/05 09:53:50PM parser.py:31 [INFO] PCDARTS=False
09/05 09:53:50PM parser.py:31 [INFO] PLOT_PATH=results/search_stage_KD/cifar100/SIMPLE-KD-ONLYARCH/s2-BaselineBestCell/plots
09/05 09:53:50PM parser.py:31 [INFO] PRINT_FREQ=50
09/05 09:53:50PM parser.py:31 [INFO] RESUME_PATH=None
09/05 09:53:50PM parser.py:31 [INFO] SAVE=s2-BaselineBestCell
09/05 09:53:50PM parser.py:31 [INFO] SEED=2
09/05 09:53:50PM parser.py:31 [INFO] SHARE_STAGE=False
09/05 09:53:50PM parser.py:31 [INFO] SLIDE_WINDOW=8
09/05 09:53:50PM parser.py:31 [INFO] SPEC_CELL=True
09/05 09:53:50PM parser.py:31 [INFO] TEACHER_NAME=efficientnet_v2_s
09/05 09:53:50PM parser.py:31 [INFO] TEACHER_PATH=/home/miura/lab/KD-hdas/results/teacher/cifar100/efficientnet_v2_s/FINETUNE2/pretrained-20240716-002108/best.pth.tar
09/05 09:53:50PM parser.py:31 [INFO] TRAIN_PORTION=0.5
09/05 09:53:50PM parser.py:31 [INFO] W_GRAD_CLIP=5.0
09/05 09:53:50PM parser.py:31 [INFO] W_LR=0.025
09/05 09:53:50PM parser.py:31 [INFO] W_LR_MIN=0.001
09/05 09:53:50PM parser.py:31 [INFO] W_MOMENTUM=0.9
09/05 09:53:50PM parser.py:31 [INFO] W_WEIGHT_DECAY=0.0003
09/05 09:53:50PM parser.py:31 [INFO] WORKERS=4
09/05 09:53:50PM parser.py:32 [INFO] 
09/05 09:53:52PM searchStage_trainer.py:130 [INFO] --> Loaded teacher model 'efficientnet_v2_s' from '/home/miura/lab/KD-hdas/results/teacher/cifar100/efficientnet_v2_s/FINETUNE2/pretrained-20240716-002108/best.pth.tar' and Freezed parameters)
09/05 09:53:53PM eval_util.py:125 [INFO] Test: Step 000/390 Prec@(1,5) (95.3%, 100.0%)
09/05 09:54:05PM eval_util.py:125 [INFO] Test: Step 390/390 Prec@(1,5) (97.1%, 99.6%)
09/05 09:54:05PM eval_util.py:130 [INFO] Teacher=(efficientnet_v2_s <- (/home/miura/lab/KD-hdas/results/teacher/cifar100/efficientnet_v2_s/FINETUNE2/pretrained-20240716-002108/best.pth.tar)) achives Test Prec(@1, @5) = (97.1400%, 99.6320%)
09/05 09:54:24PM searchStage_trainer.py:137 [INFO] --> No loaded checkpoint!
####### ALPHA #######
# Alpha - DAG
tensor([[0.2502, 0.2500, 0.2500, 0.2498],
        [0.2502, 0.2497, 0.2500, 0.2500]], device='cuda:0',
       grad_fn=<SoftmaxBackward0>)
tensor([[0.2499, 0.2497, 0.2503, 0.2501],
        [0.2499, 0.2499, 0.2502, 0.2500],
        [0.2502, 0.2499, 0.2500, 0.2499]], device='cuda:0',
       grad_fn=<SoftmaxBackward0>)
tensor([[0.2498, 0.2499, 0.2501, 0.2502],
        [0.2503, 0.2502, 0.2498, 0.2498],
        [0.2501, 0.2502, 0.2498, 0.2499],
        [0.2498, 0.2497, 0.2504, 0.2501]], device='cuda:0',
       grad_fn=<SoftmaxBackward0>)
tensor([[0.2502, 0.2495, 0.2498, 0.2506],
        [0.2500, 0.2501, 0.2498, 0.2501],
        [0.2501, 0.2499, 0.2499, 0.2501],
        [0.2498, 0.2501, 0.2502, 0.2499],
        [0.2503, 0.2500, 0.2497, 0.2500]], device='cuda:0',
       grad_fn=<SoftmaxBackward0>)
tensor([[0.2498, 0.2498, 0.2505, 0.2499],
        [0.2500, 0.2499, 0.2500, 0.2501],
        [0.2500, 0.2502, 0.2497, 0.2501],
        [0.2503, 0.2502, 0.2499, 0.2496],
        [0.2497, 0.2504, 0.2502, 0.2496],
        [0.2501, 0.2502, 0.2501, 0.2496]], device='cuda:0',
       grad_fn=<SoftmaxBackward0>)
tensor([[0.2501, 0.2499, 0.2501, 0.2499],
        [0.2495, 0.2499, 0.2506, 0.2500],
        [0.2502, 0.2502, 0.2498, 0.2498],
        [0.2499, 0.2503, 0.2500, 0.2499],
        [0.2502, 0.2497, 0.2503, 0.2498],
        [0.2500, 0.2501, 0.2501, 0.2498],
        [0.2497, 0.2502, 0.2500, 0.2500]], device='cuda:0',
       grad_fn=<SoftmaxBackward0>)
tensor([[0.2496, 0.2502, 0.2500, 0.2502],
        [0.2500, 0.2503, 0.2497, 0.2499]], device='cuda:0',
       grad_fn=<SoftmaxBackward0>)
tensor([[0.2497, 0.2498, 0.2502, 0.2503],
        [0.2499, 0.2503, 0.2498, 0.2500],
        [0.2497, 0.2501, 0.2501, 0.2501]], device='cuda:0',
       grad_fn=<SoftmaxBackward0>)
tensor([[0.2496, 0.2499, 0.2499, 0.2506],
        [0.2503, 0.2503, 0.2496, 0.2499],
        [0.2500, 0.2501, 0.2502, 0.2496],
        [0.2498, 0.2503, 0.2501, 0.2498]], device='cuda:0',
       grad_fn=<SoftmaxBackward0>)
tensor([[0.2499, 0.2498, 0.2501, 0.2502],
        [0.2497, 0.2500, 0.2499, 0.2504],
        [0.2501, 0.2495, 0.2502, 0.2502],
        [0.2502, 0.2501, 0.2499, 0.2498],
        [0.2500, 0.2496, 0.2503, 0.2502]], device='cuda:0',
       grad_fn=<SoftmaxBackward0>)
tensor([[0.2499, 0.2499, 0.2499, 0.2503],
        [0.2500, 0.2498, 0.2500, 0.2502],
        [0.2497, 0.2501, 0.2504, 0.2499],
        [0.2495, 0.2503, 0.2501, 0.2501],
        [0.2503, 0.2503, 0.2493, 0.2502],
        [0.2501, 0.2499, 0.2499, 0.2502]], device='cuda:0',
       grad_fn=<SoftmaxBackward0>)
tensor([[0.2501, 0.2501, 0.2498, 0.2500],
        [0.2500, 0.2502, 0.2500, 0.2498],
        [0.2502, 0.2504, 0.2496, 0.2499],
        [0.2502, 0.2499, 0.2503, 0.2496],
        [0.2501, 0.2501, 0.2501, 0.2496],
        [0.2496, 0.2502, 0.2503, 0.2500],
        [0.2504, 0.2497, 0.2502, 0.2497]], device='cuda:0',
       grad_fn=<SoftmaxBackward0>)
tensor([[0.2499, 0.2502, 0.2501, 0.2499],
        [0.2502, 0.2501, 0.2499, 0.2498]], device='cuda:0',
       grad_fn=<SoftmaxBackward0>)
tensor([[0.2502, 0.2500, 0.2496, 0.2502],
        [0.2498, 0.2502, 0.2500, 0.2499],
        [0.2500, 0.2499, 0.2499, 0.2502]], device='cuda:0',
       grad_fn=<SoftmaxBackward0>)
tensor([[0.2502, 0.2501, 0.2495, 0.2503],
        [0.2501, 0.2498, 0.2499, 0.2502],
        [0.2502, 0.2498, 0.2499, 0.2501],
        [0.2501, 0.2492, 0.2505, 0.2502]], device='cuda:0',
       grad_fn=<SoftmaxBackward0>)
tensor([[0.2496, 0.2502, 0.2502, 0.2500],
        [0.2496, 0.2503, 0.2498, 0.2503],
        [0.2500, 0.2498, 0.2500, 0.2502],
        [0.2497, 0.2502, 0.2500, 0.2500],
        [0.2505, 0.2502, 0.2498, 0.2495]], device='cuda:0',
       grad_fn=<SoftmaxBackward0>)
tensor([[0.2502, 0.2500, 0.2499, 0.2499],
        [0.2499, 0.2498, 0.2500, 0.2503],
        [0.2503, 0.2498, 0.2502, 0.2497],
        [0.2496, 0.2502, 0.2499, 0.2503],
        [0.2501, 0.2502, 0.2499, 0.2498],
        [0.2501, 0.2501, 0.2499, 0.2499]], device='cuda:0',
       grad_fn=<SoftmaxBackward0>)
tensor([[0.2498, 0.2500, 0.2502, 0.2500],
        [0.2498, 0.2504, 0.2500, 0.2499],
        [0.2498, 0.2501, 0.2500, 0.2501],
        [0.2498, 0.2501, 0.2499, 0.2501],
        [0.2498, 0.2498, 0.2503, 0.2501],
        [0.2505, 0.2497, 0.2500, 0.2498],
        [0.2505, 0.2494, 0.2501, 0.2499]], device='cuda:0',
       grad_fn=<SoftmaxBackward0>)
#####################
09/05 09:54:42PM searchStage_trainer.py:268 [INFO] Train: Epoch: [0][50/390]	Step 50	lr 0.025	Loss 4.4696 (4.7583)	Hard Loss 4.4696 (4.7583)	Soft Loss 4.4696 (4.7583)	Arch Loss 2.3062 (2.4001)	Arch Hard Loss 4.5598 (4.7481)	Arch Soft Loss 0.0005 (0.0005)	Arch depth Loss 0.0000 (0.0000)	Prec@(1,5) (1.8%, 8.7%)	
09/05 09:54:58PM searchStage_trainer.py:268 [INFO] Train: Epoch: [0][100/390]	Step 100	lr 0.025	Loss 4.3294 (4.5770)	Hard Loss 4.3294 (4.5770)	Soft Loss 4.3294 (4.5770)	Arch Loss 2.1216 (2.3186)	Arch Hard Loss 4.2009 (4.5862)	Arch Soft Loss 0.0004 (0.0005)	Arch depth Loss 0.0000 (0.0000)	Prec@(1,5) (2.9%, 11.8%)	
09/05 09:55:13PM searchStage_trainer.py:268 [INFO] Train: Epoch: [0][150/390]	Step 150	lr 0.025	Loss 4.1282 (4.4429)	Hard Loss 4.1282 (4.4429)	Soft Loss 4.1282 (4.4429)	Arch Loss 2.1104 (2.2500)	Arch Hard Loss 4.1771 (4.4499)	Arch Soft Loss 0.0004 (0.0005)	Arch depth Loss 0.0000 (0.0000)	Prec@(1,5) (3.4%, 14.7%)	
09/05 09:55:29PM searchStage_trainer.py:268 [INFO] Train: Epoch: [0][200/390]	Step 200	lr 0.025	Loss 4.0440 (4.3537)	Hard Loss 4.0440 (4.3537)	Soft Loss 4.0440 (4.3537)	Arch Loss 1.9820 (2.2060)	Arch Hard Loss 3.9238 (4.3627)	Arch Soft Loss 0.0004 (0.0005)	Arch depth Loss 0.0000 (0.0000)	Prec@(1,5) (4.0%, 16.9%)	
09/05 09:55:44PM searchStage_trainer.py:268 [INFO] Train: Epoch: [0][250/390]	Step 250	lr 0.025	Loss 3.9557 (4.2840)	Hard Loss 3.9557 (4.2840)	Soft Loss 3.9557 (4.2840)	Arch Loss 1.9877 (2.1698)	Arch Hard Loss 3.9306 (4.2909)	Arch Soft Loss 0.0004 (0.0005)	Arch depth Loss 0.0000 (0.0000)	Prec@(1,5) (4.7%, 18.6%)	
09/05 09:55:59PM searchStage_trainer.py:268 [INFO] Train: Epoch: [0][300/390]	Step 300	lr 0.025	Loss 3.9495 (4.2306)	Hard Loss 3.9495 (4.2306)	Soft Loss 3.9495 (4.2306)	Arch Loss 2.0158 (2.1394)	Arch Hard Loss 3.9844 (4.2306)	Arch Soft Loss 0.0005 (0.0005)	Arch depth Loss 0.0000 (0.0000)	Prec@(1,5) (5.4%, 20.1%)	
09/05 09:56:14PM searchStage_trainer.py:268 [INFO] Train: Epoch: [0][350/390]	Step 350	lr 0.025	Loss 3.6803 (4.1809)	Hard Loss 3.6803 (4.1809)	Soft Loss 3.6803 (4.1809)	Arch Loss 1.9974 (2.1120)	Arch Hard Loss 3.9498 (4.1760)	Arch Soft Loss 0.0005 (0.0005)	Arch depth Loss 0.0000 (0.0000)	Prec@(1,5) (5.8%, 21.2%)	
09/05 09:56:27PM searchStage_trainer.py:268 [INFO] Train: Epoch: [0][390/390]	Step 390	lr 0.025	Loss 3.7471 (4.1464)	Hard Loss 3.7471 (4.1464)	Soft Loss 3.7471 (4.1464)	Arch Loss 2.0088 (2.0942)	Arch Hard Loss 3.9703 (4.1406)	Arch Soft Loss 0.0005 (0.0005)	Arch depth Loss 0.0000 (0.0000)	Prec@(1,5) (6.1%, 22.0%)	
09/05 09:56:28PM searchStage_trainer.py:284 [INFO] Train: [  0/49] Final Prec@1 6.1200%
09/05 09:56:30PM searchStage_trainer.py:312 [INFO] Valid: Epoch: [0][50/391]	Step 391	Loss 3.7866	Prec@(1,5) (10.1%, 32.5%)
09/05 09:56:33PM searchStage_trainer.py:312 [INFO] Valid: Epoch: [0][100/391]	Step 391	Loss 3.7771	Prec@(1,5) (10.1%, 32.9%)
09/05 09:56:35PM searchStage_trainer.py:312 [INFO] Valid: Epoch: [0][150/391]	Step 391	Loss 3.7798	Prec@(1,5) (9.9%, 32.9%)
09/05 09:56:37PM searchStage_trainer.py:312 [INFO] Valid: Epoch: [0][200/391]	Step 391	Loss 3.7765	Prec@(1,5) (9.9%, 33.0%)
09/05 09:56:40PM searchStage_trainer.py:312 [INFO] Valid: Epoch: [0][250/391]	Step 391	Loss 3.7875	Prec@(1,5) (9.6%, 32.4%)
09/05 09:56:42PM searchStage_trainer.py:312 [INFO] Valid: Epoch: [0][300/391]	Step 391	Loss 3.7875	Prec@(1,5) (9.8%, 32.4%)
09/05 09:56:44PM searchStage_trainer.py:312 [INFO] Valid: Epoch: [0][350/391]	Step 391	Loss 3.7922	Prec@(1,5) (9.7%, 32.2%)
09/05 09:56:46PM searchStage_trainer.py:312 [INFO] Valid: Epoch: [0][390/391]	Step 391	Loss 3.7944	Prec@(1,5) (9.7%, 32.3%)
09/05 09:56:46PM searchStage_trainer.py:323 [INFO] Valid: [  0/49] Final Prec@1 9.7040%
09/05 09:56:46PM searchStage_KD_main.py:58 [INFO] DAG = Genotype2(DAG1=[[('skip_connect', 0), ('skip_connect', 1)], [('skip_connect', 0), ('skip_connect', 1)], [('skip_connect', 1), ('skip_connect', 0)], [('max_pool_3x3', 0), ('max_pool_3x3', 1)], [('skip_connect', 1), ('skip_connect', 0)], [('skip_connect', 1), ('skip_connect', 0)]], DAG1_concat=range(6, 8), DAG2=[[('skip_connect', 0), ('skip_connect', 1)], [('skip_connect', 1), ('skip_connect', 0)], [('skip_connect', 0), ('skip_connect', 1)], [('skip_connect', 1), ('skip_connect', 0)], [('skip_connect', 0), ('skip_connect', 1)], [('skip_connect', 1), ('skip_connect', 0)]], DAG2_concat=range(6, 8), DAG3=[[('skip_connect', 1), ('skip_connect', 0)], [('skip_connect', 0), ('skip_connect', 1)], [('skip_connect', 0), ('skip_connect', 1)], [('skip_connect', 1), ('skip_connect', 0)], [('skip_connect', 1), ('max_pool_3x3', 0)], [('max_pool_3x3', 0), ('max_pool_3x3', 1)]], DAG3_concat=range(6, 8))
09/05 09:56:47PM searchStage_KD_main.py:89 [INFO] Until now, best Prec@1 = 9.7040%
####### ALPHA #######
# Alpha - DAG
tensor([[0.2494, 0.2499, 0.2519, 0.2487],
        [0.2493, 0.2484, 0.2513, 0.2511]], device='cuda:0',
       grad_fn=<SoftmaxBackward0>)
tensor([[0.2488, 0.2495, 0.2522, 0.2496],
        [0.2488, 0.2499, 0.2517, 0.2496],
        [0.2497, 0.2500, 0.2498, 0.2504]], device='cuda:0',
       grad_fn=<SoftmaxBackward0>)
tensor([[0.2495, 0.2495, 0.2518, 0.2492],
        [0.2488, 0.2502, 0.2526, 0.2484],
        [0.2496, 0.2481, 0.2500, 0.2523],
        [0.2493, 0.2490, 0.2512, 0.2505]], device='cuda:0',
       grad_fn=<SoftmaxBackward0>)
tensor([[0.2520, 0.2496, 0.2505, 0.2480],
        [0.2514, 0.2499, 0.2510, 0.2477],
        [0.2486, 0.2497, 0.2507, 0.2511],
        [0.2499, 0.2497, 0.2504, 0.2500],
        [0.2495, 0.2491, 0.2488, 0.2526]], device='cuda:0',
       grad_fn=<SoftmaxBackward0>)
tensor([[0.2521, 0.2482, 0.2524, 0.2473],
        [0.2513, 0.2489, 0.2527, 0.2471],
        [0.2495, 0.2488, 0.2505, 0.2512],
        [0.2505, 0.2486, 0.2505, 0.2505],
        [0.2484, 0.2505, 0.2490, 0.2520],
        [0.2492, 0.2504, 0.2497, 0.2506]], device='cuda:0',
       grad_fn=<SoftmaxBackward0>)
tensor([[0.2521, 0.2501, 0.2534, 0.2444],
        [0.2520, 0.2501, 0.2541, 0.2438],
        [0.2488, 0.2479, 0.2503, 0.2530],
        [0.2502, 0.2487, 0.2500, 0.2511],
        [0.2483, 0.2491, 0.2498, 0.2528],
        [0.2482, 0.2509, 0.2501, 0.2508],
        [0.2477, 0.2505, 0.2500, 0.2518]], device='cuda:0',
       grad_fn=<SoftmaxBackward0>)
tensor([[0.2450, 0.2484, 0.2567, 0.2499],
        [0.2468, 0.2480, 0.2566, 0.2486]], device='cuda:0',
       grad_fn=<SoftmaxBackward0>)
tensor([[0.2483, 0.2497, 0.2533, 0.2487],
        [0.2481, 0.2499, 0.2537, 0.2484],
        [0.2470, 0.2496, 0.2512, 0.2522]], device='cuda:0',
       grad_fn=<SoftmaxBackward0>)
tensor([[0.2478, 0.2498, 0.2542, 0.2482],
        [0.2489, 0.2501, 0.2540, 0.2470],
        [0.2470, 0.2492, 0.2527, 0.2511],
        [0.2474, 0.2493, 0.2503, 0.2529]], device='cuda:0',
       grad_fn=<SoftmaxBackward0>)
tensor([[0.2498, 0.2503, 0.2522, 0.2476],
        [0.2500, 0.2489, 0.2524, 0.2486],
        [0.2483, 0.2487, 0.2502, 0.2528],
        [0.2499, 0.2488, 0.2505, 0.2507],
        [0.2497, 0.2498, 0.2505, 0.2500]], device='cuda:0',
       grad_fn=<SoftmaxBackward0>)
tensor([[0.2520, 0.2514, 0.2532, 0.2435],
        [0.2523, 0.2497, 0.2524, 0.2456],
        [0.2494, 0.2484, 0.2523, 0.2499],
        [0.2483, 0.2482, 0.2503, 0.2532],
        [0.2474, 0.2494, 0.2473, 0.2559],
        [0.2473, 0.2503, 0.2504, 0.2520]], device='cuda:0',
       grad_fn=<SoftmaxBackward0>)
tensor([[0.2499, 0.2525, 0.2536, 0.2440],
        [0.2503, 0.2517, 0.2541, 0.2439],
        [0.2477, 0.2507, 0.2548, 0.2468],
        [0.2473, 0.2493, 0.2521, 0.2514],
        [0.2478, 0.2494, 0.2490, 0.2537],
        [0.2475, 0.2488, 0.2489, 0.2548],
        [0.2483, 0.2500, 0.2491, 0.2526]], device='cuda:0',
       grad_fn=<SoftmaxBackward0>)
tensor([[0.2459, 0.2431, 0.2614, 0.2496],
        [0.2462, 0.2425, 0.2617, 0.2496]], device='cuda:0',
       grad_fn=<SoftmaxBackward0>)
tensor([[0.2498, 0.2445, 0.2573, 0.2483],
        [0.2511, 0.2417, 0.2558, 0.2514],
        [0.2502, 0.2451, 0.2535, 0.2512]], device='cuda:0',
       grad_fn=<SoftmaxBackward0>)
tensor([[0.2500, 0.2470, 0.2549, 0.2481],
        [0.2512, 0.2453, 0.2535, 0.2500],
        [0.2490, 0.2472, 0.2518, 0.2520],
        [0.2508, 0.2484, 0.2503, 0.2505]], device='cuda:0',
       grad_fn=<SoftmaxBackward0>)
tensor([[0.2502, 0.2472, 0.2537, 0.2488],
        [0.2507, 0.2482, 0.2547, 0.2465],
        [0.2500, 0.2478, 0.2519, 0.2503],
        [0.2508, 0.2467, 0.2507, 0.2518],
        [0.2513, 0.2477, 0.2487, 0.2524]], device='cuda:0',
       grad_fn=<SoftmaxBackward0>)
tensor([[0.2538, 0.2459, 0.2526, 0.2477],
        [0.2525, 0.2483, 0.2542, 0.2450],
        [0.2529, 0.2466, 0.2510, 0.2494],
        [0.2486, 0.2452, 0.2529, 0.2533],
        [0.2509, 0.2471, 0.2507, 0.2513],
        [0.2487, 0.2472, 0.2502, 0.2538]], device='cuda:0',
       grad_fn=<SoftmaxBackward0>)
tensor([[0.2565, 0.2483, 0.2531, 0.2421],
        [0.2545, 0.2489, 0.2544, 0.2423],
        [0.2513, 0.2470, 0.2537, 0.2480],
        [0.2485, 0.2462, 0.2523, 0.2530],
        [0.2497, 0.2472, 0.2516, 0.2515],
        [0.2492, 0.2457, 0.2496, 0.2554],
        [0.2452, 0.2428, 0.2533, 0.2587]], device='cuda:0',
       grad_fn=<SoftmaxBackward0>)
#####################
09/05 09:57:04午後 searchStage_trainer.py:268 [INFO] Train: Epoch: [1][50/390]	Step 441	lr 0.02498	Loss 4.1357 (3.7797)	Hard Loss 4.1357 (3.7797)	Soft Loss 4.1357 (3.7797)	Arch Loss 1.7606 (1.9149)	Arch Hard Loss 3.4775 (3.7835)	Arch Soft Loss 0.0004 (0.0005)	Arch depth Loss 0.0000 (0.0000)	Prec@(1,5) (10.2%, 32.4%)	
09/05 09:57:19午後 searchStage_trainer.py:268 [INFO] Train: Epoch: [1][100/390]	Step 491	lr 0.02498	Loss 3.6368 (3.7705)	Hard Loss 3.6368 (3.7705)	Soft Loss 3.6368 (3.7705)	Arch Loss 1.9850 (1.9066)	Arch Hard Loss 3.9254 (3.7674)	Arch Soft Loss 0.0004 (0.0005)	Arch depth Loss -0.0000 (0.0000)	Prec@(1,5) (10.3%, 32.5%)	
09/05 09:57:35午後 searchStage_trainer.py:268 [INFO] Train: Epoch: [1][150/390]	Step 541	lr 0.02498	Loss 3.4131 (3.7502)	Hard Loss 3.4131 (3.7502)	Soft Loss 3.4131 (3.7502)	Arch Loss 1.7267 (1.8934)	Arch Hard Loss 3.4073 (3.7409)	Arch Soft Loss 0.0005 (0.0005)	Arch depth Loss -0.0000 (0.0000)	Prec@(1,5) (11.0%, 33.2%)	
09/05 09:57:50午後 searchStage_trainer.py:268 [INFO] Train: Epoch: [1][200/390]	Step 591	lr 0.02498	Loss 3.8815 (3.7342)	Hard Loss 3.8815 (3.7342)	Soft Loss 3.8815 (3.7342)	Arch Loss 1.8742 (1.8814)	Arch Hard Loss 3.7027 (3.7172)	Arch Soft Loss 0.0005 (0.0005)	Arch depth Loss -0.0000 (0.0000)	Prec@(1,5) (11.3%, 33.7%)	
09/05 09:58:06午後 searchStage_trainer.py:268 [INFO] Train: Epoch: [1][250/390]	Step 641	lr 0.02498	Loss 3.5088 (3.7166)	Hard Loss 3.5088 (3.7166)	Soft Loss 3.5088 (3.7166)	Arch Loss 1.7696 (1.8745)	Arch Hard Loss 3.4971 (3.7033)	Arch Soft Loss 0.0004 (0.0005)	Arch depth Loss -0.0000 (0.0000)	Prec@(1,5) (11.6%, 34.4%)	
09/05 09:58:21午後 searchStage_trainer.py:268 [INFO] Train: Epoch: [1][300/390]	Step 691	lr 0.02498	Loss 3.8035 (3.7056)	Hard Loss 3.8035 (3.7056)	Soft Loss 3.8035 (3.7056)	Arch Loss 1.7959 (1.8639)	Arch Hard Loss 3.5431 (3.6821)	Arch Soft Loss 0.0005 (0.0005)	Arch depth Loss 0.0000 (0.0000)	Prec@(1,5) (11.8%, 35.0%)	
09/05 09:58:37午後 searchStage_trainer.py:268 [INFO] Train: Epoch: [1][350/390]	Step 741	lr 0.02498	Loss 3.6375 (3.6864)	Hard Loss 3.6375 (3.6864)	Soft Loss 3.6375 (3.6864)	Arch Loss 1.8148 (1.8575)	Arch Hard Loss 3.5835 (3.6693)	Arch Soft Loss 0.0005 (0.0005)	Arch depth Loss 0.0000 (0.0000)	Prec@(1,5) (12.1%, 35.7%)	
09/05 09:58:50午後 searchStage_trainer.py:268 [INFO] Train: Epoch: [1][390/390]	Step 781	lr 0.02498	Loss 3.3667 (3.6706)	Hard Loss 3.3667 (3.6706)	Soft Loss 3.3667 (3.6706)	Arch Loss 1.9233 (1.8515)	Arch Hard Loss 3.8003 (3.6574)	Arch Soft Loss 0.0005 (0.0005)	Arch depth Loss 0.0000 (0.0000)	Prec@(1,5) (12.3%, 36.3%)	
09/05 09:58:51午後 searchStage_trainer.py:284 [INFO] Train: [  1/49] Final Prec@1 12.3560%
09/05 09:58:53午後 searchStage_trainer.py:312 [INFO] Valid: Epoch: [1][50/391]	Step 782	Loss 3.6145	Prec@(1,5) (14.2%, 39.7%)
09/05 09:58:56午後 searchStage_trainer.py:312 [INFO] Valid: Epoch: [1][100/391]	Step 782	Loss 3.6273	Prec@(1,5) (13.6%, 39.1%)
09/05 09:58:58午後 searchStage_trainer.py:312 [INFO] Valid: Epoch: [1][150/391]	Step 782	Loss 3.6121	Prec@(1,5) (13.6%, 39.3%)
09/05 09:59:00午後 searchStage_trainer.py:312 [INFO] Valid: Epoch: [1][200/391]	Step 782	Loss 3.5984	Prec@(1,5) (13.9%, 39.6%)
09/05 09:59:02午後 searchStage_trainer.py:312 [INFO] Valid: Epoch: [1][250/391]	Step 782	Loss 3.5948	Prec@(1,5) (14.0%, 39.7%)
09/05 09:59:04午後 searchStage_trainer.py:312 [INFO] Valid: Epoch: [1][300/391]	Step 782	Loss 3.5967	Prec@(1,5) (14.0%, 39.5%)
09/05 09:59:06午後 searchStage_trainer.py:312 [INFO] Valid: Epoch: [1][350/391]	Step 782	Loss 3.5940	Prec@(1,5) (14.1%, 39.6%)
09/05 09:59:08午後 searchStage_trainer.py:312 [INFO] Valid: Epoch: [1][390/391]	Step 782	Loss 3.5904	Prec@(1,5) (14.1%, 39.7%)
09/05 09:59:08午後 searchStage_trainer.py:323 [INFO] Valid: [  1/49] Final Prec@1 14.0960%
09/05 09:59:08午後 searchStage_KD_main.py:58 [INFO] DAG = Genotype2(DAG1=[[('skip_connect', 0), ('skip_connect', 1)], [('skip_connect', 0), ('skip_connect', 1)], [('skip_connect', 1), ('skip_connect', 0)], [('max_pool_3x3', 0), ('max_pool_3x3', 1)], [('skip_connect', 1), ('skip_connect', 0)], [('skip_connect', 0), ('skip_connect', 1)]], DAG1_concat=range(6, 8), DAG2=[[('skip_connect', 1), ('skip_connect', 0)], [('skip_connect', 1), ('skip_connect', 0)], [('skip_connect', 1), ('skip_connect', 0)], [('skip_connect', 1), ('skip_connect', 0)], [('max_pool_3x3', 1), ('max_pool_3x3', 0)], [('max_pool_3x3', 0), ('skip_connect', 1)]], DAG2_concat=range(6, 8), DAG3=[[('skip_connect', 1), ('skip_connect', 0)], [('skip_connect', 1), ('skip_connect', 0)], [('max_pool_3x3', 0), ('max_pool_3x3', 1)], [('max_pool_3x3', 0), ('max_pool_3x3', 1)], [('max_pool_3x3', 1), ('max_pool_3x3', 0)], [('max_pool_3x3', 0), ('max_pool_3x3', 1)]], DAG3_concat=range(6, 8))
09/05 09:59:09午後 searchStage_KD_main.py:89 [INFO] Until now, best Prec@1 = 14.0960%
####### ALPHA #######
# Alpha - DAG
tensor([[0.2496, 0.2473, 0.2540, 0.2491],
        [0.2490, 0.2463, 0.2537, 0.2509]], device='cuda:0',
       grad_fn=<SoftmaxBackward0>)
tensor([[0.2466, 0.2488, 0.2561, 0.2485],
        [0.2482, 0.2484, 0.2548, 0.2486],
        [0.2476, 0.2499, 0.2500, 0.2524]], device='cuda:0',
       grad_fn=<SoftmaxBackward0>)
tensor([[0.2503, 0.2460, 0.2545, 0.2492],
        [0.2491, 0.2468, 0.2548, 0.2493],
        [0.2492, 0.2453, 0.2513, 0.2543],
        [0.2480, 0.2497, 0.2539, 0.2485]], device='cuda:0',
       grad_fn=<SoftmaxBackward0>)
tensor([[0.2548, 0.2461, 0.2505, 0.2486],
        [0.2541, 0.2458, 0.2506, 0.2495],
        [0.2490, 0.2488, 0.2507, 0.2516],
        [0.2507, 0.2493, 0.2508, 0.2493],
        [0.2510, 0.2473, 0.2502, 0.2515]], device='cuda:0',
       grad_fn=<SoftmaxBackward0>)
tensor([[0.2564, 0.2451, 0.2572, 0.2412],
        [0.2547, 0.2450, 0.2585, 0.2418],
        [0.2496, 0.2460, 0.2491, 0.2553],
        [0.2503, 0.2451, 0.2499, 0.2547],
        [0.2488, 0.2472, 0.2513, 0.2527],
        [0.2507, 0.2476, 0.2482, 0.2535]], device='cuda:0',
       grad_fn=<SoftmaxBackward0>)
tensor([[0.2558, 0.2490, 0.2598, 0.2354],
        [0.2567, 0.2484, 0.2590, 0.2360],
        [0.2464, 0.2468, 0.2514, 0.2554],
        [0.2476, 0.2461, 0.2480, 0.2583],
        [0.2473, 0.2477, 0.2511, 0.2538],
        [0.2459, 0.2496, 0.2498, 0.2547],
        [0.2478, 0.2480, 0.2482, 0.2560]], device='cuda:0',
       grad_fn=<SoftmaxBackward0>)
tensor([[0.2450, 0.2417, 0.2610, 0.2523],
        [0.2477, 0.2434, 0.2628, 0.2462]], device='cuda:0',
       grad_fn=<SoftmaxBackward0>)
tensor([[0.2494, 0.2456, 0.2562, 0.2488],
        [0.2480, 0.2470, 0.2579, 0.2471],
        [0.2462, 0.2489, 0.2515, 0.2534]], device='cuda:0',
       grad_fn=<SoftmaxBackward0>)
tensor([[0.2462, 0.2460, 0.2555, 0.2523],
        [0.2485, 0.2477, 0.2561, 0.2476],
        [0.2470, 0.2480, 0.2535, 0.2515],
        [0.2463, 0.2506, 0.2540, 0.2490]], device='cuda:0',
       grad_fn=<SoftmaxBackward0>)
tensor([[0.2464, 0.2500, 0.2549, 0.2487],
        [0.2448, 0.2494, 0.2559, 0.2499],
        [0.2458, 0.2493, 0.2517, 0.2532],
        [0.2482, 0.2500, 0.2516, 0.2502],
        [0.2510, 0.2495, 0.2514, 0.2481]], device='cuda:0',
       grad_fn=<SoftmaxBackward0>)
tensor([[0.2575, 0.2485, 0.2532, 0.2407],
        [0.2572, 0.2487, 0.2528, 0.2413],
        [0.2516, 0.2451, 0.2481, 0.2551],
        [0.2534, 0.2455, 0.2477, 0.2534],
        [0.2509, 0.2470, 0.2451, 0.2570],
        [0.2507, 0.2473, 0.2501, 0.2518]], device='cuda:0',
       grad_fn=<SoftmaxBackward0>)
tensor([[0.2581, 0.2506, 0.2559, 0.2354],
        [0.2561, 0.2507, 0.2564, 0.2368],
        [0.2507, 0.2472, 0.2574, 0.2447],
        [0.2482, 0.2465, 0.2486, 0.2568],
        [0.2495, 0.2470, 0.2450, 0.2586],
        [0.2503, 0.2447, 0.2461, 0.2590],
        [0.2499, 0.2484, 0.2458, 0.2560]], device='cuda:0',
       grad_fn=<SoftmaxBackward0>)
tensor([[0.2530, 0.2360, 0.2615, 0.2495],
        [0.2508, 0.2362, 0.2625, 0.2505]], device='cuda:0',
       grad_fn=<SoftmaxBackward0>)
tensor([[0.2559, 0.2383, 0.2564, 0.2494],
        [0.2535, 0.2372, 0.2569, 0.2524],
        [0.2554, 0.2454, 0.2502, 0.2490]], device='cuda:0',
       grad_fn=<SoftmaxBackward0>)
tensor([[0.2578, 0.2419, 0.2522, 0.2480],
        [0.2555, 0.2391, 0.2532, 0.2521],
        [0.2541, 0.2452, 0.2493, 0.2513],
        [0.2543, 0.2477, 0.2492, 0.2488]], device='cuda:0',
       grad_fn=<SoftmaxBackward0>)
tensor([[0.2567, 0.2438, 0.2517, 0.2478],
        [0.2552, 0.2435, 0.2531, 0.2482],
        [0.2540, 0.2467, 0.2526, 0.2468],
        [0.2538, 0.2463, 0.2500, 0.2499],
        [0.2538, 0.2450, 0.2436, 0.2575]], device='cuda:0',
       grad_fn=<SoftmaxBackward0>)
tensor([[0.2686, 0.2426, 0.2460, 0.2427],
        [0.2684, 0.2447, 0.2467, 0.2402],
        [0.2635, 0.2439, 0.2443, 0.2484],
        [0.2562, 0.2422, 0.2446, 0.2570],
        [0.2607, 0.2424, 0.2429, 0.2540],
        [0.2571, 0.2444, 0.2422, 0.2563]], device='cuda:0',
       grad_fn=<SoftmaxBackward0>)
tensor([[0.2682, 0.2471, 0.2493, 0.2354],
        [0.2658, 0.2471, 0.2501, 0.2370],
        [0.2588, 0.2465, 0.2478, 0.2470],
        [0.2536, 0.2445, 0.2453, 0.2566],
        [0.2565, 0.2448, 0.2436, 0.2550],
        [0.2541, 0.2440, 0.2434, 0.2585],
        [0.2483, 0.2404, 0.2504, 0.2609]], device='cuda:0',
       grad_fn=<SoftmaxBackward0>)
#####################
09/05 09:59:26午後 searchStage_trainer.py:268 [INFO] Train: Epoch: [2][50/390]	Step 832	lr 0.02491	Loss 3.5527 (3.4703)	Hard Loss 3.5527 (3.4703)	Soft Loss 3.5527 (3.4703)	Arch Loss 1.6841 (1.7785)	Arch Hard Loss 3.3230 (3.5113)	Arch Soft Loss 0.0005 (0.0005)	Arch depth Loss 0.0000 (0.0000)	Prec@(1,5) (15.5%, 41.5%)	
09/05 09:59:42午後 searchStage_trainer.py:268 [INFO] Train: Epoch: [2][100/390]	Step 882	lr 0.02491	Loss 3.6785 (3.4577)	Hard Loss 3.6785 (3.4577)	Soft Loss 3.6785 (3.4577)	Arch Loss 1.8238 (1.7752)	Arch Hard Loss 3.6071 (3.5048)	Arch Soft Loss 0.0004 (0.0005)	Arch depth Loss 0.0000 (0.0000)	Prec@(1,5) (15.8%, 42.5%)	
09/05 09:59:58午後 searchStage_trainer.py:268 [INFO] Train: Epoch: [2][150/390]	Step 932	lr 0.02491	Loss 3.2088 (3.4521)	Hard Loss 3.2088 (3.4521)	Soft Loss 3.2088 (3.4521)	Arch Loss 1.7702 (1.7670)	Arch Hard Loss 3.4961 (3.4884)	Arch Soft Loss 0.0004 (0.0005)	Arch depth Loss 0.0000 (0.0000)	Prec@(1,5) (15.9%, 42.6%)	
09/05 10:00:14午後 searchStage_trainer.py:268 [INFO] Train: Epoch: [2][200/390]	Step 982	lr 0.02491	Loss 3.4239 (3.4284)	Hard Loss 3.4239 (3.4284)	Soft Loss 3.4239 (3.4284)	Arch Loss 1.8264 (1.7545)	Arch Hard Loss 3.6070 (3.4632)	Arch Soft Loss 0.0005 (0.0005)	Arch depth Loss 0.0000 (0.0000)	Prec@(1,5) (16.3%, 43.5%)	
09/05 10:00:30午後 searchStage_trainer.py:268 [INFO] Train: Epoch: [2][250/390]	Step 1032	lr 0.02491	Loss 3.8585 (3.4322)	Hard Loss 3.8585 (3.4322)	Soft Loss 3.8585 (3.4322)	Arch Loss 1.7433 (1.7440)	Arch Hard Loss 3.4405 (3.4422)	Arch Soft Loss 0.0005 (0.0005)	Arch depth Loss 0.0000 (0.0000)	Prec@(1,5) (16.3%, 43.5%)	
09/05 10:00:46午後 searchStage_trainer.py:268 [INFO] Train: Epoch: [2][300/390]	Step 1082	lr 0.02491	Loss 3.3966 (3.4193)	Hard Loss 3.3966 (3.4193)	Soft Loss 3.3966 (3.4193)	Arch Loss 1.7474 (1.7374)	Arch Hard Loss 3.4550 (3.4293)	Arch Soft Loss 0.0004 (0.0005)	Arch depth Loss 0.0000 (0.0000)	Prec@(1,5) (16.7%, 43.8%)	
09/05 10:01:02午後 searchStage_trainer.py:268 [INFO] Train: Epoch: [2][350/390]	Step 1132	lr 0.02491	Loss 3.0636 (3.4009)	Hard Loss 3.0636 (3.4009)	Soft Loss 3.0636 (3.4009)	Arch Loss 1.7264 (1.7295)	Arch Hard Loss 3.4090 (3.4134)	Arch Soft Loss 0.0004 (0.0005)	Arch depth Loss 0.0000 (0.0000)	Prec@(1,5) (17.1%, 44.3%)	
09/05 10:01:14午後 searchStage_trainer.py:268 [INFO] Train: Epoch: [2][390/390]	Step 1172	lr 0.02491	Loss 3.0167 (3.3908)	Hard Loss 3.0167 (3.3908)	Soft Loss 3.0167 (3.3908)	Arch Loss 1.4747 (1.7237)	Arch Hard Loss 2.9040 (3.4019)	Arch Soft Loss 0.0005 (0.0005)	Arch depth Loss 0.0000 (0.0000)	Prec@(1,5) (17.2%, 44.5%)	
09/05 10:01:15午後 searchStage_trainer.py:284 [INFO] Train: [  2/49] Final Prec@1 17.2520%
09/05 10:01:18午後 searchStage_trainer.py:312 [INFO] Valid: Epoch: [2][50/391]	Step 1173	Loss 3.2584	Prec@(1,5) (20.1%, 48.2%)
09/05 10:01:20午後 searchStage_trainer.py:312 [INFO] Valid: Epoch: [2][100/391]	Step 1173	Loss 3.2478	Prec@(1,5) (20.3%, 48.7%)
09/05 10:01:22午後 searchStage_trainer.py:312 [INFO] Valid: Epoch: [2][150/391]	Step 1173	Loss 3.2358	Prec@(1,5) (20.1%, 49.3%)
09/05 10:01:24午後 searchStage_trainer.py:312 [INFO] Valid: Epoch: [2][200/391]	Step 1173	Loss 3.2595	Prec@(1,5) (19.5%, 48.3%)
09/05 10:01:26午後 searchStage_trainer.py:312 [INFO] Valid: Epoch: [2][250/391]	Step 1173	Loss 3.2537	Prec@(1,5) (19.6%, 48.6%)
09/05 10:01:28午後 searchStage_trainer.py:312 [INFO] Valid: Epoch: [2][300/391]	Step 1173	Loss 3.2543	Prec@(1,5) (19.5%, 48.6%)
09/05 10:01:30午後 searchStage_trainer.py:312 [INFO] Valid: Epoch: [2][350/391]	Step 1173	Loss 3.2612	Prec@(1,5) (19.4%, 48.5%)
09/05 10:01:32午後 searchStage_trainer.py:312 [INFO] Valid: Epoch: [2][390/391]	Step 1173	Loss 3.2619	Prec@(1,5) (19.5%, 48.5%)
09/05 10:01:32午後 searchStage_trainer.py:323 [INFO] Valid: [  2/49] Final Prec@1 19.4520%
09/05 10:01:32午後 searchStage_KD_main.py:58 [INFO] DAG = Genotype2(DAG1=[[('skip_connect', 0), ('skip_connect', 1)], [('skip_connect', 0), ('skip_connect', 1)], [('skip_connect', 0), ('skip_connect', 1)], [('max_pool_3x3', 0), ('max_pool_3x3', 1)], [('skip_connect', 1), ('skip_connect', 0)], [('skip_connect', 0), ('skip_connect', 1)]], DAG1_concat=range(6, 8), DAG2=[[('skip_connect', 0), ('skip_connect', 1)], [('skip_connect', 1), ('skip_connect', 0)], [('skip_connect', 3), ('skip_connect', 0)], [('skip_connect', 0), ('skip_connect', 1)], [('max_pool_3x3', 1), ('max_pool_3x3', 0)], [('max_pool_3x3', 0), ('skip_connect', 1)]], DAG2_concat=range(6, 8), DAG3=[[('skip_connect', 0), ('skip_connect', 1)], [('skip_connect', 1), ('skip_connect', 0)], [('max_pool_3x3', 0), ('skip_connect', 1)], [('max_pool_3x3', 0), ('max_pool_3x3', 1)], [('max_pool_3x3', 0), ('max_pool_3x3', 1)], [('max_pool_3x3', 0), ('max_pool_3x3', 1)]], DAG3_concat=range(6, 8))
09/05 10:01:33午後 searchStage_KD_main.py:89 [INFO] Until now, best Prec@1 = 19.4520%
####### ALPHA #######
# Alpha - DAG
tensor([[0.2469, 0.2444, 0.2595, 0.2492],
        [0.2468, 0.2438, 0.2589, 0.2506]], device='cuda:0',
       grad_fn=<SoftmaxBackward0>)
tensor([[0.2416, 0.2469, 0.2639, 0.2475],
        [0.2424, 0.2472, 0.2631, 0.2473],
        [0.2454, 0.2482, 0.2515, 0.2549]], device='cuda:0',
       grad_fn=<SoftmaxBackward0>)
tensor([[0.2489, 0.2454, 0.2616, 0.2442],
        [0.2462, 0.2470, 0.2617, 0.2450],
        [0.2466, 0.2447, 0.2487, 0.2601],
        [0.2452, 0.2480, 0.2558, 0.2510]], device='cuda:0',
       grad_fn=<SoftmaxBackward0>)
tensor([[0.2551, 0.2427, 0.2518, 0.2505],
        [0.2541, 0.2428, 0.2516, 0.2514],
        [0.2490, 0.2474, 0.2515, 0.2520],
        [0.2522, 0.2470, 0.2514, 0.2494],
        [0.2519, 0.2478, 0.2521, 0.2482]], device='cuda:0',
       grad_fn=<SoftmaxBackward0>)
tensor([[0.2541, 0.2417, 0.2699, 0.2343],
        [0.2519, 0.2425, 0.2706, 0.2350],
        [0.2483, 0.2406, 0.2494, 0.2617],
        [0.2499, 0.2424, 0.2537, 0.2540],
        [0.2441, 0.2444, 0.2515, 0.2599],
        [0.2522, 0.2442, 0.2466, 0.2570]], device='cuda:0',
       grad_fn=<SoftmaxBackward0>)
tensor([[0.2552, 0.2493, 0.2691, 0.2264],
        [0.2587, 0.2483, 0.2652, 0.2278],
        [0.2460, 0.2462, 0.2516, 0.2562],
        [0.2446, 0.2430, 0.2461, 0.2663],
        [0.2473, 0.2439, 0.2474, 0.2614],
        [0.2465, 0.2477, 0.2497, 0.2561],
        [0.2433, 0.2468, 0.2490, 0.2609]], device='cuda:0',
       grad_fn=<SoftmaxBackward0>)
tensor([[0.2449, 0.2374, 0.2648, 0.2529],
        [0.2501, 0.2394, 0.2646, 0.2459]], device='cuda:0',
       grad_fn=<SoftmaxBackward0>)
tensor([[0.2487, 0.2410, 0.2600, 0.2502],
        [0.2494, 0.2420, 0.2609, 0.2476],
        [0.2510, 0.2468, 0.2504, 0.2519]], device='cuda:0',
       grad_fn=<SoftmaxBackward0>)
tensor([[0.2463, 0.2436, 0.2558, 0.2543],
        [0.2501, 0.2462, 0.2549, 0.2488],
        [0.2491, 0.2479, 0.2507, 0.2524],
        [0.2468, 0.2496, 0.2578, 0.2458]], device='cuda:0',
       grad_fn=<SoftmaxBackward0>)
tensor([[0.2471, 0.2481, 0.2562, 0.2486],
        [0.2438, 0.2482, 0.2561, 0.2518],
        [0.2496, 0.2469, 0.2523, 0.2512],
        [0.2467, 0.2511, 0.2496, 0.2526],
        [0.2502, 0.2504, 0.2535, 0.2459]], device='cuda:0',
       grad_fn=<SoftmaxBackward0>)
tensor([[0.2606, 0.2455, 0.2568, 0.2372],
        [0.2609, 0.2463, 0.2560, 0.2368],
        [0.2539, 0.2428, 0.2484, 0.2549],
        [0.2543, 0.2433, 0.2497, 0.2527],
        [0.2564, 0.2414, 0.2430, 0.2591],
        [0.2497, 0.2439, 0.2481, 0.2583]], device='cuda:0',
       grad_fn=<SoftmaxBackward0>)
tensor([[0.2661, 0.2464, 0.2571, 0.2303],
        [0.2587, 0.2520, 0.2597, 0.2295],
        [0.2552, 0.2437, 0.2568, 0.2444],
        [0.2492, 0.2456, 0.2517, 0.2536],
        [0.2495, 0.2439, 0.2426, 0.2640],
        [0.2484, 0.2438, 0.2450, 0.2628],
        [0.2475, 0.2462, 0.2425, 0.2638]], device='cuda:0',
       grad_fn=<SoftmaxBackward0>)
tensor([[0.2490, 0.2273, 0.2717, 0.2520],
        [0.2496, 0.2305, 0.2725, 0.2474]], device='cuda:0',
       grad_fn=<SoftmaxBackward0>)
tensor([[0.2555, 0.2343, 0.2617, 0.2484],
        [0.2545, 0.2326, 0.2630, 0.2499],
        [0.2551, 0.2416, 0.2517, 0.2515]], device='cuda:0',
       grad_fn=<SoftmaxBackward0>)
tensor([[0.2580, 0.2359, 0.2546, 0.2514],
        [0.2553, 0.2350, 0.2559, 0.2538],
        [0.2534, 0.2427, 0.2525, 0.2513],
        [0.2551, 0.2457, 0.2546, 0.2446]], device='cuda:0',
       grad_fn=<SoftmaxBackward0>)
tensor([[0.2597, 0.2412, 0.2534, 0.2457],
        [0.2583, 0.2410, 0.2555, 0.2452],
        [0.2508, 0.2436, 0.2550, 0.2507],
        [0.2520, 0.2450, 0.2532, 0.2497],
        [0.2514, 0.2425, 0.2471, 0.2591]], device='cuda:0',
       grad_fn=<SoftmaxBackward0>)
tensor([[0.2799, 0.2378, 0.2449, 0.2373],
        [0.2783, 0.2386, 0.2455, 0.2376],
        [0.2684, 0.2370, 0.2440, 0.2506],
        [0.2626, 0.2384, 0.2444, 0.2547],
        [0.2633, 0.2375, 0.2415, 0.2576],
        [0.2574, 0.2380, 0.2418, 0.2628]], device='cuda:0',
       grad_fn=<SoftmaxBackward0>)
tensor([[0.2789, 0.2431, 0.2486, 0.2294],
        [0.2761, 0.2431, 0.2492, 0.2316],
        [0.2620, 0.2410, 0.2479, 0.2491],
        [0.2588, 0.2379, 0.2438, 0.2595],
        [0.2580, 0.2414, 0.2437, 0.2569],
        [0.2544, 0.2386, 0.2433, 0.2638],
        [0.2480, 0.2362, 0.2509, 0.2650]], device='cuda:0',
       grad_fn=<SoftmaxBackward0>)
#####################
09/05 10:01:50午後 searchStage_trainer.py:268 [INFO] Train: Epoch: [3][50/390]	Step 1223	lr 0.02479	Loss 3.0599 (3.2113)	Hard Loss 3.0599 (3.2113)	Soft Loss 3.0599 (3.2113)	Arch Loss 1.7446 (1.6653)	Arch Hard Loss 3.4460 (3.2850)	Arch Soft Loss 0.0004 (0.0005)	Arch depth Loss 0.0000 (0.0000)	Prec@(1,5) (20.2%, 49.1%)	
09/05 10:02:06午後 searchStage_trainer.py:268 [INFO] Train: Epoch: [3][100/390]	Step 1273	lr 0.02479	Loss 3.3242 (3.1984)	Hard Loss 3.3242 (3.1984)	Soft Loss 3.3242 (3.1984)	Arch Loss 1.7376 (1.6513)	Arch Hard Loss 3.4271 (3.2568)	Arch Soft Loss 0.0005 (0.0005)	Arch depth Loss 0.0000 (0.0000)	Prec@(1,5) (20.9%, 49.9%)	
09/05 10:02:22午後 searchStage_trainer.py:268 [INFO] Train: Epoch: [3][150/390]	Step 1323	lr 0.02479	Loss 3.2133 (3.1886)	Hard Loss 3.2133 (3.1886)	Soft Loss 3.2133 (3.1886)	Arch Loss 1.7347 (1.6465)	Arch Hard Loss 3.4200 (3.2470)	Arch Soft Loss 0.0005 (0.0005)	Arch depth Loss 0.0000 (0.0000)	Prec@(1,5) (21.0%, 50.3%)	
09/05 10:02:38午後 searchStage_trainer.py:268 [INFO] Train: Epoch: [3][200/390]	Step 1373	lr 0.02479	Loss 3.0779 (3.1929)	Hard Loss 3.0779 (3.1929)	Soft Loss 3.0779 (3.1929)	Arch Loss 1.5560 (1.6397)	Arch Hard Loss 3.0679 (3.2336)	Arch Soft Loss 0.0004 (0.0005)	Arch depth Loss 0.0000 (0.0000)	Prec@(1,5) (20.7%, 50.3%)	
09/05 10:02:54午後 searchStage_trainer.py:268 [INFO] Train: Epoch: [3][250/390]	Step 1423	lr 0.02479	Loss 3.2608 (3.1837)	Hard Loss 3.2608 (3.1837)	Soft Loss 3.2608 (3.1837)	Arch Loss 1.5384 (1.6343)	Arch Hard Loss 3.0355 (3.2229)	Arch Soft Loss 0.0004 (0.0005)	Arch depth Loss 0.0000 (0.0000)	Prec@(1,5) (20.9%, 50.5%)	
09/05 10:03:10午後 searchStage_trainer.py:268 [INFO] Train: Epoch: [3][300/390]	Step 1473	lr 0.02479	Loss 2.9222 (3.1681)	Hard Loss 2.9222 (3.1681)	Soft Loss 2.9222 (3.1681)	Arch Loss 1.7743 (1.6261)	Arch Hard Loss 3.5039 (3.2065)	Arch Soft Loss 0.0004 (0.0005)	Arch depth Loss 0.0000 (0.0000)	Prec@(1,5) (21.1%, 51.1%)	
09/05 10:03:26午後 searchStage_trainer.py:268 [INFO] Train: Epoch: [3][350/390]	Step 1523	lr 0.02479	Loss 3.1644 (3.1574)	Hard Loss 3.1644 (3.1574)	Soft Loss 3.1644 (3.1574)	Arch Loss 1.5648 (1.6171)	Arch Hard Loss 3.0843 (3.1886)	Arch Soft Loss 0.0005 (0.0005)	Arch depth Loss 0.0000 (0.0000)	Prec@(1,5) (21.4%, 51.3%)	
09/05 10:03:39午後 searchStage_trainer.py:268 [INFO] Train: Epoch: [3][390/390]	Step 1563	lr 0.02479	Loss 3.1971 (3.1558)	Hard Loss 3.1971 (3.1558)	Soft Loss 3.1971 (3.1558)	Arch Loss 1.6262 (1.6110)	Arch Hard Loss 3.2100 (3.1765)	Arch Soft Loss 0.0004 (0.0005)	Arch depth Loss 0.0000 (0.0000)	Prec@(1,5) (21.4%, 51.4%)	
09/05 10:03:40午後 searchStage_trainer.py:284 [INFO] Train: [  3/49] Final Prec@1 21.4440%
09/05 10:03:42午後 searchStage_trainer.py:312 [INFO] Valid: Epoch: [3][50/391]	Step 1564	Loss 3.1286	Prec@(1,5) (23.2%, 53.9%)
09/05 10:03:45午後 searchStage_trainer.py:312 [INFO] Valid: Epoch: [3][100/391]	Step 1564	Loss 3.1063	Prec@(1,5) (23.3%, 53.6%)
09/05 10:03:47午後 searchStage_trainer.py:312 [INFO] Valid: Epoch: [3][150/391]	Step 1564	Loss 3.1142	Prec@(1,5) (22.7%, 53.6%)
09/05 10:03:49午後 searchStage_trainer.py:312 [INFO] Valid: Epoch: [3][200/391]	Step 1564	Loss 3.1188	Prec@(1,5) (22.9%, 53.5%)
09/05 10:03:51午後 searchStage_trainer.py:312 [INFO] Valid: Epoch: [3][250/391]	Step 1564	Loss 3.1199	Prec@(1,5) (22.6%, 53.3%)
09/05 10:03:53午後 searchStage_trainer.py:312 [INFO] Valid: Epoch: [3][300/391]	Step 1564	Loss 3.1134	Prec@(1,5) (22.8%, 53.3%)
