10/14 06:45:21AM parser.py:28 [INFO] 
10/14 06:45:21AM parser.py:29 [INFO] Parameters:
10/14 06:45:21AM parser.py:31 [INFO] DAG=Genotype2(DAG1=[[('skip_connect', 0), ('skip_connect', 1)], [('skip_connect', 1), ('skip_connect', 0)], [('skip_connect', 1), ('skip_connect', 3)], [('skip_connect', 3), ('skip_connect', 4)], [('skip_connect', 3), ('skip_connect', 0)], [('skip_connect', 0), ('skip_connect', 1)]], DAG1_concat=range(6, 8), DAG2=[[('skip_connect', 1), ('skip_connect', 0)], [('skip_connect', 1), ('skip_connect', 0)], [('skip_connect', 1), ('skip_connect', 2)], [('skip_connect', 3), ('skip_connect', 2)], [('skip_connect', 1), ('skip_connect', 0)], [('skip_connect', 0), ('skip_connect', 1)]], DAG2_concat=range(6, 8), DAG3=[[('skip_connect', 0), ('skip_connect', 1)], [('skip_connect', 1), ('skip_connect', 0)], [('skip_connect', 1), ('skip_connect', 0)], [('skip_connect', 2), ('skip_connect', 3)], [('skip_connect', 0), ('skip_connect', 1)], [('skip_connect', 0), ('skip_connect', 1)]], DAG3_concat=range(6, 8))
10/14 06:45:21AM parser.py:31 [INFO] T=10.0
10/14 06:45:21AM parser.py:31 [INFO] ADVANCED=True
10/14 06:45:21AM parser.py:31 [INFO] AUX_WEIGHT=0.4
10/14 06:45:21AM parser.py:31 [INFO] BATCH_SIZE=64
10/14 06:45:21AM parser.py:31 [INFO] CHECKPOINT_RESET=False
10/14 06:45:21AM parser.py:31 [INFO] CUTOUT_LENGTH=16
10/14 06:45:21AM parser.py:31 [INFO] DATA_PATH=../data/
10/14 06:45:21AM parser.py:31 [INFO] DATASET=cifar100
10/14 06:45:21AM parser.py:31 [INFO] DEPTH_COEF=0.0
10/14 06:45:21AM parser.py:31 [INFO] DESCRIPTION=ArchHint_KD_mimic_only_teacher_archtecture
10/14 06:45:21AM parser.py:31 [INFO] DROP_PATH_PROB=0.2
10/14 06:45:21AM parser.py:31 [INFO] EPOCHS=100
10/14 06:45:21AM parser.py:31 [INFO] EXP_NAME=s4l0.001-h_das_teacher
10/14 06:45:21AM parser.py:31 [INFO] GENOTYPE=Genotype3(normal1=[[('sep_conv_5x5', 0), ('sep_conv_3x3', 1)], [('sep_conv_3x3', 1), ('sep_conv_3x3', 0)], [('sep_conv_3x3', 1), ('sep_conv_3x3', 2)], [('sep_conv_3x3', 0), ('sep_conv_5x5', 4)]], normal1_concat=range(2, 6), reduce1=[[('sep_conv_3x3', 0), ('skip_connect', 1)], [('sep_conv_3x3', 1), ('max_pool_3x3', 0)], [('sep_conv_3x3', 2), ('sep_conv_3x3', 1)], [('max_pool_3x3', 0), ('dil_conv_3x3', 1)]], reduce1_concat=range(2, 6), normal2=[[('skip_connect', 0), ('sep_conv_5x5', 1)], [('skip_connect', 0), ('skip_connect', 2)], [('avg_pool_3x3', 0), ('avg_pool_3x3', 2)], [('skip_connect', 0), ('avg_pool_3x3', 2)]], normal2_concat=range(2, 6), reduce2=[[('avg_pool_3x3', 0), ('avg_pool_3x3', 1)], [('avg_pool_3x3', 0), ('skip_connect', 2)], [('skip_connect', 2), ('avg_pool_3x3', 0)], [('skip_connect', 2), ('avg_pool_3x3', 0)]], reduce2_concat=range(2, 6), normal3=[[('skip_connect', 0), ('skip_connect', 1)], [('skip_connect', 0), ('dil_conv_3x3', 1)], [('skip_connect', 0), ('skip_connect', 1)], [('skip_connect', 0), ('skip_connect', 2)]], normal3_concat=range(2, 6))
10/14 06:45:21AM parser.py:31 [INFO] GPUS=[0]
10/14 06:45:21AM parser.py:31 [INFO] INIT_CHANNELS=32
10/14 06:45:21AM parser.py:31 [INFO] L=0.5
10/14 06:45:21AM parser.py:31 [INFO] LAYERS=20
10/14 06:45:21AM parser.py:31 [INFO] LOGGER=<Logger H-DAS (INFO)>
10/14 06:45:21AM parser.py:31 [INFO] NAME=ARCH-KD
10/14 06:45:21AM parser.py:31 [INFO] NONKD=True
10/14 06:45:21AM parser.py:31 [INFO] PATH=results/evaluate_stage_KD/cifar100/ARCH-KD/s4l0.001-h_das_teacher
10/14 06:45:21AM parser.py:31 [INFO] PLOT_PATH=results/evaluate_stage_KD/cifar100/ARCH-KD/s4l0.001-h_das_teacher/plots
10/14 06:45:21AM parser.py:31 [INFO] PRINT_FREQ=100
10/14 06:45:21AM parser.py:31 [INFO] RESUME_PATH=/home/miura/lab/KD-hdas/results/search_stage_KD/cifar100/ARCH-KD/l0.001-2-h_das_teacher/best.pth.tar
10/14 06:45:21AM parser.py:31 [INFO] SAVE=s4l0.001-h_das_teacher
10/14 06:45:21AM parser.py:31 [INFO] SEED=4
10/14 06:45:21AM parser.py:31 [INFO] SLIDE_WINDOW=8
10/14 06:45:21AM parser.py:31 [INFO] SPEC_CELL=True
10/14 06:45:21AM parser.py:31 [INFO] TEACHER_NAME=none
10/14 06:45:21AM parser.py:31 [INFO] TEACHER_PATH=none
10/14 06:45:21AM parser.py:31 [INFO] TRAIN_PORTION=0.9
10/14 06:45:21AM parser.py:31 [INFO] W_GRAD_CLIP=5.0
10/14 06:45:21AM parser.py:31 [INFO] W_LR=0.025
10/14 06:45:21AM parser.py:31 [INFO] W_LR_MIN=0.001
10/14 06:45:21AM parser.py:31 [INFO] W_MOMENTUM=0.9
10/14 06:45:21AM parser.py:31 [INFO] W_WEIGHT_DECAY=0.0003
10/14 06:45:21AM parser.py:31 [INFO] WORKERS=4
10/14 06:45:21AM parser.py:32 [INFO] 
10/14 06:45:41AM evaluateStageRelax_trainer.py:115 [INFO] --> Loaded checkpoint '/home/miura/lab/KD-hdas/results/search_stage_KD/cifar100/ARCH-KD/l0.001-2-h_das_teacher/best.pth.tar'(Reseted epoch 0)
10/14 06:45:41AM evaluateStageRelax_trainer.py:138 [INFO] --> Loaded alpha parameters are Freezed
####### ALPHA #######
# Alpha - DAG
tensor([[0.1739, 0.1972, 0.4213, 0.2075],
        [0.1783, 0.2005, 0.4149, 0.2063]], device='cuda:0')
tensor([[0.1524, 0.1706, 0.4784, 0.1985],
        [0.1523, 0.1689, 0.4795, 0.1993],
        [0.2266, 0.2623, 0.2702, 0.2410]], device='cuda:0')
tensor([[0.2221, 0.2307, 0.2767, 0.2705],
        [0.1878, 0.1959, 0.4000, 0.2163],
        [0.2261, 0.2489, 0.2687, 0.2562],
        [0.1973, 0.2157, 0.3985, 0.1884]], device='cuda:0')
tensor([[0.2522, 0.2438, 0.2493, 0.2547],
        [0.2520, 0.2425, 0.2488, 0.2567],
        [0.2428, 0.2587, 0.2647, 0.2339],
        [0.2063, 0.2048, 0.3680, 0.2209],
        [0.2095, 0.2119, 0.3631, 0.2155]], device='cuda:0')
tensor([[0.1598, 0.1742, 0.4434, 0.2226],
        [0.1613, 0.1761, 0.4328, 0.2298],
        [0.2257, 0.2351, 0.2676, 0.2716],
        [0.1748, 0.1796, 0.4601, 0.1855],
        [0.1925, 0.2000, 0.3939, 0.2136],
        [0.2316, 0.2493, 0.2575, 0.2615]], device='cuda:0')
tensor([[0.1195, 0.1253, 0.5242, 0.2311],
        [0.1203, 0.1269, 0.5188, 0.2340],
        [0.2258, 0.2357, 0.2793, 0.2592],
        [0.1813, 0.1917, 0.4362, 0.1908],
        [0.1879, 0.2070, 0.3960, 0.2092],
        [0.2465, 0.2465, 0.2521, 0.2549],
        [0.2044, 0.2387, 0.3580, 0.1990]], device='cuda:0')
tensor([[0.1879, 0.1939, 0.4012, 0.2171],
        [0.1998, 0.1920, 0.4067, 0.2015]], device='cuda:0')
tensor([[0.1905, 0.2048, 0.3927, 0.2120],
        [0.1951, 0.2030, 0.3933, 0.2086],
        [0.2536, 0.2554, 0.2347, 0.2563]], device='cuda:0')
tensor([[0.2362, 0.2416, 0.2824, 0.2399],
        [0.1874, 0.2006, 0.4126, 0.1995],
        [0.2048, 0.2043, 0.3635, 0.2274],
        [0.2399, 0.2563, 0.2481, 0.2557]], device='cuda:0')
tensor([[0.2788, 0.2508, 0.2617, 0.2086],
        [0.2758, 0.2487, 0.2660, 0.2096],
        [0.1918, 0.1942, 0.3515, 0.2625],
        [0.1962, 0.2029, 0.3568, 0.2442],
        [0.2446, 0.2515, 0.2483, 0.2556]], device='cuda:0')
tensor([[0.1731, 0.1660, 0.4371, 0.2237],
        [0.1656, 0.1664, 0.4420, 0.2260],
        [0.2635, 0.2739, 0.2933, 0.1693],
        [0.1847, 0.1870, 0.3931, 0.2353],
        [0.2012, 0.1891, 0.3551, 0.2546],
        [0.2426, 0.2149, 0.2283, 0.3142]], device='cuda:0')
tensor([[0.1735, 0.1832, 0.4671, 0.1762],
        [0.1759, 0.1798, 0.4624, 0.1819],
        [0.2455, 0.2754, 0.2863, 0.1928],
        [0.1948, 0.2453, 0.2756, 0.2843],
        [0.1792, 0.1913, 0.3712, 0.2583],
        [0.2096, 0.1965, 0.3470, 0.2469],
        [0.1906, 0.2042, 0.2187, 0.3864]], device='cuda:0')
tensor([[0.0892, 0.1147, 0.6438, 0.1523],
        [0.0899, 0.1149, 0.6225, 0.1727]], device='cuda:0')
tensor([[0.0975, 0.1279, 0.6098, 0.1649],
        [0.1036, 0.1246, 0.6294, 0.1424],
        [0.1604, 0.2333, 0.2868, 0.3195]], device='cuda:0')
tensor([[0.1345, 0.1398, 0.5691, 0.1566],
        [0.1146, 0.1023, 0.6795, 0.1037],
        [0.1169, 0.1443, 0.3969, 0.3420],
        [0.1486, 0.1556, 0.2496, 0.4461]], device='cuda:0')
tensor([[0.2032, 0.2091, 0.3769, 0.2108],
        [0.2083, 0.2195, 0.3819, 0.1903],
        [0.1829, 0.2118, 0.3700, 0.2352],
        [0.1784, 0.2004, 0.3673, 0.2539],
        [0.2106, 0.2455, 0.2446, 0.2993]], device='cuda:0')
tensor([[0.0535, 0.0476, 0.8447, 0.0542],
        [0.0562, 0.0489, 0.8388, 0.0560],
        [0.0898, 0.0944, 0.2567, 0.5591],
        [0.0714, 0.0682, 0.3685, 0.4919],
        [0.0681, 0.0667, 0.4822, 0.3830],
        [0.0499, 0.0483, 0.0863, 0.8155]], device='cuda:0')
tensor([[0.0596, 0.0517, 0.8340, 0.0546],
        [0.0621, 0.0523, 0.8346, 0.0510],
        [0.1003, 0.0991, 0.4147, 0.3859],
        [0.0989, 0.0895, 0.2465, 0.5650],
        [0.0647, 0.0680, 0.6321, 0.2353],
        [0.0466, 0.0438, 0.1214, 0.7882],
        [0.0952, 0.0762, 0.1139, 0.7147]], device='cuda:0')
#####################
10/14 06:45:59AM evaluateStageRelax_trainer.py:198 [INFO] Train: Epoch: [0][100/703]	Step 100	lr 0.025	Loss 6.2613 (6.3179)	Hard Loss 0.0000 (0.0000)	Soft Loss 0.0000 (0.0000)	Prec@(1,5) (3.0%, 13.1%)	
10/14 06:46:16AM evaluateStageRelax_trainer.py:198 [INFO] Train: Epoch: [0][200/703]	Step 200	lr 0.025	Loss 5.7111 (6.0339)	Hard Loss 0.0000 (0.0000)	Soft Loss 0.0000 (0.0000)	Prec@(1,5) (4.6%, 18.3%)	
10/14 06:46:33AM evaluateStageRelax_trainer.py:198 [INFO] Train: Epoch: [0][300/703]	Step 300	lr 0.025	Loss 5.2778 (5.8510)	Hard Loss 0.0000 (0.0000)	Soft Loss 0.0000 (0.0000)	Prec@(1,5) (5.9%, 22.0%)	
10/14 06:46:49AM evaluateStageRelax_trainer.py:198 [INFO] Train: Epoch: [0][400/703]	Step 400	lr 0.025	Loss 5.4408 (5.7291)	Hard Loss 0.0000 (0.0000)	Soft Loss 0.0000 (0.0000)	Prec@(1,5) (6.8%, 24.3%)	
10/14 06:47:06AM evaluateStageRelax_trainer.py:198 [INFO] Train: Epoch: [0][500/703]	Step 500	lr 0.025	Loss 4.8429 (5.6266)	Hard Loss 0.0000 (0.0000)	Soft Loss 0.0000 (0.0000)	Prec@(1,5) (7.8%, 26.4%)	
10/14 06:47:23AM evaluateStageRelax_trainer.py:198 [INFO] Train: Epoch: [0][600/703]	Step 600	lr 0.025	Loss 4.6998 (5.5345)	Hard Loss 0.0000 (0.0000)	Soft Loss 0.0000 (0.0000)	Prec@(1,5) (8.9%, 28.4%)	
10/14 06:47:40AM evaluateStageRelax_trainer.py:198 [INFO] Train: Epoch: [0][700/703]	Step 700	lr 0.025	Loss 4.9100 (5.4517)	Hard Loss 0.0000 (0.0000)	Soft Loss 0.0000 (0.0000)	Prec@(1,5) (9.7%, 30.1%)	
10/14 06:47:40AM evaluateStageRelax_trainer.py:198 [INFO] Train: Epoch: [0][703/703]	Step 703	lr 0.025	Loss 5.1844 (5.4499)	Hard Loss 0.0000 (0.0000)	Soft Loss 0.0000 (0.0000)	Prec@(1,5) (9.7%, 30.1%)	
10/14 06:47:41AM evaluateStageRelax_trainer.py:207 [INFO] Train: [  0/99] Final Prec@1 9.6956%
10/14 06:47:46AM evaluateStageRelax_trainer.py:242 [INFO] Valid: [  0/99] Final Prec@1 15.0800%
10/14 06:47:47午前 evaluateStageRelax_main.py:73 [INFO] Until now, best Prec@1 = 15.0800%
####### ALPHA #######
# Alpha - DAG
tensor([[0.1739, 0.1972, 0.4213, 0.2075],
        [0.1783, 0.2005, 0.4149, 0.2063]], device='cuda:0')
tensor([[0.1524, 0.1706, 0.4784, 0.1985],
        [0.1523, 0.1689, 0.4795, 0.1993],
        [0.2266, 0.2623, 0.2702, 0.2410]], device='cuda:0')
tensor([[0.2221, 0.2307, 0.2767, 0.2705],
        [0.1878, 0.1959, 0.4000, 0.2163],
        [0.2261, 0.2489, 0.2687, 0.2562],
        [0.1973, 0.2157, 0.3985, 0.1884]], device='cuda:0')
tensor([[0.2522, 0.2438, 0.2493, 0.2547],
        [0.2520, 0.2425, 0.2488, 0.2567],
        [0.2428, 0.2587, 0.2647, 0.2339],
        [0.2063, 0.2048, 0.3680, 0.2209],
        [0.2095, 0.2119, 0.3631, 0.2155]], device='cuda:0')
tensor([[0.1598, 0.1742, 0.4434, 0.2226],
        [0.1613, 0.1761, 0.4328, 0.2298],
        [0.2257, 0.2351, 0.2676, 0.2716],
        [0.1748, 0.1796, 0.4601, 0.1855],
        [0.1925, 0.2000, 0.3939, 0.2136],
        [0.2316, 0.2493, 0.2575, 0.2615]], device='cuda:0')
tensor([[0.1195, 0.1253, 0.5242, 0.2311],
        [0.1203, 0.1269, 0.5188, 0.2340],
        [0.2258, 0.2357, 0.2793, 0.2592],
        [0.1813, 0.1917, 0.4362, 0.1908],
        [0.1879, 0.2070, 0.3960, 0.2092],
        [0.2465, 0.2465, 0.2521, 0.2549],
        [0.2044, 0.2387, 0.3580, 0.1990]], device='cuda:0')
tensor([[0.1879, 0.1939, 0.4012, 0.2171],
        [0.1998, 0.1920, 0.4067, 0.2015]], device='cuda:0')
tensor([[0.1905, 0.2048, 0.3927, 0.2120],
        [0.1951, 0.2030, 0.3933, 0.2086],
        [0.2536, 0.2554, 0.2347, 0.2563]], device='cuda:0')
tensor([[0.2362, 0.2416, 0.2824, 0.2399],
        [0.1874, 0.2006, 0.4126, 0.1995],
        [0.2048, 0.2043, 0.3635, 0.2274],
        [0.2399, 0.2563, 0.2481, 0.2557]], device='cuda:0')
tensor([[0.2788, 0.2508, 0.2617, 0.2086],
        [0.2758, 0.2487, 0.2660, 0.2096],
        [0.1918, 0.1942, 0.3515, 0.2625],
        [0.1962, 0.2029, 0.3568, 0.2442],
        [0.2446, 0.2515, 0.2483, 0.2556]], device='cuda:0')
tensor([[0.1731, 0.1660, 0.4371, 0.2237],
        [0.1656, 0.1664, 0.4420, 0.2260],
        [0.2635, 0.2739, 0.2933, 0.1693],
        [0.1847, 0.1870, 0.3931, 0.2353],
        [0.2012, 0.1891, 0.3551, 0.2546],
        [0.2426, 0.2149, 0.2283, 0.3142]], device='cuda:0')
tensor([[0.1735, 0.1832, 0.4671, 0.1762],
        [0.1759, 0.1798, 0.4624, 0.1819],
        [0.2455, 0.2754, 0.2863, 0.1928],
        [0.1948, 0.2453, 0.2756, 0.2843],
        [0.1792, 0.1913, 0.3712, 0.2583],
        [0.2096, 0.1965, 0.3470, 0.2469],
        [0.1906, 0.2042, 0.2187, 0.3864]], device='cuda:0')
tensor([[0.0892, 0.1147, 0.6438, 0.1523],
        [0.0899, 0.1149, 0.6225, 0.1727]], device='cuda:0')
tensor([[0.0975, 0.1279, 0.6098, 0.1649],
        [0.1036, 0.1246, 0.6294, 0.1424],
        [0.1604, 0.2333, 0.2868, 0.3195]], device='cuda:0')
tensor([[0.1345, 0.1398, 0.5691, 0.1566],
        [0.1146, 0.1023, 0.6795, 0.1037],
        [0.1169, 0.1443, 0.3969, 0.3420],
        [0.1486, 0.1556, 0.2496, 0.4461]], device='cuda:0')
tensor([[0.2032, 0.2091, 0.3769, 0.2108],
        [0.2083, 0.2195, 0.3819, 0.1903],
        [0.1829, 0.2118, 0.3700, 0.2352],
        [0.1784, 0.2004, 0.3673, 0.2539],
        [0.2106, 0.2455, 0.2446, 0.2993]], device='cuda:0')
tensor([[0.0535, 0.0476, 0.8447, 0.0542],
        [0.0562, 0.0489, 0.8388, 0.0560],
        [0.0898, 0.0944, 0.2567, 0.5591],
        [0.0714, 0.0682, 0.3685, 0.4919],
        [0.0681, 0.0667, 0.4822, 0.3830],
        [0.0499, 0.0483, 0.0863, 0.8155]], device='cuda:0')
tensor([[0.0596, 0.0517, 0.8340, 0.0546],
        [0.0621, 0.0523, 0.8346, 0.0510],
        [0.1003, 0.0991, 0.4147, 0.3859],
        [0.0989, 0.0895, 0.2465, 0.5650],
        [0.0647, 0.0680, 0.6321, 0.2353],
        [0.0466, 0.0438, 0.1214, 0.7882],
        [0.0952, 0.0762, 0.1139, 0.7147]], device='cuda:0')
#####################
10/14 06:48:05午前 evaluateStageRelax_trainer.py:198 [INFO] Train: Epoch: [1][100/703]	Step 804	lr 0.02499	Loss 4.8677 (4.8230)	Hard Loss 0.0000 (0.0000)	Soft Loss 0.0000 (0.0000)	Prec@(1,5) (16.3%, 43.1%)	
10/14 06:48:22午前 evaluateStageRelax_trainer.py:198 [INFO] Train: Epoch: [1][200/703]	Step 904	lr 0.02499	Loss 4.6153 (4.7456)	Hard Loss 0.0000 (0.0000)	Soft Loss 0.0000 (0.0000)	Prec@(1,5) (17.4%, 44.8%)	
10/14 06:48:40午前 evaluateStageRelax_trainer.py:198 [INFO] Train: Epoch: [1][300/703]	Step 1004	lr 0.02499	Loss 4.3534 (4.7044)	Hard Loss 0.0000 (0.0000)	Soft Loss 0.0000 (0.0000)	Prec@(1,5) (18.3%, 45.8%)	
10/14 06:48:57午前 evaluateStageRelax_trainer.py:198 [INFO] Train: Epoch: [1][400/703]	Step 1104	lr 0.02499	Loss 3.5625 (4.6682)	Hard Loss 0.0000 (0.0000)	Soft Loss 0.0000 (0.0000)	Prec@(1,5) (18.7%, 46.6%)	
10/14 06:49:14午前 evaluateStageRelax_trainer.py:198 [INFO] Train: Epoch: [1][500/703]	Step 1204	lr 0.02499	Loss 4.4061 (4.6168)	Hard Loss 0.0000 (0.0000)	Soft Loss 0.0000 (0.0000)	Prec@(1,5) (19.2%, 47.7%)	
10/14 06:49:32午前 evaluateStageRelax_trainer.py:198 [INFO] Train: Epoch: [1][600/703]	Step 1304	lr 0.02499	Loss 4.1794 (4.5745)	Hard Loss 0.0000 (0.0000)	Soft Loss 0.0000 (0.0000)	Prec@(1,5) (19.7%, 48.5%)	
10/14 06:49:49午前 evaluateStageRelax_trainer.py:198 [INFO] Train: Epoch: [1][700/703]	Step 1404	lr 0.02499	Loss 4.0149 (4.5232)	Hard Loss 0.0000 (0.0000)	Soft Loss 0.0000 (0.0000)	Prec@(1,5) (20.5%, 49.5%)	
10/14 06:49:50午前 evaluateStageRelax_trainer.py:198 [INFO] Train: Epoch: [1][703/703]	Step 1407	lr 0.02499	Loss 3.9167 (4.5216)	Hard Loss 0.0000 (0.0000)	Soft Loss 0.0000 (0.0000)	Prec@(1,5) (20.5%, 49.5%)	
10/14 06:49:50午前 evaluateStageRelax_trainer.py:207 [INFO] Train: [  1/99] Final Prec@1 20.5267%
10/14 06:49:55午前 evaluateStageRelax_trainer.py:242 [INFO] Valid: [  1/99] Final Prec@1 22.2200%
10/14 06:49:56午前 evaluateStageRelax_main.py:73 [INFO] Until now, best Prec@1 = 22.2200%
####### ALPHA #######
# Alpha - DAG
tensor([[0.1739, 0.1972, 0.4213, 0.2075],
        [0.1783, 0.2005, 0.4149, 0.2063]], device='cuda:0')
tensor([[0.1524, 0.1706, 0.4784, 0.1985],
        [0.1523, 0.1689, 0.4795, 0.1993],
        [0.2266, 0.2623, 0.2702, 0.2410]], device='cuda:0')
tensor([[0.2221, 0.2307, 0.2767, 0.2705],
        [0.1878, 0.1959, 0.4000, 0.2163],
        [0.2261, 0.2489, 0.2687, 0.2562],
        [0.1973, 0.2157, 0.3985, 0.1884]], device='cuda:0')
tensor([[0.2522, 0.2438, 0.2493, 0.2547],
        [0.2520, 0.2425, 0.2488, 0.2567],
        [0.2428, 0.2587, 0.2647, 0.2339],
        [0.2063, 0.2048, 0.3680, 0.2209],
        [0.2095, 0.2119, 0.3631, 0.2155]], device='cuda:0')
tensor([[0.1598, 0.1742, 0.4434, 0.2226],
        [0.1613, 0.1761, 0.4328, 0.2298],
        [0.2257, 0.2351, 0.2676, 0.2716],
        [0.1748, 0.1796, 0.4601, 0.1855],
        [0.1925, 0.2000, 0.3939, 0.2136],
        [0.2316, 0.2493, 0.2575, 0.2615]], device='cuda:0')
tensor([[0.1195, 0.1253, 0.5242, 0.2311],
        [0.1203, 0.1269, 0.5188, 0.2340],
        [0.2258, 0.2357, 0.2793, 0.2592],
        [0.1813, 0.1917, 0.4362, 0.1908],
        [0.1879, 0.2070, 0.3960, 0.2092],
        [0.2465, 0.2465, 0.2521, 0.2549],
        [0.2044, 0.2387, 0.3580, 0.1990]], device='cuda:0')
tensor([[0.1879, 0.1939, 0.4012, 0.2171],
        [0.1998, 0.1920, 0.4067, 0.2015]], device='cuda:0')
tensor([[0.1905, 0.2048, 0.3927, 0.2120],
        [0.1951, 0.2030, 0.3933, 0.2086],
        [0.2536, 0.2554, 0.2347, 0.2563]], device='cuda:0')
tensor([[0.2362, 0.2416, 0.2824, 0.2399],
        [0.1874, 0.2006, 0.4126, 0.1995],
        [0.2048, 0.2043, 0.3635, 0.2274],
        [0.2399, 0.2563, 0.2481, 0.2557]], device='cuda:0')
tensor([[0.2788, 0.2508, 0.2617, 0.2086],
        [0.2758, 0.2487, 0.2660, 0.2096],
        [0.1918, 0.1942, 0.3515, 0.2625],
        [0.1962, 0.2029, 0.3568, 0.2442],
        [0.2446, 0.2515, 0.2483, 0.2556]], device='cuda:0')
tensor([[0.1731, 0.1660, 0.4371, 0.2237],
        [0.1656, 0.1664, 0.4420, 0.2260],
        [0.2635, 0.2739, 0.2933, 0.1693],
        [0.1847, 0.1870, 0.3931, 0.2353],
        [0.2012, 0.1891, 0.3551, 0.2546],
        [0.2426, 0.2149, 0.2283, 0.3142]], device='cuda:0')
tensor([[0.1735, 0.1832, 0.4671, 0.1762],
        [0.1759, 0.1798, 0.4624, 0.1819],
        [0.2455, 0.2754, 0.2863, 0.1928],
        [0.1948, 0.2453, 0.2756, 0.2843],
        [0.1792, 0.1913, 0.3712, 0.2583],
        [0.2096, 0.1965, 0.3470, 0.2469],
        [0.1906, 0.2042, 0.2187, 0.3864]], device='cuda:0')
tensor([[0.0892, 0.1147, 0.6438, 0.1523],
        [0.0899, 0.1149, 0.6225, 0.1727]], device='cuda:0')
tensor([[0.0975, 0.1279, 0.6098, 0.1649],
        [0.1036, 0.1246, 0.6294, 0.1424],
        [0.1604, 0.2333, 0.2868, 0.3195]], device='cuda:0')
tensor([[0.1345, 0.1398, 0.5691, 0.1566],
        [0.1146, 0.1023, 0.6795, 0.1037],
        [0.1169, 0.1443, 0.3969, 0.3420],
        [0.1486, 0.1556, 0.2496, 0.4461]], device='cuda:0')
tensor([[0.2032, 0.2091, 0.3769, 0.2108],
        [0.2083, 0.2195, 0.3819, 0.1903],
        [0.1829, 0.2118, 0.3700, 0.2352],
        [0.1784, 0.2004, 0.3673, 0.2539],
        [0.2106, 0.2455, 0.2446, 0.2993]], device='cuda:0')
tensor([[0.0535, 0.0476, 0.8447, 0.0542],
        [0.0562, 0.0489, 0.8388, 0.0560],
        [0.0898, 0.0944, 0.2567, 0.5591],
        [0.0714, 0.0682, 0.3685, 0.4919],
        [0.0681, 0.0667, 0.4822, 0.3830],
        [0.0499, 0.0483, 0.0863, 0.8155]], device='cuda:0')
tensor([[0.0596, 0.0517, 0.8340, 0.0546],
        [0.0621, 0.0523, 0.8346, 0.0510],
        [0.1003, 0.0991, 0.4147, 0.3859],
        [0.0989, 0.0895, 0.2465, 0.5650],
        [0.0647, 0.0680, 0.6321, 0.2353],
        [0.0466, 0.0438, 0.1214, 0.7882],
        [0.0952, 0.0762, 0.1139, 0.7147]], device='cuda:0')
#####################
10/14 06:50:14午前 evaluateStageRelax_trainer.py:198 [INFO] Train: Epoch: [2][100/703]	Step 1508	lr 0.02498	Loss 4.0221 (4.1350)	Hard Loss 0.0000 (0.0000)	Soft Loss 0.0000 (0.0000)	Prec@(1,5) (25.8%, 57.2%)	
10/14 06:50:31午前 evaluateStageRelax_trainer.py:198 [INFO] Train: Epoch: [2][200/703]	Step 1608	lr 0.02498	Loss 4.2425 (4.1163)	Hard Loss 0.0000 (0.0000)	Soft Loss 0.0000 (0.0000)	Prec@(1,5) (26.0%, 57.1%)	
10/14 06:50:49午前 evaluateStageRelax_trainer.py:198 [INFO] Train: Epoch: [2][300/703]	Step 1708	lr 0.02498	Loss 3.9872 (4.0782)	Hard Loss 0.0000 (0.0000)	Soft Loss 0.0000 (0.0000)	Prec@(1,5) (26.7%, 57.9%)	
10/14 06:51:07午前 evaluateStageRelax_trainer.py:198 [INFO] Train: Epoch: [2][400/703]	Step 1808	lr 0.02498	Loss 4.1339 (4.0294)	Hard Loss 0.0000 (0.0000)	Soft Loss 0.0000 (0.0000)	Prec@(1,5) (27.4%, 58.8%)	
10/14 06:51:24午前 evaluateStageRelax_trainer.py:198 [INFO] Train: Epoch: [2][500/703]	Step 1908	lr 0.02498	Loss 4.3836 (3.9932)	Hard Loss 0.0000 (0.0000)	Soft Loss 0.0000 (0.0000)	Prec@(1,5) (27.9%, 59.4%)	
10/14 06:51:41午前 evaluateStageRelax_trainer.py:198 [INFO] Train: Epoch: [2][600/703]	Step 2008	lr 0.02498	Loss 3.7335 (3.9618)	Hard Loss 0.0000 (0.0000)	Soft Loss 0.0000 (0.0000)	Prec@(1,5) (28.2%, 59.9%)	
10/14 06:51:59午前 evaluateStageRelax_trainer.py:198 [INFO] Train: Epoch: [2][700/703]	Step 2108	lr 0.02498	Loss 3.4379 (3.9313)	Hard Loss 0.0000 (0.0000)	Soft Loss 0.0000 (0.0000)	Prec@(1,5) (28.6%, 60.4%)	
10/14 06:51:59午前 evaluateStageRelax_trainer.py:198 [INFO] Train: Epoch: [2][703/703]	Step 2111	lr 0.02498	Loss 3.7465 (3.9308)	Hard Loss 0.0000 (0.0000)	Soft Loss 0.0000 (0.0000)	Prec@(1,5) (28.6%, 60.4%)	
10/14 06:51:59午前 evaluateStageRelax_trainer.py:207 [INFO] Train: [  2/99] Final Prec@1 28.6222%
10/14 06:52:04午前 evaluateStageRelax_trainer.py:242 [INFO] Valid: [  2/99] Final Prec@1 30.2800%
10/14 06:52:05午前 evaluateStageRelax_main.py:73 [INFO] Until now, best Prec@1 = 30.2800%
####### ALPHA #######
# Alpha - DAG
tensor([[0.1739, 0.1972, 0.4213, 0.2075],
        [0.1783, 0.2005, 0.4149, 0.2063]], device='cuda:0')
tensor([[0.1524, 0.1706, 0.4784, 0.1985],
        [0.1523, 0.1689, 0.4795, 0.1993],
        [0.2266, 0.2623, 0.2702, 0.2410]], device='cuda:0')
tensor([[0.2221, 0.2307, 0.2767, 0.2705],
        [0.1878, 0.1959, 0.4000, 0.2163],
        [0.2261, 0.2489, 0.2687, 0.2562],
        [0.1973, 0.2157, 0.3985, 0.1884]], device='cuda:0')
tensor([[0.2522, 0.2438, 0.2493, 0.2547],
        [0.2520, 0.2425, 0.2488, 0.2567],
        [0.2428, 0.2587, 0.2647, 0.2339],
        [0.2063, 0.2048, 0.3680, 0.2209],
        [0.2095, 0.2119, 0.3631, 0.2155]], device='cuda:0')
tensor([[0.1598, 0.1742, 0.4434, 0.2226],
        [0.1613, 0.1761, 0.4328, 0.2298],
        [0.2257, 0.2351, 0.2676, 0.2716],
        [0.1748, 0.1796, 0.4601, 0.1855],
        [0.1925, 0.2000, 0.3939, 0.2136],
        [0.2316, 0.2493, 0.2575, 0.2615]], device='cuda:0')
tensor([[0.1195, 0.1253, 0.5242, 0.2311],
        [0.1203, 0.1269, 0.5188, 0.2340],
        [0.2258, 0.2357, 0.2793, 0.2592],
        [0.1813, 0.1917, 0.4362, 0.1908],
        [0.1879, 0.2070, 0.3960, 0.2092],
        [0.2465, 0.2465, 0.2521, 0.2549],
        [0.2044, 0.2387, 0.3580, 0.1990]], device='cuda:0')
tensor([[0.1879, 0.1939, 0.4012, 0.2171],
        [0.1998, 0.1920, 0.4067, 0.2015]], device='cuda:0')
tensor([[0.1905, 0.2048, 0.3927, 0.2120],
        [0.1951, 0.2030, 0.3933, 0.2086],
        [0.2536, 0.2554, 0.2347, 0.2563]], device='cuda:0')
tensor([[0.2362, 0.2416, 0.2824, 0.2399],
        [0.1874, 0.2006, 0.4126, 0.1995],
        [0.2048, 0.2043, 0.3635, 0.2274],
        [0.2399, 0.2563, 0.2481, 0.2557]], device='cuda:0')
tensor([[0.2788, 0.2508, 0.2617, 0.2086],
        [0.2758, 0.2487, 0.2660, 0.2096],
        [0.1918, 0.1942, 0.3515, 0.2625],
        [0.1962, 0.2029, 0.3568, 0.2442],
        [0.2446, 0.2515, 0.2483, 0.2556]], device='cuda:0')
tensor([[0.1731, 0.1660, 0.4371, 0.2237],
        [0.1656, 0.1664, 0.4420, 0.2260],
        [0.2635, 0.2739, 0.2933, 0.1693],
        [0.1847, 0.1870, 0.3931, 0.2353],
        [0.2012, 0.1891, 0.3551, 0.2546],
        [0.2426, 0.2149, 0.2283, 0.3142]], device='cuda:0')
tensor([[0.1735, 0.1832, 0.4671, 0.1762],
        [0.1759, 0.1798, 0.4624, 0.1819],
        [0.2455, 0.2754, 0.2863, 0.1928],
        [0.1948, 0.2453, 0.2756, 0.2843],
        [0.1792, 0.1913, 0.3712, 0.2583],
        [0.2096, 0.1965, 0.3470, 0.2469],
        [0.1906, 0.2042, 0.2187, 0.3864]], device='cuda:0')
tensor([[0.0892, 0.1147, 0.6438, 0.1523],
        [0.0899, 0.1149, 0.6225, 0.1727]], device='cuda:0')
tensor([[0.0975, 0.1279, 0.6098, 0.1649],
        [0.1036, 0.1246, 0.6294, 0.1424],
        [0.1604, 0.2333, 0.2868, 0.3195]], device='cuda:0')
tensor([[0.1345, 0.1398, 0.5691, 0.1566],
        [0.1146, 0.1023, 0.6795, 0.1037],
        [0.1169, 0.1443, 0.3969, 0.3420],
        [0.1486, 0.1556, 0.2496, 0.4461]], device='cuda:0')
tensor([[0.2032, 0.2091, 0.3769, 0.2108],
        [0.2083, 0.2195, 0.3819, 0.1903],
        [0.1829, 0.2118, 0.3700, 0.2352],
        [0.1784, 0.2004, 0.3673, 0.2539],
        [0.2106, 0.2455, 0.2446, 0.2993]], device='cuda:0')
tensor([[0.0535, 0.0476, 0.8447, 0.0542],
        [0.0562, 0.0489, 0.8388, 0.0560],
        [0.0898, 0.0944, 0.2567, 0.5591],
        [0.0714, 0.0682, 0.3685, 0.4919],
        [0.0681, 0.0667, 0.4822, 0.3830],
        [0.0499, 0.0483, 0.0863, 0.8155]], device='cuda:0')
tensor([[0.0596, 0.0517, 0.8340, 0.0546],
        [0.0621, 0.0523, 0.8346, 0.0510],
        [0.1003, 0.0991, 0.4147, 0.3859],
        [0.0989, 0.0895, 0.2465, 0.5650],
        [0.0647, 0.0680, 0.6321, 0.2353],
        [0.0466, 0.0438, 0.1214, 0.7882],
        [0.0952, 0.0762, 0.1139, 0.7147]], device='cuda:0')
#####################
10/14 06:52:23午前 evaluateStageRelax_trainer.py:198 [INFO] Train: Epoch: [3][100/703]	Step 2212	lr 0.02495	Loss 3.8121 (3.6097)	Hard Loss 0.0000 (0.0000)	Soft Loss 0.0000 (0.0000)	Prec@(1,5) (32.0%, 66.0%)	
10/14 06:52:40午前 evaluateStageRelax_trainer.py:198 [INFO] Train: Epoch: [3][200/703]	Step 2312	lr 0.02495	Loss 3.9120 (3.5948)	Hard Loss 0.0000 (0.0000)	Soft Loss 0.0000 (0.0000)	Prec@(1,5) (32.4%, 66.3%)	
10/14 06:52:58午前 evaluateStageRelax_trainer.py:198 [INFO] Train: Epoch: [3][300/703]	Step 2412	lr 0.02495	Loss 4.0764 (3.5826)	Hard Loss 0.0000 (0.0000)	Soft Loss 0.0000 (0.0000)	Prec@(1,5) (32.8%, 66.0%)	
10/14 06:53:15午前 evaluateStageRelax_trainer.py:198 [INFO] Train: Epoch: [3][400/703]	Step 2512	lr 0.02495	Loss 3.6321 (3.5689)	Hard Loss 0.0000 (0.0000)	Soft Loss 0.0000 (0.0000)	Prec@(1,5) (33.0%, 66.4%)	
10/14 06:53:33午前 evaluateStageRelax_trainer.py:198 [INFO] Train: Epoch: [3][500/703]	Step 2612	lr 0.02495	Loss 3.2823 (3.5477)	Hard Loss 0.0000 (0.0000)	Soft Loss 0.0000 (0.0000)	Prec@(1,5) (33.7%, 66.8%)	
10/14 06:53:50午前 evaluateStageRelax_trainer.py:198 [INFO] Train: Epoch: [3][600/703]	Step 2712	lr 0.02495	Loss 3.5300 (3.5239)	Hard Loss 0.0000 (0.0000)	Soft Loss 0.0000 (0.0000)	Prec@(1,5) (34.1%, 67.1%)	
10/14 06:54:07午前 evaluateStageRelax_trainer.py:198 [INFO] Train: Epoch: [3][700/703]	Step 2812	lr 0.02495	Loss 3.3298 (3.5061)	Hard Loss 0.0000 (0.0000)	Soft Loss 0.0000 (0.0000)	Prec@(1,5) (34.4%, 67.4%)	
10/14 06:54:08午前 evaluateStageRelax_trainer.py:198 [INFO] Train: Epoch: [3][703/703]	Step 2815	lr 0.02495	Loss 3.1018 (3.5052)	Hard Loss 0.0000 (0.0000)	Soft Loss 0.0000 (0.0000)	Prec@(1,5) (34.4%, 67.4%)	
10/14 06:54:08午前 evaluateStageRelax_trainer.py:207 [INFO] Train: [  3/99] Final Prec@1 34.4400%
10/14 06:54:13午前 evaluateStageRelax_trainer.py:242 [INFO] Valid: [  3/99] Final Prec@1 35.3000%
10/14 06:54:14午前 evaluateStageRelax_main.py:73 [INFO] Until now, best Prec@1 = 35.3000%
####### ALPHA #######
# Alpha - DAG
tensor([[0.1739, 0.1972, 0.4213, 0.2075],
        [0.1783, 0.2005, 0.4149, 0.2063]], device='cuda:0')
tensor([[0.1524, 0.1706, 0.4784, 0.1985],
        [0.1523, 0.1689, 0.4795, 0.1993],
        [0.2266, 0.2623, 0.2702, 0.2410]], device='cuda:0')
tensor([[0.2221, 0.2307, 0.2767, 0.2705],
        [0.1878, 0.1959, 0.4000, 0.2163],
        [0.2261, 0.2489, 0.2687, 0.2562],
        [0.1973, 0.2157, 0.3985, 0.1884]], device='cuda:0')
tensor([[0.2522, 0.2438, 0.2493, 0.2547],
        [0.2520, 0.2425, 0.2488, 0.2567],
        [0.2428, 0.2587, 0.2647, 0.2339],
        [0.2063, 0.2048, 0.3680, 0.2209],
        [0.2095, 0.2119, 0.3631, 0.2155]], device='cuda:0')
tensor([[0.1598, 0.1742, 0.4434, 0.2226],
        [0.1613, 0.1761, 0.4328, 0.2298],
        [0.2257, 0.2351, 0.2676, 0.2716],
        [0.1748, 0.1796, 0.4601, 0.1855],
        [0.1925, 0.2000, 0.3939, 0.2136],
        [0.2316, 0.2493, 0.2575, 0.2615]], device='cuda:0')
tensor([[0.1195, 0.1253, 0.5242, 0.2311],
        [0.1203, 0.1269, 0.5188, 0.2340],
        [0.2258, 0.2357, 0.2793, 0.2592],
        [0.1813, 0.1917, 0.4362, 0.1908],
        [0.1879, 0.2070, 0.3960, 0.2092],
        [0.2465, 0.2465, 0.2521, 0.2549],
        [0.2044, 0.2387, 0.3580, 0.1990]], device='cuda:0')
tensor([[0.1879, 0.1939, 0.4012, 0.2171],
        [0.1998, 0.1920, 0.4067, 0.2015]], device='cuda:0')
tensor([[0.1905, 0.2048, 0.3927, 0.2120],
        [0.1951, 0.2030, 0.3933, 0.2086],
        [0.2536, 0.2554, 0.2347, 0.2563]], device='cuda:0')
tensor([[0.2362, 0.2416, 0.2824, 0.2399],
        [0.1874, 0.2006, 0.4126, 0.1995],
        [0.2048, 0.2043, 0.3635, 0.2274],
        [0.2399, 0.2563, 0.2481, 0.2557]], device='cuda:0')
tensor([[0.2788, 0.2508, 0.2617, 0.2086],
        [0.2758, 0.2487, 0.2660, 0.2096],
        [0.1918, 0.1942, 0.3515, 0.2625],
        [0.1962, 0.2029, 0.3568, 0.2442],
        [0.2446, 0.2515, 0.2483, 0.2556]], device='cuda:0')
tensor([[0.1731, 0.1660, 0.4371, 0.2237],
        [0.1656, 0.1664, 0.4420, 0.2260],
        [0.2635, 0.2739, 0.2933, 0.1693],
        [0.1847, 0.1870, 0.3931, 0.2353],
        [0.2012, 0.1891, 0.3551, 0.2546],
        [0.2426, 0.2149, 0.2283, 0.3142]], device='cuda:0')
tensor([[0.1735, 0.1832, 0.4671, 0.1762],
        [0.1759, 0.1798, 0.4624, 0.1819],
        [0.2455, 0.2754, 0.2863, 0.1928],
        [0.1948, 0.2453, 0.2756, 0.2843],
        [0.1792, 0.1913, 0.3712, 0.2583],
        [0.2096, 0.1965, 0.3470, 0.2469],
        [0.1906, 0.2042, 0.2187, 0.3864]], device='cuda:0')
tensor([[0.0892, 0.1147, 0.6438, 0.1523],
        [0.0899, 0.1149, 0.6225, 0.1727]], device='cuda:0')
tensor([[0.0975, 0.1279, 0.6098, 0.1649],
        [0.1036, 0.1246, 0.6294, 0.1424],
        [0.1604, 0.2333, 0.2868, 0.3195]], device='cuda:0')
tensor([[0.1345, 0.1398, 0.5691, 0.1566],
        [0.1146, 0.1023, 0.6795, 0.1037],
        [0.1169, 0.1443, 0.3969, 0.3420],
        [0.1486, 0.1556, 0.2496, 0.4461]], device='cuda:0')
tensor([[0.2032, 0.2091, 0.3769, 0.2108],
        [0.2083, 0.2195, 0.3819, 0.1903],
        [0.1829, 0.2118, 0.3700, 0.2352],
        [0.1784, 0.2004, 0.3673, 0.2539],
        [0.2106, 0.2455, 0.2446, 0.2993]], device='cuda:0')
tensor([[0.0535, 0.0476, 0.8447, 0.0542],
        [0.0562, 0.0489, 0.8388, 0.0560],
        [0.0898, 0.0944, 0.2567, 0.5591],
        [0.0714, 0.0682, 0.3685, 0.4919],
        [0.0681, 0.0667, 0.4822, 0.3830],
        [0.0499, 0.0483, 0.0863, 0.8155]], device='cuda:0')
tensor([[0.0596, 0.0517, 0.8340, 0.0546],
        [0.0621, 0.0523, 0.8346, 0.0510],
        [0.1003, 0.0991, 0.4147, 0.3859],
        [0.0989, 0.0895, 0.2465, 0.5650],
        [0.0647, 0.0680, 0.6321, 0.2353],
        [0.0466, 0.0438, 0.1214, 0.7882],
        [0.0952, 0.0762, 0.1139, 0.7147]], device='cuda:0')
#####################
10/14 06:54:32午前 evaluateStageRelax_trainer.py:198 [INFO] Train: Epoch: [4][100/703]	Step 2916	lr 0.02491	Loss 3.3841 (3.2340)	Hard Loss 0.0000 (0.0000)	Soft Loss 0.0000 (0.0000)	Prec@(1,5) (38.7%, 71.4%)	
10/14 06:54:49午前 evaluateStageRelax_trainer.py:198 [INFO] Train: Epoch: [4][200/703]	Step 3016	lr 0.02491	Loss 3.5280 (3.2502)	Hard Loss 0.0000 (0.0000)	Soft Loss 0.0000 (0.0000)	Prec@(1,5) (38.4%, 71.2%)	
10/14 06:55:06午前 evaluateStageRelax_trainer.py:198 [INFO] Train: Epoch: [4][300/703]	Step 3116	lr 0.02491	Loss 3.1759 (3.2325)	Hard Loss 0.0000 (0.0000)	Soft Loss 0.0000 (0.0000)	Prec@(1,5) (38.5%, 71.6%)	
10/14 06:55:24午前 evaluateStageRelax_trainer.py:198 [INFO] Train: Epoch: [4][400/703]	Step 3216	lr 0.02491	Loss 3.5176 (3.2159)	Hard Loss 0.0000 (0.0000)	Soft Loss 0.0000 (0.0000)	Prec@(1,5) (38.7%, 72.0%)	
10/14 06:55:41午前 evaluateStageRelax_trainer.py:198 [INFO] Train: Epoch: [4][500/703]	Step 3316	lr 0.02491	Loss 2.9105 (3.2062)	Hard Loss 0.0000 (0.0000)	Soft Loss 0.0000 (0.0000)	Prec@(1,5) (39.0%, 72.1%)	
10/14 06:55:59午前 evaluateStageRelax_trainer.py:198 [INFO] Train: Epoch: [4][600/703]	Step 3416	lr 0.02491	Loss 3.4504 (3.1920)	Hard Loss 0.0000 (0.0000)	Soft Loss 0.0000 (0.0000)	Prec@(1,5) (39.3%, 72.2%)	
10/14 06:56:16午前 evaluateStageRelax_trainer.py:198 [INFO] Train: Epoch: [4][700/703]	Step 3516	lr 0.02491	Loss 2.8835 (3.1816)	Hard Loss 0.0000 (0.0000)	Soft Loss 0.0000 (0.0000)	Prec@(1,5) (39.6%, 72.4%)	
10/14 06:56:17午前 evaluateStageRelax_trainer.py:198 [INFO] Train: Epoch: [4][703/703]	Step 3519	lr 0.02491	Loss 2.9013 (3.1812)	Hard Loss 0.0000 (0.0000)	Soft Loss 0.0000 (0.0000)	Prec@(1,5) (39.6%, 72.4%)	
10/14 06:56:17午前 evaluateStageRelax_trainer.py:207 [INFO] Train: [  4/99] Final Prec@1 39.5600%
10/14 06:56:22午前 evaluateStageRelax_trainer.py:242 [INFO] Valid: [  4/99] Final Prec@1 36.6800%
10/14 06:56:22午前 evaluateStageRelax_main.py:73 [INFO] Until now, best Prec@1 = 36.6800%
####### ALPHA #######
# Alpha - DAG
tensor([[0.1739, 0.1972, 0.4213, 0.2075],
        [0.1783, 0.2005, 0.4149, 0.2063]], device='cuda:0')
tensor([[0.1524, 0.1706, 0.4784, 0.1985],
        [0.1523, 0.1689, 0.4795, 0.1993],
        [0.2266, 0.2623, 0.2702, 0.2410]], device='cuda:0')
tensor([[0.2221, 0.2307, 0.2767, 0.2705],
        [0.1878, 0.1959, 0.4000, 0.2163],
        [0.2261, 0.2489, 0.2687, 0.2562],
        [0.1973, 0.2157, 0.3985, 0.1884]], device='cuda:0')
tensor([[0.2522, 0.2438, 0.2493, 0.2547],
        [0.2520, 0.2425, 0.2488, 0.2567],
        [0.2428, 0.2587, 0.2647, 0.2339],
        [0.2063, 0.2048, 0.3680, 0.2209],
        [0.2095, 0.2119, 0.3631, 0.2155]], device='cuda:0')
tensor([[0.1598, 0.1742, 0.4434, 0.2226],
        [0.1613, 0.1761, 0.4328, 0.2298],
        [0.2257, 0.2351, 0.2676, 0.2716],
        [0.1748, 0.1796, 0.4601, 0.1855],
        [0.1925, 0.2000, 0.3939, 0.2136],
        [0.2316, 0.2493, 0.2575, 0.2615]], device='cuda:0')
tensor([[0.1195, 0.1253, 0.5242, 0.2311],
        [0.1203, 0.1269, 0.5188, 0.2340],
        [0.2258, 0.2357, 0.2793, 0.2592],
        [0.1813, 0.1917, 0.4362, 0.1908],
        [0.1879, 0.2070, 0.3960, 0.2092],
        [0.2465, 0.2465, 0.2521, 0.2549],
        [0.2044, 0.2387, 0.3580, 0.1990]], device='cuda:0')
tensor([[0.1879, 0.1939, 0.4012, 0.2171],
        [0.1998, 0.1920, 0.4067, 0.2015]], device='cuda:0')
tensor([[0.1905, 0.2048, 0.3927, 0.2120],
        [0.1951, 0.2030, 0.3933, 0.2086],
        [0.2536, 0.2554, 0.2347, 0.2563]], device='cuda:0')
tensor([[0.2362, 0.2416, 0.2824, 0.2399],
        [0.1874, 0.2006, 0.4126, 0.1995],
        [0.2048, 0.2043, 0.3635, 0.2274],
        [0.2399, 0.2563, 0.2481, 0.2557]], device='cuda:0')
tensor([[0.2788, 0.2508, 0.2617, 0.2086],
        [0.2758, 0.2487, 0.2660, 0.2096],
        [0.1918, 0.1942, 0.3515, 0.2625],
        [0.1962, 0.2029, 0.3568, 0.2442],
        [0.2446, 0.2515, 0.2483, 0.2556]], device='cuda:0')
tensor([[0.1731, 0.1660, 0.4371, 0.2237],
        [0.1656, 0.1664, 0.4420, 0.2260],
        [0.2635, 0.2739, 0.2933, 0.1693],
        [0.1847, 0.1870, 0.3931, 0.2353],
        [0.2012, 0.1891, 0.3551, 0.2546],
        [0.2426, 0.2149, 0.2283, 0.3142]], device='cuda:0')
tensor([[0.1735, 0.1832, 0.4671, 0.1762],
        [0.1759, 0.1798, 0.4624, 0.1819],
        [0.2455, 0.2754, 0.2863, 0.1928],
        [0.1948, 0.2453, 0.2756, 0.2843],
        [0.1792, 0.1913, 0.3712, 0.2583],
        [0.2096, 0.1965, 0.3470, 0.2469],
        [0.1906, 0.2042, 0.2187, 0.3864]], device='cuda:0')
tensor([[0.0892, 0.1147, 0.6438, 0.1523],
        [0.0899, 0.1149, 0.6225, 0.1727]], device='cuda:0')
tensor([[0.0975, 0.1279, 0.6098, 0.1649],
        [0.1036, 0.1246, 0.6294, 0.1424],
        [0.1604, 0.2333, 0.2868, 0.3195]], device='cuda:0')
tensor([[0.1345, 0.1398, 0.5691, 0.1566],
        [0.1146, 0.1023, 0.6795, 0.1037],
        [0.1169, 0.1443, 0.3969, 0.3420],
        [0.1486, 0.1556, 0.2496, 0.4461]], device='cuda:0')
tensor([[0.2032, 0.2091, 0.3769, 0.2108],
        [0.2083, 0.2195, 0.3819, 0.1903],
        [0.1829, 0.2118, 0.3700, 0.2352],
        [0.1784, 0.2004, 0.3673, 0.2539],
        [0.2106, 0.2455, 0.2446, 0.2993]], device='cuda:0')
tensor([[0.0535, 0.0476, 0.8447, 0.0542],
        [0.0562, 0.0489, 0.8388, 0.0560],
        [0.0898, 0.0944, 0.2567, 0.5591],
        [0.0714, 0.0682, 0.3685, 0.4919],
        [0.0681, 0.0667, 0.4822, 0.3830],
        [0.0499, 0.0483, 0.0863, 0.8155]], device='cuda:0')
tensor([[0.0596, 0.0517, 0.8340, 0.0546],
        [0.0621, 0.0523, 0.8346, 0.0510],
        [0.1003, 0.0991, 0.4147, 0.3859],
        [0.0989, 0.0895, 0.2465, 0.5650],
        [0.0647, 0.0680, 0.6321, 0.2353],
        [0.0466, 0.0438, 0.1214, 0.7882],
        [0.0952, 0.0762, 0.1139, 0.7147]], device='cuda:0')
#####################
10/14 06:56:40午前 evaluateStageRelax_trainer.py:198 [INFO] Train: Epoch: [5][100/703]	Step 3620	lr 0.02485	Loss 3.2272 (2.9242)	Hard Loss 0.0000 (0.0000)	Soft Loss 0.0000 (0.0000)	Prec@(1,5) (43.8%, 76.3%)	
10/14 06:56:58午前 evaluateStageRelax_trainer.py:198 [INFO] Train: Epoch: [5][200/703]	Step 3720	lr 0.02485	Loss 3.5725 (2.9738)	Hard Loss 0.0000 (0.0000)	Soft Loss 0.0000 (0.0000)	Prec@(1,5) (43.3%, 75.4%)	
10/14 06:57:15午前 evaluateStageRelax_trainer.py:198 [INFO] Train: Epoch: [5][300/703]	Step 3820	lr 0.02485	Loss 2.8494 (2.9642)	Hard Loss 0.0000 (0.0000)	Soft Loss 0.0000 (0.0000)	Prec@(1,5) (43.2%, 75.5%)	
10/14 06:57:32午前 evaluateStageRelax_trainer.py:198 [INFO] Train: Epoch: [5][400/703]	Step 3920	lr 0.02485	Loss 2.8748 (2.9676)	Hard Loss 0.0000 (0.0000)	Soft Loss 0.0000 (0.0000)	Prec@(1,5) (42.9%, 75.5%)	
10/14 06:57:50午前 evaluateStageRelax_trainer.py:198 [INFO] Train: Epoch: [5][500/703]	Step 4020	lr 0.02485	Loss 2.9028 (2.9579)	Hard Loss 0.0000 (0.0000)	Soft Loss 0.0000 (0.0000)	Prec@(1,5) (43.0%, 75.7%)	
10/14 06:58:07午前 evaluateStageRelax_trainer.py:198 [INFO] Train: Epoch: [5][600/703]	Step 4120	lr 0.02485	Loss 2.8794 (2.9498)	Hard Loss 0.0000 (0.0000)	Soft Loss 0.0000 (0.0000)	Prec@(1,5) (43.1%, 75.8%)	
10/14 06:58:24午前 evaluateStageRelax_trainer.py:198 [INFO] Train: Epoch: [5][700/703]	Step 4220	lr 0.02485	Loss 3.2174 (2.9360)	Hard Loss 0.0000 (0.0000)	Soft Loss 0.0000 (0.0000)	Prec@(1,5) (43.5%, 76.0%)	
10/14 06:58:25午前 evaluateStageRelax_trainer.py:198 [INFO] Train: Epoch: [5][703/703]	Step 4223	lr 0.02485	Loss 2.6331 (2.9353)	Hard Loss 0.0000 (0.0000)	Soft Loss 0.0000 (0.0000)	Prec@(1,5) (43.6%, 76.0%)	
10/14 06:58:25午前 evaluateStageRelax_trainer.py:207 [INFO] Train: [  5/99] Final Prec@1 43.5622%
10/14 06:58:30午前 evaluateStageRelax_trainer.py:242 [INFO] Valid: [  5/99] Final Prec@1 40.2200%
10/14 06:58:31午前 evaluateStageRelax_main.py:73 [INFO] Until now, best Prec@1 = 40.2200%
####### ALPHA #######
# Alpha - DAG
tensor([[0.1739, 0.1972, 0.4213, 0.2075],
        [0.1783, 0.2005, 0.4149, 0.2063]], device='cuda:0')
tensor([[0.1524, 0.1706, 0.4784, 0.1985],
        [0.1523, 0.1689, 0.4795, 0.1993],
        [0.2266, 0.2623, 0.2702, 0.2410]], device='cuda:0')
tensor([[0.2221, 0.2307, 0.2767, 0.2705],
        [0.1878, 0.1959, 0.4000, 0.2163],
        [0.2261, 0.2489, 0.2687, 0.2562],
        [0.1973, 0.2157, 0.3985, 0.1884]], device='cuda:0')
tensor([[0.2522, 0.2438, 0.2493, 0.2547],
        [0.2520, 0.2425, 0.2488, 0.2567],
        [0.2428, 0.2587, 0.2647, 0.2339],
        [0.2063, 0.2048, 0.3680, 0.2209],
        [0.2095, 0.2119, 0.3631, 0.2155]], device='cuda:0')
tensor([[0.1598, 0.1742, 0.4434, 0.2226],
        [0.1613, 0.1761, 0.4328, 0.2298],
        [0.2257, 0.2351, 0.2676, 0.2716],
        [0.1748, 0.1796, 0.4601, 0.1855],
        [0.1925, 0.2000, 0.3939, 0.2136],
        [0.2316, 0.2493, 0.2575, 0.2615]], device='cuda:0')
tensor([[0.1195, 0.1253, 0.5242, 0.2311],
        [0.1203, 0.1269, 0.5188, 0.2340],
