08/10 10:17:15PM parser.py:28 [INFO] 
08/10 10:17:15PM parser.py:29 [INFO] Parameters:
08/10 10:17:15PM parser.py:31 [INFO] DAG_PATH=results/search_stage_KD/cifar100/BASELINE224/s2-20240810-221715/DAG
08/10 10:17:15PM parser.py:31 [INFO] T=10.0
08/10 10:17:15PM parser.py:31 [INFO] ADVANCED=True
08/10 10:17:15PM parser.py:31 [INFO] ALPHA_LR=0.0003
08/10 10:17:15PM parser.py:31 [INFO] ALPHA_WEIGHT_DECAY=0.001
08/10 10:17:15PM parser.py:31 [INFO] BATCH_SIZE=64
08/10 10:17:15PM parser.py:31 [INFO] CHECKPOINT_RESET=False
08/10 10:17:15PM parser.py:31 [INFO] CUTOUT_LENGTH=0
08/10 10:17:15PM parser.py:31 [INFO] DATA_PATH=../data/
08/10 10:17:15PM parser.py:31 [INFO] DATASET=cifar100
08/10 10:17:15PM parser.py:31 [INFO] DESCRIPTION=baseline_stage_architecture_
08/10 10:17:15PM parser.py:31 [INFO] EPOCHS=50
08/10 10:17:15PM parser.py:31 [INFO] EXP_NAME=s2-20240810-221715
08/10 10:17:15PM parser.py:31 [INFO] GENOTYPE=Genotype3(normal1=[[('sep_conv_5x5', 0), ('sep_conv_3x3', 1)], [('sep_conv_3x3', 1), ('sep_conv_3x3', 0)], [('sep_conv_3x3', 1), ('sep_conv_3x3', 2)], [('sep_conv_3x3', 0), ('sep_conv_5x5', 4)]], normal1_concat=range(2, 6), reduce1=[[('sep_conv_3x3', 0), ('skip_connect', 1)], [('sep_conv_3x3', 1), ('max_pool_3x3', 0)], [('sep_conv_3x3', 2), ('sep_conv_3x3', 1)], [('max_pool_3x3', 0), ('dil_conv_3x3', 1)]], reduce1_concat=range(2, 6), normal2=[[('skip_connect', 0), ('sep_conv_5x5', 1)], [('skip_connect', 0), ('skip_connect', 2)], [('avg_pool_3x3', 0), ('avg_pool_3x3', 2)], [('skip_connect', 0), ('avg_pool_3x3', 2)]], normal2_concat=range(2, 6), reduce2=[[('avg_pool_3x3', 0), ('avg_pool_3x3', 1)], [('avg_pool_3x3', 0), ('skip_connect', 2)], [('skip_connect', 2), ('avg_pool_3x3', 0)], [('skip_connect', 2), ('avg_pool_3x3', 0)]], reduce2_concat=range(2, 6), normal3=[[('skip_connect', 0), ('skip_connect', 1)], [('skip_connect', 0), ('dil_conv_3x3', 1)], [('skip_connect', 0), ('skip_connect', 1)], [('skip_connect', 0), ('skip_connect', 2)]], normal3_concat=range(2, 6))
08/10 10:17:15PM parser.py:31 [INFO] GPUS=[0]
08/10 10:17:15PM parser.py:31 [INFO] INIT_CHANNELS=16
08/10 10:17:15PM parser.py:31 [INFO] L=0.5
08/10 10:17:15PM parser.py:31 [INFO] LAYERS=20
08/10 10:17:15PM parser.py:31 [INFO] LOGGER=<Logger H-DAS (INFO)>
08/10 10:17:15PM parser.py:31 [INFO] NAME=BASELINE224
08/10 10:17:15PM parser.py:31 [INFO] NONKD=True
08/10 10:17:15PM parser.py:31 [INFO] PATH=results/search_stage_KD/cifar100/BASELINE224/s2-20240810-221715
08/10 10:17:15PM parser.py:31 [INFO] PCDARTS=False
08/10 10:17:15PM parser.py:31 [INFO] PLOT_PATH=results/search_stage_KD/cifar100/BASELINE224/s2-20240810-221715/plots
08/10 10:17:15PM parser.py:31 [INFO] PRINT_FREQ=50
08/10 10:17:15PM parser.py:31 [INFO] RESUME_PATH=None
08/10 10:17:15PM parser.py:31 [INFO] SAVE=s2
08/10 10:17:15PM parser.py:31 [INFO] SEED=2
08/10 10:17:15PM parser.py:31 [INFO] SHARE_STAGE=False
08/10 10:17:15PM parser.py:31 [INFO] SPEC_CELL=True
08/10 10:17:15PM parser.py:31 [INFO] TEACHER_NAME=non
08/10 10:17:15PM parser.py:31 [INFO] TEACHER_PATH=non
08/10 10:17:15PM parser.py:31 [INFO] TRAIN_PORTION=0.5
08/10 10:17:15PM parser.py:31 [INFO] W_GRAD_CLIP=5.0
08/10 10:17:15PM parser.py:31 [INFO] W_LR=0.025
08/10 10:17:15PM parser.py:31 [INFO] W_LR_MIN=0.001
08/10 10:17:15PM parser.py:31 [INFO] W_MOMENTUM=0.9
08/10 10:17:15PM parser.py:31 [INFO] W_WEIGHT_DECAY=0.0003
08/10 10:17:15PM parser.py:31 [INFO] WORKERS=4
08/10 10:17:15PM parser.py:32 [INFO] 
08/10 10:17:31PM searchStage_trainer.py:128 [INFO] --> No loaded checkpoint!
####### ALPHA #######
# Alpha - DAG
tensor([[0.2502, 0.2500, 0.2500, 0.2498],
        [0.2502, 0.2497, 0.2500, 0.2500]], device='cuda:0',
       grad_fn=<SoftmaxBackward0>)
tensor([[0.2499, 0.2497, 0.2503, 0.2501],
        [0.2499, 0.2499, 0.2502, 0.2500],
        [0.2502, 0.2499, 0.2500, 0.2499]], device='cuda:0',
       grad_fn=<SoftmaxBackward0>)
tensor([[0.2502, 0.2498, 0.2503, 0.2498],
        [0.2499, 0.2501, 0.2501, 0.2500],
        [0.2500, 0.2501, 0.2500, 0.2499]], device='cuda:0',
       grad_fn=<SoftmaxBackward0>)
tensor([[0.2499, 0.2501, 0.2501, 0.2499],
        [0.2497, 0.2504, 0.2499, 0.2501],
        [0.2501, 0.2501, 0.2501, 0.2497]], device='cuda:0',
       grad_fn=<SoftmaxBackward0>)
tensor([[0.2498, 0.2501, 0.2499, 0.2502],
        [0.2502, 0.2499, 0.2499, 0.2500],
        [0.2498, 0.2501, 0.2502, 0.2499]], device='cuda:0',
       grad_fn=<SoftmaxBackward0>)
tensor([[0.2500, 0.2502, 0.2496, 0.2502],
        [0.2504, 0.2499, 0.2499, 0.2498],
        [0.2501, 0.2501, 0.2497, 0.2502]], device='cuda:0',
       grad_fn=<SoftmaxBackward0>)
tensor([[0.2495, 0.2500, 0.2501, 0.2503],
        [0.2501, 0.2498, 0.2503, 0.2498]], device='cuda:0',
       grad_fn=<SoftmaxBackward0>)
tensor([[0.2497, 0.2497, 0.2503, 0.2502],
        [0.2497, 0.2501, 0.2500, 0.2502],
        [0.2504, 0.2500, 0.2498, 0.2499]], device='cuda:0',
       grad_fn=<SoftmaxBackward0>)
tensor([[0.2496, 0.2502, 0.2500, 0.2502],
        [0.2500, 0.2503, 0.2497, 0.2499],
        [0.2497, 0.2498, 0.2502, 0.2503]], device='cuda:0',
       grad_fn=<SoftmaxBackward0>)
tensor([[0.2499, 0.2503, 0.2498, 0.2500],
        [0.2497, 0.2501, 0.2501, 0.2501],
        [0.2498, 0.2499, 0.2500, 0.2503]], device='cuda:0',
       grad_fn=<SoftmaxBackward0>)
tensor([[0.2499, 0.2499, 0.2502, 0.2501],
        [0.2503, 0.2500, 0.2499, 0.2498],
        [0.2502, 0.2501, 0.2497, 0.2500]], device='cuda:0',
       grad_fn=<SoftmaxBackward0>)
tensor([[0.2497, 0.2499, 0.2505, 0.2499],
        [0.2497, 0.2500, 0.2501, 0.2501],
        [0.2501, 0.2503, 0.2496, 0.2499]], device='cuda:0',
       grad_fn=<SoftmaxBackward0>)
tensor([[0.2500, 0.2497, 0.2502, 0.2501],
        [0.2497, 0.2500, 0.2502, 0.2501]], device='cuda:0',
       grad_fn=<SoftmaxBackward0>)
tensor([[0.2498, 0.2498, 0.2502, 0.2502],
        [0.2500, 0.2500, 0.2498, 0.2502],
        [0.2496, 0.2503, 0.2503, 0.2499]], device='cuda:0',
       grad_fn=<SoftmaxBackward0>)
tensor([[0.2501, 0.2500, 0.2502, 0.2498],
        [0.2497, 0.2498, 0.2504, 0.2501],
        [0.2501, 0.2500, 0.2499, 0.2500]], device='cuda:0',
       grad_fn=<SoftmaxBackward0>)
tensor([[0.2502, 0.2503, 0.2497, 0.2498],
        [0.2501, 0.2495, 0.2503, 0.2500],
        [0.2499, 0.2502, 0.2501, 0.2499]], device='cuda:0',
       grad_fn=<SoftmaxBackward0>)
tensor([[0.2502, 0.2501, 0.2499, 0.2498],
        [0.2502, 0.2500, 0.2496, 0.2502],
        [0.2498, 0.2502, 0.2500, 0.2499]], device='cuda:0',
       grad_fn=<SoftmaxBackward0>)
tensor([[0.2500, 0.2499, 0.2499, 0.2502],
        [0.2499, 0.2504, 0.2497, 0.2500],
        [0.2497, 0.2500, 0.2501, 0.2502]], device='cuda:0',
       grad_fn=<SoftmaxBackward0>)
#####################
08/10 10:17:46PM searchStage_trainer.py:259 [INFO] Train: Epoch: [0][50/390]	Step 50	lr 0.025	Loss 4.6826 (4.7508)	Hard Loss 4.6826 (4.7508)	Soft Loss 4.6826 (4.7508)	Arch Loss 4.6830 (4.7487)	Arch Hard Loss 0.0000 (0.0000)	Arch Soft Loss 0.0000 (0.0000)	Arch depth Loss -0.2432 (-0.1202)	Prec@(1,5) (1.9%, 7.2%)	
08/10 10:17:58PM searchStage_trainer.py:259 [INFO] Train: Epoch: [0][100/390]	Step 100	lr 0.025	Loss 4.4087 (4.6365)	Hard Loss 4.4087 (4.6365)	Soft Loss 4.4087 (4.6365)	Arch Loss 4.4278 (4.6403)	Arch Hard Loss 0.0000 (0.0000)	Arch Soft Loss 0.0000 (0.0000)	Arch depth Loss -0.5082 (-0.2487)	Prec@(1,5) (2.1%, 9.2%)	
08/10 10:18:11PM searchStage_trainer.py:259 [INFO] Train: Epoch: [0][150/390]	Step 150	lr 0.025	Loss 4.0041 (4.5335)	Hard Loss 4.0041 (4.5335)	Soft Loss 4.0041 (4.5335)	Arch Loss 4.3360 (4.5385)	Arch Hard Loss 0.0000 (0.0000)	Arch Soft Loss 0.0000 (0.0000)	Arch depth Loss -0.7868 (-0.3822)	Prec@(1,5) (2.6%, 11.4%)	
08/10 10:18:23PM searchStage_trainer.py:259 [INFO] Train: Epoch: [0][200/390]	Step 200	lr 0.025	Loss 4.2472 (4.4600)	Hard Loss 4.2472 (4.4600)	Soft Loss 4.2472 (4.4600)	Arch Loss 4.3260 (4.4613)	Arch Hard Loss 0.0000 (0.0000)	Arch Soft Loss 0.0000 (0.0000)	Arch depth Loss -1.0785 (-0.5203)	Prec@(1,5) (3.1%, 12.9%)	
08/10 10:18:36PM searchStage_trainer.py:259 [INFO] Train: Epoch: [0][250/390]	Step 250	lr 0.025	Loss 4.2114 (4.4000)	Hard Loss 4.2114 (4.4000)	Soft Loss 4.2114 (4.4000)	Arch Loss 4.0142 (4.3966)	Arch Hard Loss 0.0000 (0.0000)	Arch Soft Loss 0.0000 (0.0000)	Arch depth Loss -1.3835 (-0.6628)	Prec@(1,5) (3.5%, 14.3%)	
08/10 10:18:48PM searchStage_trainer.py:259 [INFO] Train: Epoch: [0][300/390]	Step 300	lr 0.025	Loss 3.9802 (4.3474)	Hard Loss 3.9802 (4.3474)	Soft Loss 3.9802 (4.3474)	Arch Loss 3.9227 (4.3471)	Arch Hard Loss 0.0000 (0.0000)	Arch Soft Loss 0.0000 (0.0000)	Arch depth Loss -1.7023 (-0.8098)	Prec@(1,5) (3.9%, 15.9%)	
08/10 10:19:01PM searchStage_trainer.py:259 [INFO] Train: Epoch: [0][350/390]	Step 350	lr 0.025	Loss 3.7960 (4.3099)	Hard Loss 3.7960 (4.3099)	Soft Loss 3.7960 (4.3099)	Arch Loss 4.2220 (4.3049)	Arch Hard Loss 0.0000 (0.0000)	Arch Soft Loss 0.0000 (0.0000)	Arch depth Loss -2.0353 (-0.9614)	Prec@(1,5) (4.0%, 16.6%)	
08/10 10:19:11PM searchStage_trainer.py:259 [INFO] Train: Epoch: [0][390/390]	Step 390	lr 0.025	Loss 3.8937 (4.2800)	Hard Loss 3.8937 (4.2800)	Soft Loss 3.8937 (4.2800)	Arch Loss 4.3031 (4.2774)	Arch Hard Loss 0.0000 (0.0000)	Arch Soft Loss 0.0000 (0.0000)	Arch depth Loss -2.3123 (-1.0860)	Prec@(1,5) (4.3%, 17.6%)	
08/10 10:19:11PM searchStage_trainer.py:275 [INFO] Train: [  0/49] Final Prec@1 4.2800%
08/10 10:19:14PM searchStage_trainer.py:303 [INFO] Valid: Epoch: [0][50/391]	Step 391	Loss 3.9752	Prec@(1,5) (7.2%, 26.7%)
08/10 10:19:15PM searchStage_trainer.py:303 [INFO] Valid: Epoch: [0][100/391]	Step 391	Loss 3.9805	Prec@(1,5) (7.0%, 26.0%)
08/10 10:19:17PM searchStage_trainer.py:303 [INFO] Valid: Epoch: [0][150/391]	Step 391	Loss 3.9875	Prec@(1,5) (7.1%, 26.0%)
08/10 10:19:19PM searchStage_trainer.py:303 [INFO] Valid: Epoch: [0][200/391]	Step 391	Loss 3.9828	Prec@(1,5) (7.3%, 26.5%)
08/10 10:19:21PM searchStage_trainer.py:303 [INFO] Valid: Epoch: [0][250/391]	Step 391	Loss 3.9916	Prec@(1,5) (7.0%, 26.1%)
08/10 10:19:23PM searchStage_trainer.py:303 [INFO] Valid: Epoch: [0][300/391]	Step 391	Loss 3.9923	Prec@(1,5) (7.1%, 26.0%)
08/10 10:19:25PM searchStage_trainer.py:303 [INFO] Valid: Epoch: [0][350/391]	Step 391	Loss 3.9967	Prec@(1,5) (6.9%, 25.8%)
08/10 10:19:26PM searchStage_trainer.py:303 [INFO] Valid: Epoch: [0][390/391]	Step 391	Loss 3.9985	Prec@(1,5) (6.9%, 25.8%)
08/10 10:19:26PM searchStage_trainer.py:314 [INFO] Valid: [  0/49] Final Prec@1 6.9280%
08/10 10:19:26PM searchStage_KD_main.py:58 [INFO] DAG = Genotype2(DAG1=[[('max_pool_3x3', 0), ('skip_connect', 1)], [('avg_pool_3x3', 2), ('avg_pool_3x3', 1)], [('avg_pool_3x3', 3), ('avg_pool_3x3', 2)], [('avg_pool_3x3', 3), ('avg_pool_3x3', 4)], [('avg_pool_3x3', 5), ('avg_pool_3x3', 4)], [('max_pool_3x3', 5), ('avg_pool_3x3', 4)]], DAG1_concat=range(6, 8), DAG2=[[('skip_connect', 1), ('skip_connect', 0)], [('max_pool_3x3', 2), ('skip_connect', 0)], [('avg_pool_3x3', 2), ('skip_connect', 3)], [('avg_pool_3x3', 3), ('avg_pool_3x3', 2)], [('avg_pool_3x3', 5), ('max_pool_3x3', 4)], [('skip_connect', 4), ('avg_pool_3x3', 6)]], DAG2_concat=range(6, 8), DAG3=[[('skip_connect', 1), ('skip_connect', 0)], [('skip_connect', 2), ('skip_connect', 0)], [('skip_connect', 2), ('skip_connect', 3)], [('skip_connect', 3), ('skip_connect', 4)], [('skip_connect', 5), ('skip_connect', 3)], [('skip_connect', 6), ('avg_pool_3x3', 5)]], DAG3_concat=range(6, 8))
08/10 10:19:27PM searchStage_KD_main.py:89 [INFO] Until now, best Prec@1 = 6.9280%
####### ALPHA #######
# Alpha - DAG
tensor([[0.2510, 0.2504, 0.2506, 0.2480],
        [0.2498, 0.2505, 0.2509, 0.2489]], device='cuda:0',
       grad_fn=<SoftmaxBackward0>)
tensor([[0.2502, 0.2507, 0.2509, 0.2482],
        [0.2504, 0.2512, 0.2510, 0.2474],
        [0.2516, 0.2528, 0.2476, 0.2481]], device='cuda:0',
       grad_fn=<SoftmaxBackward0>)
tensor([[0.2496, 0.2505, 0.2509, 0.2490],
        [0.2503, 0.2511, 0.2495, 0.2490],
        [0.2509, 0.2518, 0.2498, 0.2475]], device='cuda:0',
       grad_fn=<SoftmaxBackward0>)
tensor([[0.2504, 0.2506, 0.2495, 0.2496],
        [0.2501, 0.2510, 0.2495, 0.2495],
        [0.2504, 0.2514, 0.2499, 0.2483]], device='cuda:0',
       grad_fn=<SoftmaxBackward0>)
tensor([[0.2501, 0.2507, 0.2496, 0.2496],
        [0.2506, 0.2507, 0.2502, 0.2486],
        [0.2498, 0.2508, 0.2495, 0.2499]], device='cuda:0',
       grad_fn=<SoftmaxBackward0>)
tensor([[0.2504, 0.2507, 0.2493, 0.2497],
        [0.2508, 0.2504, 0.2497, 0.2491],
        [0.2504, 0.2505, 0.2488, 0.2503]], device='cuda:0',
       grad_fn=<SoftmaxBackward0>)
tensor([[0.2493, 0.2502, 0.2504, 0.2501],
        [0.2499, 0.2497, 0.2505, 0.2498]], device='cuda:0',
       grad_fn=<SoftmaxBackward0>)
tensor([[0.2497, 0.2500, 0.2507, 0.2497],
        [0.2495, 0.2501, 0.2501, 0.2503],
        [0.2503, 0.2500, 0.2495, 0.2502]], device='cuda:0',
       grad_fn=<SoftmaxBackward0>)
tensor([[0.2497, 0.2501, 0.2501, 0.2501],
        [0.2500, 0.2505, 0.2500, 0.2496],
        [0.2495, 0.2500, 0.2500, 0.2505]], device='cuda:0',
       grad_fn=<SoftmaxBackward0>)
tensor([[0.2499, 0.2503, 0.2500, 0.2498],
        [0.2495, 0.2503, 0.2501, 0.2501],
        [0.2498, 0.2499, 0.2499, 0.2504]], device='cuda:0',
       grad_fn=<SoftmaxBackward0>)
tensor([[0.2497, 0.2500, 0.2504, 0.2500],
        [0.2502, 0.2502, 0.2501, 0.2495],
        [0.2500, 0.2503, 0.2496, 0.2501]], device='cuda:0',
       grad_fn=<SoftmaxBackward0>)
tensor([[0.2496, 0.2500, 0.2508, 0.2495],
        [0.2497, 0.2501, 0.2499, 0.2502],
        [0.2501, 0.2503, 0.2496, 0.2500]], device='cuda:0',
       grad_fn=<SoftmaxBackward0>)
tensor([[0.2499, 0.2495, 0.2504, 0.2501],
        [0.2494, 0.2499, 0.2506, 0.2500]], device='cuda:0',
       grad_fn=<SoftmaxBackward0>)
tensor([[0.2495, 0.2497, 0.2508, 0.2500],
        [0.2498, 0.2498, 0.2503, 0.2501],
        [0.2494, 0.2501, 0.2504, 0.2501]], device='cuda:0',
       grad_fn=<SoftmaxBackward0>)
tensor([[0.2499, 0.2500, 0.2506, 0.2495],
        [0.2495, 0.2497, 0.2506, 0.2502],
        [0.2498, 0.2498, 0.2503, 0.2501]], device='cuda:0',
       grad_fn=<SoftmaxBackward0>)
tensor([[0.2500, 0.2503, 0.2500, 0.2497],
        [0.2498, 0.2496, 0.2505, 0.2501],
        [0.2496, 0.2501, 0.2503, 0.2499]], device='cuda:0',
       grad_fn=<SoftmaxBackward0>)
tensor([[0.2499, 0.2499, 0.2505, 0.2497],
        [0.2499, 0.2499, 0.2501, 0.2501],
        [0.2494, 0.2501, 0.2505, 0.2500]], device='cuda:0',
       grad_fn=<SoftmaxBackward0>)
tensor([[0.2498, 0.2498, 0.2504, 0.2501],
        [0.2497, 0.2504, 0.2501, 0.2499],
        [0.2492, 0.2499, 0.2506, 0.2503]], device='cuda:0',
       grad_fn=<SoftmaxBackward0>)
#####################
08/10 10:19:40午後 searchStage_trainer.py:259 [INFO] Train: Epoch: [1][50/390]	Step 441	lr 0.02498	Loss 3.8450 (4.0032)	Hard Loss 3.8450 (4.0032)	Soft Loss 3.8450 (4.0032)	Arch Loss 4.0910 (4.0127)	Arch Hard Loss 0.0000 (0.0000)	Arch Soft Loss 0.0000 (0.0000)	Arch depth Loss -2.6798 (-2.5019)	Prec@(1,5) (6.6%, 25.2%)	
08/10 10:19:53午後 searchStage_trainer.py:259 [INFO] Train: Epoch: [1][100/390]	Step 491	lr 0.02498	Loss 4.0781 (3.9950)	Hard Loss 4.0781 (3.9950)	Soft Loss 4.0781 (3.9950)	Arch Loss 3.9387 (3.9787)	Arch Hard Loss 0.0000 (0.0000)	Arch Soft Loss 0.0000 (0.0000)	Arch depth Loss -3.0562 (-2.6861)	Prec@(1,5) (6.8%, 25.0%)	
08/10 10:20:05午後 searchStage_trainer.py:259 [INFO] Train: Epoch: [1][150/390]	Step 541	lr 0.02498	Loss 3.8810 (3.9729)	Hard Loss 3.8810 (3.9729)	Soft Loss 3.8810 (3.9729)	Arch Loss 3.7036 (3.9612)	Arch Hard Loss 0.0000 (0.0000)	Arch Soft Loss 0.0000 (0.0000)	Arch depth Loss -3.4492 (-2.8758)	Prec@(1,5) (7.4%, 25.8%)	
08/10 10:20:17午後 searchStage_trainer.py:259 [INFO] Train: Epoch: [1][200/390]	Step 591	lr 0.02498	Loss 3.6566 (3.9594)	Hard Loss 3.6566 (3.9594)	Soft Loss 3.6566 (3.9594)	Arch Loss 3.7481 (3.9558)	Arch Hard Loss 0.0000 (0.0000)	Arch Soft Loss 0.0000 (0.0000)	Arch depth Loss -3.8595 (-3.0711)	Prec@(1,5) (7.7%, 26.5%)	
08/10 10:20:30午後 searchStage_trainer.py:259 [INFO] Train: Epoch: [1][250/390]	Step 641	lr 0.02498	Loss 3.8661 (3.9502)	Hard Loss 3.8661 (3.9502)	Soft Loss 3.8661 (3.9502)	Arch Loss 3.8540 (3.9337)	Arch Hard Loss 0.0000 (0.0000)	Arch Soft Loss 0.0000 (0.0000)	Arch depth Loss -4.2878 (-3.2722)	Prec@(1,5) (7.8%, 26.8%)	
08/10 10:20:43午後 searchStage_trainer.py:259 [INFO] Train: Epoch: [1][300/390]	Step 691	lr 0.02498	Loss 3.7453 (3.9323)	Hard Loss 3.7453 (3.9323)	Soft Loss 3.7453 (3.9323)	Arch Loss 3.8764 (3.9122)	Arch Hard Loss 0.0000 (0.0000)	Arch Soft Loss 0.0000 (0.0000)	Arch depth Loss -4.7348 (-3.4792)	Prec@(1,5) (8.0%, 27.4%)	
08/10 10:20:55午後 searchStage_trainer.py:259 [INFO] Train: Epoch: [1][350/390]	Step 741	lr 0.02498	Loss 3.9273 (3.9111)	Hard Loss 3.9273 (3.9111)	Soft Loss 3.9273 (3.9111)	Arch Loss 3.6242 (3.8943)	Arch Hard Loss 0.0000 (0.0000)	Arch Soft Loss 0.0000 (0.0000)	Arch depth Loss -5.2012 (-3.6923)	Prec@(1,5) (8.3%, 28.1%)	
08/10 10:21:05午後 searchStage_trainer.py:259 [INFO] Train: Epoch: [1][390/390]	Step 781	lr 0.02498	Loss 3.7717 (3.8956)	Hard Loss 3.7717 (3.8956)	Soft Loss 3.7717 (3.8956)	Arch Loss 3.9198 (3.8830)	Arch Hard Loss 0.0000 (0.0000)	Arch Soft Loss 0.0000 (0.0000)	Arch depth Loss -5.5888 (-3.8673)	Prec@(1,5) (8.6%, 28.7%)	
08/10 10:21:06午後 searchStage_trainer.py:275 [INFO] Train: [  1/49] Final Prec@1 8.6200%
08/10 10:21:08午後 searchStage_trainer.py:303 [INFO] Valid: Epoch: [1][50/391]	Step 782	Loss 3.8038	Prec@(1,5) (10.0%, 31.1%)
08/10 10:21:10午後 searchStage_trainer.py:303 [INFO] Valid: Epoch: [1][100/391]	Step 782	Loss 3.7807	Prec@(1,5) (10.5%, 31.7%)
08/10 10:21:11午後 searchStage_trainer.py:303 [INFO] Valid: Epoch: [1][150/391]	Step 782	Loss 3.7771	Prec@(1,5) (10.6%, 31.7%)
08/10 10:21:13午後 searchStage_trainer.py:303 [INFO] Valid: Epoch: [1][200/391]	Step 782	Loss 3.7762	Prec@(1,5) (10.6%, 32.1%)
08/10 10:21:15午後 searchStage_trainer.py:303 [INFO] Valid: Epoch: [1][250/391]	Step 782	Loss 3.7754	Prec@(1,5) (10.6%, 32.0%)
08/10 10:21:17午後 searchStage_trainer.py:303 [INFO] Valid: Epoch: [1][300/391]	Step 782	Loss 3.7753	Prec@(1,5) (10.5%, 32.0%)
08/10 10:21:18午後 searchStage_trainer.py:303 [INFO] Valid: Epoch: [1][350/391]	Step 782	Loss 3.7782	Prec@(1,5) (10.6%, 32.1%)
08/10 10:21:20午後 searchStage_trainer.py:303 [INFO] Valid: Epoch: [1][390/391]	Step 782	Loss 3.7773	Prec@(1,5) (10.7%, 32.2%)
08/10 10:21:20午後 searchStage_trainer.py:314 [INFO] Valid: [  1/49] Final Prec@1 10.6640%
08/10 10:21:20午後 searchStage_KD_main.py:58 [INFO] DAG = Genotype2(DAG1=[[('max_pool_3x3', 0), ('skip_connect', 1)], [('avg_pool_3x3', 2), ('skip_connect', 1)], [('avg_pool_3x3', 3), ('avg_pool_3x3', 2)], [('avg_pool_3x3', 4), ('avg_pool_3x3', 3)], [('avg_pool_3x3', 5), ('avg_pool_3x3', 4)], [('max_pool_3x3', 5), ('avg_pool_3x3', 6)]], DAG1_concat=range(6, 8), DAG2=[[('skip_connect', 1), ('skip_connect', 0)], [('max_pool_3x3', 2), ('skip_connect', 0)], [('avg_pool_3x3', 3), ('avg_pool_3x3', 2)], [('skip_connect', 4), ('avg_pool_3x3', 3)], [('avg_pool_3x3', 5), ('skip_connect', 4)], [('avg_pool_3x3', 6), ('skip_connect', 4)]], DAG2_concat=range(6, 8), DAG3=[[('skip_connect', 1), ('skip_connect', 0)], [('skip_connect', 2), ('skip_connect', 0)], [('skip_connect', 3), ('skip_connect', 2)], [('skip_connect', 4), ('skip_connect', 3)], [('avg_pool_3x3', 5), ('max_pool_3x3', 4)], [('avg_pool_3x3', 5), ('skip_connect', 6)]], DAG3_concat=range(6, 8))
08/10 10:21:20午後 searchStage_KD_main.py:89 [INFO] Until now, best Prec@1 = 10.6640%
####### ALPHA #######
# Alpha - DAG
tensor([[0.2510, 0.2505, 0.2508, 0.2477],
        [0.2495, 0.2506, 0.2511, 0.2487]], device='cuda:0',
       grad_fn=<SoftmaxBackward0>)
tensor([[0.2502, 0.2508, 0.2513, 0.2477],
        [0.2504, 0.2513, 0.2514, 0.2470],
        [0.2517, 0.2531, 0.2473, 0.2479]], device='cuda:0',
       grad_fn=<SoftmaxBackward0>)
tensor([[0.2496, 0.2508, 0.2515, 0.2481],
        [0.2502, 0.2512, 0.2493, 0.2493],
        [0.2509, 0.2520, 0.2497, 0.2474]], device='cuda:0',
       grad_fn=<SoftmaxBackward0>)
tensor([[0.2504, 0.2506, 0.2495, 0.2495],
        [0.2501, 0.2511, 0.2495, 0.2493],
        [0.2504, 0.2515, 0.2499, 0.2482]], device='cuda:0',
       grad_fn=<SoftmaxBackward0>)
tensor([[0.2502, 0.2508, 0.2500, 0.2489],
        [0.2505, 0.2507, 0.2503, 0.2484],
        [0.2497, 0.2508, 0.2493, 0.2502]], device='cuda:0',
       grad_fn=<SoftmaxBackward0>)
tensor([[0.2504, 0.2509, 0.2495, 0.2493],
        [0.2507, 0.2504, 0.2497, 0.2492],
        [0.2503, 0.2506, 0.2489, 0.2503]], device='cuda:0',
       grad_fn=<SoftmaxBackward0>)
tensor([[0.2493, 0.2501, 0.2505, 0.2501],
        [0.2498, 0.2497, 0.2507, 0.2498]], device='cuda:0',
       grad_fn=<SoftmaxBackward0>)
tensor([[0.2496, 0.2499, 0.2508, 0.2496],
        [0.2495, 0.2500, 0.2502, 0.2503],
        [0.2501, 0.2500, 0.2496, 0.2502]], device='cuda:0',
       grad_fn=<SoftmaxBackward0>)
tensor([[0.2496, 0.2502, 0.2503, 0.2500],
        [0.2498, 0.2505, 0.2502, 0.2495],
        [0.2493, 0.2500, 0.2500, 0.2506]], device='cuda:0',
       grad_fn=<SoftmaxBackward0>)
tensor([[0.2499, 0.2503, 0.2502, 0.2497],
        [0.2494, 0.2503, 0.2501, 0.2503],
        [0.2498, 0.2499, 0.2499, 0.2504]], device='cuda:0',
       grad_fn=<SoftmaxBackward0>)
tensor([[0.2496, 0.2500, 0.2507, 0.2498],
        [0.2501, 0.2502, 0.2502, 0.2495],
        [0.2499, 0.2503, 0.2495, 0.2502]], device='cuda:0',
       grad_fn=<SoftmaxBackward0>)
tensor([[0.2496, 0.2500, 0.2509, 0.2495],
        [0.2497, 0.2501, 0.2500, 0.2502],
        [0.2500, 0.2503, 0.2496, 0.2500]], device='cuda:0',
       grad_fn=<SoftmaxBackward0>)
tensor([[0.2500, 0.2493, 0.2506, 0.2501],
        [0.2493, 0.2498, 0.2508, 0.2501]], device='cuda:0',
       grad_fn=<SoftmaxBackward0>)
tensor([[0.2497, 0.2496, 0.2509, 0.2498],
        [0.2499, 0.2496, 0.2504, 0.2500],
        [0.2494, 0.2499, 0.2503, 0.2503]], device='cuda:0',
       grad_fn=<SoftmaxBackward0>)
tensor([[0.2502, 0.2501, 0.2507, 0.2490],
        [0.2494, 0.2497, 0.2506, 0.2502],
        [0.2497, 0.2498, 0.2501, 0.2504]], device='cuda:0',
       grad_fn=<SoftmaxBackward0>)
tensor([[0.2501, 0.2503, 0.2501, 0.2495],
        [0.2498, 0.2496, 0.2504, 0.2502],
        [0.2495, 0.2501, 0.2503, 0.2501]], device='cuda:0',
       grad_fn=<SoftmaxBackward0>)
tensor([[0.2503, 0.2499, 0.2504, 0.2494],
        [0.2502, 0.2499, 0.2497, 0.2502],
        [0.2497, 0.2502, 0.2500, 0.2501]], device='cuda:0',
       grad_fn=<SoftmaxBackward0>)
tensor([[0.2502, 0.2500, 0.2501, 0.2498],
        [0.2501, 0.2504, 0.2494, 0.2500],
        [0.2493, 0.2499, 0.2504, 0.2505]], device='cuda:0',
       grad_fn=<SoftmaxBackward0>)
#####################
08/10 10:21:34午後 searchStage_trainer.py:259 [INFO] Train: Epoch: [2][50/390]	Step 832	lr 0.02491	Loss 3.7138 (3.7379)	Hard Loss 3.7138 (3.7379)	Soft Loss 3.7138 (3.7379)	Arch Loss 3.9632 (3.7644)	Arch Hard Loss 0.0000 (0.0000)	Arch Soft Loss 0.0000 (0.0000)	Arch depth Loss -6.1023 (-5.8537)	Prec@(1,5) (11.0%, 34.5%)	
08/10 10:21:46午後 searchStage_trainer.py:259 [INFO] Train: Epoch: [2][100/390]	Step 882	lr 0.02491	Loss 3.6127 (3.7195)	Hard Loss 3.6127 (3.7195)	Soft Loss 3.6127 (3.7195)	Arch Loss 3.7581 (3.7176)	Arch Hard Loss 0.0000 (0.0000)	Arch Soft Loss 0.0000 (0.0000)	Arch depth Loss -6.6274 (-6.1110)	Prec@(1,5) (11.1%, 35.1%)	
08/10 10:21:59午後 searchStage_trainer.py:259 [INFO] Train: Epoch: [2][150/390]	Step 932	lr 0.02491	Loss 3.6458 (3.6993)	Hard Loss 3.6458 (3.6993)	Soft Loss 3.6458 (3.6993)	Arch Loss 3.8141 (3.6871)	Arch Hard Loss 0.0000 (0.0000)	Arch Soft Loss 0.0000 (0.0000)	Arch depth Loss -7.1749 (-6.3756)	Prec@(1,5) (11.7%, 35.2%)	
08/10 10:22:11午後 searchStage_trainer.py:259 [INFO] Train: Epoch: [2][200/390]	Step 982	lr 0.02491	Loss 3.6438 (3.6939)	Hard Loss 3.6438 (3.6939)	Soft Loss 3.6438 (3.6939)	Arch Loss 3.5671 (3.6842)	Arch Hard Loss 0.0000 (0.0000)	Arch Soft Loss 0.0000 (0.0000)	Arch depth Loss -7.7455 (-6.6477)	Prec@(1,5) (11.9%, 35.3%)	
08/10 10:22:24午後 searchStage_trainer.py:259 [INFO] Train: Epoch: [2][250/390]	Step 1032	lr 0.02491	Loss 3.7656 (3.6829)	Hard Loss 3.7656 (3.6829)	Soft Loss 3.7656 (3.6829)	Arch Loss 3.4469 (3.6724)	Arch Hard Loss 0.0000 (0.0000)	Arch Soft Loss 0.0000 (0.0000)	Arch depth Loss -8.3399 (-6.9275)	Prec@(1,5) (12.0%, 35.6%)	
08/10 10:22:36午後 searchStage_trainer.py:259 [INFO] Train: Epoch: [2][300/390]	Step 1082	lr 0.02491	Loss 3.3316 (3.6603)	Hard Loss 3.3316 (3.6603)	Soft Loss 3.3316 (3.6603)	Arch Loss 3.3555 (3.6510)	Arch Hard Loss 0.0000 (0.0000)	Arch Soft Loss 0.0000 (0.0000)	Arch depth Loss -8.9591 (-7.2152)	Prec@(1,5) (12.5%, 36.3%)	
08/10 10:22:49午後 searchStage_trainer.py:259 [INFO] Train: Epoch: [2][350/390]	Step 1132	lr 0.02491	Loss 3.4789 (3.6436)	Hard Loss 3.4789 (3.6436)	Soft Loss 3.4789 (3.6436)	Arch Loss 3.5470 (3.6367)	Arch Hard Loss 0.0000 (0.0000)	Arch Soft Loss 0.0000 (0.0000)	Arch depth Loss -9.6039 (-7.5110)	Prec@(1,5) (12.8%, 36.7%)	
08/10 10:22:59午後 searchStage_trainer.py:259 [INFO] Train: Epoch: [2][390/390]	Step 1172	lr 0.02491	Loss 3.7790 (3.6368)	Hard Loss 3.7790 (3.6368)	Soft Loss 3.7790 (3.6368)	Arch Loss 3.6644 (3.6244)	Arch Hard Loss 0.0000 (0.0000)	Arch Soft Loss 0.0000 (0.0000)	Arch depth Loss -10.1387 (-7.7536)	Prec@(1,5) (13.0%, 37.1%)	
08/10 10:22:59午後 searchStage_trainer.py:275 [INFO] Train: [  2/49] Final Prec@1 12.9720%
08/10 10:23:02午後 searchStage_trainer.py:303 [INFO] Valid: Epoch: [2][50/391]	Step 1173	Loss 3.5132	Prec@(1,5) (15.2%, 40.7%)
08/10 10:23:03午後 searchStage_trainer.py:303 [INFO] Valid: Epoch: [2][100/391]	Step 1173	Loss 3.5141	Prec@(1,5) (14.9%, 41.1%)
08/10 10:23:05午後 searchStage_trainer.py:303 [INFO] Valid: Epoch: [2][150/391]	Step 1173	Loss 3.5319	Prec@(1,5) (14.9%, 41.0%)
08/10 10:23:07午後 searchStage_trainer.py:303 [INFO] Valid: Epoch: [2][200/391]	Step 1173	Loss 3.5382	Prec@(1,5) (14.6%, 41.1%)
08/10 10:23:09午後 searchStage_trainer.py:303 [INFO] Valid: Epoch: [2][250/391]	Step 1173	Loss 3.5417	Prec@(1,5) (14.7%, 41.0%)
08/10 10:23:10午後 searchStage_trainer.py:303 [INFO] Valid: Epoch: [2][300/391]	Step 1173	Loss 3.5455	Prec@(1,5) (14.6%, 41.0%)
08/10 10:23:12午後 searchStage_trainer.py:303 [INFO] Valid: Epoch: [2][350/391]	Step 1173	Loss 3.5458	Prec@(1,5) (14.6%, 40.9%)
08/10 10:23:14午後 searchStage_trainer.py:303 [INFO] Valid: Epoch: [2][390/391]	Step 1173	Loss 3.5454	Prec@(1,5) (14.6%, 40.8%)
08/10 10:23:14午後 searchStage_trainer.py:314 [INFO] Valid: [  2/49] Final Prec@1 14.5960%
08/10 10:23:14午後 searchStage_KD_main.py:58 [INFO] DAG = Genotype2(DAG1=[[('max_pool_3x3', 0), ('skip_connect', 1)], [('avg_pool_3x3', 2), ('skip_connect', 1)], [('avg_pool_3x3', 3), ('avg_pool_3x3', 2)], [('avg_pool_3x3', 4), ('avg_pool_3x3', 3)], [('avg_pool_3x3', 5), ('avg_pool_3x3', 4)], [('avg_pool_3x3', 6), ('max_pool_3x3', 5)]], DAG1_concat=range(6, 8), DAG2=[[('skip_connect', 1), ('skip_connect', 0)], [('max_pool_3x3', 2), ('skip_connect', 0)], [('avg_pool_3x3', 3), ('avg_pool_3x3', 2)], [('skip_connect', 4), ('avg_pool_3x3', 3)], [('avg_pool_3x3', 5), ('skip_connect', 4)], [('avg_pool_3x3', 6), ('avg_pool_3x3', 5)]], DAG2_concat=range(6, 8), DAG3=[[('skip_connect', 1), ('skip_connect', 0)], [('skip_connect', 2), ('skip_connect', 0)], [('skip_connect', 3), ('skip_connect', 2)], [('skip_connect', 4), ('skip_connect', 3)], [('avg_pool_3x3', 5), ('max_pool_3x3', 4)], [('skip_connect', 6), ('max_pool_3x3', 5)]], DAG3_concat=range(6, 8))
08/10 10:23:14午後 searchStage_KD_main.py:89 [INFO] Until now, best Prec@1 = 14.5960%
####### ALPHA #######
# Alpha - DAG
tensor([[0.2510, 0.2505, 0.2509, 0.2476],
        [0.2495, 0.2506, 0.2512, 0.2487]], device='cuda:0',
       grad_fn=<SoftmaxBackward0>)
tensor([[0.2500, 0.2508, 0.2520, 0.2473],
        [0.2501, 0.2511, 0.2520, 0.2468],
        [0.2515, 0.2532, 0.2473, 0.2480]], device='cuda:0',
       grad_fn=<SoftmaxBackward0>)
tensor([[0.2497, 0.2510, 0.2520, 0.2473],
        [0.2499, 0.2511, 0.2492, 0.2497],
        [0.2508, 0.2520, 0.2497, 0.2474]], device='cuda:0',
       grad_fn=<SoftmaxBackward0>)
tensor([[0.2504, 0.2506, 0.2495, 0.2495],
        [0.2501, 0.2511, 0.2496, 0.2492],
        [0.2504, 0.2515, 0.2500, 0.2481]], device='cuda:0',
       grad_fn=<SoftmaxBackward0>)
tensor([[0.2502, 0.2507, 0.2507, 0.2484],
        [0.2502, 0.2507, 0.2505, 0.2485],
        [0.2495, 0.2508, 0.2493, 0.2504]], device='cuda:0',
       grad_fn=<SoftmaxBackward0>)
tensor([[0.2503, 0.2509, 0.2497, 0.2490],
        [0.2506, 0.2504, 0.2497, 0.2492],
        [0.2501, 0.2506, 0.2490, 0.2503]], device='cuda:0',
       grad_fn=<SoftmaxBackward0>)
tensor([[0.2492, 0.2500, 0.2507, 0.2501],
        [0.2497, 0.2496, 0.2508, 0.2499]], device='cuda:0',
       grad_fn=<SoftmaxBackward0>)
tensor([[0.2497, 0.2498, 0.2510, 0.2495],
        [0.2495, 0.2499, 0.2504, 0.2502],
        [0.2500, 0.2500, 0.2496, 0.2504]], device='cuda:0',
       grad_fn=<SoftmaxBackward0>)
tensor([[0.2497, 0.2502, 0.2505, 0.2496],
        [0.2498, 0.2505, 0.2502, 0.2495],
        [0.2492, 0.2500, 0.2499, 0.2509]], device='cuda:0',
       grad_fn=<SoftmaxBackward0>)
tensor([[0.2498, 0.2503, 0.2504, 0.2495],
        [0.2494, 0.2502, 0.2501, 0.2503],
        [0.2497, 0.2499, 0.2500, 0.2505]], device='cuda:0',
       grad_fn=<SoftmaxBackward0>)
tensor([[0.2495, 0.2499, 0.2511, 0.2495],
        [0.2501, 0.2501, 0.2504, 0.2494],
        [0.2499, 0.2502, 0.2494, 0.2505]], device='cuda:0',
       grad_fn=<SoftmaxBackward0>)
tensor([[0.2496, 0.2499, 0.2512, 0.2493],
        [0.2496, 0.2501, 0.2500, 0.2503],
        [0.2500, 0.2503, 0.2497, 0.2501]], device='cuda:0',
       grad_fn=<SoftmaxBackward0>)
tensor([[0.2501, 0.2491, 0.2507, 0.2501],
        [0.2494, 0.2496, 0.2509, 0.2501]], device='cuda:0',
       grad_fn=<SoftmaxBackward0>)
tensor([[0.2499, 0.2493, 0.2511, 0.2497],
        [0.2501, 0.2494, 0.2505, 0.2499],
        [0.2496, 0.2498, 0.2501, 0.2505]], device='cuda:0',
       grad_fn=<SoftmaxBackward0>)
tensor([[0.2506, 0.2502, 0.2508, 0.2484],
        [0.2495, 0.2496, 0.2504, 0.2504],
        [0.2498, 0.2497, 0.2499, 0.2507]], device='cuda:0',
       grad_fn=<SoftmaxBackward0>)
tensor([[0.2503, 0.2503, 0.2503, 0.2491],
        [0.2498, 0.2495, 0.2503, 0.2504],
        [0.2495, 0.2500, 0.2502, 0.2503]], device='cuda:0',
       grad_fn=<SoftmaxBackward0>)
tensor([[0.2507, 0.2498, 0.2504, 0.2491],
        [0.2505, 0.2498, 0.2495, 0.2502],
        [0.2498, 0.2501, 0.2497, 0.2504]], device='cuda:0',
       grad_fn=<SoftmaxBackward0>)
tensor([[0.2506, 0.2500, 0.2500, 0.2495],
        [0.2505, 0.2504, 0.2490, 0.2501],
        [0.2493, 0.2497, 0.2502, 0.2507]], device='cuda:0',
       grad_fn=<SoftmaxBackward0>)
#####################
08/10 10:23:28午後 searchStage_trainer.py:259 [INFO] Train: Epoch: [3][50/390]	Step 1223	lr 0.02479	Loss 3.5494 (3.4727)	Hard Loss 3.5494 (3.4727)	Soft Loss 3.5494 (3.4727)	Arch Loss 3.4172 (3.5167)	Arch Hard Loss 0.0000 (0.0000)	Arch Soft Loss 0.0000 (0.0000)	Arch depth Loss -10.8458 (-10.5037)	Prec@(1,5) (15.6%, 42.2%)	
08/10 10:23:41午後 searchStage_trainer.py:259 [INFO] Train: Epoch: [3][100/390]	Step 1273	lr 0.02479	Loss 3.5983 (3.4843)	Hard Loss 3.5983 (3.4843)	Soft Loss 3.5983 (3.4843)	Arch Loss 3.5831 (3.5102)	Arch Hard Loss 0.0000 (0.0000)	Arch Soft Loss 0.0000 (0.0000)	Arch depth Loss -11.5672 (-10.8575)	Prec@(1,5) (15.3%, 42.0%)	
08/10 10:23:53午後 searchStage_trainer.py:259 [INFO] Train: Epoch: [3][150/390]	Step 1323	lr 0.02479	Loss 3.5520 (3.4784)	Hard Loss 3.5520 (3.4784)	Soft Loss 3.5520 (3.4784)	Arch Loss 3.5939 (3.5014)	Arch Hard Loss 0.0000 (0.0000)	Arch Soft Loss 0.0000 (0.0000)	Arch depth Loss -12.3175 (-11.2208)	Prec@(1,5) (15.5%, 41.6%)	
08/10 10:24:06午後 searchStage_trainer.py:259 [INFO] Train: Epoch: [3][200/390]	Step 1373	lr 0.02479	Loss 3.9650 (3.4624)	Hard Loss 3.9650 (3.4624)	Soft Loss 3.9650 (3.4624)	Arch Loss 3.4878 (3.5007)	Arch Hard Loss 0.0000 (0.0000)	Arch Soft Loss 0.0000 (0.0000)	Arch depth Loss -13.0976 (-11.5938)	Prec@(1,5) (16.0%, 42.1%)	
08/10 10:24:18午後 searchStage_trainer.py:259 [INFO] Train: Epoch: [3][250/390]	Step 1423	lr 0.02479	Loss 3.2674 (3.4470)	Hard Loss 3.2674 (3.4470)	Soft Loss 3.2674 (3.4470)	Arch Loss 3.2890 (3.4835)	Arch Hard Loss 0.0000 (0.0000)	Arch Soft Loss 0.0000 (0.0000)	Arch depth Loss -13.9084 (-11.9768)	Prec@(1,5) (16.2%, 42.6%)	
08/10 10:24:30午後 searchStage_trainer.py:259 [INFO] Train: Epoch: [3][300/390]	Step 1473	lr 0.02479	Loss 3.3486 (3.4378)	Hard Loss 3.3486 (3.4378)	Soft Loss 3.3486 (3.4378)	Arch Loss 3.3323 (3.4641)	Arch Hard Loss 0.0000 (0.0000)	Arch Soft Loss 0.0000 (0.0000)	Arch depth Loss -14.7508 (-12.3699)	Prec@(1,5) (16.6%, 43.0%)	
08/10 10:24:42午後 searchStage_trainer.py:259 [INFO] Train: Epoch: [3][350/390]	Step 1523	lr 0.02479	Loss 3.5045 (3.4328)	Hard Loss 3.5045 (3.4328)	Soft Loss 3.5045 (3.4328)	Arch Loss 3.3332 (3.4494)	Arch Hard Loss 0.0000 (0.0000)	Arch Soft Loss 0.0000 (0.0000)	Arch depth Loss -15.6258 (-12.7734)	Prec@(1,5) (16.7%, 43.2%)	
08/10 10:24:51午後 searchStage_trainer.py:259 [INFO] Train: Epoch: [3][390/390]	Step 1563	lr 0.02479	Loss 3.1961 (3.4280)	Hard Loss 3.1961 (3.4280)	Soft Loss 3.1961 (3.4280)	Arch Loss 3.4888 (3.4408)	Arch Hard Loss 0.0000 (0.0000)	Arch Soft Loss 0.0000 (0.0000)	Arch depth Loss -16.3498 (-13.1038)	Prec@(1,5) (16.7%, 43.3%)	
08/10 10:24:51午後 searchStage_trainer.py:275 [INFO] Train: [  3/49] Final Prec@1 16.6640%
08/10 10:24:54午後 searchStage_trainer.py:303 [INFO] Valid: Epoch: [3][50/391]	Step 1564	Loss 3.3992	Prec@(1,5) (18.2%, 45.4%)
08/10 10:24:55午後 searchStage_trainer.py:303 [INFO] Valid: Epoch: [3][100/391]	Step 1564	Loss 3.4012	Prec@(1,5) (17.1%, 45.1%)
08/10 10:24:57午後 searchStage_trainer.py:303 [INFO] Valid: Epoch: [3][150/391]	Step 1564	Loss 3.3832	Prec@(1,5) (17.5%, 45.5%)
08/10 10:24:59午後 searchStage_trainer.py:303 [INFO] Valid: Epoch: [3][200/391]	Step 1564	Loss 3.3909	Prec@(1,5) (17.3%, 45.3%)
08/10 10:25:01午後 searchStage_trainer.py:303 [INFO] Valid: Epoch: [3][250/391]	Step 1564	Loss 3.3846	Prec@(1,5) (17.3%, 45.5%)
08/10 10:25:02午後 searchStage_trainer.py:303 [INFO] Valid: Epoch: [3][300/391]	Step 1564	Loss 3.3811	Prec@(1,5) (17.4%, 45.7%)
08/10 10:25:04午後 searchStage_trainer.py:303 [INFO] Valid: Epoch: [3][350/391]	Step 1564	Loss 3.3809	Prec@(1,5) (17.4%, 45.7%)
08/10 10:25:05午後 searchStage_trainer.py:303 [INFO] Valid: Epoch: [3][390/391]	Step 1564	Loss 3.3784	Prec@(1,5) (17.5%, 45.8%)
08/10 10:25:06午後 searchStage_trainer.py:314 [INFO] Valid: [  3/49] Final Prec@1 17.4640%
08/10 10:25:06午後 searchStage_KD_main.py:58 [INFO] DAG = Genotype2(DAG1=[[('skip_connect', 0), ('skip_connect', 1)], [('avg_pool_3x3', 2), ('skip_connect', 1)], [('avg_pool_3x3', 3), ('avg_pool_3x3', 2)], [('avg_pool_3x3', 4), ('avg_pool_3x3', 3)], [('avg_pool_3x3', 5), ('skip_connect', 4)], [('avg_pool_3x3', 6), ('max_pool_3x3', 5)]], DAG1_concat=range(6, 8), DAG2=[[('skip_connect', 1), ('skip_connect', 0)], [('max_pool_3x3', 2), ('skip_connect', 0)], [('avg_pool_3x3', 3), ('avg_pool_3x3', 2)], [('skip_connect', 4), ('skip_connect', 3)], [('avg_pool_3x3', 5), ('skip_connect', 4)], [('avg_pool_3x3', 6), ('skip_connect', 5)]], DAG2_concat=range(6, 8), DAG3=[[('skip_connect', 1), ('skip_connect', 0)], [('skip_connect', 2), ('skip_connect', 0)], [('max_pool_3x3', 3), ('skip_connect', 2)], [('skip_connect', 4), ('skip_connect', 3)], [('avg_pool_3x3', 5), ('max_pool_3x3', 4)], [('skip_connect', 6), ('max_pool_3x3', 5)]], DAG3_concat=range(6, 8))
08/10 10:25:06午後 searchStage_KD_main.py:89 [INFO] Until now, best Prec@1 = 17.4640%
####### ALPHA #######
# Alpha - DAG
tensor([[0.2509, 0.2505, 0.2510, 0.2476],
        [0.2495, 0.2506, 0.2513, 0.2487]], device='cuda:0',
       grad_fn=<SoftmaxBackward0>)
tensor([[0.2495, 0.2505, 0.2527, 0.2473],
        [0.2497, 0.2509, 0.2527, 0.2467],
        [0.2513, 0.2532, 0.2475, 0.2480]], device='cuda:0',
       grad_fn=<SoftmaxBackward0>)
tensor([[0.2497, 0.2510, 0.2527, 0.2465],
        [0.2497, 0.2511, 0.2492, 0.2499],
        [0.2506, 0.2520, 0.2498, 0.2477]], device='cuda:0',
       grad_fn=<SoftmaxBackward0>)
tensor([[0.2503, 0.2506, 0.2496, 0.2495],
        [0.2500, 0.2510, 0.2498, 0.2493],
        [0.2503, 0.2515, 0.2500, 0.2481]], device='cuda:0',
       grad_fn=<SoftmaxBackward0>)
tensor([[0.2498, 0.2507, 0.2515, 0.2479],
        [0.2500, 0.2507, 0.2509, 0.2485],
        [0.2492, 0.2507, 0.2493, 0.2508]], device='cuda:0',
       grad_fn=<SoftmaxBackward0>)
tensor([[0.2503, 0.2510, 0.2500, 0.2488],
        [0.2506, 0.2504, 0.2497, 0.2493],
        [0.2501, 0.2505, 0.2490, 0.2504]], device='cuda:0',
       grad_fn=<SoftmaxBackward0>)
tensor([[0.2491, 0.2499, 0.2509, 0.2501],
        [0.2496, 0.2495, 0.2510, 0.2499]], device='cuda:0',
       grad_fn=<SoftmaxBackward0>)
tensor([[0.2496, 0.2498, 0.2513, 0.2493],
        [0.2494, 0.2497, 0.2506, 0.2502],
        [0.2500, 0.2500, 0.2496, 0.2504]], device='cuda:0',
       grad_fn=<SoftmaxBackward0>)
tensor([[0.2496, 0.2503, 0.2508, 0.2493],
        [0.2497, 0.2504, 0.2503, 0.2496],
        [0.2492, 0.2499, 0.2499, 0.2510]], device='cuda:0',
       grad_fn=<SoftmaxBackward0>)
tensor([[0.2498, 0.2502, 0.2506, 0.2493],
        [0.2493, 0.2502, 0.2502, 0.2503],
        [0.2496, 0.2498, 0.2499, 0.2506]], device='cuda:0',
       grad_fn=<SoftmaxBackward0>)
tensor([[0.2495, 0.2499, 0.2517, 0.2489],
        [0.2501, 0.2499, 0.2504, 0.2496],
        [0.2497, 0.2502, 0.2493, 0.2508]], device='cuda:0',
       grad_fn=<SoftmaxBackward0>)
tensor([[0.2496, 0.2498, 0.2514, 0.2491],
        [0.2496, 0.2500, 0.2500, 0.2504],
        [0.2500, 0.2502, 0.2497, 0.2501]], device='cuda:0',
       grad_fn=<SoftmaxBackward0>)
tensor([[0.2501, 0.2489, 0.2509, 0.2501],
        [0.2495, 0.2494, 0.2510, 0.2501]], device='cuda:0',
       grad_fn=<SoftmaxBackward0>)
tensor([[0.2503, 0.2490, 0.2512, 0.2495],
        [0.2503, 0.2491, 0.2507, 0.2498],
        [0.2496, 0.2497, 0.2499, 0.2508]], device='cuda:0',
       grad_fn=<SoftmaxBackward0>)
tensor([[0.2509, 0.2502, 0.2511, 0.2477],
        [0.2496, 0.2495, 0.2504, 0.2506],
        [0.2498, 0.2495, 0.2497, 0.2510]], device='cuda:0',
       grad_fn=<SoftmaxBackward0>)
tensor([[0.2504, 0.2502, 0.2505, 0.2489],
        [0.2499, 0.2494, 0.2503, 0.2505],
        [0.2495, 0.2499, 0.2502, 0.2504]], device='cuda:0',
       grad_fn=<SoftmaxBackward0>)
tensor([[0.2511, 0.2497, 0.2507, 0.2485],
        [0.2506, 0.2497, 0.2493, 0.2504],
        [0.2499, 0.2499, 0.2495, 0.2507]], device='cuda:0',
       grad_fn=<SoftmaxBackward0>)
tensor([[0.2509, 0.2498, 0.2499, 0.2493],
        [0.2508, 0.2502, 0.2489, 0.2501],
        [0.2495, 0.2494, 0.2502, 0.2509]], device='cuda:0',
       grad_fn=<SoftmaxBackward0>)
#####################
08/10 10:25:20午後 searchStage_trainer.py:259 [INFO] Train: Epoch: [4][50/390]	Step 1614	lr 0.02462	Loss 3.2921 (3.2714)	Hard Loss 3.2921 (3.2714)	Soft Loss 3.2921 (3.2714)	Arch Loss 3.1780 (3.3416)	Arch Hard Loss 0.0000 (0.0000)	Arch Soft Loss 0.0000 (0.0000)	Arch depth Loss -17.3049 (-16.8430)	Prec@(1,5) (18.7%, 48.2%)	
08/10 10:25:32午後 searchStage_trainer.py:259 [INFO] Train: Epoch: [4][100/390]	Step 1664	lr 0.02462	Loss 3.3007 (3.2958)	Hard Loss 3.3007 (3.2958)	Soft Loss 3.3007 (3.2958)	Arch Loss 3.4112 (3.3296)	Arch Hard Loss 0.0000 (0.0000)	Arch Soft Loss 0.0000 (0.0000)	Arch depth Loss -18.2770 (-17.3204)	Prec@(1,5) (19.3%, 47.0%)	
08/10 10:25:44午後 searchStage_trainer.py:259 [INFO] Train: Epoch: [4][150/390]	Step 1714	lr 0.02462	Loss 3.2747 (3.2836)	Hard Loss 3.2747 (3.2836)	Soft Loss 3.2747 (3.2836)	Arch Loss 3.2967 (3.3311)	Arch Hard Loss 0.0000 (0.0000)	Arch Soft Loss 0.0000 (0.0000)	Arch depth Loss -19.2853 (-17.8096)	Prec@(1,5) (19.7%, 47.4%)	
08/10 10:25:57午後 searchStage_trainer.py:259 [INFO] Train: Epoch: [4][200/390]	Step 1764	lr 0.02462	Loss 3.0976 (3.2685)	Hard Loss 3.0976 (3.2685)	Soft Loss 3.0976 (3.2685)	Arch Loss 3.1846 (3.3090)	Arch Hard Loss 0.0000 (0.0000)	Arch Soft Loss 0.0000 (0.0000)	Arch depth Loss -20.3311 (-18.3111)	Prec@(1,5) (19.8%, 47.9%)	
