08/21 08:24:09PM parser.py:28 [INFO] 
08/21 08:24:09PM parser.py:29 [INFO] Parameters:
08/21 08:24:09PM parser.py:31 [INFO] DAG_PATH=results/search_stage_KD/cifar10/noSlideWindow/s2-20240821-202409/DAG
08/21 08:24:09PM parser.py:31 [INFO] T=10.0
08/21 08:24:09PM parser.py:31 [INFO] ADVANCED=False
08/21 08:24:09PM parser.py:31 [INFO] ALPHA_LR=0.0003
08/21 08:24:09PM parser.py:31 [INFO] ALPHA_WEIGHT_DECAY=0.001
08/21 08:24:09PM parser.py:31 [INFO] BATCH_SIZE=64
08/21 08:24:09PM parser.py:31 [INFO] CASCADE=True
08/21 08:24:09PM parser.py:31 [INFO] CHECKPOINT_RESET=False
08/21 08:24:09PM parser.py:31 [INFO] CUTOUT_LENGTH=0
08/21 08:24:09PM parser.py:31 [INFO] DATA_PATH=../data/
08/21 08:24:09PM parser.py:31 [INFO] DATASET=cifar10
08/21 08:24:09PM parser.py:31 [INFO] DESCRIPTION=noSlideWindow_version_searching_stage
08/21 08:24:09PM parser.py:31 [INFO] EPOCHS=50
08/21 08:24:09PM parser.py:31 [INFO] EXP_NAME=s2-20240821-202409
08/21 08:24:09PM parser.py:31 [INFO] GENOTYPE=Genotype3(normal1=[[('sep_conv_5x5', 0), ('sep_conv_3x3', 1)], [('sep_conv_3x3', 1), ('sep_conv_3x3', 0)], [('sep_conv_3x3', 1), ('sep_conv_3x3', 2)], [('sep_conv_3x3', 0), ('sep_conv_5x5', 4)]], normal1_concat=range(2, 6), reduce1=[[('sep_conv_3x3', 0), ('skip_connect', 1)], [('sep_conv_3x3', 1), ('max_pool_3x3', 0)], [('sep_conv_3x3', 2), ('sep_conv_3x3', 1)], [('max_pool_3x3', 0), ('dil_conv_3x3', 1)]], reduce1_concat=range(2, 6), normal2=[[('skip_connect', 0), ('sep_conv_5x5', 1)], [('skip_connect', 0), ('skip_connect', 2)], [('avg_pool_3x3', 0), ('avg_pool_3x3', 2)], [('skip_connect', 0), ('avg_pool_3x3', 2)]], normal2_concat=range(2, 6), reduce2=[[('avg_pool_3x3', 0), ('avg_pool_3x3', 1)], [('avg_pool_3x3', 0), ('skip_connect', 2)], [('skip_connect', 2), ('avg_pool_3x3', 0)], [('skip_connect', 2), ('avg_pool_3x3', 0)]], reduce2_concat=range(2, 6), normal3=[[('skip_connect', 0), ('skip_connect', 1)], [('skip_connect', 0), ('dil_conv_3x3', 1)], [('skip_connect', 0), ('skip_connect', 1)], [('skip_connect', 0), ('skip_connect', 2)]], normal3_concat=range(2, 6))
08/21 08:24:09PM parser.py:31 [INFO] GPUS=[0]
08/21 08:24:09PM parser.py:31 [INFO] INIT_CHANNELS=16
08/21 08:24:09PM parser.py:31 [INFO] L=0.5
08/21 08:24:09PM parser.py:31 [INFO] LAYERS=20
08/21 08:24:09PM parser.py:31 [INFO] LOGGER=<Logger H-DAS (INFO)>
08/21 08:24:09PM parser.py:31 [INFO] NAME=noSlideWindow
08/21 08:24:09PM parser.py:31 [INFO] NONKD=True
08/21 08:24:09PM parser.py:31 [INFO] PATH=results/search_stage_KD/cifar10/noSlideWindow/s2-20240821-202409
08/21 08:24:09PM parser.py:31 [INFO] PCDARTS=False
08/21 08:24:09PM parser.py:31 [INFO] PLOT_PATH=results/search_stage_KD/cifar10/noSlideWindow/s2-20240821-202409/plots
08/21 08:24:09PM parser.py:31 [INFO] PRINT_FREQ=50
08/21 08:24:09PM parser.py:31 [INFO] RESUME_PATH=None
08/21 08:24:09PM parser.py:31 [INFO] SAVE=s2
08/21 08:24:09PM parser.py:31 [INFO] SEED=2
08/21 08:24:09PM parser.py:31 [INFO] SHARE_STAGE=False
08/21 08:24:09PM parser.py:31 [INFO] SPEC_CELL=True
08/21 08:24:09PM parser.py:31 [INFO] TEACHER_NAME=non
08/21 08:24:09PM parser.py:31 [INFO] TEACHER_PATH=non
08/21 08:24:09PM parser.py:31 [INFO] TRAIN_PORTION=0.5
08/21 08:24:09PM parser.py:31 [INFO] W_GRAD_CLIP=5.0
08/21 08:24:09PM parser.py:31 [INFO] W_LR=0.025
08/21 08:24:09PM parser.py:31 [INFO] W_LR_MIN=0.001
08/21 08:24:09PM parser.py:31 [INFO] W_MOMENTUM=0.9
08/21 08:24:09PM parser.py:31 [INFO] W_WEIGHT_DECAY=0.0003
08/21 08:24:09PM parser.py:31 [INFO] WORKERS=4
08/21 08:24:09PM parser.py:32 [INFO] 
08/21 08:24:23PM searchStage_trainer.py:134 [INFO] --> No loaded checkpoint!
####### ALPHA #######
# Alpha - DAG
tensor([[0.2498, 0.2504, 0.2499, 0.2499],
        [0.2496, 0.2500, 0.2503, 0.2501]], device='cuda:0',
       grad_fn=<SoftmaxBackward0>)
tensor([[0.2499, 0.2502, 0.2500, 0.2499],
        [0.2498, 0.2499, 0.2501, 0.2502],
        [0.2495, 0.2502, 0.2501, 0.2501]], device='cuda:0',
       grad_fn=<SoftmaxBackward0>)
tensor([[0.2497, 0.2499, 0.2503, 0.2501],
        [0.2501, 0.2500, 0.2501, 0.2497],
        [0.2500, 0.2501, 0.2499, 0.2500],
        [0.2502, 0.2500, 0.2500, 0.2497]], device='cuda:0',
       grad_fn=<SoftmaxBackward0>)
tensor([[0.2504, 0.2499, 0.2498, 0.2498],
        [0.2501, 0.2497, 0.2502, 0.2500],
        [0.2503, 0.2497, 0.2501, 0.2499],
        [0.2503, 0.2497, 0.2504, 0.2496],
        [0.2501, 0.2499, 0.2498, 0.2502]], device='cuda:0',
       grad_fn=<SoftmaxBackward0>)
tensor([[0.2501, 0.2502, 0.2498, 0.2500],
        [0.2499, 0.2500, 0.2501, 0.2501],
        [0.2498, 0.2504, 0.2502, 0.2496],
        [0.2502, 0.2501, 0.2501, 0.2496],
        [0.2497, 0.2500, 0.2503, 0.2500],
        [0.2499, 0.2505, 0.2497, 0.2499]], device='cuda:0',
       grad_fn=<SoftmaxBackward0>)
tensor([[0.2503, 0.2500, 0.2498, 0.2499],
        [0.2502, 0.2503, 0.2496, 0.2499],
        [0.2504, 0.2498, 0.2501, 0.2497],
        [0.2500, 0.2500, 0.2502, 0.2498],
        [0.2501, 0.2500, 0.2500, 0.2499],
        [0.2503, 0.2503, 0.2494, 0.2501],
        [0.2498, 0.2500, 0.2499, 0.2503]], device='cuda:0',
       grad_fn=<SoftmaxBackward0>)
tensor([[0.2499, 0.2500, 0.2498, 0.2502],
        [0.2502, 0.2498, 0.2497, 0.2504]], device='cuda:0',
       grad_fn=<SoftmaxBackward0>)
tensor([[0.2497, 0.2506, 0.2497, 0.2500],
        [0.2499, 0.2506, 0.2498, 0.2498],
        [0.2503, 0.2498, 0.2500, 0.2499]], device='cuda:0',
       grad_fn=<SoftmaxBackward0>)
tensor([[0.2502, 0.2502, 0.2499, 0.2497],
        [0.2500, 0.2498, 0.2500, 0.2502],
        [0.2500, 0.2497, 0.2499, 0.2504],
        [0.2497, 0.2498, 0.2503, 0.2502]], device='cuda:0',
       grad_fn=<SoftmaxBackward0>)
tensor([[0.2500, 0.2499, 0.2500, 0.2501],
        [0.2500, 0.2500, 0.2504, 0.2496],
        [0.2498, 0.2497, 0.2503, 0.2502],
        [0.2504, 0.2495, 0.2499, 0.2502],
        [0.2501, 0.2501, 0.2500, 0.2498]], device='cuda:0',
       grad_fn=<SoftmaxBackward0>)
tensor([[0.2501, 0.2500, 0.2500, 0.2499],
        [0.2500, 0.2501, 0.2502, 0.2497],
        [0.2500, 0.2501, 0.2501, 0.2498],
        [0.2500, 0.2502, 0.2498, 0.2500],
        [0.2502, 0.2502, 0.2496, 0.2500],
        [0.2499, 0.2500, 0.2502, 0.2499]], device='cuda:0',
       grad_fn=<SoftmaxBackward0>)
tensor([[0.2498, 0.2500, 0.2499, 0.2503],
        [0.2499, 0.2499, 0.2500, 0.2502],
        [0.2503, 0.2495, 0.2500, 0.2501],
        [0.2497, 0.2501, 0.2504, 0.2498],
        [0.2496, 0.2505, 0.2501, 0.2498],
        [0.2499, 0.2503, 0.2502, 0.2496],
        [0.2502, 0.2500, 0.2501, 0.2498]], device='cuda:0',
       grad_fn=<SoftmaxBackward0>)
tensor([[0.2499, 0.2501, 0.2504, 0.2495],
        [0.2498, 0.2499, 0.2501, 0.2502]], device='cuda:0',
       grad_fn=<SoftmaxBackward0>)
tensor([[0.2501, 0.2499, 0.2499, 0.2500],
        [0.2501, 0.2503, 0.2498, 0.2499],
        [0.2500, 0.2502, 0.2498, 0.2500]], device='cuda:0',
       grad_fn=<SoftmaxBackward0>)
tensor([[0.2500, 0.2499, 0.2498, 0.2503],
        [0.2500, 0.2500, 0.2502, 0.2498],
        [0.2499, 0.2499, 0.2501, 0.2500],
        [0.2502, 0.2497, 0.2501, 0.2499]], device='cuda:0',
       grad_fn=<SoftmaxBackward0>)
tensor([[0.2503, 0.2499, 0.2498, 0.2500],
        [0.2505, 0.2501, 0.2499, 0.2495],
        [0.2497, 0.2500, 0.2501, 0.2502],
        [0.2500, 0.2500, 0.2499, 0.2501],
        [0.2501, 0.2501, 0.2500, 0.2498]], device='cuda:0',
       grad_fn=<SoftmaxBackward0>)
tensor([[0.2505, 0.2500, 0.2496, 0.2499],
        [0.2503, 0.2500, 0.2501, 0.2496],
        [0.2503, 0.2500, 0.2499, 0.2498],
        [0.2498, 0.2500, 0.2503, 0.2499],
        [0.2498, 0.2500, 0.2500, 0.2502],
        [0.2500, 0.2499, 0.2499, 0.2502]], device='cuda:0',
       grad_fn=<SoftmaxBackward0>)
tensor([[0.2503, 0.2499, 0.2499, 0.2499],
        [0.2499, 0.2498, 0.2501, 0.2502],
        [0.2495, 0.2501, 0.2501, 0.2502],
        [0.2498, 0.2502, 0.2498, 0.2502],
        [0.2500, 0.2499, 0.2500, 0.2502],
        [0.2501, 0.2499, 0.2495, 0.2504],
        [0.2499, 0.2501, 0.2498, 0.2503]], device='cuda:0',
       grad_fn=<SoftmaxBackward0>)
#####################
08/21 08:24:40PM searchStage_trainer.py:267 [INFO] Train: Epoch: [0][50/390]	Step 50	lr 0.025	Loss 2.3357 (2.2319)	Hard Loss 2.3357 (2.2319)	Soft Loss 2.3357 (2.2319)	Arch Loss 2.2055 (2.2454)	Arch Hard Loss 0.0000 (0.0000)	Arch Soft Loss 0.0000 (0.0000)	Arch depth Loss 0.0000 (0.0000)	Prec@(1,5) (18.9%, 68.3%)	
08/21 08:24:55PM searchStage_trainer.py:267 [INFO] Train: Epoch: [0][100/390]	Step 100	lr 0.025	Loss 1.9039 (2.1581)	Hard Loss 1.9039 (2.1581)	Soft Loss 1.9039 (2.1581)	Arch Loss 1.9468 (2.1788)	Arch Hard Loss 0.0000 (0.0000)	Arch Soft Loss 0.0000 (0.0000)	Arch depth Loss 0.0000 (0.0000)	Prec@(1,5) (20.2%, 73.4%)	
08/21 08:25:11PM searchStage_trainer.py:267 [INFO] Train: Epoch: [0][150/390]	Step 150	lr 0.025	Loss 1.8692 (2.0584)	Hard Loss 1.8692 (2.0584)	Soft Loss 1.8692 (2.0584)	Arch Loss 1.9221 (2.0839)	Arch Hard Loss 0.0000 (0.0000)	Arch Soft Loss 0.0000 (0.0000)	Arch depth Loss 0.0000 (0.0000)	Prec@(1,5) (23.1%, 76.8%)	
08/21 08:25:27PM searchStage_trainer.py:267 [INFO] Train: Epoch: [0][200/390]	Step 200	lr 0.025	Loss 1.7784 (1.9941)	Hard Loss 1.7784 (1.9941)	Soft Loss 1.7784 (1.9941)	Arch Loss 1.6005 (2.0063)	Arch Hard Loss 0.0000 (0.0000)	Arch Soft Loss 0.0000 (0.0000)	Arch depth Loss 0.0000 (0.0000)	Prec@(1,5) (25.2%, 79.2%)	
08/21 08:25:43PM searchStage_trainer.py:267 [INFO] Train: Epoch: [0][250/390]	Step 250	lr 0.025	Loss 1.8655 (1.9419)	Hard Loss 1.8655 (1.9419)	Soft Loss 1.8655 (1.9419)	Arch Loss 1.6881 (1.9519)	Arch Hard Loss 0.0000 (0.0000)	Arch Soft Loss 0.0000 (0.0000)	Arch depth Loss 0.0000 (0.0000)	Prec@(1,5) (27.2%, 80.7%)	
08/21 08:25:59PM searchStage_trainer.py:267 [INFO] Train: Epoch: [0][300/390]	Step 300	lr 0.025	Loss 1.6732 (1.8964)	Hard Loss 1.6732 (1.8964)	Soft Loss 1.6732 (1.8964)	Arch Loss 1.7205 (1.9109)	Arch Hard Loss 0.0000 (0.0000)	Arch Soft Loss 0.0000 (0.0000)	Arch depth Loss 0.0000 (0.0000)	Prec@(1,5) (28.9%, 82.1%)	
08/21 08:26:15PM searchStage_trainer.py:267 [INFO] Train: Epoch: [0][350/390]	Step 350	lr 0.025	Loss 1.5574 (1.8612)	Hard Loss 1.5574 (1.8612)	Soft Loss 1.5574 (1.8612)	Arch Loss 1.8918 (1.8739)	Arch Hard Loss 0.0000 (0.0000)	Arch Soft Loss 0.0000 (0.0000)	Arch depth Loss 0.0000 (0.0000)	Prec@(1,5) (30.4%, 83.0%)	
08/21 08:26:28PM searchStage_trainer.py:267 [INFO] Train: Epoch: [0][390/390]	Step 390	lr 0.025	Loss 1.6784 (1.8396)	Hard Loss 1.6784 (1.8396)	Soft Loss 1.6784 (1.8396)	Arch Loss 1.4699 (1.8490)	Arch Hard Loss 0.0000 (0.0000)	Arch Soft Loss 0.0000 (0.0000)	Arch depth Loss 0.0000 (0.0000)	Prec@(1,5) (31.3%, 83.6%)	
08/21 08:26:29PM searchStage_trainer.py:283 [INFO] Train: [  0/49] Final Prec@1 31.3480%
08/21 08:26:31PM searchStage_trainer.py:311 [INFO] Valid: Epoch: [0][50/391]	Step 391	Loss 1.7078	Prec@(1,5) (34.5%, 90.1%)
08/21 08:26:34PM searchStage_trainer.py:311 [INFO] Valid: Epoch: [0][100/391]	Step 391	Loss 1.7102	Prec@(1,5) (34.0%, 90.3%)
08/21 08:26:37PM searchStage_trainer.py:311 [INFO] Valid: Epoch: [0][150/391]	Step 391	Loss 1.7190	Prec@(1,5) (33.9%, 90.0%)
08/21 08:26:39PM searchStage_trainer.py:311 [INFO] Valid: Epoch: [0][200/391]	Step 391	Loss 1.7266	Prec@(1,5) (33.8%, 89.9%)
08/21 08:26:42PM searchStage_trainer.py:311 [INFO] Valid: Epoch: [0][250/391]	Step 391	Loss 1.7253	Prec@(1,5) (33.9%, 89.8%)
08/21 08:26:44PM searchStage_trainer.py:311 [INFO] Valid: Epoch: [0][300/391]	Step 391	Loss 1.7206	Prec@(1,5) (33.9%, 89.9%)
08/21 08:26:47PM searchStage_trainer.py:311 [INFO] Valid: Epoch: [0][350/391]	Step 391	Loss 1.7200	Prec@(1,5) (34.0%, 89.8%)
08/21 08:26:49PM searchStage_trainer.py:311 [INFO] Valid: Epoch: [0][390/391]	Step 391	Loss 1.7221	Prec@(1,5) (33.9%, 89.7%)
08/21 08:26:49PM searchStage_trainer.py:322 [INFO] Valid: [  0/49] Final Prec@1 33.8520%
08/21 08:26:49PM searchStage_KD_main.py:58 [INFO] DAG = Genotype2(DAG1=[[('skip_connect', 1), ('avg_pool_3x3', 0)], [('avg_pool_3x3', 0), ('avg_pool_3x3', 2)], [('skip_connect', 0), ('avg_pool_3x3', 2)], [('max_pool_3x3', 2), ('skip_connect', 3)], [('avg_pool_3x3', 5), ('avg_pool_3x3', 2)], [('max_pool_3x3', 4), ('max_pool_3x3', 0)]], DAG1_concat=range(6, 8), DAG2=[[('max_pool_3x3', 1), ('avg_pool_3x3', 0)], [('avg_pool_3x3', 0), ('avg_pool_3x3', 1)], [('avg_pool_3x3', 0), ('skip_connect', 3)], [('skip_connect', 1), ('max_pool_3x3', 3)], [('skip_connect', 5), ('skip_connect', 1)], [('avg_pool_3x3', 4), ('skip_connect', 3)]], DAG2_concat=range(6, 8), DAG3=[[('skip_connect', 0), ('skip_connect', 1)], [('avg_pool_3x3', 1), ('avg_pool_3x3', 2)], [('skip_connect', 1), ('max_pool_3x3', 3)], [('max_pool_3x3', 1), ('max_pool_3x3', 0)], [('max_pool_3x3', 1), ('max_pool_3x3', 0)], [('max_pool_3x3', 0), ('avg_pool_3x3', 3)]], DAG3_concat=range(6, 8))
08/21 08:26:50PM searchStage_KD_main.py:89 [INFO] Until now, best Prec@1 = 33.8520%
####### ALPHA #######
# Alpha - DAG
tensor([[0.2498, 0.2504, 0.2499, 0.2499],
        [0.2496, 0.2500, 0.2503, 0.2501]], device='cuda:0',
       grad_fn=<SoftmaxBackward0>)
tensor([[0.2499, 0.2502, 0.2500, 0.2499],
        [0.2498, 0.2499, 0.2501, 0.2502],
        [0.2495, 0.2502, 0.2501, 0.2501]], device='cuda:0',
       grad_fn=<SoftmaxBackward0>)
tensor([[0.2497, 0.2499, 0.2503, 0.2501],
        [0.2501, 0.2500, 0.2501, 0.2497],
        [0.2500, 0.2501, 0.2499, 0.2500],
        [0.2502, 0.2500, 0.2500, 0.2497]], device='cuda:0',
       grad_fn=<SoftmaxBackward0>)
tensor([[0.2504, 0.2499, 0.2498, 0.2498],
        [0.2501, 0.2497, 0.2502, 0.2500],
        [0.2503, 0.2497, 0.2501, 0.2499],
        [0.2503, 0.2497, 0.2504, 0.2496],
        [0.2501, 0.2499, 0.2498, 0.2502]], device='cuda:0',
       grad_fn=<SoftmaxBackward0>)
tensor([[0.2501, 0.2502, 0.2498, 0.2500],
        [0.2499, 0.2500, 0.2501, 0.2501],
        [0.2498, 0.2504, 0.2502, 0.2496],
        [0.2502, 0.2501, 0.2501, 0.2496],
        [0.2497, 0.2500, 0.2503, 0.2500],
        [0.2499, 0.2505, 0.2497, 0.2499]], device='cuda:0',
       grad_fn=<SoftmaxBackward0>)
tensor([[0.2503, 0.2500, 0.2498, 0.2499],
        [0.2502, 0.2503, 0.2496, 0.2499],
        [0.2504, 0.2498, 0.2501, 0.2497],
        [0.2500, 0.2500, 0.2502, 0.2498],
        [0.2501, 0.2500, 0.2500, 0.2499],
        [0.2503, 0.2503, 0.2494, 0.2501],
        [0.2498, 0.2500, 0.2499, 0.2503]], device='cuda:0',
       grad_fn=<SoftmaxBackward0>)
tensor([[0.2499, 0.2500, 0.2498, 0.2502],
        [0.2502, 0.2498, 0.2497, 0.2504]], device='cuda:0',
       grad_fn=<SoftmaxBackward0>)
tensor([[0.2497, 0.2506, 0.2497, 0.2500],
        [0.2499, 0.2506, 0.2498, 0.2498],
        [0.2503, 0.2498, 0.2500, 0.2499]], device='cuda:0',
       grad_fn=<SoftmaxBackward0>)
tensor([[0.2502, 0.2502, 0.2499, 0.2497],
        [0.2500, 0.2498, 0.2500, 0.2502],
        [0.2500, 0.2497, 0.2499, 0.2504],
        [0.2497, 0.2498, 0.2503, 0.2502]], device='cuda:0',
       grad_fn=<SoftmaxBackward0>)
tensor([[0.2500, 0.2499, 0.2500, 0.2501],
        [0.2500, 0.2500, 0.2504, 0.2496],
        [0.2498, 0.2497, 0.2503, 0.2502],
        [0.2504, 0.2495, 0.2499, 0.2502],
        [0.2501, 0.2501, 0.2500, 0.2498]], device='cuda:0',
       grad_fn=<SoftmaxBackward0>)
tensor([[0.2501, 0.2500, 0.2500, 0.2499],
        [0.2500, 0.2501, 0.2502, 0.2497],
        [0.2500, 0.2501, 0.2501, 0.2498],
        [0.2500, 0.2502, 0.2498, 0.2500],
        [0.2502, 0.2502, 0.2496, 0.2500],
        [0.2499, 0.2500, 0.2502, 0.2499]], device='cuda:0',
       grad_fn=<SoftmaxBackward0>)
tensor([[0.2498, 0.2500, 0.2499, 0.2503],
        [0.2499, 0.2499, 0.2500, 0.2502],
        [0.2503, 0.2495, 0.2500, 0.2501],
        [0.2497, 0.2501, 0.2504, 0.2498],
        [0.2496, 0.2505, 0.2501, 0.2498],
        [0.2499, 0.2503, 0.2502, 0.2496],
        [0.2502, 0.2500, 0.2501, 0.2498]], device='cuda:0',
       grad_fn=<SoftmaxBackward0>)
tensor([[0.2499, 0.2501, 0.2504, 0.2495],
        [0.2498, 0.2499, 0.2501, 0.2502]], device='cuda:0',
       grad_fn=<SoftmaxBackward0>)
tensor([[0.2501, 0.2499, 0.2499, 0.2500],
        [0.2501, 0.2503, 0.2498, 0.2499],
        [0.2500, 0.2502, 0.2498, 0.2500]], device='cuda:0',
       grad_fn=<SoftmaxBackward0>)
tensor([[0.2500, 0.2499, 0.2498, 0.2503],
        [0.2500, 0.2500, 0.2502, 0.2498],
        [0.2499, 0.2499, 0.2501, 0.2500],
        [0.2502, 0.2497, 0.2501, 0.2499]], device='cuda:0',
       grad_fn=<SoftmaxBackward0>)
tensor([[0.2503, 0.2499, 0.2498, 0.2500],
        [0.2505, 0.2501, 0.2499, 0.2495],
        [0.2497, 0.2500, 0.2501, 0.2502],
        [0.2500, 0.2500, 0.2499, 0.2501],
        [0.2501, 0.2501, 0.2500, 0.2498]], device='cuda:0',
       grad_fn=<SoftmaxBackward0>)
tensor([[0.2505, 0.2500, 0.2496, 0.2499],
        [0.2503, 0.2500, 0.2501, 0.2496],
        [0.2503, 0.2500, 0.2499, 0.2498],
        [0.2498, 0.2500, 0.2503, 0.2499],
        [0.2498, 0.2500, 0.2500, 0.2502],
        [0.2500, 0.2499, 0.2499, 0.2502]], device='cuda:0',
       grad_fn=<SoftmaxBackward0>)
tensor([[0.2503, 0.2499, 0.2499, 0.2499],
        [0.2499, 0.2498, 0.2501, 0.2502],
        [0.2495, 0.2501, 0.2501, 0.2502],
        [0.2498, 0.2502, 0.2498, 0.2502],
        [0.2500, 0.2499, 0.2500, 0.2502],
        [0.2501, 0.2499, 0.2495, 0.2504],
        [0.2499, 0.2501, 0.2498, 0.2503]], device='cuda:0',
       grad_fn=<SoftmaxBackward0>)
#####################
08/21 08:27:06午後 searchStage_trainer.py:267 [INFO] Train: Epoch: [1][50/390]	Step 441	lr 0.02498	Loss 1.6432 (1.5684)	Hard Loss 1.6432 (1.5684)	Soft Loss 1.6432 (1.5684)	Arch Loss 1.9784 (1.6089)	Arch Hard Loss 0.0000 (0.0000)	Arch Soft Loss 0.0000 (0.0000)	Arch depth Loss 0.0000 (0.0000)	Prec@(1,5) (40.9%, 91.2%)	
08/21 08:27:22午後 searchStage_trainer.py:267 [INFO] Train: Epoch: [1][100/390]	Step 491	lr 0.02498	Loss 1.7237 (1.5980)	Hard Loss 1.7237 (1.5980)	Soft Loss 1.7237 (1.5980)	Arch Loss 1.5373 (1.6125)	Arch Hard Loss 0.0000 (0.0000)	Arch Soft Loss 0.0000 (0.0000)	Arch depth Loss 0.0000 (0.0000)	Prec@(1,5) (39.9%, 90.1%)	
08/21 08:27:38午後 searchStage_trainer.py:267 [INFO] Train: Epoch: [1][150/390]	Step 541	lr 0.02498	Loss 1.6512 (1.5766)	Hard Loss 1.6512 (1.5766)	Soft Loss 1.6512 (1.5766)	Arch Loss 1.3823 (1.5760)	Arch Hard Loss 0.0000 (0.0000)	Arch Soft Loss 0.0000 (0.0000)	Arch depth Loss 0.0000 (0.0000)	Prec@(1,5) (40.9%, 90.4%)	
08/21 08:27:54午後 searchStage_trainer.py:267 [INFO] Train: Epoch: [1][200/390]	Step 591	lr 0.02498	Loss 1.6187 (1.5566)	Hard Loss 1.6187 (1.5566)	Soft Loss 1.6187 (1.5566)	Arch Loss 1.7207 (1.5582)	Arch Hard Loss 0.0000 (0.0000)	Arch Soft Loss 0.0000 (0.0000)	Arch depth Loss 0.0000 (0.0000)	Prec@(1,5) (41.7%, 90.8%)	
08/21 08:28:10午後 searchStage_trainer.py:267 [INFO] Train: Epoch: [1][250/390]	Step 641	lr 0.02498	Loss 1.4578 (1.5499)	Hard Loss 1.4578 (1.5499)	Soft Loss 1.4578 (1.5499)	Arch Loss 1.4518 (1.5488)	Arch Hard Loss 0.0000 (0.0000)	Arch Soft Loss 0.0000 (0.0000)	Arch depth Loss 0.0000 (0.0000)	Prec@(1,5) (42.0%, 90.9%)	
08/21 08:28:26午後 searchStage_trainer.py:267 [INFO] Train: Epoch: [1][300/390]	Step 691	lr 0.02498	Loss 1.3232 (1.5367)	Hard Loss 1.3232 (1.5367)	Soft Loss 1.3232 (1.5367)	Arch Loss 1.6812 (1.5281)	Arch Hard Loss 0.0000 (0.0000)	Arch Soft Loss 0.0000 (0.0000)	Arch depth Loss 0.0000 (0.0000)	Prec@(1,5) (42.5%, 91.1%)	
08/21 08:28:42午後 searchStage_trainer.py:267 [INFO] Train: Epoch: [1][350/390]	Step 741	lr 0.02498	Loss 1.2081 (1.5240)	Hard Loss 1.2081 (1.5240)	Soft Loss 1.2081 (1.5240)	Arch Loss 1.1846 (1.5172)	Arch Hard Loss 0.0000 (0.0000)	Arch Soft Loss 0.0000 (0.0000)	Arch depth Loss 0.0000 (0.0000)	Prec@(1,5) (43.2%, 91.3%)	
08/21 08:28:55午後 searchStage_trainer.py:267 [INFO] Train: Epoch: [1][390/390]	Step 781	lr 0.02498	Loss 1.6053 (1.5117)	Hard Loss 1.6053 (1.5117)	Soft Loss 1.6053 (1.5117)	Arch Loss 1.5711 (1.5111)	Arch Hard Loss 0.0000 (0.0000)	Arch Soft Loss 0.0000 (0.0000)	Arch depth Loss 0.0000 (0.0000)	Prec@(1,5) (43.9%, 91.5%)	
08/21 08:28:55午後 searchStage_trainer.py:283 [INFO] Train: [  1/49] Final Prec@1 43.9160%
08/21 08:28:58午後 searchStage_trainer.py:311 [INFO] Valid: Epoch: [1][50/391]	Step 782	Loss 1.4336	Prec@(1,5) (47.2%, 92.7%)
08/21 08:29:01午後 searchStage_trainer.py:311 [INFO] Valid: Epoch: [1][100/391]	Step 782	Loss 1.4430	Prec@(1,5) (47.4%, 92.6%)
08/21 08:29:03午後 searchStage_trainer.py:311 [INFO] Valid: Epoch: [1][150/391]	Step 782	Loss 1.4491	Prec@(1,5) (46.9%, 92.6%)
08/21 08:29:06午後 searchStage_trainer.py:311 [INFO] Valid: Epoch: [1][200/391]	Step 782	Loss 1.4529	Prec@(1,5) (46.5%, 92.5%)
08/21 08:29:08午後 searchStage_trainer.py:311 [INFO] Valid: Epoch: [1][250/391]	Step 782	Loss 1.4579	Prec@(1,5) (46.4%, 92.3%)
08/21 08:29:11午後 searchStage_trainer.py:311 [INFO] Valid: Epoch: [1][300/391]	Step 782	Loss 1.4630	Prec@(1,5) (46.1%, 92.4%)
08/21 08:29:14午後 searchStage_trainer.py:311 [INFO] Valid: Epoch: [1][350/391]	Step 782	Loss 1.4636	Prec@(1,5) (46.2%, 92.4%)
08/21 08:29:16午後 searchStage_trainer.py:311 [INFO] Valid: Epoch: [1][390/391]	Step 782	Loss 1.4664	Prec@(1,5) (46.0%, 92.4%)
08/21 08:29:16午後 searchStage_trainer.py:322 [INFO] Valid: [  1/49] Final Prec@1 46.0200%
08/21 08:29:16午後 searchStage_KD_main.py:58 [INFO] DAG = Genotype2(DAG1=[[('skip_connect', 1), ('avg_pool_3x3', 0)], [('avg_pool_3x3', 0), ('avg_pool_3x3', 2)], [('skip_connect', 0), ('avg_pool_3x3', 2)], [('max_pool_3x3', 2), ('skip_connect', 3)], [('avg_pool_3x3', 5), ('avg_pool_3x3', 2)], [('max_pool_3x3', 4), ('max_pool_3x3', 0)]], DAG1_concat=range(6, 8), DAG2=[[('max_pool_3x3', 1), ('avg_pool_3x3', 0)], [('avg_pool_3x3', 0), ('avg_pool_3x3', 1)], [('avg_pool_3x3', 0), ('skip_connect', 3)], [('skip_connect', 1), ('max_pool_3x3', 3)], [('skip_connect', 5), ('skip_connect', 1)], [('avg_pool_3x3', 4), ('skip_connect', 3)]], DAG2_concat=range(6, 8), DAG3=[[('skip_connect', 0), ('skip_connect', 1)], [('avg_pool_3x3', 1), ('avg_pool_3x3', 2)], [('skip_connect', 1), ('max_pool_3x3', 3)], [('max_pool_3x3', 1), ('max_pool_3x3', 0)], [('max_pool_3x3', 1), ('max_pool_3x3', 0)], [('max_pool_3x3', 0), ('avg_pool_3x3', 3)]], DAG3_concat=range(6, 8))
08/21 08:29:16午後 searchStage_KD_main.py:89 [INFO] Until now, best Prec@1 = 46.0200%
####### ALPHA #######
# Alpha - DAG
tensor([[0.2498, 0.2504, 0.2499, 0.2499],
        [0.2496, 0.2500, 0.2503, 0.2501]], device='cuda:0',
       grad_fn=<SoftmaxBackward0>)
tensor([[0.2499, 0.2502, 0.2500, 0.2499],
        [0.2498, 0.2499, 0.2501, 0.2502],
        [0.2495, 0.2502, 0.2501, 0.2501]], device='cuda:0',
       grad_fn=<SoftmaxBackward0>)
tensor([[0.2497, 0.2499, 0.2503, 0.2501],
        [0.2501, 0.2500, 0.2501, 0.2497],
        [0.2500, 0.2501, 0.2499, 0.2500],
        [0.2502, 0.2500, 0.2500, 0.2497]], device='cuda:0',
       grad_fn=<SoftmaxBackward0>)
tensor([[0.2504, 0.2499, 0.2498, 0.2498],
        [0.2501, 0.2497, 0.2502, 0.2500],
        [0.2503, 0.2497, 0.2501, 0.2499],
        [0.2503, 0.2497, 0.2504, 0.2496],
        [0.2501, 0.2499, 0.2498, 0.2502]], device='cuda:0',
       grad_fn=<SoftmaxBackward0>)
tensor([[0.2501, 0.2502, 0.2498, 0.2500],
        [0.2499, 0.2500, 0.2501, 0.2501],
        [0.2498, 0.2504, 0.2502, 0.2496],
        [0.2502, 0.2501, 0.2501, 0.2496],
        [0.2497, 0.2500, 0.2503, 0.2500],
        [0.2499, 0.2505, 0.2497, 0.2499]], device='cuda:0',
       grad_fn=<SoftmaxBackward0>)
tensor([[0.2503, 0.2500, 0.2498, 0.2499],
        [0.2502, 0.2503, 0.2496, 0.2499],
        [0.2504, 0.2498, 0.2501, 0.2497],
        [0.2500, 0.2500, 0.2502, 0.2498],
        [0.2501, 0.2500, 0.2500, 0.2499],
        [0.2503, 0.2503, 0.2494, 0.2501],
        [0.2498, 0.2500, 0.2499, 0.2503]], device='cuda:0',
       grad_fn=<SoftmaxBackward0>)
tensor([[0.2499, 0.2500, 0.2498, 0.2502],
        [0.2502, 0.2498, 0.2497, 0.2504]], device='cuda:0',
       grad_fn=<SoftmaxBackward0>)
tensor([[0.2497, 0.2506, 0.2497, 0.2500],
        [0.2499, 0.2506, 0.2498, 0.2498],
        [0.2503, 0.2498, 0.2500, 0.2499]], device='cuda:0',
       grad_fn=<SoftmaxBackward0>)
tensor([[0.2502, 0.2502, 0.2499, 0.2497],
        [0.2500, 0.2498, 0.2500, 0.2502],
        [0.2500, 0.2497, 0.2499, 0.2504],
        [0.2497, 0.2498, 0.2503, 0.2502]], device='cuda:0',
       grad_fn=<SoftmaxBackward0>)
tensor([[0.2500, 0.2499, 0.2500, 0.2501],
        [0.2500, 0.2500, 0.2504, 0.2496],
        [0.2498, 0.2497, 0.2503, 0.2502],
        [0.2504, 0.2495, 0.2499, 0.2502],
        [0.2501, 0.2501, 0.2500, 0.2498]], device='cuda:0',
       grad_fn=<SoftmaxBackward0>)
tensor([[0.2501, 0.2500, 0.2500, 0.2499],
        [0.2500, 0.2501, 0.2502, 0.2497],
        [0.2500, 0.2501, 0.2501, 0.2498],
        [0.2500, 0.2502, 0.2498, 0.2500],
        [0.2502, 0.2502, 0.2496, 0.2500],
        [0.2499, 0.2500, 0.2502, 0.2499]], device='cuda:0',
       grad_fn=<SoftmaxBackward0>)
tensor([[0.2498, 0.2500, 0.2499, 0.2503],
        [0.2499, 0.2499, 0.2500, 0.2502],
        [0.2503, 0.2495, 0.2500, 0.2501],
        [0.2497, 0.2501, 0.2504, 0.2498],
        [0.2496, 0.2505, 0.2501, 0.2498],
        [0.2499, 0.2503, 0.2502, 0.2496],
        [0.2502, 0.2500, 0.2501, 0.2498]], device='cuda:0',
       grad_fn=<SoftmaxBackward0>)
tensor([[0.2499, 0.2501, 0.2504, 0.2495],
        [0.2498, 0.2499, 0.2501, 0.2502]], device='cuda:0',
       grad_fn=<SoftmaxBackward0>)
tensor([[0.2501, 0.2499, 0.2499, 0.2500],
        [0.2501, 0.2503, 0.2498, 0.2499],
        [0.2500, 0.2502, 0.2498, 0.2500]], device='cuda:0',
       grad_fn=<SoftmaxBackward0>)
tensor([[0.2500, 0.2499, 0.2498, 0.2503],
        [0.2500, 0.2500, 0.2502, 0.2498],
        [0.2499, 0.2499, 0.2501, 0.2500],
        [0.2502, 0.2497, 0.2501, 0.2499]], device='cuda:0',
       grad_fn=<SoftmaxBackward0>)
tensor([[0.2503, 0.2499, 0.2498, 0.2500],
        [0.2505, 0.2501, 0.2499, 0.2495],
        [0.2497, 0.2500, 0.2501, 0.2502],
        [0.2500, 0.2500, 0.2499, 0.2501],
        [0.2501, 0.2501, 0.2500, 0.2498]], device='cuda:0',
       grad_fn=<SoftmaxBackward0>)
tensor([[0.2505, 0.2500, 0.2496, 0.2499],
        [0.2503, 0.2500, 0.2501, 0.2496],
        [0.2503, 0.2500, 0.2499, 0.2498],
        [0.2498, 0.2500, 0.2503, 0.2499],
        [0.2498, 0.2500, 0.2500, 0.2502],
        [0.2500, 0.2499, 0.2499, 0.2502]], device='cuda:0',
       grad_fn=<SoftmaxBackward0>)
tensor([[0.2503, 0.2499, 0.2499, 0.2499],
        [0.2499, 0.2498, 0.2501, 0.2502],
        [0.2495, 0.2501, 0.2501, 0.2502],
        [0.2498, 0.2502, 0.2498, 0.2502],
        [0.2500, 0.2499, 0.2500, 0.2502],
        [0.2501, 0.2499, 0.2495, 0.2504],
        [0.2499, 0.2501, 0.2498, 0.2503]], device='cuda:0',
       grad_fn=<SoftmaxBackward0>)
#####################
08/21 08:29:33午後 searchStage_trainer.py:267 [INFO] Train: Epoch: [2][50/390]	Step 832	lr 0.02491	Loss 1.1085 (1.3761)	Hard Loss 1.1085 (1.3761)	Soft Loss 1.1085 (1.3761)	Arch Loss 1.4293 (1.4108)	Arch Hard Loss 0.0000 (0.0000)	Arch Soft Loss 0.0000 (0.0000)	Arch depth Loss 0.0000 (0.0000)	Prec@(1,5) (49.4%, 93.3%)	
08/21 08:29:49午後 searchStage_trainer.py:267 [INFO] Train: Epoch: [2][100/390]	Step 882	lr 0.02491	Loss 1.3416 (1.3532)	Hard Loss 1.3416 (1.3532)	Soft Loss 1.3416 (1.3532)	Arch Loss 1.7116 (1.4012)	Arch Hard Loss 0.0000 (0.0000)	Arch Soft Loss 0.0000 (0.0000)	Arch depth Loss 0.0000 (0.0000)	Prec@(1,5) (50.2%, 93.4%)	
08/21 08:30:05午後 searchStage_trainer.py:267 [INFO] Train: Epoch: [2][150/390]	Step 932	lr 0.02491	Loss 1.1496 (1.3475)	Hard Loss 1.1496 (1.3475)	Soft Loss 1.1496 (1.3475)	Arch Loss 1.4640 (1.3898)	Arch Hard Loss 0.0000 (0.0000)	Arch Soft Loss 0.0000 (0.0000)	Arch depth Loss 0.0000 (0.0000)	Prec@(1,5) (50.8%, 93.2%)	
08/21 08:30:21午後 searchStage_trainer.py:267 [INFO] Train: Epoch: [2][200/390]	Step 982	lr 0.02491	Loss 1.4159 (1.3349)	Hard Loss 1.4159 (1.3349)	Soft Loss 1.4159 (1.3349)	Arch Loss 1.2770 (1.3789)	Arch Hard Loss 0.0000 (0.0000)	Arch Soft Loss 0.0000 (0.0000)	Arch depth Loss 0.0000 (0.0000)	Prec@(1,5) (51.1%, 93.4%)	
08/21 08:30:37午後 searchStage_trainer.py:267 [INFO] Train: Epoch: [2][250/390]	Step 1032	lr 0.02491	Loss 0.9949 (1.3409)	Hard Loss 0.9949 (1.3409)	Soft Loss 0.9949 (1.3409)	Arch Loss 1.2301 (1.3738)	Arch Hard Loss 0.0000 (0.0000)	Arch Soft Loss 0.0000 (0.0000)	Arch depth Loss 0.0000 (0.0000)	Prec@(1,5) (50.9%, 93.4%)	
08/21 08:30:53午後 searchStage_trainer.py:267 [INFO] Train: Epoch: [2][300/390]	Step 1082	lr 0.02491	Loss 1.5287 (1.3361)	Hard Loss 1.5287 (1.3361)	Soft Loss 1.5287 (1.3361)	Arch Loss 1.1453 (1.3680)	Arch Hard Loss 0.0000 (0.0000)	Arch Soft Loss 0.0000 (0.0000)	Arch depth Loss 0.0000 (0.0000)	Prec@(1,5) (51.0%, 93.4%)	
08/21 08:31:09午後 searchStage_trainer.py:267 [INFO] Train: Epoch: [2][350/390]	Step 1132	lr 0.02491	Loss 1.3393 (1.3327)	Hard Loss 1.3393 (1.3327)	Soft Loss 1.3393 (1.3327)	Arch Loss 1.2418 (1.3594)	Arch Hard Loss 0.0000 (0.0000)	Arch Soft Loss 0.0000 (0.0000)	Arch depth Loss 0.0000 (0.0000)	Prec@(1,5) (51.2%, 93.5%)	
08/21 08:31:21午後 searchStage_trainer.py:267 [INFO] Train: Epoch: [2][390/390]	Step 1172	lr 0.02491	Loss 1.4012 (1.3257)	Hard Loss 1.4012 (1.3257)	Soft Loss 1.4012 (1.3257)	Arch Loss 1.3692 (1.3512)	Arch Hard Loss 0.0000 (0.0000)	Arch Soft Loss 0.0000 (0.0000)	Arch depth Loss 0.0000 (0.0000)	Prec@(1,5) (51.5%, 93.6%)	
08/21 08:31:22午後 searchStage_trainer.py:283 [INFO] Train: [  2/49] Final Prec@1 51.5080%
08/21 08:31:24午後 searchStage_trainer.py:311 [INFO] Valid: Epoch: [2][50/391]	Step 1173	Loss 1.2293	Prec@(1,5) (55.3%, 94.6%)
08/21 08:31:27午後 searchStage_trainer.py:311 [INFO] Valid: Epoch: [2][100/391]	Step 1173	Loss 1.2357	Prec@(1,5) (55.7%, 94.3%)
08/21 08:31:30午後 searchStage_trainer.py:311 [INFO] Valid: Epoch: [2][150/391]	Step 1173	Loss 1.2428	Prec@(1,5) (55.4%, 94.1%)
08/21 08:31:32午後 searchStage_trainer.py:311 [INFO] Valid: Epoch: [2][200/391]	Step 1173	Loss 1.2519	Prec@(1,5) (55.0%, 94.1%)
08/21 08:31:35午後 searchStage_trainer.py:311 [INFO] Valid: Epoch: [2][250/391]	Step 1173	Loss 1.2569	Prec@(1,5) (55.1%, 94.1%)
08/21 08:31:38午後 searchStage_trainer.py:311 [INFO] Valid: Epoch: [2][300/391]	Step 1173	Loss 1.2590	Prec@(1,5) (54.9%, 94.1%)
08/21 08:31:40午後 searchStage_trainer.py:311 [INFO] Valid: Epoch: [2][350/391]	Step 1173	Loss 1.2570	Prec@(1,5) (55.1%, 94.2%)
08/21 08:31:42午後 searchStage_trainer.py:311 [INFO] Valid: Epoch: [2][390/391]	Step 1173	Loss 1.2528	Prec@(1,5) (55.2%, 94.2%)
08/21 08:31:42午後 searchStage_trainer.py:322 [INFO] Valid: [  2/49] Final Prec@1 55.1840%
08/21 08:31:42午後 searchStage_KD_main.py:58 [INFO] DAG = Genotype2(DAG1=[[('skip_connect', 1), ('avg_pool_3x3', 0)], [('avg_pool_3x3', 0), ('avg_pool_3x3', 2)], [('skip_connect', 0), ('avg_pool_3x3', 2)], [('max_pool_3x3', 2), ('skip_connect', 3)], [('avg_pool_3x3', 5), ('avg_pool_3x3', 2)], [('max_pool_3x3', 4), ('max_pool_3x3', 0)]], DAG1_concat=range(6, 8), DAG2=[[('max_pool_3x3', 1), ('avg_pool_3x3', 0)], [('avg_pool_3x3', 0), ('avg_pool_3x3', 1)], [('avg_pool_3x3', 0), ('skip_connect', 3)], [('skip_connect', 1), ('max_pool_3x3', 3)], [('skip_connect', 5), ('skip_connect', 1)], [('avg_pool_3x3', 4), ('skip_connect', 3)]], DAG2_concat=range(6, 8), DAG3=[[('skip_connect', 0), ('skip_connect', 1)], [('avg_pool_3x3', 1), ('avg_pool_3x3', 2)], [('skip_connect', 1), ('max_pool_3x3', 3)], [('max_pool_3x3', 1), ('max_pool_3x3', 0)], [('max_pool_3x3', 1), ('max_pool_3x3', 0)], [('max_pool_3x3', 0), ('avg_pool_3x3', 3)]], DAG3_concat=range(6, 8))
08/21 08:31:43午後 searchStage_KD_main.py:89 [INFO] Until now, best Prec@1 = 55.1840%
####### ALPHA #######
# Alpha - DAG
tensor([[0.2498, 0.2504, 0.2499, 0.2499],
        [0.2496, 0.2500, 0.2503, 0.2501]], device='cuda:0',
       grad_fn=<SoftmaxBackward0>)
tensor([[0.2499, 0.2502, 0.2500, 0.2499],
        [0.2498, 0.2499, 0.2501, 0.2502],
        [0.2495, 0.2502, 0.2501, 0.2501]], device='cuda:0',
       grad_fn=<SoftmaxBackward0>)
tensor([[0.2497, 0.2499, 0.2503, 0.2501],
        [0.2501, 0.2500, 0.2501, 0.2497],
        [0.2500, 0.2501, 0.2499, 0.2500],
        [0.2502, 0.2500, 0.2500, 0.2497]], device='cuda:0',
       grad_fn=<SoftmaxBackward0>)
tensor([[0.2504, 0.2499, 0.2498, 0.2498],
        [0.2501, 0.2497, 0.2502, 0.2500],
        [0.2503, 0.2497, 0.2501, 0.2499],
        [0.2503, 0.2497, 0.2504, 0.2496],
        [0.2501, 0.2499, 0.2498, 0.2502]], device='cuda:0',
       grad_fn=<SoftmaxBackward0>)
tensor([[0.2501, 0.2502, 0.2498, 0.2500],
        [0.2499, 0.2500, 0.2501, 0.2501],
        [0.2498, 0.2504, 0.2502, 0.2496],
        [0.2502, 0.2501, 0.2501, 0.2496],
        [0.2497, 0.2500, 0.2503, 0.2500],
        [0.2499, 0.2505, 0.2497, 0.2499]], device='cuda:0',
       grad_fn=<SoftmaxBackward0>)
tensor([[0.2503, 0.2500, 0.2498, 0.2499],
        [0.2502, 0.2503, 0.2496, 0.2499],
        [0.2504, 0.2498, 0.2501, 0.2497],
        [0.2500, 0.2500, 0.2502, 0.2498],
        [0.2501, 0.2500, 0.2500, 0.2499],
        [0.2503, 0.2503, 0.2494, 0.2501],
        [0.2498, 0.2500, 0.2499, 0.2503]], device='cuda:0',
       grad_fn=<SoftmaxBackward0>)
tensor([[0.2499, 0.2500, 0.2498, 0.2502],
        [0.2502, 0.2498, 0.2497, 0.2504]], device='cuda:0',
       grad_fn=<SoftmaxBackward0>)
tensor([[0.2497, 0.2506, 0.2497, 0.2500],
        [0.2499, 0.2506, 0.2498, 0.2498],
        [0.2503, 0.2498, 0.2500, 0.2499]], device='cuda:0',
       grad_fn=<SoftmaxBackward0>)
tensor([[0.2502, 0.2502, 0.2499, 0.2497],
        [0.2500, 0.2498, 0.2500, 0.2502],
        [0.2500, 0.2497, 0.2499, 0.2504],
        [0.2497, 0.2498, 0.2503, 0.2502]], device='cuda:0',
       grad_fn=<SoftmaxBackward0>)
tensor([[0.2500, 0.2499, 0.2500, 0.2501],
        [0.2500, 0.2500, 0.2504, 0.2496],
        [0.2498, 0.2497, 0.2503, 0.2502],
        [0.2504, 0.2495, 0.2499, 0.2502],
        [0.2501, 0.2501, 0.2500, 0.2498]], device='cuda:0',
       grad_fn=<SoftmaxBackward0>)
tensor([[0.2501, 0.2500, 0.2500, 0.2499],
        [0.2500, 0.2501, 0.2502, 0.2497],
        [0.2500, 0.2501, 0.2501, 0.2498],
        [0.2500, 0.2502, 0.2498, 0.2500],
        [0.2502, 0.2502, 0.2496, 0.2500],
        [0.2499, 0.2500, 0.2502, 0.2499]], device='cuda:0',
       grad_fn=<SoftmaxBackward0>)
tensor([[0.2498, 0.2500, 0.2499, 0.2503],
        [0.2499, 0.2499, 0.2500, 0.2502],
        [0.2503, 0.2495, 0.2500, 0.2501],
        [0.2497, 0.2501, 0.2504, 0.2498],
        [0.2496, 0.2505, 0.2501, 0.2498],
        [0.2499, 0.2503, 0.2502, 0.2496],
        [0.2502, 0.2500, 0.2501, 0.2498]], device='cuda:0',
       grad_fn=<SoftmaxBackward0>)
tensor([[0.2499, 0.2501, 0.2504, 0.2495],
        [0.2498, 0.2499, 0.2501, 0.2502]], device='cuda:0',
       grad_fn=<SoftmaxBackward0>)
tensor([[0.2501, 0.2499, 0.2499, 0.2500],
        [0.2501, 0.2503, 0.2498, 0.2499],
        [0.2500, 0.2502, 0.2498, 0.2500]], device='cuda:0',
       grad_fn=<SoftmaxBackward0>)
tensor([[0.2500, 0.2499, 0.2498, 0.2503],
        [0.2500, 0.2500, 0.2502, 0.2498],
        [0.2499, 0.2499, 0.2501, 0.2500],
        [0.2502, 0.2497, 0.2501, 0.2499]], device='cuda:0',
       grad_fn=<SoftmaxBackward0>)
tensor([[0.2503, 0.2499, 0.2498, 0.2500],
        [0.2505, 0.2501, 0.2499, 0.2495],
        [0.2497, 0.2500, 0.2501, 0.2502],
        [0.2500, 0.2500, 0.2499, 0.2501],
        [0.2501, 0.2501, 0.2500, 0.2498]], device='cuda:0',
       grad_fn=<SoftmaxBackward0>)
tensor([[0.2505, 0.2500, 0.2496, 0.2499],
        [0.2503, 0.2500, 0.2501, 0.2496],
        [0.2503, 0.2500, 0.2499, 0.2498],
        [0.2498, 0.2500, 0.2503, 0.2499],
        [0.2498, 0.2500, 0.2500, 0.2502],
        [0.2500, 0.2499, 0.2499, 0.2502]], device='cuda:0',
       grad_fn=<SoftmaxBackward0>)
tensor([[0.2503, 0.2499, 0.2499, 0.2499],
        [0.2499, 0.2498, 0.2501, 0.2502],
        [0.2495, 0.2501, 0.2501, 0.2502],
        [0.2498, 0.2502, 0.2498, 0.2502],
        [0.2500, 0.2499, 0.2500, 0.2502],
        [0.2501, 0.2499, 0.2495, 0.2504],
        [0.2499, 0.2501, 0.2498, 0.2503]], device='cuda:0',
       grad_fn=<SoftmaxBackward0>)
#####################
08/21 08:31:59午後 searchStage_trainer.py:267 [INFO] Train: Epoch: [3][50/390]	Step 1223	lr 0.02479	Loss 1.1513 (1.2508)	Hard Loss 1.1513 (1.2508)	Soft Loss 1.1513 (1.2508)	Arch Loss 1.5133 (1.2738)	Arch Hard Loss 0.0000 (0.0000)	Arch Soft Loss 0.0000 (0.0000)	Arch depth Loss 0.0000 (0.0000)	Prec@(1,5) (54.5%, 94.5%)	
08/21 08:32:15午後 searchStage_trainer.py:267 [INFO] Train: Epoch: [3][100/390]	Step 1273	lr 0.02479	Loss 1.2841 (1.2484)	Hard Loss 1.2841 (1.2484)	Soft Loss 1.2841 (1.2484)	Arch Loss 1.1003 (1.2556)	Arch Hard Loss 0.0000 (0.0000)	Arch Soft Loss 0.0000 (0.0000)	Arch depth Loss 0.0000 (0.0000)	Prec@(1,5) (55.3%, 94.5%)	
08/21 08:32:31午後 searchStage_trainer.py:267 [INFO] Train: Epoch: [3][150/390]	Step 1323	lr 0.02479	Loss 1.0243 (1.2482)	Hard Loss 1.0243 (1.2482)	Soft Loss 1.0243 (1.2482)	Arch Loss 1.1428 (1.2594)	Arch Hard Loss 0.0000 (0.0000)	Arch Soft Loss 0.0000 (0.0000)	Arch depth Loss 0.0000 (0.0000)	Prec@(1,5) (55.0%, 94.5%)	
08/21 08:32:47午後 searchStage_trainer.py:267 [INFO] Train: Epoch: [3][200/390]	Step 1373	lr 0.02479	Loss 1.5761 (1.2403)	Hard Loss 1.5761 (1.2403)	Soft Loss 1.5761 (1.2403)	Arch Loss 0.9481 (1.2595)	Arch Hard Loss 0.0000 (0.0000)	Arch Soft Loss 0.0000 (0.0000)	Arch depth Loss 0.0000 (0.0000)	Prec@(1,5) (55.3%, 94.5%)	
08/21 08:33:03午後 searchStage_trainer.py:267 [INFO] Train: Epoch: [3][250/390]	Step 1423	lr 0.02479	Loss 1.2451 (1.2293)	Hard Loss 1.2451 (1.2293)	Soft Loss 1.2451 (1.2293)	Arch Loss 1.0495 (1.2423)	Arch Hard Loss 0.0000 (0.0000)	Arch Soft Loss 0.0000 (0.0000)	Arch depth Loss 0.0000 (0.0000)	Prec@(1,5) (55.8%, 94.6%)	
08/21 08:33:19午後 searchStage_trainer.py:267 [INFO] Train: Epoch: [3][300/390]	Step 1473	lr 0.02479	Loss 1.0956 (1.2255)	Hard Loss 1.0956 (1.2255)	Soft Loss 1.0956 (1.2255)	Arch Loss 1.2103 (1.2341)	Arch Hard Loss 0.0000 (0.0000)	Arch Soft Loss 0.0000 (0.0000)	Arch depth Loss 0.0000 (0.0000)	Prec@(1,5) (56.0%, 94.6%)	
08/21 08:33:35午後 searchStage_trainer.py:267 [INFO] Train: Epoch: [3][350/390]	Step 1523	lr 0.02479	Loss 1.4483 (1.2188)	Hard Loss 1.4483 (1.2188)	Soft Loss 1.4483 (1.2188)	Arch Loss 0.9325 (1.2266)	Arch Hard Loss 0.0000 (0.0000)	Arch Soft Loss 0.0000 (0.0000)	Arch depth Loss 0.0000 (0.0000)	Prec@(1,5) (56.3%, 94.6%)	
08/21 08:33:48午後 searchStage_trainer.py:267 [INFO] Train: Epoch: [3][390/390]	Step 1563	lr 0.02479	Loss 1.0464 (1.2101)	Hard Loss 1.0464 (1.2101)	Soft Loss 1.0464 (1.2101)	Arch Loss 1.1106 (1.2206)	Arch Hard Loss 0.0000 (0.0000)	Arch Soft Loss 0.0000 (0.0000)	Arch depth Loss 0.0000 (0.0000)	Prec@(1,5) (56.6%, 94.7%)	
08/21 08:33:48午後 searchStage_trainer.py:283 [INFO] Train: [  3/49] Final Prec@1 56.6040%
08/21 08:33:51午後 searchStage_trainer.py:311 [INFO] Valid: Epoch: [3][50/391]	Step 1564	Loss 1.2248	Prec@(1,5) (55.5%, 94.8%)
08/21 08:33:54午後 searchStage_trainer.py:311 [INFO] Valid: Epoch: [3][100/391]	Step 1564	Loss 1.2300	Prec@(1,5) (55.3%, 94.8%)
08/21 08:33:56午後 searchStage_trainer.py:311 [INFO] Valid: Epoch: [3][150/391]	Step 1564	Loss 1.2429	Prec@(1,5) (55.2%, 94.8%)
08/21 08:33:59午後 searchStage_trainer.py:311 [INFO] Valid: Epoch: [3][200/391]	Step 1564	Loss 1.2435	Prec@(1,5) (55.1%, 94.7%)
08/21 08:34:01午後 searchStage_trainer.py:311 [INFO] Valid: Epoch: [3][250/391]	Step 1564	Loss 1.2375	Prec@(1,5) (55.2%, 94.9%)
08/21 08:34:04午後 searchStage_trainer.py:311 [INFO] Valid: Epoch: [3][300/391]	Step 1564	Loss 1.2379	Prec@(1,5) (55.1%, 95.1%)
08/21 08:34:07午後 searchStage_trainer.py:311 [INFO] Valid: Epoch: [3][350/391]	Step 1564	Loss 1.2363	Prec@(1,5) (55.1%, 95.1%)
08/21 08:34:09午後 searchStage_trainer.py:311 [INFO] Valid: Epoch: [3][390/391]	Step 1564	Loss 1.2346	Prec@(1,5) (55.2%, 95.2%)
08/21 08:34:09午後 searchStage_trainer.py:322 [INFO] Valid: [  3/49] Final Prec@1 55.1600%
