09/05 06:24:41AM parser.py:28 [INFO] 
09/05 06:24:41AM parser.py:29 [INFO] Parameters:
09/05 06:24:41AM parser.py:31 [INFO] DAG_PATH=results/search_stage_KD/cifar100/SIMPLE-KD/s4-BaselineBestCell/DAG
09/05 06:24:41AM parser.py:31 [INFO] T=10.0
09/05 06:24:41AM parser.py:31 [INFO] ADVANCED=True
09/05 06:24:41AM parser.py:31 [INFO] ALPHA_LR=0.0003
09/05 06:24:41AM parser.py:31 [INFO] ALPHA_WEIGHT_DECAY=0.001
09/05 06:24:41AM parser.py:31 [INFO] BATCH_SIZE=64
09/05 06:24:41AM parser.py:31 [INFO] CASCADE=False
09/05 06:24:41AM parser.py:31 [INFO] CHECKPOINT_RESET=False
09/05 06:24:41AM parser.py:31 [INFO] CUTOUT_LENGTH=0
09/05 06:24:41AM parser.py:31 [INFO] DATA_PATH=../data/
09/05 06:24:41AM parser.py:31 [INFO] DATASET=cifar100
09/05 06:24:41AM parser.py:31 [INFO] DEPTH_COEF=0.0
09/05 06:24:41AM parser.py:31 [INFO] DESCRIPTION=search_architecture_on_KD_without_depth_loss_with_large_slidewindoe
09/05 06:24:41AM parser.py:31 [INFO] EPOCHS=50
09/05 06:24:41AM parser.py:31 [INFO] EXP_NAME=s4-BaselineBestCell
09/05 06:24:41AM parser.py:31 [INFO] GENOTYPE=Genotype3(normal1=[[('sep_conv_5x5', 0), ('sep_conv_3x3', 1)], [('sep_conv_3x3', 1), ('sep_conv_3x3', 0)], [('sep_conv_3x3', 1), ('sep_conv_3x3', 2)], [('sep_conv_3x3', 0), ('sep_conv_5x5', 4)]], normal1_concat=range(2, 6), reduce1=[[('sep_conv_3x3', 0), ('skip_connect', 1)], [('sep_conv_3x3', 1), ('max_pool_3x3', 0)], [('sep_conv_3x3', 2), ('sep_conv_3x3', 1)], [('max_pool_3x3', 0), ('dil_conv_3x3', 1)]], reduce1_concat=range(2, 6), normal2=[[('skip_connect', 0), ('sep_conv_5x5', 1)], [('skip_connect', 0), ('skip_connect', 2)], [('avg_pool_3x3', 0), ('avg_pool_3x3', 2)], [('skip_connect', 0), ('avg_pool_3x3', 2)]], normal2_concat=range(2, 6), reduce2=[[('avg_pool_3x3', 0), ('avg_pool_3x3', 1)], [('avg_pool_3x3', 0), ('skip_connect', 2)], [('skip_connect', 2), ('avg_pool_3x3', 0)], [('skip_connect', 2), ('avg_pool_3x3', 0)]], reduce2_concat=range(2, 6), normal3=[[('skip_connect', 0), ('skip_connect', 1)], [('skip_connect', 0), ('dil_conv_3x3', 1)], [('skip_connect', 0), ('skip_connect', 1)], [('skip_connect', 0), ('skip_connect', 2)]], normal3_concat=range(2, 6))
09/05 06:24:41AM parser.py:31 [INFO] GPUS=[0]
09/05 06:24:41AM parser.py:31 [INFO] INIT_CHANNELS=16
09/05 06:24:41AM parser.py:31 [INFO] L=0.5
09/05 06:24:41AM parser.py:31 [INFO] LAYERS=20
09/05 06:24:41AM parser.py:31 [INFO] LOGGER=<Logger H-DAS (INFO)>
09/05 06:24:41AM parser.py:31 [INFO] NAME=SIMPLE-KD
09/05 06:24:41AM parser.py:31 [INFO] NONKD=False
09/05 06:24:41AM parser.py:31 [INFO] PATH=results/search_stage_KD/cifar100/SIMPLE-KD/s4-BaselineBestCell
09/05 06:24:41AM parser.py:31 [INFO] PCDARTS=False
09/05 06:24:41AM parser.py:31 [INFO] PLOT_PATH=results/search_stage_KD/cifar100/SIMPLE-KD/s4-BaselineBestCell/plots
09/05 06:24:41AM parser.py:31 [INFO] PRINT_FREQ=50
09/05 06:24:41AM parser.py:31 [INFO] RESUME_PATH=None
09/05 06:24:41AM parser.py:31 [INFO] SAVE=s4-BaselineBestCell
09/05 06:24:41AM parser.py:31 [INFO] SEED=4
09/05 06:24:41AM parser.py:31 [INFO] SHARE_STAGE=False
09/05 06:24:41AM parser.py:31 [INFO] SLIDE_WINDOW=8
09/05 06:24:41AM parser.py:31 [INFO] SPEC_CELL=True
09/05 06:24:41AM parser.py:31 [INFO] TEACHER_NAME=efficientnet_v2_s
09/05 06:24:41AM parser.py:31 [INFO] TEACHER_PATH=/home/miura/lab/KD-hdas/results/teacher/cifar100/efficientnet_v2_s/FINETUNE2/pretrained-20240716-002108/best.pth.tar
09/05 06:24:41AM parser.py:31 [INFO] TRAIN_PORTION=0.5
09/05 06:24:41AM parser.py:31 [INFO] W_GRAD_CLIP=5.0
09/05 06:24:41AM parser.py:31 [INFO] W_LR=0.025
09/05 06:24:41AM parser.py:31 [INFO] W_LR_MIN=0.001
09/05 06:24:41AM parser.py:31 [INFO] W_MOMENTUM=0.9
09/05 06:24:41AM parser.py:31 [INFO] W_WEIGHT_DECAY=0.0003
09/05 06:24:41AM parser.py:31 [INFO] WORKERS=4
09/05 06:24:41AM parser.py:32 [INFO] 
09/05 06:24:43AM searchStage_trainer.py:130 [INFO] --> Loaded teacher model 'efficientnet_v2_s' from '/home/miura/lab/KD-hdas/results/teacher/cifar100/efficientnet_v2_s/FINETUNE2/pretrained-20240716-002108/best.pth.tar' and Freezed parameters)
09/05 06:24:45AM eval_util.py:125 [INFO] Test: Step 000/390 Prec@(1,5) (95.3%, 100.0%)
09/05 06:24:56AM eval_util.py:125 [INFO] Test: Step 390/390 Prec@(1,5) (97.2%, 99.6%)
09/05 06:24:56AM eval_util.py:130 [INFO] Teacher=(efficientnet_v2_s <- (/home/miura/lab/KD-hdas/results/teacher/cifar100/efficientnet_v2_s/FINETUNE2/pretrained-20240716-002108/best.pth.tar)) achives Test Prec(@1, @5) = (97.2400%, 99.6320%)
09/05 06:25:16AM searchStage_trainer.py:137 [INFO] --> No loaded checkpoint!
####### ALPHA #######
# Alpha - DAG
tensor([[0.2495, 0.2500, 0.2505, 0.2501],
        [0.2503, 0.2499, 0.2496, 0.2502]], device='cuda:0',
       grad_fn=<SoftmaxBackward0>)
tensor([[0.2500, 0.2499, 0.2500, 0.2502],
        [0.2501, 0.2501, 0.2499, 0.2500],
        [0.2497, 0.2503, 0.2499, 0.2501]], device='cuda:0',
       grad_fn=<SoftmaxBackward0>)
tensor([[0.2497, 0.2503, 0.2501, 0.2499],
        [0.2498, 0.2503, 0.2502, 0.2497],
        [0.2502, 0.2498, 0.2504, 0.2497],
        [0.2499, 0.2501, 0.2501, 0.2499]], device='cuda:0',
       grad_fn=<SoftmaxBackward0>)
tensor([[0.2496, 0.2502, 0.2499, 0.2503],
        [0.2498, 0.2498, 0.2503, 0.2502],
        [0.2501, 0.2505, 0.2496, 0.2498],
        [0.2502, 0.2500, 0.2499, 0.2500],
        [0.2503, 0.2501, 0.2497, 0.2499]], device='cuda:0',
       grad_fn=<SoftmaxBackward0>)
tensor([[0.2498, 0.2503, 0.2503, 0.2496],
        [0.2499, 0.2496, 0.2506, 0.2499],
        [0.2502, 0.2500, 0.2497, 0.2501],
        [0.2498, 0.2501, 0.2498, 0.2504],
        [0.2498, 0.2503, 0.2502, 0.2497],
        [0.2501, 0.2498, 0.2502, 0.2499]], device='cuda:0',
       grad_fn=<SoftmaxBackward0>)
tensor([[0.2498, 0.2499, 0.2504, 0.2498],
        [0.2503, 0.2501, 0.2497, 0.2500],
        [0.2500, 0.2499, 0.2502, 0.2499],
        [0.2498, 0.2501, 0.2501, 0.2500],
        [0.2503, 0.2501, 0.2499, 0.2497],
        [0.2502, 0.2500, 0.2500, 0.2497],
        [0.2499, 0.2501, 0.2502, 0.2498]], device='cuda:0',
       grad_fn=<SoftmaxBackward0>)
tensor([[0.2504, 0.2498, 0.2501, 0.2496],
        [0.2500, 0.2500, 0.2499, 0.2501]], device='cuda:0',
       grad_fn=<SoftmaxBackward0>)
tensor([[0.2503, 0.2500, 0.2498, 0.2499],
        [0.2497, 0.2502, 0.2500, 0.2501],
        [0.2500, 0.2501, 0.2499, 0.2501]], device='cuda:0',
       grad_fn=<SoftmaxBackward0>)
tensor([[0.2496, 0.2499, 0.2499, 0.2505],
        [0.2496, 0.2502, 0.2501, 0.2500],
        [0.2497, 0.2503, 0.2498, 0.2502],
        [0.2501, 0.2499, 0.2500, 0.2501]], device='cuda:0',
       grad_fn=<SoftmaxBackward0>)
tensor([[0.2502, 0.2500, 0.2499, 0.2499],
        [0.2501, 0.2498, 0.2500, 0.2501],
        [0.2504, 0.2498, 0.2500, 0.2498],
        [0.2500, 0.2500, 0.2500, 0.2501],
        [0.2500, 0.2502, 0.2498, 0.2500]], device='cuda:0',
       grad_fn=<SoftmaxBackward0>)
tensor([[0.2500, 0.2496, 0.2500, 0.2503],
        [0.2498, 0.2503, 0.2502, 0.2497],
        [0.2500, 0.2502, 0.2494, 0.2503],
        [0.2501, 0.2499, 0.2499, 0.2502],
        [0.2499, 0.2500, 0.2501, 0.2500],
        [0.2500, 0.2500, 0.2501, 0.2499]], device='cuda:0',
       grad_fn=<SoftmaxBackward0>)
tensor([[0.2503, 0.2499, 0.2500, 0.2498],
        [0.2500, 0.2496, 0.2501, 0.2503],
        [0.2501, 0.2499, 0.2498, 0.2502],
        [0.2499, 0.2500, 0.2502, 0.2499],
        [0.2499, 0.2501, 0.2501, 0.2500],
        [0.2502, 0.2499, 0.2501, 0.2498],
        [0.2497, 0.2504, 0.2499, 0.2500]], device='cuda:0',
       grad_fn=<SoftmaxBackward0>)
tensor([[0.2502, 0.2495, 0.2503, 0.2500],
        [0.2497, 0.2499, 0.2503, 0.2500]], device='cuda:0',
       grad_fn=<SoftmaxBackward0>)
tensor([[0.2500, 0.2498, 0.2496, 0.2505],
        [0.2497, 0.2499, 0.2500, 0.2504],
        [0.2499, 0.2501, 0.2499, 0.2501]], device='cuda:0',
       grad_fn=<SoftmaxBackward0>)
tensor([[0.2502, 0.2500, 0.2496, 0.2502],
        [0.2502, 0.2501, 0.2501, 0.2496],
        [0.2499, 0.2501, 0.2501, 0.2499],
        [0.2498, 0.2505, 0.2498, 0.2500]], device='cuda:0',
       grad_fn=<SoftmaxBackward0>)
tensor([[0.2503, 0.2496, 0.2501, 0.2499],
        [0.2499, 0.2498, 0.2501, 0.2502],
        [0.2501, 0.2501, 0.2497, 0.2500],
        [0.2502, 0.2502, 0.2497, 0.2499],
        [0.2498, 0.2499, 0.2502, 0.2501]], device='cuda:0',
       grad_fn=<SoftmaxBackward0>)
tensor([[0.2497, 0.2506, 0.2502, 0.2496],
        [0.2501, 0.2497, 0.2501, 0.2502],
        [0.2503, 0.2497, 0.2499, 0.2501],
        [0.2498, 0.2500, 0.2501, 0.2501],
        [0.2502, 0.2502, 0.2494, 0.2502],
        [0.2502, 0.2498, 0.2500, 0.2500]], device='cuda:0',
       grad_fn=<SoftmaxBackward0>)
tensor([[0.2496, 0.2500, 0.2501, 0.2503],
        [0.2500, 0.2500, 0.2500, 0.2500],
        [0.2501, 0.2498, 0.2500, 0.2500],
        [0.2499, 0.2501, 0.2504, 0.2496],
        [0.2497, 0.2503, 0.2500, 0.2500],
        [0.2499, 0.2500, 0.2501, 0.2500],
        [0.2500, 0.2500, 0.2502, 0.2498]], device='cuda:0',
       grad_fn=<SoftmaxBackward0>)
#####################
09/05 06:25:35AM searchStage_trainer.py:268 [INFO] Train: Epoch: [0][50/390]	Step 50	lr 0.025	Loss 2.2093 (2.3550)	Hard Loss 4.3721 (4.6577)	Soft Loss 0.0005 (0.0005)	Arch Loss 2.1983 (2.3626)	Arch Hard Loss 4.3456 (4.6732)	Arch Soft Loss 0.0005 (0.0005)	Arch depth Loss 0.0000 (0.0000)	Prec@(1,5) (2.2%, 8.7%)	
09/05 06:25:51AM searchStage_trainer.py:268 [INFO] Train: Epoch: [0][100/390]	Step 100	lr 0.025	Loss 2.0449 (2.2764)	Hard Loss 4.0394 (4.5017)	Soft Loss 0.0005 (0.0005)	Arch Loss 2.2452 (2.2789)	Arch Hard Loss 4.4428 (4.5078)	Arch Soft Loss 0.0005 (0.0005)	Arch depth Loss 0.0000 (0.0000)	Prec@(1,5) (2.9%, 11.4%)	
09/05 06:26:08AM searchStage_trainer.py:268 [INFO] Train: Epoch: [0][150/390]	Step 150	lr 0.025	Loss 2.0611 (2.2272)	Hard Loss 4.0742 (4.4039)	Soft Loss 0.0005 (0.0005)	Arch Loss 2.1171 (2.2244)	Arch Hard Loss 4.1869 (4.3993)	Arch Soft Loss 0.0005 (0.0005)	Arch depth Loss 0.0000 (0.0000)	Prec@(1,5) (3.6%, 14.1%)	
09/05 06:26:25AM searchStage_trainer.py:268 [INFO] Train: Epoch: [0][200/390]	Step 200	lr 0.025	Loss 2.0891 (2.1868)	Hard Loss 4.1329 (4.3235)	Soft Loss 0.0005 (0.0005)	Arch Loss 2.0703 (2.1853)	Arch Hard Loss 4.0936 (4.3218)	Arch Soft Loss 0.0005 (0.0005)	Arch depth Loss 0.0000 (0.0000)	Prec@(1,5) (4.5%, 16.6%)	
09/05 06:26:41AM searchStage_trainer.py:268 [INFO] Train: Epoch: [0][250/390]	Step 250	lr 0.025	Loss 2.1188 (2.1582)	Hard Loss 4.1902 (4.2668)	Soft Loss 0.0005 (0.0005)	Arch Loss 2.0301 (2.1532)	Arch Hard Loss 4.0170 (4.2579)	Arch Soft Loss 0.0004 (0.0005)	Arch depth Loss 0.0000 (0.0000)	Prec@(1,5) (5.1%, 18.2%)	
09/05 06:26:57AM searchStage_trainer.py:268 [INFO] Train: Epoch: [0][300/390]	Step 300	lr 0.025	Loss 2.0390 (2.1343)	Hard Loss 4.0292 (4.2193)	Soft Loss 0.0005 (0.0005)	Arch Loss 2.0283 (2.1261)	Arch Hard Loss 4.0109 (4.2038)	Arch Soft Loss 0.0005 (0.0005)	Arch depth Loss -0.0000 (0.0000)	Prec@(1,5) (5.6%, 19.8%)	
09/05 06:27:13AM searchStage_trainer.py:268 [INFO] Train: Epoch: [0][350/390]	Step 350	lr 0.025	Loss 2.0540 (2.1138)	Hard Loss 4.0673 (4.1786)	Soft Loss 0.0004 (0.0005)	Arch Loss 2.0055 (2.1044)	Arch Hard Loss 3.9635 (4.1609)	Arch Soft Loss 0.0005 (0.0005)	Arch depth Loss -0.0000 (0.0000)	Prec@(1,5) (6.2%, 21.1%)	
09/05 06:27:26AM searchStage_trainer.py:268 [INFO] Train: Epoch: [0][390/390]	Step 390	lr 0.025	Loss 1.9270 (2.0964)	Hard Loss 3.8094 (4.1442)	Soft Loss 0.0004 (0.0005)	Arch Loss 1.9704 (2.0897)	Arch Hard Loss 3.8974 (4.1315)	Arch Soft Loss 0.0004 (0.0005)	Arch depth Loss 0.0000 (0.0000)	Prec@(1,5) (6.6%, 22.0%)	
09/05 06:27:27AM searchStage_trainer.py:284 [INFO] Train: [  0/49] Final Prec@1 6.6200%
09/05 06:27:30AM searchStage_trainer.py:312 [INFO] Valid: Epoch: [0][50/391]	Step 391	Loss 3.8718	Prec@(1,5) (9.7%, 29.9%)
09/05 06:27:32AM searchStage_trainer.py:312 [INFO] Valid: Epoch: [0][100/391]	Step 391	Loss 3.8785	Prec@(1,5) (9.6%, 29.8%)
09/05 06:27:34AM searchStage_trainer.py:312 [INFO] Valid: Epoch: [0][150/391]	Step 391	Loss 3.8942	Prec@(1,5) (9.5%, 29.1%)
09/05 06:27:37AM searchStage_trainer.py:312 [INFO] Valid: Epoch: [0][200/391]	Step 391	Loss 3.8964	Prec@(1,5) (9.6%, 29.1%)
09/05 06:27:39AM searchStage_trainer.py:312 [INFO] Valid: Epoch: [0][250/391]	Step 391	Loss 3.8900	Prec@(1,5) (9.6%, 29.4%)
09/05 06:27:41AM searchStage_trainer.py:312 [INFO] Valid: Epoch: [0][300/391]	Step 391	Loss 3.8873	Prec@(1,5) (9.6%, 29.6%)
09/05 06:27:43AM searchStage_trainer.py:312 [INFO] Valid: Epoch: [0][350/391]	Step 391	Loss 3.8893	Prec@(1,5) (9.6%, 29.6%)
09/05 06:27:45AM searchStage_trainer.py:312 [INFO] Valid: Epoch: [0][390/391]	Step 391	Loss 3.8890	Prec@(1,5) (9.7%, 29.6%)
09/05 06:27:45AM searchStage_trainer.py:323 [INFO] Valid: [  0/49] Final Prec@1 9.7120%
09/05 06:27:45AM searchStage_KD_main.py:58 [INFO] DAG = Genotype2(DAG1=[[('skip_connect', 0), ('skip_connect', 1)], [('max_pool_3x3', 1), ('max_pool_3x3', 0)], [('skip_connect', 1), ('skip_connect', 0)], [('max_pool_3x3', 0), ('skip_connect', 2)], [('max_pool_3x3', 0), ('max_pool_3x3', 1)], [('max_pool_3x3', 0), ('max_pool_3x3', 1)]], DAG1_concat=range(6, 8), DAG2=[[('skip_connect', 0), ('skip_connect', 1)], [('skip_connect', 0), ('skip_connect', 1)], [('skip_connect', 0), ('skip_connect', 1)], [('avg_pool_3x3', 1), ('skip_connect', 2)], [('skip_connect', 1), ('skip_connect', 5)], [('avg_pool_3x3', 1), ('skip_connect', 2)]], DAG2_concat=range(6, 8), DAG3=[[('skip_connect', 0), ('skip_connect', 1)], [('skip_connect', 1), ('skip_connect', 0)], [('skip_connect', 0), ('max_pool_3x3', 1)], [('max_pool_3x3', 0), ('max_pool_3x3', 4)], [('max_pool_3x3', 1), ('max_pool_3x3', 0)], [('max_pool_3x3', 1), ('max_pool_3x3', 0)]], DAG3_concat=range(6, 8))
09/05 06:27:45AM searchStage_KD_main.py:89 [INFO] Until now, best Prec@1 = 9.7120%
####### ALPHA #######
# Alpha - DAG
tensor([[0.2501, 0.2482, 0.2516, 0.2501],
        [0.2504, 0.2486, 0.2508, 0.2503]], device='cuda:0',
       grad_fn=<SoftmaxBackward0>)
tensor([[0.2514, 0.2470, 0.2505, 0.2511],
        [0.2516, 0.2487, 0.2511, 0.2487],
        [0.2505, 0.2494, 0.2495, 0.2506]], device='cuda:0',
       grad_fn=<SoftmaxBackward0>)
tensor([[0.2493, 0.2509, 0.2523, 0.2475],
        [0.2499, 0.2504, 0.2527, 0.2470],
        [0.2485, 0.2501, 0.2506, 0.2508],
        [0.2484, 0.2497, 0.2495, 0.2524]], device='cuda:0',
       grad_fn=<SoftmaxBackward0>)
tensor([[0.2529, 0.2492, 0.2502, 0.2476],
        [0.2516, 0.2487, 0.2503, 0.2494],
        [0.2499, 0.2507, 0.2518, 0.2476],
        [0.2505, 0.2494, 0.2488, 0.2513],
        [0.2478, 0.2501, 0.2491, 0.2529]], device='cuda:0',
       grad_fn=<SoftmaxBackward0>)
tensor([[0.2562, 0.2472, 0.2504, 0.2461],
        [0.2546, 0.2490, 0.2512, 0.2451],
        [0.2504, 0.2481, 0.2525, 0.2491],
        [0.2492, 0.2483, 0.2505, 0.2521],
        [0.2479, 0.2492, 0.2482, 0.2547],
        [0.2481, 0.2497, 0.2505, 0.2516]], device='cuda:0',
       grad_fn=<SoftmaxBackward0>)
tensor([[0.2540, 0.2490, 0.2536, 0.2434],
        [0.2520, 0.2496, 0.2518, 0.2465],
        [0.2512, 0.2487, 0.2499, 0.2502],
        [0.2499, 0.2482, 0.2511, 0.2507],
        [0.2514, 0.2463, 0.2478, 0.2545],
        [0.2502, 0.2482, 0.2510, 0.2506],
        [0.2495, 0.2492, 0.2491, 0.2522]], device='cuda:0',
       grad_fn=<SoftmaxBackward0>)
tensor([[0.2490, 0.2503, 0.2543, 0.2464],
        [0.2439, 0.2501, 0.2535, 0.2525]], device='cuda:0',
       grad_fn=<SoftmaxBackward0>)
tensor([[0.2482, 0.2515, 0.2533, 0.2470],
        [0.2464, 0.2491, 0.2529, 0.2515],
        [0.2484, 0.2496, 0.2511, 0.2508]], device='cuda:0',
       grad_fn=<SoftmaxBackward0>)
tensor([[0.2501, 0.2495, 0.2522, 0.2482],
        [0.2507, 0.2501, 0.2514, 0.2478],
        [0.2494, 0.2482, 0.2496, 0.2528],
        [0.2490, 0.2489, 0.2510, 0.2511]], device='cuda:0',
       grad_fn=<SoftmaxBackward0>)
tensor([[0.2491, 0.2494, 0.2498, 0.2516],
        [0.2502, 0.2525, 0.2520, 0.2453],
        [0.2502, 0.2498, 0.2513, 0.2487],
        [0.2498, 0.2487, 0.2501, 0.2514],
        [0.2479, 0.2509, 0.2496, 0.2516]], device='cuda:0',
       grad_fn=<SoftmaxBackward0>)
tensor([[0.2515, 0.2517, 0.2518, 0.2450],
        [0.2508, 0.2512, 0.2519, 0.2461],
        [0.2509, 0.2470, 0.2476, 0.2545],
        [0.2498, 0.2494, 0.2491, 0.2517],
        [0.2487, 0.2487, 0.2505, 0.2521],
        [0.2474, 0.2509, 0.2523, 0.2493]], device='cuda:0',
       grad_fn=<SoftmaxBackward0>)
tensor([[0.2477, 0.2504, 0.2529, 0.2490],
        [0.2493, 0.2541, 0.2538, 0.2428],
        [0.2464, 0.2518, 0.2540, 0.2478],
        [0.2493, 0.2510, 0.2525, 0.2472],
        [0.2463, 0.2494, 0.2474, 0.2569],
        [0.2464, 0.2519, 0.2508, 0.2510],
        [0.2478, 0.2499, 0.2481, 0.2543]], device='cuda:0',
       grad_fn=<SoftmaxBackward0>)
tensor([[0.2480, 0.2426, 0.2580, 0.2514],
        [0.2505, 0.2438, 0.2578, 0.2480]], device='cuda:0',
       grad_fn=<SoftmaxBackward0>)
tensor([[0.2529, 0.2452, 0.2543, 0.2476],
        [0.2506, 0.2465, 0.2547, 0.2482],
        [0.2498, 0.2470, 0.2489, 0.2542]], device='cuda:0',
       grad_fn=<SoftmaxBackward0>)
tensor([[0.2502, 0.2490, 0.2525, 0.2483],
        [0.2526, 0.2474, 0.2519, 0.2481],
        [0.2493, 0.2458, 0.2516, 0.2533],
        [0.2505, 0.2476, 0.2514, 0.2504]], device='cuda:0',
       grad_fn=<SoftmaxBackward0>)
tensor([[0.2544, 0.2485, 0.2496, 0.2475],
        [0.2514, 0.2489, 0.2516, 0.2481],
        [0.2519, 0.2478, 0.2487, 0.2516],
        [0.2521, 0.2474, 0.2475, 0.2529],
        [0.2535, 0.2459, 0.2507, 0.2499]], device='cuda:0',
       grad_fn=<SoftmaxBackward0>)
tensor([[0.2531, 0.2482, 0.2513, 0.2474],
        [0.2549, 0.2493, 0.2525, 0.2433],
        [0.2530, 0.2463, 0.2530, 0.2477],
        [0.2522, 0.2448, 0.2511, 0.2519],
        [0.2503, 0.2449, 0.2487, 0.2562],
        [0.2513, 0.2452, 0.2497, 0.2538]], device='cuda:0',
       grad_fn=<SoftmaxBackward0>)
tensor([[0.2544, 0.2462, 0.2497, 0.2498],
        [0.2548, 0.2467, 0.2501, 0.2484],
        [0.2533, 0.2470, 0.2537, 0.2461],
        [0.2535, 0.2464, 0.2512, 0.2490],
        [0.2507, 0.2477, 0.2488, 0.2528],
        [0.2524, 0.2464, 0.2488, 0.2524],
        [0.2510, 0.2470, 0.2486, 0.2535]], device='cuda:0',
       grad_fn=<SoftmaxBackward0>)
#####################
09/05 06:28:03午前 searchStage_trainer.py:268 [INFO] Train: Epoch: [1][50/390]	Step 441	lr 0.02498	Loss 1.9454 (1.9180)	Hard Loss 3.8420 (3.7891)	Soft Loss 0.0005 (0.0005)	Arch Loss 1.9184 (1.9122)	Arch Hard Loss 3.7924 (3.7786)	Arch Soft Loss 0.0004 (0.0005)	Arch depth Loss -0.0000 (0.0000)	Prec@(1,5) (10.5%, 32.8%)	
09/05 06:28:20午前 searchStage_trainer.py:268 [INFO] Train: Epoch: [1][100/390]	Step 491	lr 0.02498	Loss 1.7858 (1.9039)	Hard Loss 3.5203 (3.7608)	Soft Loss 0.0005 (0.0005)	Arch Loss 1.8888 (1.9127)	Arch Hard Loss 3.7327 (3.7798)	Arch Soft Loss 0.0004 (0.0005)	Arch depth Loss 0.0000 (0.0000)	Prec@(1,5) (11.4%, 33.7%)	
09/05 06:28:36午前 searchStage_trainer.py:268 [INFO] Train: Epoch: [1][150/390]	Step 541	lr 0.02498	Loss 1.7837 (1.8965)	Hard Loss 3.5193 (3.7459)	Soft Loss 0.0005 (0.0005)	Arch Loss 1.8432 (1.9091)	Arch Hard Loss 3.6384 (3.7726)	Arch Soft Loss 0.0005 (0.0005)	Arch depth Loss 0.0000 (0.0000)	Prec@(1,5) (11.4%, 34.1%)	
09/05 06:28:52午前 searchStage_trainer.py:268 [INFO] Train: Epoch: [1][200/390]	Step 591	lr 0.02498	Loss 1.9336 (1.8864)	Hard Loss 3.8180 (3.7256)	Soft Loss 0.0005 (0.0005)	Arch Loss 1.8065 (1.8981)	Arch Hard Loss 3.5678 (3.7504)	Arch Soft Loss 0.0005 (0.0005)	Arch depth Loss 0.0000 (0.0000)	Prec@(1,5) (11.6%, 34.7%)	
09/05 06:29:09午前 searchStage_trainer.py:268 [INFO] Train: Epoch: [1][250/390]	Step 641	lr 0.02498	Loss 1.9688 (1.8783)	Hard Loss 3.8917 (3.7095)	Soft Loss 0.0005 (0.0005)	Arch Loss 1.8936 (1.8864)	Arch Hard Loss 3.7397 (3.7270)	Arch Soft Loss 0.0005 (0.0005)	Arch depth Loss 0.0000 (0.0000)	Prec@(1,5) (11.8%, 35.2%)	
09/05 06:29:25午前 searchStage_trainer.py:268 [INFO] Train: Epoch: [1][300/390]	Step 691	lr 0.02498	Loss 1.8165 (1.8683)	Hard Loss 3.5821 (3.6896)	Soft Loss 0.0005 (0.0005)	Arch Loss 1.8824 (1.8765)	Arch Hard Loss 3.7203 (3.7072)	Arch Soft Loss 0.0004 (0.0005)	Arch depth Loss 0.0000 (0.0000)	Prec@(1,5) (12.2%, 35.8%)	
09/05 06:29:42午前 searchStage_trainer.py:268 [INFO] Train: Epoch: [1][350/390]	Step 741	lr 0.02498	Loss 1.9843 (1.8577)	Hard Loss 3.9229 (3.6685)	Soft Loss 0.0005 (0.0005)	Arch Loss 1.9389 (1.8676)	Arch Hard Loss 3.8354 (3.6896)	Arch Soft Loss 0.0004 (0.0005)	Arch depth Loss 0.0000 (0.0000)	Prec@(1,5) (12.5%, 36.4%)	
09/05 06:29:55午前 searchStage_trainer.py:268 [INFO] Train: Epoch: [1][390/390]	Step 781	lr 0.02498	Loss 1.9420 (1.8528)	Hard Loss 3.8373 (3.6589)	Soft Loss 0.0005 (0.0005)	Arch Loss 1.7591 (1.8593)	Arch Hard Loss 3.4720 (3.6730)	Arch Soft Loss 0.0005 (0.0005)	Arch depth Loss 0.0000 (0.0000)	Prec@(1,5) (12.7%, 36.7%)	
09/05 06:29:55午前 searchStage_trainer.py:284 [INFO] Train: [  1/49] Final Prec@1 12.7560%
09/05 06:29:58午前 searchStage_trainer.py:312 [INFO] Valid: Epoch: [1][50/391]	Step 782	Loss 3.5784	Prec@(1,5) (15.3%, 39.7%)
09/05 06:30:00午前 searchStage_trainer.py:312 [INFO] Valid: Epoch: [1][100/391]	Step 782	Loss 3.5948	Prec@(1,5) (14.8%, 39.1%)
09/05 06:30:02午前 searchStage_trainer.py:312 [INFO] Valid: Epoch: [1][150/391]	Step 782	Loss 3.5828	Prec@(1,5) (14.7%, 39.3%)
09/05 06:30:05午前 searchStage_trainer.py:312 [INFO] Valid: Epoch: [1][200/391]	Step 782	Loss 3.5638	Prec@(1,5) (15.1%, 39.6%)
09/05 06:30:07午前 searchStage_trainer.py:312 [INFO] Valid: Epoch: [1][250/391]	Step 782	Loss 3.5603	Prec@(1,5) (15.3%, 39.9%)
09/05 06:30:09午前 searchStage_trainer.py:312 [INFO] Valid: Epoch: [1][300/391]	Step 782	Loss 3.5608	Prec@(1,5) (15.1%, 39.7%)
09/05 06:30:11午前 searchStage_trainer.py:312 [INFO] Valid: Epoch: [1][350/391]	Step 782	Loss 3.5664	Prec@(1,5) (14.7%, 39.5%)
09/05 06:30:13午前 searchStage_trainer.py:312 [INFO] Valid: Epoch: [1][390/391]	Step 782	Loss 3.5615	Prec@(1,5) (14.8%, 39.6%)
09/05 06:30:13午前 searchStage_trainer.py:323 [INFO] Valid: [  1/49] Final Prec@1 14.7560%
09/05 06:30:13午前 searchStage_KD_main.py:58 [INFO] DAG = Genotype2(DAG1=[[('skip_connect', 0), ('skip_connect', 1)], [('skip_connect', 1), ('skip_connect', 0)], [('skip_connect', 0), ('skip_connect', 2)], [('max_pool_3x3', 0), ('max_pool_3x3', 1)], [('max_pool_3x3', 0), ('max_pool_3x3', 1)], [('max_pool_3x3', 0), ('skip_connect', 1)]], DAG1_concat=range(6, 8), DAG2=[[('skip_connect', 0), ('skip_connect', 1)], [('skip_connect', 0), ('skip_connect', 2)], [('skip_connect', 0), ('skip_connect', 1)], [('skip_connect', 0), ('skip_connect', 1)], [('skip_connect', 1), ('skip_connect', 0)], [('skip_connect', 1), ('skip_connect', 0)]], DAG2_concat=range(6, 8), DAG3=[[('skip_connect', 1), ('skip_connect', 0)], [('skip_connect', 0), ('skip_connect', 1)], [('max_pool_3x3', 1), ('skip_connect', 0)], [('max_pool_3x3', 2), ('max_pool_3x3', 4)], [('max_pool_3x3', 1), ('max_pool_3x3', 0)], [('max_pool_3x3', 1), ('max_pool_3x3', 0)]], DAG3_concat=range(6, 8))
09/05 06:30:14午前 searchStage_KD_main.py:89 [INFO] Until now, best Prec@1 = 14.7560%
####### ALPHA #######
# Alpha - DAG
tensor([[0.2476, 0.2469, 0.2561, 0.2495],
        [0.2462, 0.2469, 0.2558, 0.2512]], device='cuda:0',
       grad_fn=<SoftmaxBackward0>)
tensor([[0.2503, 0.2441, 0.2540, 0.2516],
        [0.2498, 0.2459, 0.2556, 0.2487],
        [0.2483, 0.2493, 0.2520, 0.2504]], device='cuda:0',
       grad_fn=<SoftmaxBackward0>)
tensor([[0.2486, 0.2479, 0.2533, 0.2502],
        [0.2492, 0.2466, 0.2525, 0.2517],
        [0.2483, 0.2514, 0.2528, 0.2475],
        [0.2497, 0.2487, 0.2504, 0.2512]], device='cuda:0',
       grad_fn=<SoftmaxBackward0>)
tensor([[0.2566, 0.2469, 0.2500, 0.2464],
        [0.2535, 0.2455, 0.2520, 0.2490],
        [0.2513, 0.2505, 0.2515, 0.2468],
        [0.2481, 0.2498, 0.2512, 0.2509],
        [0.2461, 0.2500, 0.2481, 0.2558]], device='cuda:0',
       grad_fn=<SoftmaxBackward0>)
tensor([[0.2596, 0.2403, 0.2561, 0.2439],
        [0.2587, 0.2406, 0.2579, 0.2428],
        [0.2509, 0.2436, 0.2536, 0.2519],
        [0.2506, 0.2448, 0.2548, 0.2498],
        [0.2477, 0.2473, 0.2487, 0.2562],
        [0.2473, 0.2460, 0.2512, 0.2555]], device='cuda:0',
       grad_fn=<SoftmaxBackward0>)
tensor([[0.2566, 0.2496, 0.2564, 0.2374],
        [0.2529, 0.2492, 0.2551, 0.2428],
        [0.2487, 0.2478, 0.2537, 0.2498],
        [0.2462, 0.2497, 0.2523, 0.2519],
        [0.2446, 0.2482, 0.2487, 0.2585],
        [0.2442, 0.2510, 0.2529, 0.2520],
        [0.2425, 0.2521, 0.2492, 0.2561]], device='cuda:0',
       grad_fn=<SoftmaxBackward0>)
tensor([[0.2441, 0.2446, 0.2620, 0.2493],
        [0.2414, 0.2498, 0.2608, 0.2479]], device='cuda:0',
       grad_fn=<SoftmaxBackward0>)
tensor([[0.2454, 0.2478, 0.2587, 0.2481],
        [0.2414, 0.2461, 0.2568, 0.2557],
        [0.2478, 0.2478, 0.2577, 0.2467]], device='cuda:0',
       grad_fn=<SoftmaxBackward0>)
tensor([[0.2513, 0.2475, 0.2542, 0.2470],
        [0.2493, 0.2505, 0.2542, 0.2460],
        [0.2487, 0.2474, 0.2529, 0.2510],
        [0.2492, 0.2469, 0.2485, 0.2555]], device='cuda:0',
       grad_fn=<SoftmaxBackward0>)
tensor([[0.2466, 0.2476, 0.2551, 0.2507],
        [0.2483, 0.2520, 0.2551, 0.2446],
        [0.2479, 0.2497, 0.2504, 0.2521],
        [0.2494, 0.2473, 0.2514, 0.2519],
        [0.2478, 0.2500, 0.2521, 0.2501]], device='cuda:0',
       grad_fn=<SoftmaxBackward0>)
tensor([[0.2538, 0.2535, 0.2552, 0.2375],
        [0.2483, 0.2532, 0.2567, 0.2417],
        [0.2463, 0.2486, 0.2475, 0.2576],
        [0.2501, 0.2452, 0.2469, 0.2578],
        [0.2488, 0.2486, 0.2511, 0.2516],
        [0.2446, 0.2502, 0.2537, 0.2515]], device='cuda:0',
       grad_fn=<SoftmaxBackward0>)
tensor([[0.2479, 0.2558, 0.2575, 0.2389],
        [0.2476, 0.2589, 0.2595, 0.2340],
        [0.2469, 0.2477, 0.2572, 0.2481],
        [0.2512, 0.2454, 0.2503, 0.2531],
        [0.2506, 0.2455, 0.2452, 0.2587],
        [0.2457, 0.2475, 0.2482, 0.2587],
        [0.2524, 0.2470, 0.2440, 0.2566]], device='cuda:0',
       grad_fn=<SoftmaxBackward0>)
tensor([[0.2519, 0.2342, 0.2625, 0.2514],
        [0.2549, 0.2344, 0.2627, 0.2480]], device='cuda:0',
       grad_fn=<SoftmaxBackward0>)
tensor([[0.2544, 0.2412, 0.2568, 0.2475],
        [0.2552, 0.2399, 0.2558, 0.2491],
        [0.2509, 0.2436, 0.2513, 0.2541]], device='cuda:0',
       grad_fn=<SoftmaxBackward0>)
tensor([[0.2530, 0.2440, 0.2547, 0.2483],
        [0.2573, 0.2439, 0.2527, 0.2460],
        [0.2524, 0.2423, 0.2491, 0.2561],
        [0.2524, 0.2457, 0.2523, 0.2497]], device='cuda:0',
       grad_fn=<SoftmaxBackward0>)
tensor([[0.2565, 0.2420, 0.2491, 0.2524],
        [0.2566, 0.2441, 0.2491, 0.2503],
        [0.2580, 0.2450, 0.2469, 0.2500],
        [0.2541, 0.2466, 0.2508, 0.2486],
        [0.2564, 0.2456, 0.2485, 0.2495]], device='cuda:0',
       grad_fn=<SoftmaxBackward0>)
tensor([[0.2696, 0.2414, 0.2466, 0.2424],
        [0.2705, 0.2422, 0.2492, 0.2382],
        [0.2630, 0.2393, 0.2525, 0.2453],
        [0.2626, 0.2369, 0.2458, 0.2546],
        [0.2561, 0.2384, 0.2430, 0.2626],
        [0.2575, 0.2412, 0.2448, 0.2565]], device='cuda:0',
       grad_fn=<SoftmaxBackward0>)
tensor([[0.2658, 0.2444, 0.2475, 0.2422],
        [0.2679, 0.2404, 0.2449, 0.2468],
        [0.2626, 0.2405, 0.2521, 0.2448],
        [0.2617, 0.2419, 0.2477, 0.2487],
        [0.2573, 0.2419, 0.2456, 0.2553],
        [0.2562, 0.2432, 0.2433, 0.2573],
        [0.2537, 0.2427, 0.2473, 0.2563]], device='cuda:0',
       grad_fn=<SoftmaxBackward0>)
#####################
09/05 06:30:31午前 searchStage_trainer.py:268 [INFO] Train: Epoch: [2][50/390]	Step 832	lr 0.02491	Loss 1.6964 (1.7506)	Hard Loss 3.3478 (3.4552)	Soft Loss 0.0004 (0.0005)	Arch Loss 1.6021 (1.7506)	Arch Hard Loss 3.1607 (3.4565)	Arch Soft Loss 0.0004 (0.0004)	Arch depth Loss 0.0000 (0.0000)	Prec@(1,5) (17.0%, 43.5%)	
09/05 06:30:48午前 searchStage_trainer.py:268 [INFO] Train: Epoch: [2][100/390]	Step 882	lr 0.02491	Loss 1.6723 (1.7447)	Hard Loss 3.3005 (3.4431)	Soft Loss 0.0004 (0.0005)	Arch Loss 1.6384 (1.7459)	Arch Hard Loss 3.2296 (3.4466)	Arch Soft Loss 0.0005 (0.0005)	Arch depth Loss 0.0000 (0.0000)	Prec@(1,5) (17.2%, 43.4%)	
09/05 06:31:05午前 searchStage_trainer.py:268 [INFO] Train: Epoch: [2][150/390]	Step 932	lr 0.02491	Loss 1.7102 (1.7448)	Hard Loss 3.3746 (3.4433)	Soft Loss 0.0005 (0.0005)	Arch Loss 1.7722 (1.7486)	Arch Hard Loss 3.5003 (3.4522)	Arch Soft Loss 0.0004 (0.0005)	Arch depth Loss 0.0000 (0.0000)	Prec@(1,5) (17.0%, 43.2%)	
09/05 06:31:21午前 searchStage_trainer.py:268 [INFO] Train: Epoch: [2][200/390]	Step 982	lr 0.02491	Loss 1.7531 (1.7398)	Hard Loss 3.4625 (3.4335)	Soft Loss 0.0004 (0.0005)	Arch Loss 1.6891 (1.7411)	Arch Hard Loss 3.3321 (3.4369)	Arch Soft Loss 0.0005 (0.0005)	Arch depth Loss 0.0000 (0.0000)	Prec@(1,5) (17.0%, 43.4%)	
09/05 06:31:37午前 searchStage_trainer.py:268 [INFO] Train: Epoch: [2][250/390]	Step 1032	lr 0.02491	Loss 1.8201 (1.7307)	Hard Loss 3.5954 (3.4152)	Soft Loss 0.0004 (0.0005)	Arch Loss 1.6998 (1.7310)	Arch Hard Loss 3.3529 (3.4166)	Arch Soft Loss 0.0005 (0.0005)	Arch depth Loss 0.0000 (0.0000)	Prec@(1,5) (17.4%, 44.1%)	
09/05 06:31:54午前 searchStage_trainer.py:268 [INFO] Train: Epoch: [2][300/390]	Step 1082	lr 0.02491	Loss 1.6077 (1.7230)	Hard Loss 3.1721 (3.3998)	Soft Loss 0.0004 (0.0005)	Arch Loss 1.7449 (1.7264)	Arch Hard Loss 3.4536 (3.4076)	Arch Soft Loss 0.0004 (0.0005)	Arch depth Loss 0.0000 (0.0000)	Prec@(1,5) (17.6%, 44.4%)	
09/05 06:32:10午前 searchStage_trainer.py:268 [INFO] Train: Epoch: [2][350/390]	Step 1132	lr 0.02491	Loss 1.6233 (1.7134)	Hard Loss 3.2000 (3.3807)	Soft Loss 0.0005 (0.0005)	Arch Loss 1.5910 (1.7210)	Arch Hard Loss 3.1403 (3.3968)	Arch Soft Loss 0.0004 (0.0005)	Arch depth Loss 0.0000 (0.0000)	Prec@(1,5) (17.8%, 44.9%)	
09/05 06:32:23午前 searchStage_trainer.py:268 [INFO] Train: Epoch: [2][390/390]	Step 1172	lr 0.02491	Loss 1.5918 (1.7081)	Hard Loss 3.1370 (3.3700)	Soft Loss 0.0005 (0.0005)	Arch Loss 1.7905 (1.7133)	Arch Hard Loss 3.5371 (3.3814)	Arch Soft Loss 0.0004 (0.0005)	Arch depth Loss 0.0000 (0.0000)	Prec@(1,5) (17.9%, 45.2%)	
09/05 06:32:24午前 searchStage_trainer.py:284 [INFO] Train: [  2/49] Final Prec@1 17.9400%
09/05 06:32:26午前 searchStage_trainer.py:312 [INFO] Valid: Epoch: [2][50/391]	Step 1173	Loss 3.2037	Prec@(1,5) (20.7%, 50.8%)
09/05 06:32:29午前 searchStage_trainer.py:312 [INFO] Valid: Epoch: [2][100/391]	Step 1173	Loss 3.2266	Prec@(1,5) (20.3%, 50.2%)
09/05 06:32:31午前 searchStage_trainer.py:312 [INFO] Valid: Epoch: [2][150/391]	Step 1173	Loss 3.2140	Prec@(1,5) (20.3%, 50.4%)
09/05 06:32:33午前 searchStage_trainer.py:312 [INFO] Valid: Epoch: [2][200/391]	Step 1173	Loss 3.2228	Prec@(1,5) (19.8%, 50.0%)
09/05 06:32:35午前 searchStage_trainer.py:312 [INFO] Valid: Epoch: [2][250/391]	Step 1173	Loss 3.2294	Prec@(1,5) (19.6%, 49.8%)
09/05 06:32:38午前 searchStage_trainer.py:312 [INFO] Valid: Epoch: [2][300/391]	Step 1173	Loss 3.2272	Prec@(1,5) (19.8%, 50.0%)
09/05 06:32:40午前 searchStage_trainer.py:312 [INFO] Valid: Epoch: [2][350/391]	Step 1173	Loss 3.2303	Prec@(1,5) (19.6%, 49.8%)
09/05 06:32:42午前 searchStage_trainer.py:312 [INFO] Valid: Epoch: [2][390/391]	Step 1173	Loss 3.2339	Prec@(1,5) (19.6%, 49.8%)
09/05 06:32:42午前 searchStage_trainer.py:323 [INFO] Valid: [  2/49] Final Prec@1 19.5600%
09/05 06:32:42午前 searchStage_KD_main.py:58 [INFO] DAG = Genotype2(DAG1=[[('skip_connect', 0), ('skip_connect', 1)], [('skip_connect', 1), ('skip_connect', 0)], [('skip_connect', 0), ('skip_connect', 1)], [('max_pool_3x3', 0), ('skip_connect', 2)], [('skip_connect', 1), ('skip_connect', 0)], [('skip_connect', 0), ('skip_connect', 1)]], DAG1_concat=range(6, 8), DAG2=[[('skip_connect', 0), ('skip_connect', 1)], [('skip_connect', 1), ('skip_connect', 0)], [('skip_connect', 1), ('skip_connect', 0)], [('skip_connect', 0), ('skip_connect', 1)], [('skip_connect', 1), ('skip_connect', 0)], [('skip_connect', 1), ('skip_connect', 0)]], DAG2_concat=range(6, 8), DAG3=[[('skip_connect', 0), ('skip_connect', 1)], [('max_pool_3x3', 1), ('max_pool_3x3', 0)], [('max_pool_3x3', 1), ('max_pool_3x3', 0)], [('max_pool_3x3', 2), ('max_pool_3x3', 1)], [('max_pool_3x3', 0), ('max_pool_3x3', 1)], [('max_pool_3x3', 1), ('max_pool_3x3', 0)]], DAG3_concat=range(6, 8))
09/05 06:32:42午前 searchStage_KD_main.py:89 [INFO] Until now, best Prec@1 = 19.5600%
####### ALPHA #######
# Alpha - DAG
tensor([[0.2422, 0.2426, 0.2656, 0.2496],
        [0.2415, 0.2428, 0.2647, 0.2510]], device='cuda:0',
       grad_fn=<SoftmaxBackward0>)
tensor([[0.2485, 0.2409, 0.2570, 0.2537],
        [0.2483, 0.2423, 0.2584, 0.2510],
        [0.2467, 0.2513, 0.2545, 0.2475]], device='cuda:0',
       grad_fn=<SoftmaxBackward0>)
tensor([[0.2454, 0.2471, 0.2588, 0.2488],
        [0.2464, 0.2454, 0.2575, 0.2507],
        [0.2454, 0.2504, 0.2540, 0.2501],
        [0.2473, 0.2503, 0.2520, 0.2504]], device='cuda:0',
       grad_fn=<SoftmaxBackward0>)
tensor([[0.2569, 0.2423, 0.2506, 0.2503],
        [0.2532, 0.2431, 0.2547, 0.2490],
        [0.2504, 0.2491, 0.2559, 0.2447],
        [0.2491, 0.2476, 0.2522, 0.2511],
        [0.2473, 0.2478, 0.2493, 0.2555]], device='cuda:0',
       grad_fn=<SoftmaxBackward0>)
tensor([[0.2549, 0.2423, 0.2708, 0.2320],
        [0.2540, 0.2400, 0.2714, 0.2346],
        [0.2429, 0.2460, 0.2571, 0.2540],
        [0.2450, 0.2479, 0.2565, 0.2505],
        [0.2399, 0.2488, 0.2483, 0.2630],
        [0.2409, 0.2451, 0.2488, 0.2652]], device='cuda:0',
       grad_fn=<SoftmaxBackward0>)
tensor([[0.2572, 0.2475, 0.2648, 0.2305],
        [0.2544, 0.2464, 0.2620, 0.2372],
        [0.2465, 0.2469, 0.2586, 0.2480],
        [0.2419, 0.2483, 0.2533, 0.2565],
        [0.2411, 0.2502, 0.2488, 0.2599],
        [0.2412, 0.2475, 0.2512, 0.2601],
        [0.2349, 0.2539, 0.2516, 0.2596]], device='cuda:0',
       grad_fn=<SoftmaxBackward0>)
tensor([[0.2384, 0.2437, 0.2684, 0.2495],
        [0.2391, 0.2483, 0.2659, 0.2468]], device='cuda:0',
       grad_fn=<SoftmaxBackward0>)
tensor([[0.2460, 0.2454, 0.2608, 0.2478],
        [0.2413, 0.2430, 0.2609, 0.2548],
        [0.2467, 0.2476, 0.2583, 0.2474]], device='cuda:0',
       grad_fn=<SoftmaxBackward0>)
tensor([[0.2470, 0.2457, 0.2565, 0.2507],
        [0.2470, 0.2508, 0.2572, 0.2449],
        [0.2473, 0.2460, 0.2546, 0.2520],
        [0.2473, 0.2480, 0.2518, 0.2529]], device='cuda:0',
       grad_fn=<SoftmaxBackward0>)
tensor([[0.2449, 0.2507, 0.2596, 0.2448],
        [0.2494, 0.2540, 0.2556, 0.2410],
        [0.2463, 0.2478, 0.2508, 0.2552],
        [0.2461, 0.2504, 0.2487, 0.2548],
        [0.2502, 0.2485, 0.2488, 0.2525]], device='cuda:0',
       grad_fn=<SoftmaxBackward0>)
tensor([[0.2555, 0.2556, 0.2564, 0.2325],
        [0.2486, 0.2509, 0.2584, 0.2420],
        [0.2477, 0.2448, 0.2471, 0.2604],
        [0.2474, 0.2452, 0.2491, 0.2583],
        [0.2516, 0.2452, 0.2504, 0.2527],
        [0.2453, 0.2483, 0.2535, 0.2529]], device='cuda:0',
       grad_fn=<SoftmaxBackward0>)
tensor([[0.2496, 0.2574, 0.2604, 0.2326],
        [0.2480, 0.2548, 0.2623, 0.2349],
        [0.2471, 0.2449, 0.2586, 0.2494],
        [0.2504, 0.2444, 0.2527, 0.2524],
        [0.2519, 0.2444, 0.2458, 0.2579],
        [0.2482, 0.2437, 0.2455, 0.2625],
        [0.2525, 0.2455, 0.2428, 0.2591]], device='cuda:0',
       grad_fn=<SoftmaxBackward0>)
tensor([[0.2617, 0.2241, 0.2659, 0.2483],
        [0.2619, 0.2233, 0.2634, 0.2513]], device='cuda:0',
       grad_fn=<SoftmaxBackward0>)
tensor([[0.2601, 0.2355, 0.2579, 0.2465],
        [0.2610, 0.2328, 0.2564, 0.2498],
        [0.2548, 0.2398, 0.2510, 0.2544]], device='cuda:0',
       grad_fn=<SoftmaxBackward0>)
tensor([[0.2589, 0.2412, 0.2551, 0.2448],
        [0.2630, 0.2414, 0.2559, 0.2397],
        [0.2552, 0.2387, 0.2457, 0.2604],
        [0.2547, 0.2419, 0.2488, 0.2545]], device='cuda:0',
       grad_fn=<SoftmaxBackward0>)
tensor([[0.2621, 0.2388, 0.2494, 0.2498],
        [0.2629, 0.2393, 0.2495, 0.2484],
        [0.2645, 0.2400, 0.2465, 0.2490],
        [0.2577, 0.2419, 0.2472, 0.2532],
        [0.2579, 0.2447, 0.2474, 0.2500]], device='cuda:0',
       grad_fn=<SoftmaxBackward0>)
tensor([[0.2852, 0.2374, 0.2425, 0.2350],
        [0.2838, 0.2375, 0.2443, 0.2344],
        [0.2695, 0.2350, 0.2477, 0.2477],
        [0.2701, 0.2323, 0.2407, 0.2568],
        [0.2661, 0.2311, 0.2359, 0.2669],
        [0.2668, 0.2359, 0.2384, 0.2590]], device='cuda:0',
       grad_fn=<SoftmaxBackward0>)
tensor([[0.2734, 0.2416, 0.2480, 0.2371],
        [0.2761, 0.2351, 0.2425, 0.2463],
        [0.2674, 0.2384, 0.2483, 0.2459],
        [0.2688, 0.2356, 0.2428, 0.2528],
        [0.2675, 0.2365, 0.2430, 0.2529],
        [0.2629, 0.2373, 0.2385, 0.2613],
        [0.2584, 0.2398, 0.2473, 0.2545]], device='cuda:0',
       grad_fn=<SoftmaxBackward0>)
#####################
09/05 06:33:01午前 searchStage_trainer.py:268 [INFO] Train: Epoch: [3][50/390]	Step 1223	lr 0.02479	Loss 1.7065 (1.6065)	Hard Loss 3.3687 (3.1669)	Soft Loss 0.0004 (0.0005)	Arch Loss 1.7019 (1.6536)	Arch Hard Loss 3.3592 (3.2615)	Arch Soft Loss 0.0004 (0.0005)	Arch depth Loss 0.0000 (0.0000)	Prec@(1,5) (20.4%, 51.5%)	
09/05 06:33:17午前 searchStage_trainer.py:268 [INFO] Train: Epoch: [3][100/390]	Step 1273	lr 0.02479	Loss 1.5122 (1.6049)	Hard Loss 2.9837 (3.1638)	Soft Loss 0.0004 (0.0005)	Arch Loss 1.5367 (1.6378)	Arch Hard Loss 3.0314 (3.2300)	Arch Soft Loss 0.0004 (0.0005)	Arch depth Loss 0.0000 (0.0000)	Prec@(1,5) (21.1%, 51.0%)	
09/05 06:33:34午前 searchStage_trainer.py:268 [INFO] Train: Epoch: [3][150/390]	Step 1323	lr 0.02479	Loss 1.7422 (1.6075)	Hard Loss 3.4426 (3.1690)	Soft Loss 0.0004 (0.0005)	Arch Loss 1.6595 (1.6444)	Arch Hard Loss 3.2707 (3.2432)	Arch Soft Loss 0.0005 (0.0005)	Arch depth Loss 0.0000 (0.0000)	Prec@(1,5) (20.9%, 50.7%)	
09/05 06:33:51午前 searchStage_trainer.py:268 [INFO] Train: Epoch: [3][200/390]	Step 1373	lr 0.02479	Loss 1.5992 (1.6033)	Hard Loss 3.1491 (3.1607)	Soft Loss 0.0005 (0.0005)	Arch Loss 1.5899 (1.6341)	Arch Hard Loss 3.1353 (3.2227)	Arch Soft Loss 0.0004 (0.0005)	Arch depth Loss 0.0000 (0.0000)	Prec@(1,5) (21.0%, 51.0%)	
09/05 06:34:08午前 searchStage_trainer.py:268 [INFO] Train: Epoch: [3][250/390]	Step 1423	lr 0.02479	Loss 1.5521 (1.6010)	Hard Loss 3.0561 (3.1561)	Soft Loss 0.0005 (0.0005)	Arch Loss 1.5632 (1.6279)	Arch Hard Loss 3.0838 (3.2105)	Arch Soft Loss 0.0004 (0.0005)	Arch depth Loss 0.0000 (0.0000)	Prec@(1,5) (21.1%, 51.1%)	
09/05 06:34:25午前 searchStage_trainer.py:268 [INFO] Train: Epoch: [3][300/390]	Step 1473	lr 0.02479	Loss 1.5047 (1.5956)	Hard Loss 2.9635 (3.1453)	Soft Loss 0.0005 (0.0005)	Arch Loss 1.4549 (1.6201)	Arch Hard Loss 2.8661 (3.1950)	Arch Soft Loss 0.0004 (0.0005)	Arch depth Loss 0.0000 (0.0000)	Prec@(1,5) (21.3%, 51.5%)	
09/05 06:34:42午前 searchStage_trainer.py:268 [INFO] Train: Epoch: [3][350/390]	Step 1523	lr 0.02479	Loss 1.5329 (1.5918)	Hard Loss 3.0239 (3.1377)	Soft Loss 0.0004 (0.0005)	Arch Loss 1.6751 (1.6125)	Arch Hard Loss 3.3055 (3.1800)	Arch Soft Loss 0.0004 (0.0005)	Arch depth Loss 0.0000 (0.0000)	Prec@(1,5) (21.6%, 51.6%)	
09/05 06:34:55午前 searchStage_trainer.py:268 [INFO] Train: Epoch: [3][390/390]	Step 1563	lr 0.02479	Loss 1.7547 (1.5874)	Hard Loss 3.4647 (3.1291)	Soft Loss 0.0004 (0.0005)	Arch Loss 1.5187 (1.6058)	Arch Hard Loss 2.9877 (3.1666)	Arch Soft Loss 0.0005 (0.0005)	Arch depth Loss 0.0000 (0.0000)	Prec@(1,5) (21.8%, 51.8%)	
09/05 06:34:56午前 searchStage_trainer.py:284 [INFO] Train: [  3/49] Final Prec@1 21.8080%
09/05 06:34:59午前 searchStage_trainer.py:312 [INFO] Valid: Epoch: [3][50/391]	Step 1564	Loss 3.0780	Prec@(1,5) (23.5%, 53.7%)
09/05 06:35:01午前 searchStage_trainer.py:312 [INFO] Valid: Epoch: [3][100/391]	Step 1564	Loss 3.1046	Prec@(1,5) (22.4%, 52.8%)
09/05 06:35:03午前 searchStage_trainer.py:312 [INFO] Valid: Epoch: [3][150/391]	Step 1564	Loss 3.0939	Prec@(1,5) (22.7%, 53.0%)
09/05 06:35:05午前 searchStage_trainer.py:312 [INFO] Valid: Epoch: [3][200/391]	Step 1564	Loss 3.0824	Prec@(1,5) (22.9%, 53.3%)
09/05 06:35:07午前 searchStage_trainer.py:312 [INFO] Valid: Epoch: [3][250/391]	Step 1564	Loss 3.0749	Prec@(1,5) (22.9%, 53.3%)
09/05 06:35:09午前 searchStage_trainer.py:312 [INFO] Valid: Epoch: [3][300/391]	Step 1564	Loss 3.0729	Prec@(1,5) (22.9%, 53.4%)
09/05 06:35:11午前 searchStage_trainer.py:312 [INFO] Valid: Epoch: [3][350/391]	Step 1564	Loss 3.0783	Prec@(1,5) (22.8%, 53.3%)
