09/05 07:09:00AM parser.py:28 [INFO] 
09/05 07:09:00AM parser.py:29 [INFO] Parameters:
09/05 07:09:00AM parser.py:31 [INFO] DAG_PATH=results/search_stage_KD/cifar10/original/s4-BaselineBestCell/DAG
09/05 07:09:00AM parser.py:31 [INFO] T=10.0
09/05 07:09:00AM parser.py:31 [INFO] ADVANCED=False
09/05 07:09:00AM parser.py:31 [INFO] ALPHA_LR=0.0003
09/05 07:09:00AM parser.py:31 [INFO] ALPHA_WEIGHT_DECAY=0.001
09/05 07:09:00AM parser.py:31 [INFO] BATCH_SIZE=64
09/05 07:09:00AM parser.py:31 [INFO] CASCADE=False
09/05 07:09:00AM parser.py:31 [INFO] CHECKPOINT_RESET=False
09/05 07:09:00AM parser.py:31 [INFO] CUTOUT_LENGTH=0
09/05 07:09:00AM parser.py:31 [INFO] DATA_PATH=../data/
09/05 07:09:00AM parser.py:31 [INFO] DATASET=cifar10
09/05 07:09:00AM parser.py:31 [INFO] DEPTH_COEF=1.0
09/05 07:09:00AM parser.py:31 [INFO] DESCRIPTION=search_architecture_on_noKD_on_original_loss_function
09/05 07:09:00AM parser.py:31 [INFO] EPOCHS=50
09/05 07:09:00AM parser.py:31 [INFO] EXP_NAME=s4-BaselineBestCell
09/05 07:09:00AM parser.py:31 [INFO] GENOTYPE=Genotype3(normal1=[[('sep_conv_5x5', 0), ('sep_conv_3x3', 1)], [('sep_conv_3x3', 1), ('sep_conv_3x3', 0)], [('sep_conv_3x3', 1), ('sep_conv_3x3', 2)], [('sep_conv_3x3', 0), ('sep_conv_5x5', 4)]], normal1_concat=range(2, 6), reduce1=[[('sep_conv_3x3', 0), ('skip_connect', 1)], [('sep_conv_3x3', 1), ('max_pool_3x3', 0)], [('sep_conv_3x3', 2), ('sep_conv_3x3', 1)], [('max_pool_3x3', 0), ('dil_conv_3x3', 1)]], reduce1_concat=range(2, 6), normal2=[[('skip_connect', 0), ('sep_conv_5x5', 1)], [('skip_connect', 0), ('skip_connect', 2)], [('avg_pool_3x3', 0), ('avg_pool_3x3', 2)], [('skip_connect', 0), ('avg_pool_3x3', 2)]], normal2_concat=range(2, 6), reduce2=[[('avg_pool_3x3', 0), ('avg_pool_3x3', 1)], [('avg_pool_3x3', 0), ('skip_connect', 2)], [('skip_connect', 2), ('avg_pool_3x3', 0)], [('skip_connect', 2), ('avg_pool_3x3', 0)]], reduce2_concat=range(2, 6), normal3=[[('skip_connect', 0), ('skip_connect', 1)], [('skip_connect', 0), ('dil_conv_3x3', 1)], [('skip_connect', 0), ('skip_connect', 1)], [('skip_connect', 0), ('skip_connect', 2)]], normal3_concat=range(2, 6))
09/05 07:09:00AM parser.py:31 [INFO] GPUS=[0]
09/05 07:09:00AM parser.py:31 [INFO] INIT_CHANNELS=16
09/05 07:09:00AM parser.py:31 [INFO] L=0.5
09/05 07:09:00AM parser.py:31 [INFO] LAYERS=20
09/05 07:09:00AM parser.py:31 [INFO] LOGGER=<Logger H-DAS (INFO)>
09/05 07:09:00AM parser.py:31 [INFO] NAME=original
09/05 07:09:00AM parser.py:31 [INFO] NONKD=True
09/05 07:09:00AM parser.py:31 [INFO] PATH=results/search_stage_KD/cifar10/original/s4-BaselineBestCell
09/05 07:09:00AM parser.py:31 [INFO] PCDARTS=False
09/05 07:09:00AM parser.py:31 [INFO] PLOT_PATH=results/search_stage_KD/cifar10/original/s4-BaselineBestCell/plots
09/05 07:09:00AM parser.py:31 [INFO] PRINT_FREQ=50
09/05 07:09:00AM parser.py:31 [INFO] RESUME_PATH=None
09/05 07:09:00AM parser.py:31 [INFO] SAVE=s4-BaselineBestCell
09/05 07:09:00AM parser.py:31 [INFO] SEED=4
09/05 07:09:00AM parser.py:31 [INFO] SHARE_STAGE=False
09/05 07:09:00AM parser.py:31 [INFO] SLIDE_WINDOW=3
09/05 07:09:00AM parser.py:31 [INFO] SPEC_CELL=True
09/05 07:09:00AM parser.py:31 [INFO] TEACHER_NAME=non
09/05 07:09:00AM parser.py:31 [INFO] TEACHER_PATH=non
09/05 07:09:00AM parser.py:31 [INFO] TRAIN_PORTION=0.5
09/05 07:09:00AM parser.py:31 [INFO] W_GRAD_CLIP=5.0
09/05 07:09:00AM parser.py:31 [INFO] W_LR=0.025
09/05 07:09:00AM parser.py:31 [INFO] W_LR_MIN=0.001
09/05 07:09:00AM parser.py:31 [INFO] W_MOMENTUM=0.9
09/05 07:09:00AM parser.py:31 [INFO] W_WEIGHT_DECAY=0.0003
09/05 07:09:00AM parser.py:31 [INFO] WORKERS=4
09/05 07:09:00AM parser.py:32 [INFO] 
09/05 07:09:15AM searchStage_trainer.py:137 [INFO] --> No loaded checkpoint!
####### ALPHA #######
# Alpha - DAG
tensor([[0.2495, 0.2500, 0.2505, 0.2501],
        [0.2503, 0.2499, 0.2496, 0.2502]], device='cuda:0',
       grad_fn=<SoftmaxBackward0>)
tensor([[0.2500, 0.2499, 0.2500, 0.2502],
        [0.2501, 0.2501, 0.2499, 0.2500],
        [0.2497, 0.2503, 0.2499, 0.2501]], device='cuda:0',
       grad_fn=<SoftmaxBackward0>)
tensor([[0.2500, 0.2502, 0.2498, 0.2500],
        [0.2499, 0.2499, 0.2501, 0.2501],
        [0.2502, 0.2498, 0.2500, 0.2500]], device='cuda:0',
       grad_fn=<SoftmaxBackward0>)
tensor([[0.2496, 0.2501, 0.2503, 0.2500],
        [0.2503, 0.2497, 0.2498, 0.2502],
        [0.2504, 0.2498, 0.2499, 0.2499]], device='cuda:0',
       grad_fn=<SoftmaxBackward0>)
tensor([[0.2500, 0.2500, 0.2498, 0.2502],
        [0.2502, 0.2501, 0.2499, 0.2498],
        [0.2501, 0.2500, 0.2498, 0.2502]], device='cuda:0',
       grad_fn=<SoftmaxBackward0>)
tensor([[0.2501, 0.2497, 0.2500, 0.2502],
        [0.2499, 0.2498, 0.2499, 0.2503],
        [0.2498, 0.2500, 0.2502, 0.2499]], device='cuda:0',
       grad_fn=<SoftmaxBackward0>)
tensor([[0.2500, 0.2502, 0.2498, 0.2500],
        [0.2500, 0.2500, 0.2499, 0.2500]], device='cuda:0',
       grad_fn=<SoftmaxBackward0>)
tensor([[0.2499, 0.2500, 0.2502, 0.2499],
        [0.2496, 0.2504, 0.2501, 0.2500],
        [0.2501, 0.2496, 0.2503, 0.2501]], device='cuda:0',
       grad_fn=<SoftmaxBackward0>)
tensor([[0.2504, 0.2498, 0.2501, 0.2496],
        [0.2500, 0.2500, 0.2499, 0.2501],
        [0.2503, 0.2500, 0.2498, 0.2499]], device='cuda:0',
       grad_fn=<SoftmaxBackward0>)
tensor([[0.2497, 0.2502, 0.2500, 0.2501],
        [0.2500, 0.2501, 0.2499, 0.2501],
        [0.2504, 0.2499, 0.2498, 0.2499]], device='cuda:0',
       grad_fn=<SoftmaxBackward0>)
tensor([[0.2507, 0.2501, 0.2493, 0.2499],
        [0.2504, 0.2496, 0.2502, 0.2498],
        [0.2499, 0.2503, 0.2501, 0.2497]], device='cuda:0',
       grad_fn=<SoftmaxBackward0>)
tensor([[0.2501, 0.2502, 0.2500, 0.2497],
        [0.2498, 0.2502, 0.2499, 0.2500],
        [0.2500, 0.2499, 0.2502, 0.2498]], device='cuda:0',
       grad_fn=<SoftmaxBackward0>)
tensor([[0.2504, 0.2500, 0.2500, 0.2496],
        [0.2502, 0.2497, 0.2500, 0.2501]], device='cuda:0',
       grad_fn=<SoftmaxBackward0>)
tensor([[0.2500, 0.2502, 0.2499, 0.2499],
        [0.2499, 0.2502, 0.2504, 0.2495],
        [0.2499, 0.2500, 0.2503, 0.2498]], device='cuda:0',
       grad_fn=<SoftmaxBackward0>)
tensor([[0.2499, 0.2501, 0.2500, 0.2501],
        [0.2500, 0.2502, 0.2497, 0.2502],
        [0.2499, 0.2501, 0.2503, 0.2497]], device='cuda:0',
       grad_fn=<SoftmaxBackward0>)
tensor([[0.2501, 0.2499, 0.2502, 0.2498],
        [0.2501, 0.2499, 0.2499, 0.2500],
        [0.2502, 0.2495, 0.2503, 0.2500]], device='cuda:0',
       grad_fn=<SoftmaxBackward0>)
tensor([[0.2497, 0.2499, 0.2503, 0.2500],
        [0.2500, 0.2498, 0.2496, 0.2505],
        [0.2497, 0.2499, 0.2500, 0.2504]], device='cuda:0',
       grad_fn=<SoftmaxBackward0>)
tensor([[0.2499, 0.2501, 0.2499, 0.2501],
        [0.2504, 0.2498, 0.2499, 0.2499],
        [0.2500, 0.2501, 0.2500, 0.2499]], device='cuda:0',
       grad_fn=<SoftmaxBackward0>)
#####################
09/05 07:09:32AM searchStage_trainer.py:268 [INFO] Train: Epoch: [0][50/390]	Step 50	lr 0.025	Loss 2.0997 (2.2835)	Hard Loss 2.0997 (2.2835)	Soft Loss 2.0997 (2.2835)	Arch Loss 2.0458 (2.2893)	Arch Hard Loss 2.0458 (2.2893)	Arch Soft Loss 2.0458 (2.2893)	Arch depth Loss -0.2477 (-0.1227)	Prec@(1,5) (17.2%, 67.4%)	
09/05 07:09:48AM searchStage_trainer.py:268 [INFO] Train: Epoch: [0][100/390]	Step 100	lr 0.025	Loss 1.7906 (2.1868)	Hard Loss 1.7906 (2.1868)	Soft Loss 1.7906 (2.1868)	Arch Loss 1.9320 (2.2173)	Arch Hard Loss 1.9320 (2.2173)	Arch Soft Loss 1.9320 (2.2173)	Arch depth Loss -0.5150 (-0.2528)	Prec@(1,5) (20.3%, 73.0%)	
09/05 07:10:04AM searchStage_trainer.py:268 [INFO] Train: Epoch: [0][150/390]	Step 150	lr 0.025	Loss 1.8866 (2.1077)	Hard Loss 1.8866 (2.1077)	Soft Loss 1.8866 (2.1077)	Arch Loss 1.8955 (2.1174)	Arch Hard Loss 1.8955 (2.1174)	Arch Soft Loss 1.8955 (2.1174)	Arch depth Loss -0.7951 (-0.3875)	Prec@(1,5) (22.8%, 76.0%)	
09/05 07:10:20AM searchStage_trainer.py:268 [INFO] Train: Epoch: [0][200/390]	Step 200	lr 0.025	Loss 1.6753 (2.0349)	Hard Loss 1.6753 (2.0349)	Soft Loss 1.6753 (2.0349)	Arch Loss 1.7891 (2.0454)	Arch Hard Loss 1.7891 (2.0454)	Arch Soft Loss 1.7891 (2.0454)	Arch depth Loss -1.0880 (-0.5265)	Prec@(1,5) (24.7%, 78.4%)	
09/05 07:10:36AM searchStage_trainer.py:268 [INFO] Train: Epoch: [0][250/390]	Step 250	lr 0.025	Loss 1.8565 (1.9856)	Hard Loss 1.8565 (1.9856)	Soft Loss 1.8565 (1.9856)	Arch Loss 1.6580 (1.9939)	Arch Hard Loss 1.6580 (1.9939)	Arch Soft Loss 1.6580 (1.9939)	Arch depth Loss -1.3940 (-0.6698)	Prec@(1,5) (26.3%, 80.2%)	
09/05 07:10:52AM searchStage_trainer.py:268 [INFO] Train: Epoch: [0][300/390]	Step 300	lr 0.025	Loss 1.6604 (1.9465)	Hard Loss 1.6604 (1.9465)	Soft Loss 1.6604 (1.9465)	Arch Loss 1.6161 (1.9578)	Arch Hard Loss 1.6161 (1.9578)	Arch Soft Loss 1.6161 (1.9578)	Arch depth Loss -1.7136 (-0.8175)	Prec@(1,5) (27.5%, 81.3%)	
09/05 07:11:07AM searchStage_trainer.py:268 [INFO] Train: Epoch: [0][350/390]	Step 350	lr 0.025	Loss 1.5957 (1.9125)	Hard Loss 1.5957 (1.9125)	Soft Loss 1.5957 (1.9125)	Arch Loss 1.8438 (1.9232)	Arch Hard Loss 1.8438 (1.9232)	Arch Soft Loss 1.8438 (1.9232)	Arch depth Loss -2.0474 (-0.9696)	Prec@(1,5) (28.4%, 82.3%)	
09/05 07:11:20AM searchStage_trainer.py:268 [INFO] Train: Epoch: [0][390/390]	Step 390	lr 0.025	Loss 1.7567 (1.8891)	Hard Loss 1.7567 (1.8891)	Soft Loss 1.7567 (1.8891)	Arch Loss 1.5108 (1.8938)	Arch Hard Loss 1.5108 (1.8938)	Arch Soft Loss 1.5108 (1.8938)	Arch depth Loss -2.3251 (-1.0947)	Prec@(1,5) (29.1%, 82.9%)	
09/05 07:11:21AM searchStage_trainer.py:284 [INFO] Train: [  0/49] Final Prec@1 29.1480%
09/05 07:11:24AM searchStage_trainer.py:312 [INFO] Valid: Epoch: [0][50/391]	Step 391	Loss 1.7160	Prec@(1,5) (32.3%, 88.2%)
09/05 07:11:26AM searchStage_trainer.py:312 [INFO] Valid: Epoch: [0][100/391]	Step 391	Loss 1.7237	Prec@(1,5) (32.5%, 87.8%)
09/05 07:11:29AM searchStage_trainer.py:312 [INFO] Valid: Epoch: [0][150/391]	Step 391	Loss 1.7213	Prec@(1,5) (33.0%, 87.8%)
09/05 07:11:32AM searchStage_trainer.py:312 [INFO] Valid: Epoch: [0][200/391]	Step 391	Loss 1.7209	Prec@(1,5) (33.0%, 88.0%)
09/05 07:11:34AM searchStage_trainer.py:312 [INFO] Valid: Epoch: [0][250/391]	Step 391	Loss 1.7187	Prec@(1,5) (33.3%, 88.0%)
09/05 07:11:37AM searchStage_trainer.py:312 [INFO] Valid: Epoch: [0][300/391]	Step 391	Loss 1.7183	Prec@(1,5) (33.7%, 88.1%)
09/05 07:11:39AM searchStage_trainer.py:312 [INFO] Valid: Epoch: [0][350/391]	Step 391	Loss 1.7176	Prec@(1,5) (33.7%, 88.1%)
09/05 07:11:41AM searchStage_trainer.py:312 [INFO] Valid: Epoch: [0][390/391]	Step 391	Loss 1.7171	Prec@(1,5) (33.9%, 88.1%)
09/05 07:11:42AM searchStage_trainer.py:323 [INFO] Valid: [  0/49] Final Prec@1 33.8800%
09/05 07:11:42AM searchStage_KD_main.py:58 [INFO] DAG = Genotype2(DAG1=[[('max_pool_3x3', 0), ('max_pool_3x3', 1)], [('avg_pool_3x3', 2), ('skip_connect', 0)], [('max_pool_3x3', 3), ('max_pool_3x3', 2)], [('max_pool_3x3', 3), ('max_pool_3x3', 4)], [('max_pool_3x3', 4), ('max_pool_3x3', 3)], [('avg_pool_3x3', 6), ('skip_connect', 4)]], DAG1_concat=range(6, 8), DAG2=[[('avg_pool_3x3', 0), ('max_pool_3x3', 1)], [('skip_connect', 2), ('avg_pool_3x3', 1)], [('max_pool_3x3', 3), ('max_pool_3x3', 2)], [('max_pool_3x3', 4), ('avg_pool_3x3', 3)], [('avg_pool_3x3', 5), ('max_pool_3x3', 3)], [('skip_connect', 6), ('avg_pool_3x3', 4)]], DAG2_concat=range(6, 8), DAG3=[[('skip_connect', 1), ('skip_connect', 0)], [('skip_connect', 2), ('skip_connect', 1)], [('skip_connect', 3), ('avg_pool_3x3', 2)], [('skip_connect', 2), ('skip_connect', 4)], [('skip_connect', 3), ('skip_connect', 5)], [('skip_connect', 5), ('skip_connect', 4)]], DAG3_concat=range(6, 8))
09/05 07:11:42AM searchStage_KD_main.py:89 [INFO] Until now, best Prec@1 = 33.8800%
####### ALPHA #######
# Alpha - DAG
tensor([[0.2503, 0.2501, 0.2501, 0.2494],
        [0.2501, 0.2498, 0.2500, 0.2501]], device='cuda:0',
       grad_fn=<SoftmaxBackward0>)
tensor([[0.2504, 0.2500, 0.2508, 0.2488],
        [0.2507, 0.2498, 0.2503, 0.2491],
        [0.2499, 0.2518, 0.2485, 0.2497]], device='cuda:0',
       grad_fn=<SoftmaxBackward0>)
tensor([[0.2508, 0.2505, 0.2500, 0.2487],
        [0.2506, 0.2502, 0.2497, 0.2495],
        [0.2508, 0.2499, 0.2493, 0.2501]], device='cuda:0',
       grad_fn=<SoftmaxBackward0>)
tensor([[0.2498, 0.2505, 0.2501, 0.2496],
        [0.2509, 0.2499, 0.2497, 0.2495],
        [0.2508, 0.2505, 0.2494, 0.2494]], device='cuda:0',
       grad_fn=<SoftmaxBackward0>)
tensor([[0.2503, 0.2499, 0.2499, 0.2499],
        [0.2509, 0.2504, 0.2496, 0.2491],
        [0.2504, 0.2503, 0.2492, 0.2501]], device='cuda:0',
       grad_fn=<SoftmaxBackward0>)
tensor([[0.2501, 0.2501, 0.2503, 0.2496],
        [0.2501, 0.2499, 0.2496, 0.2504],
        [0.2498, 0.2505, 0.2499, 0.2498]], device='cuda:0',
       grad_fn=<SoftmaxBackward0>)
tensor([[0.2501, 0.2501, 0.2498, 0.2500],
        [0.2501, 0.2499, 0.2499, 0.2501]], device='cuda:0',
       grad_fn=<SoftmaxBackward0>)
tensor([[0.2500, 0.2497, 0.2503, 0.2499],
        [0.2499, 0.2502, 0.2501, 0.2498],
        [0.2501, 0.2497, 0.2502, 0.2501]], device='cuda:0',
       grad_fn=<SoftmaxBackward0>)
tensor([[0.2507, 0.2498, 0.2502, 0.2494],
        [0.2500, 0.2500, 0.2500, 0.2500],
        [0.2503, 0.2500, 0.2496, 0.2501]], device='cuda:0',
       grad_fn=<SoftmaxBackward0>)
tensor([[0.2495, 0.2502, 0.2502, 0.2500],
        [0.2500, 0.2501, 0.2497, 0.2502],
        [0.2504, 0.2499, 0.2499, 0.2497]], device='cuda:0',
       grad_fn=<SoftmaxBackward0>)
tensor([[0.2506, 0.2501, 0.2494, 0.2499],
        [0.2502, 0.2496, 0.2503, 0.2498],
        [0.2497, 0.2506, 0.2504, 0.2494]], device='cuda:0',
       grad_fn=<SoftmaxBackward0>)
tensor([[0.2498, 0.2503, 0.2503, 0.2495],
        [0.2498, 0.2502, 0.2498, 0.2502],
        [0.2497, 0.2500, 0.2505, 0.2498]], device='cuda:0',
       grad_fn=<SoftmaxBackward0>)
tensor([[0.2500, 0.2500, 0.2505, 0.2496],
        [0.2498, 0.2496, 0.2505, 0.2501]], device='cuda:0',
       grad_fn=<SoftmaxBackward0>)
tensor([[0.2498, 0.2502, 0.2502, 0.2498],
        [0.2495, 0.2501, 0.2509, 0.2495],
        [0.2495, 0.2499, 0.2507, 0.2499]], device='cuda:0',
       grad_fn=<SoftmaxBackward0>)
tensor([[0.2495, 0.2502, 0.2504, 0.2499],
        [0.2495, 0.2502, 0.2502, 0.2501],
        [0.2495, 0.2500, 0.2506, 0.2499]], device='cuda:0',
       grad_fn=<SoftmaxBackward0>)
tensor([[0.2500, 0.2500, 0.2506, 0.2494],
        [0.2499, 0.2499, 0.2502, 0.2500],
        [0.2501, 0.2494, 0.2503, 0.2502]], device='cuda:0',
       grad_fn=<SoftmaxBackward0>)
tensor([[0.2493, 0.2498, 0.2510, 0.2498],
        [0.2497, 0.2497, 0.2500, 0.2506],
        [0.2494, 0.2499, 0.2504, 0.2503]], device='cuda:0',
       grad_fn=<SoftmaxBackward0>)
tensor([[0.2496, 0.2500, 0.2505, 0.2499],
        [0.2500, 0.2498, 0.2507, 0.2495],
        [0.2495, 0.2499, 0.2504, 0.2503]], device='cuda:0',
       grad_fn=<SoftmaxBackward0>)
#####################
09/05 07:11:59午前 searchStage_trainer.py:268 [INFO] Train: Epoch: [1][50/390]	Step 441	lr 0.02498	Loss 1.5430 (1.6190)	Hard Loss 1.5430 (1.6190)	Soft Loss 1.5430 (1.6190)	Arch Loss 1.5715 (1.6062)	Arch Hard Loss 1.5715 (1.6062)	Arch Soft Loss 1.5715 (1.6062)	Arch depth Loss -2.6933 (-2.5151)	Prec@(1,5) (37.4%, 89.9%)	
09/05 07:12:15午前 searchStage_trainer.py:268 [INFO] Train: Epoch: [1][100/390]	Step 491	lr 0.02498	Loss 1.6127 (1.6027)	Hard Loss 1.6127 (1.6027)	Soft Loss 1.6127 (1.6027)	Arch Loss 1.4236 (1.6104)	Arch Hard Loss 1.4236 (1.6104)	Arch Soft Loss 1.4236 (1.6104)	Arch depth Loss -3.0704 (-2.6997)	Prec@(1,5) (38.8%, 90.4%)	
09/05 07:12:31午前 searchStage_trainer.py:268 [INFO] Train: Epoch: [1][150/390]	Step 541	lr 0.02498	Loss 1.4440 (1.6066)	Hard Loss 1.4440 (1.6066)	Soft Loss 1.4440 (1.6066)	Arch Loss 1.6884 (1.6205)	Arch Hard Loss 1.6884 (1.6205)	Arch Soft Loss 1.6884 (1.6205)	Arch depth Loss -3.4641 (-2.8897)	Prec@(1,5) (39.0%, 90.2%)	
09/05 07:12:47午前 searchStage_trainer.py:268 [INFO] Train: Epoch: [1][200/390]	Step 591	lr 0.02498	Loss 1.4855 (1.5950)	Hard Loss 1.4855 (1.5950)	Soft Loss 1.4855 (1.5950)	Arch Loss 1.6441 (1.6113)	Arch Hard Loss 1.6441 (1.6113)	Arch Soft Loss 1.6441 (1.6113)	Arch depth Loss -3.8751 (-3.0854)	Prec@(1,5) (39.5%, 90.2%)	
09/05 07:13:03午前 searchStage_trainer.py:268 [INFO] Train: Epoch: [1][250/390]	Step 641	lr 0.02498	Loss 1.2400 (1.5783)	Hard Loss 1.2400 (1.5783)	Soft Loss 1.2400 (1.5783)	Arch Loss 1.3692 (1.5972)	Arch Hard Loss 1.3692 (1.5972)	Arch Soft Loss 1.3692 (1.5972)	Arch depth Loss -4.3041 (-3.2868)	Prec@(1,5) (40.2%, 90.5%)	
09/05 07:13:19午前 searchStage_trainer.py:268 [INFO] Train: Epoch: [1][300/390]	Step 691	lr 0.02498	Loss 1.5505 (1.5707)	Hard Loss 1.5505 (1.5707)	Soft Loss 1.5505 (1.5707)	Arch Loss 1.3241 (1.5900)	Arch Hard Loss 1.3241 (1.5900)	Arch Soft Loss 1.3241 (1.5900)	Arch depth Loss -4.7517 (-3.4941)	Prec@(1,5) (41.0%, 90.6%)	
09/05 07:13:35午前 searchStage_trainer.py:268 [INFO] Train: Epoch: [1][350/390]	Step 741	lr 0.02498	Loss 1.6134 (1.5585)	Hard Loss 1.6134 (1.5585)	Soft Loss 1.6134 (1.5585)	Arch Loss 1.6228 (1.5744)	Arch Hard Loss 1.6228 (1.5744)	Arch Soft Loss 1.6228 (1.5744)	Arch depth Loss -5.2188 (-3.7076)	Prec@(1,5) (41.6%, 90.7%)	
09/05 07:13:47午前 searchStage_trainer.py:268 [INFO] Train: Epoch: [1][390/390]	Step 781	lr 0.02498	Loss 1.3808 (1.5525)	Hard Loss 1.3808 (1.5525)	Soft Loss 1.3808 (1.5525)	Arch Loss 1.4325 (1.5640)	Arch Hard Loss 1.4325 (1.5640)	Arch Soft Loss 1.4325 (1.5640)	Arch depth Loss -5.6069 (-3.8828)	Prec@(1,5) (41.9%, 90.8%)	
09/05 07:13:48午前 searchStage_trainer.py:284 [INFO] Train: [  1/49] Final Prec@1 41.8720%
09/05 07:13:51午前 searchStage_trainer.py:312 [INFO] Valid: Epoch: [1][50/391]	Step 782	Loss 1.4937	Prec@(1,5) (44.2%, 91.4%)
09/05 07:13:53午前 searchStage_trainer.py:312 [INFO] Valid: Epoch: [1][100/391]	Step 782	Loss 1.4923	Prec@(1,5) (44.8%, 91.5%)
09/05 07:13:56午前 searchStage_trainer.py:312 [INFO] Valid: Epoch: [1][150/391]	Step 782	Loss 1.4891	Prec@(1,5) (45.0%, 91.7%)
09/05 07:13:58午前 searchStage_trainer.py:312 [INFO] Valid: Epoch: [1][200/391]	Step 782	Loss 1.4896	Prec@(1,5) (44.9%, 91.8%)
09/05 07:14:01午前 searchStage_trainer.py:312 [INFO] Valid: Epoch: [1][250/391]	Step 782	Loss 1.4866	Prec@(1,5) (44.8%, 91.8%)
09/05 07:14:04午前 searchStage_trainer.py:312 [INFO] Valid: Epoch: [1][300/391]	Step 782	Loss 1.4845	Prec@(1,5) (45.1%, 91.9%)
09/05 07:14:06午前 searchStage_trainer.py:312 [INFO] Valid: Epoch: [1][350/391]	Step 782	Loss 1.4829	Prec@(1,5) (45.0%, 91.8%)
09/05 07:14:08午前 searchStage_trainer.py:312 [INFO] Valid: Epoch: [1][390/391]	Step 782	Loss 1.4830	Prec@(1,5) (45.0%, 91.8%)
09/05 07:14:08午前 searchStage_trainer.py:323 [INFO] Valid: [  1/49] Final Prec@1 45.0400%
09/05 07:14:08午前 searchStage_KD_main.py:58 [INFO] DAG = Genotype2(DAG1=[[('max_pool_3x3', 0), ('max_pool_3x3', 1)], [('avg_pool_3x3', 2), ('skip_connect', 0)], [('max_pool_3x3', 3), ('max_pool_3x3', 2)], [('max_pool_3x3', 3), ('max_pool_3x3', 4)], [('max_pool_3x3', 4), ('max_pool_3x3', 5)], [('avg_pool_3x3', 6), ('skip_connect', 4)]], DAG1_concat=range(6, 8), DAG2=[[('max_pool_3x3', 0), ('max_pool_3x3', 1)], [('skip_connect', 2), ('skip_connect', 0)], [('max_pool_3x3', 3), ('max_pool_3x3', 2)], [('max_pool_3x3', 4), ('avg_pool_3x3', 3)], [('avg_pool_3x3', 5), ('skip_connect', 4)], [('skip_connect', 6), ('avg_pool_3x3', 5)]], DAG2_concat=range(6, 8), DAG3=[[('skip_connect', 1), ('skip_connect', 0)], [('skip_connect', 2), ('skip_connect', 1)], [('skip_connect', 3), ('skip_connect', 2)], [('skip_connect', 4), ('skip_connect', 2)], [('skip_connect', 5), ('skip_connect', 3)], [('skip_connect', 5), ('skip_connect', 6)]], DAG3_concat=range(6, 8))
09/05 07:14:09午前 searchStage_KD_main.py:89 [INFO] Until now, best Prec@1 = 45.0400%
####### ALPHA #######
# Alpha - DAG
tensor([[0.2509, 0.2496, 0.2502, 0.2494],
        [0.2505, 0.2493, 0.2502, 0.2500]], device='cuda:0',
       grad_fn=<SoftmaxBackward0>)
tensor([[0.2509, 0.2491, 0.2513, 0.2486],
        [0.2511, 0.2492, 0.2509, 0.2487],
        [0.2498, 0.2519, 0.2486, 0.2497]], device='cuda:0',
       grad_fn=<SoftmaxBackward0>)
tensor([[0.2513, 0.2504, 0.2504, 0.2478],
        [0.2506, 0.2501, 0.2498, 0.2495],
        [0.2509, 0.2497, 0.2490, 0.2504]], device='cuda:0',
       grad_fn=<SoftmaxBackward0>)
tensor([[0.2498, 0.2505, 0.2504, 0.2493],
        [0.2508, 0.2498, 0.2499, 0.2495],
        [0.2508, 0.2505, 0.2493, 0.2495]], device='cuda:0',
       grad_fn=<SoftmaxBackward0>)
tensor([[0.2508, 0.2496, 0.2506, 0.2490],
        [0.2511, 0.2503, 0.2498, 0.2488],
        [0.2503, 0.2501, 0.2488, 0.2509]], device='cuda:0',
       grad_fn=<SoftmaxBackward0>)
tensor([[0.2501, 0.2502, 0.2507, 0.2490],
        [0.2501, 0.2498, 0.2494, 0.2506],
        [0.2497, 0.2505, 0.2499, 0.2499]], device='cuda:0',
       grad_fn=<SoftmaxBackward0>)
tensor([[0.2501, 0.2501, 0.2499, 0.2499],
        [0.2501, 0.2498, 0.2500, 0.2501]], device='cuda:0',
       grad_fn=<SoftmaxBackward0>)
tensor([[0.2500, 0.2496, 0.2504, 0.2499],
        [0.2498, 0.2502, 0.2502, 0.2498],
        [0.2501, 0.2496, 0.2502, 0.2501]], device='cuda:0',
       grad_fn=<SoftmaxBackward0>)
tensor([[0.2507, 0.2498, 0.2503, 0.2491],
        [0.2500, 0.2499, 0.2500, 0.2501],
        [0.2503, 0.2499, 0.2496, 0.2502]], device='cuda:0',
       grad_fn=<SoftmaxBackward0>)
tensor([[0.2495, 0.2502, 0.2502, 0.2501],
        [0.2500, 0.2501, 0.2498, 0.2502],
        [0.2504, 0.2499, 0.2500, 0.2497]], device='cuda:0',
       grad_fn=<SoftmaxBackward0>)
tensor([[0.2505, 0.2501, 0.2498, 0.2497],
        [0.2502, 0.2496, 0.2503, 0.2499],
        [0.2497, 0.2505, 0.2503, 0.2495]], device='cuda:0',
       grad_fn=<SoftmaxBackward0>)
tensor([[0.2498, 0.2503, 0.2504, 0.2495],
        [0.2498, 0.2502, 0.2499, 0.2501],
        [0.2497, 0.2500, 0.2504, 0.2499]], device='cuda:0',
       grad_fn=<SoftmaxBackward0>)
tensor([[0.2499, 0.2499, 0.2507, 0.2496],
        [0.2497, 0.2495, 0.2507, 0.2501]], device='cuda:0',
       grad_fn=<SoftmaxBackward0>)
tensor([[0.2499, 0.2501, 0.2504, 0.2497],
        [0.2495, 0.2500, 0.2511, 0.2495],
        [0.2495, 0.2499, 0.2506, 0.2500]], device='cuda:0',
       grad_fn=<SoftmaxBackward0>)
tensor([[0.2495, 0.2501, 0.2507, 0.2497],
        [0.2493, 0.2502, 0.2503, 0.2502],
        [0.2494, 0.2500, 0.2507, 0.2499]], device='cuda:0',
       grad_fn=<SoftmaxBackward0>)
tensor([[0.2500, 0.2499, 0.2508, 0.2493],
        [0.2499, 0.2498, 0.2503, 0.2500],
        [0.2501, 0.2493, 0.2503, 0.2503]], device='cuda:0',
       grad_fn=<SoftmaxBackward0>)
tensor([[0.2495, 0.2498, 0.2511, 0.2495],
        [0.2497, 0.2496, 0.2498, 0.2508],
        [0.2494, 0.2497, 0.2504, 0.2504]], device='cuda:0',
       grad_fn=<SoftmaxBackward0>)
tensor([[0.2495, 0.2499, 0.2508, 0.2498],
        [0.2499, 0.2496, 0.2511, 0.2494],
        [0.2494, 0.2496, 0.2505, 0.2505]], device='cuda:0',
       grad_fn=<SoftmaxBackward0>)
#####################
09/05 07:14:25午前 searchStage_trainer.py:268 [INFO] Train: Epoch: [2][50/390]	Step 832	lr 0.02491	Loss 1.4569 (1.4589)	Hard Loss 1.4569 (1.4589)	Soft Loss 1.4569 (1.4589)	Arch Loss 1.4881 (1.4602)	Arch Hard Loss 1.4881 (1.4602)	Arch Soft Loss 1.4881 (1.4602)	Arch depth Loss -6.1211 (-5.8722)	Prec@(1,5) (46.4%, 92.1%)	
09/05 07:14:41午前 searchStage_trainer.py:268 [INFO] Train: Epoch: [2][100/390]	Step 882	lr 0.02491	Loss 1.4485 (1.4553)	Hard Loss 1.4485 (1.4553)	Soft Loss 1.4485 (1.4553)	Arch Loss 1.2071 (1.4735)	Arch Hard Loss 1.2071 (1.4735)	Arch Soft Loss 1.2071 (1.4735)	Arch depth Loss -6.6470 (-6.1299)	Prec@(1,5) (46.8%, 92.2%)	
09/05 07:14:57午前 searchStage_trainer.py:268 [INFO] Train: Epoch: [2][150/390]	Step 932	lr 0.02491	Loss 1.6374 (1.4533)	Hard Loss 1.6374 (1.4533)	Soft Loss 1.6374 (1.4533)	Arch Loss 1.2975 (1.4604)	Arch Hard Loss 1.2975 (1.4604)	Arch Soft Loss 1.2975 (1.4604)	Arch depth Loss -7.1952 (-6.3948)	Prec@(1,5) (46.9%, 92.3%)	
09/05 07:15:13午前 searchStage_trainer.py:268 [INFO] Train: Epoch: [2][200/390]	Step 982	lr 0.02491	Loss 1.3371 (1.4303)	Hard Loss 1.3371 (1.4303)	Soft Loss 1.3371 (1.4303)	Arch Loss 1.3934 (1.4459)	Arch Hard Loss 1.3934 (1.4459)	Arch Soft Loss 1.3934 (1.4459)	Arch depth Loss -7.7665 (-6.6673)	Prec@(1,5) (47.7%, 92.6%)	
09/05 07:15:29午前 searchStage_trainer.py:268 [INFO] Train: Epoch: [2][250/390]	Step 1032	lr 0.02491	Loss 1.4248 (1.4250)	Hard Loss 1.4248 (1.4250)	Soft Loss 1.4248 (1.4250)	Arch Loss 1.3614 (1.4362)	Arch Hard Loss 1.3614 (1.4362)	Arch Soft Loss 1.3614 (1.4362)	Arch depth Loss -8.3618 (-6.9474)	Prec@(1,5) (47.8%, 92.6%)	
09/05 07:15:45午前 searchStage_trainer.py:268 [INFO] Train: Epoch: [2][300/390]	Step 1082	lr 0.02491	Loss 1.2236 (1.4111)	Hard Loss 1.2236 (1.4111)	Soft Loss 1.2236 (1.4111)	Arch Loss 1.5827 (1.4247)	Arch Hard Loss 1.5827 (1.4247)	Arch Soft Loss 1.5827 (1.4247)	Arch depth Loss -8.9818 (-7.2355)	Prec@(1,5) (48.3%, 92.8%)	
09/05 07:16:01午前 searchStage_trainer.py:268 [INFO] Train: Epoch: [2][350/390]	Step 1132	lr 0.02491	Loss 1.2750 (1.4006)	Hard Loss 1.2750 (1.4006)	Soft Loss 1.2750 (1.4006)	Arch Loss 1.2206 (1.4122)	Arch Hard Loss 1.2206 (1.4122)	Arch Soft Loss 1.2206 (1.4122)	Arch depth Loss -9.6273 (-7.5317)	Prec@(1,5) (48.6%, 92.9%)	
09/05 07:16:14午前 searchStage_trainer.py:268 [INFO] Train: Epoch: [2][390/390]	Step 1172	lr 0.02491	Loss 1.5032 (1.3938)	Hard Loss 1.5032 (1.3938)	Soft Loss 1.5032 (1.3938)	Arch Loss 1.2677 (1.4080)	Arch Hard Loss 1.2677 (1.4080)	Arch Soft Loss 1.2677 (1.4080)	Arch depth Loss -10.1628 (-7.7746)	Prec@(1,5) (48.9%, 92.9%)	
09/05 07:16:14午前 searchStage_trainer.py:284 [INFO] Train: [  2/49] Final Prec@1 48.9320%
09/05 07:16:17午前 searchStage_trainer.py:312 [INFO] Valid: Epoch: [2][50/391]	Step 1173	Loss 1.3775	Prec@(1,5) (48.4%, 93.1%)
09/05 07:16:20午前 searchStage_trainer.py:312 [INFO] Valid: Epoch: [2][100/391]	Step 1173	Loss 1.3753	Prec@(1,5) (48.7%, 93.2%)
09/05 07:16:22午前 searchStage_trainer.py:312 [INFO] Valid: Epoch: [2][150/391]	Step 1173	Loss 1.3736	Prec@(1,5) (49.0%, 93.2%)
09/05 07:16:25午前 searchStage_trainer.py:312 [INFO] Valid: Epoch: [2][200/391]	Step 1173	Loss 1.3713	Prec@(1,5) (49.0%, 93.1%)
09/05 07:16:27午前 searchStage_trainer.py:312 [INFO] Valid: Epoch: [2][250/391]	Step 1173	Loss 1.3713	Prec@(1,5) (48.9%, 93.2%)
09/05 07:16:30午前 searchStage_trainer.py:312 [INFO] Valid: Epoch: [2][300/391]	Step 1173	Loss 1.3678	Prec@(1,5) (49.2%, 93.0%)
09/05 07:16:33午前 searchStage_trainer.py:312 [INFO] Valid: Epoch: [2][350/391]	Step 1173	Loss 1.3700	Prec@(1,5) (49.1%, 92.9%)
09/05 07:16:35午前 searchStage_trainer.py:312 [INFO] Valid: Epoch: [2][390/391]	Step 1173	Loss 1.3695	Prec@(1,5) (49.1%, 93.0%)
09/05 07:16:35午前 searchStage_trainer.py:323 [INFO] Valid: [  2/49] Final Prec@1 49.1320%
09/05 07:16:35午前 searchStage_KD_main.py:58 [INFO] DAG = Genotype2(DAG1=[[('max_pool_3x3', 0), ('max_pool_3x3', 1)], [('avg_pool_3x3', 2), ('skip_connect', 0)], [('max_pool_3x3', 3), ('max_pool_3x3', 2)], [('max_pool_3x3', 4), ('max_pool_3x3', 3)], [('max_pool_3x3', 5), ('max_pool_3x3', 4)], [('avg_pool_3x3', 6), ('max_pool_3x3', 5)]], DAG1_concat=range(6, 8), DAG2=[[('avg_pool_3x3', 0), ('skip_connect', 1)], [('skip_connect', 2), ('skip_connect', 0)], [('max_pool_3x3', 3), ('max_pool_3x3', 2)], [('max_pool_3x3', 4), ('avg_pool_3x3', 3)], [('avg_pool_3x3', 5), ('skip_connect', 4)], [('skip_connect', 6), ('avg_pool_3x3', 5)]], DAG2_concat=range(6, 8), DAG3=[[('skip_connect', 1), ('skip_connect', 0)], [('skip_connect', 2), ('skip_connect', 1)], [('skip_connect', 3), ('skip_connect', 2)], [('skip_connect', 4), ('skip_connect', 3)], [('skip_connect', 5), ('skip_connect', 4)], [('skip_connect', 5), ('skip_connect', 6)]], DAG3_concat=range(6, 8))
09/05 07:16:35午前 searchStage_KD_main.py:89 [INFO] Until now, best Prec@1 = 49.1320%
####### ALPHA #######
# Alpha - DAG
tensor([[0.2514, 0.2490, 0.2505, 0.2492],
        [0.2508, 0.2487, 0.2504, 0.2502]], device='cuda:0',
       grad_fn=<SoftmaxBackward0>)
tensor([[0.2515, 0.2482, 0.2522, 0.2481],
        [0.2515, 0.2482, 0.2517, 0.2486],
        [0.2495, 0.2518, 0.2486, 0.2501]], device='cuda:0',
       grad_fn=<SoftmaxBackward0>)
tensor([[0.2515, 0.2501, 0.2510, 0.2474],
        [0.2505, 0.2500, 0.2500, 0.2495],
        [0.2509, 0.2493, 0.2492, 0.2506]], device='cuda:0',
       grad_fn=<SoftmaxBackward0>)
tensor([[0.2498, 0.2506, 0.2507, 0.2490],
        [0.2508, 0.2497, 0.2499, 0.2496],
        [0.2507, 0.2504, 0.2493, 0.2497]], device='cuda:0',
       grad_fn=<SoftmaxBackward0>)
tensor([[0.2512, 0.2493, 0.2512, 0.2484],
        [0.2510, 0.2502, 0.2500, 0.2488],
        [0.2501, 0.2500, 0.2485, 0.2513]], device='cuda:0',
       grad_fn=<SoftmaxBackward0>)
tensor([[0.2501, 0.2503, 0.2512, 0.2484],
        [0.2502, 0.2498, 0.2494, 0.2506],
        [0.2496, 0.2503, 0.2496, 0.2504]], device='cuda:0',
       grad_fn=<SoftmaxBackward0>)
tensor([[0.2500, 0.2501, 0.2500, 0.2499],
        [0.2499, 0.2497, 0.2501, 0.2502]], device='cuda:0',
       grad_fn=<SoftmaxBackward0>)
tensor([[0.2500, 0.2496, 0.2505, 0.2498],
        [0.2498, 0.2502, 0.2504, 0.2497],
        [0.2501, 0.2496, 0.2501, 0.2503]], device='cuda:0',
       grad_fn=<SoftmaxBackward0>)
tensor([[0.2508, 0.2498, 0.2504, 0.2490],
        [0.2501, 0.2499, 0.2500, 0.2501],
        [0.2503, 0.2499, 0.2496, 0.2502]], device='cuda:0',
       grad_fn=<SoftmaxBackward0>)
tensor([[0.2495, 0.2502, 0.2503, 0.2500],
        [0.2500, 0.2500, 0.2498, 0.2502],
        [0.2504, 0.2499, 0.2500, 0.2498]], device='cuda:0',
       grad_fn=<SoftmaxBackward0>)
tensor([[0.2504, 0.2501, 0.2500, 0.2495],
        [0.2502, 0.2496, 0.2503, 0.2499],
        [0.2497, 0.2505, 0.2502, 0.2496]], device='cuda:0',
       grad_fn=<SoftmaxBackward0>)
tensor([[0.2498, 0.2504, 0.2506, 0.2492],
        [0.2498, 0.2502, 0.2498, 0.2502],
        [0.2496, 0.2501, 0.2503, 0.2501]], device='cuda:0',
       grad_fn=<SoftmaxBackward0>)
tensor([[0.2498, 0.2498, 0.2508, 0.2496],
        [0.2496, 0.2494, 0.2509, 0.2501]], device='cuda:0',
       grad_fn=<SoftmaxBackward0>)
tensor([[0.2499, 0.2499, 0.2505, 0.2497],
        [0.2495, 0.2500, 0.2512, 0.2493],
        [0.2495, 0.2499, 0.2506, 0.2501]], device='cuda:0',
       grad_fn=<SoftmaxBackward0>)
tensor([[0.2495, 0.2501, 0.2509, 0.2495],
        [0.2493, 0.2501, 0.2504, 0.2502],
        [0.2494, 0.2499, 0.2507, 0.2500]], device='cuda:0',
       grad_fn=<SoftmaxBackward0>)
tensor([[0.2500, 0.2499, 0.2509, 0.2492],
        [0.2499, 0.2498, 0.2503, 0.2500],
        [0.2501, 0.2493, 0.2503, 0.2503]], device='cuda:0',
       grad_fn=<SoftmaxBackward0>)
tensor([[0.2496, 0.2498, 0.2514, 0.2493],
        [0.2496, 0.2496, 0.2498, 0.2510],
        [0.2495, 0.2496, 0.2504, 0.2505]], device='cuda:0',
       grad_fn=<SoftmaxBackward0>)
tensor([[0.2494, 0.2497, 0.2510, 0.2499],
        [0.2498, 0.2495, 0.2516, 0.2491],
        [0.2494, 0.2493, 0.2506, 0.2507]], device='cuda:0',
       grad_fn=<SoftmaxBackward0>)
#####################
09/05 07:16:52午前 searchStage_trainer.py:268 [INFO] Train: Epoch: [3][50/390]	Step 1223	lr 0.02479	Loss 1.2351 (1.2935)	Hard Loss 1.2351 (1.2935)	Soft Loss 1.2351 (1.2935)	Arch Loss 1.3796 (1.3812)	Arch Hard Loss 1.3796 (1.3812)	Arch Soft Loss 1.3796 (1.3812)	Arch depth Loss -10.8707 (-10.5282)	Prec@(1,5) (52.1%, 94.3%)	
09/05 07:17:08午前 searchStage_trainer.py:268 [INFO] Train: Epoch: [3][100/390]	Step 1273	lr 0.02479	Loss 1.2067 (1.2979)	Hard Loss 1.2067 (1.2979)	Soft Loss 1.2067 (1.2979)	Arch Loss 1.5189 (1.3578)	Arch Hard Loss 1.5189 (1.3578)	Arch Soft Loss 1.5189 (1.3578)	Arch depth Loss -11.5931 (-10.8825)	Prec@(1,5) (52.5%, 94.2%)	
09/05 07:17:24午前 searchStage_trainer.py:268 [INFO] Train: Epoch: [3][150/390]	Step 1323	lr 0.02479	Loss 1.2753 (1.2931)	Hard Loss 1.2753 (1.2931)	Soft Loss 1.2753 (1.2931)	Arch Loss 1.5415 (1.3358)	Arch Hard Loss 1.5415 (1.3358)	Arch Soft Loss 1.5415 (1.3358)	Arch depth Loss -12.3443 (-11.2462)	Prec@(1,5) (52.7%, 94.1%)	
09/05 07:17:40午前 searchStage_trainer.py:268 [INFO] Train: Epoch: [3][200/390]	Step 1373	lr 0.02479	Loss 1.0999 (1.2957)	Hard Loss 1.0999 (1.2957)	Soft Loss 1.0999 (1.2957)	Arch Loss 1.2643 (1.3293)	Arch Hard Loss 1.2643 (1.3293)	Arch Soft Loss 1.2643 (1.3293)	Arch depth Loss -13.1253 (-11.6197)	Prec@(1,5) (52.6%, 94.0%)	
09/05 07:17:56午前 searchStage_trainer.py:268 [INFO] Train: Epoch: [3][250/390]	Step 1423	lr 0.02479	Loss 1.0955 (1.2833)	Hard Loss 1.0955 (1.2833)	Soft Loss 1.0955 (1.2833)	Arch Loss 1.1815 (1.3138)	Arch Hard Loss 1.1815 (1.3138)	Arch Soft Loss 1.1815 (1.3138)	Arch depth Loss -13.9370 (-12.0031)	Prec@(1,5) (53.2%, 94.1%)	
09/05 07:18:12午前 searchStage_trainer.py:268 [INFO] Train: Epoch: [3][300/390]	Step 1473	lr 0.02479	Loss 1.1384 (1.2750)	Hard Loss 1.1384 (1.2750)	Soft Loss 1.1384 (1.2750)	Arch Loss 1.3454 (1.3001)	Arch Hard Loss 1.3454 (1.3001)	Arch Soft Loss 1.3454 (1.3001)	Arch depth Loss -14.7804 (-12.3967)	Prec@(1,5) (53.3%, 94.3%)	
09/05 07:18:27午前 searchStage_trainer.py:268 [INFO] Train: Epoch: [3][350/390]	Step 1523	lr 0.02479	Loss 1.2977 (1.2681)	Hard Loss 1.2977 (1.2681)	Soft Loss 1.2977 (1.2681)	Arch Loss 1.1924 (1.2876)	Arch Hard Loss 1.1924 (1.2876)	Arch Soft Loss 1.1924 (1.2876)	Arch depth Loss -15.6564 (-12.8006)	Prec@(1,5) (53.8%, 94.4%)	
09/05 07:18:40午前 searchStage_trainer.py:268 [INFO] Train: Epoch: [3][390/390]	Step 1563	lr 0.02479	Loss 1.2310 (1.2698)	Hard Loss 1.2310 (1.2698)	Soft Loss 1.2310 (1.2698)	Arch Loss 1.4654 (1.2787)	Arch Hard Loss 1.4654 (1.2787)	Arch Soft Loss 1.4654 (1.2787)	Arch depth Loss -16.3814 (-13.1315)	Prec@(1,5) (53.8%, 94.3%)	
09/05 07:18:40午前 searchStage_trainer.py:284 [INFO] Train: [  3/49] Final Prec@1 53.8120%
09/05 07:18:43午前 searchStage_trainer.py:312 [INFO] Valid: Epoch: [3][50/391]	Step 1564	Loss 1.3923	Prec@(1,5) (48.2%, 94.0%)
09/05 07:18:46午前 searchStage_trainer.py:312 [INFO] Valid: Epoch: [3][100/391]	Step 1564	Loss 1.3898	Prec@(1,5) (48.7%, 93.9%)
09/05 07:18:48午前 searchStage_trainer.py:312 [INFO] Valid: Epoch: [3][150/391]	Step 1564	Loss 1.4063	Prec@(1,5) (48.2%, 93.8%)
09/05 07:18:51午前 searchStage_trainer.py:312 [INFO] Valid: Epoch: [3][200/391]	Step 1564	Loss 1.3936	Prec@(1,5) (48.7%, 93.8%)
09/05 07:18:54午前 searchStage_trainer.py:312 [INFO] Valid: Epoch: [3][250/391]	Step 1564	Loss 1.3879	Prec@(1,5) (48.7%, 93.9%)
09/05 07:18:56午前 searchStage_trainer.py:312 [INFO] Valid: Epoch: [3][300/391]	Step 1564	Loss 1.3821	Prec@(1,5) (48.6%, 94.0%)
09/05 07:18:59午前 searchStage_trainer.py:312 [INFO] Valid: Epoch: [3][350/391]	Step 1564	Loss 1.3780	Prec@(1,5) (48.6%, 94.2%)
09/05 07:19:01午前 searchStage_trainer.py:312 [INFO] Valid: Epoch: [3][390/391]	Step 1564	Loss 1.3772	Prec@(1,5) (48.7%, 94.2%)
09/05 07:19:01午前 searchStage_trainer.py:323 [INFO] Valid: [  3/49] Final Prec@1 48.6480%
09/05 07:19:01午前 searchStage_KD_main.py:58 [INFO] DAG = Genotype2(DAG1=[[('max_pool_3x3', 0), ('max_pool_3x3', 1)], [('avg_pool_3x3', 2), ('skip_connect', 0)], [('max_pool_3x3', 3), ('max_pool_3x3', 2)], [('max_pool_3x3', 4), ('max_pool_3x3', 3)], [('max_pool_3x3', 5), ('max_pool_3x3', 4)], [('avg_pool_3x3', 6), ('max_pool_3x3', 5)]], DAG1_concat=range(6, 8), DAG2=[[('skip_connect', 1), ('avg_pool_3x3', 0)], [('skip_connect', 2), ('skip_connect', 0)], [('max_pool_3x3', 3), ('max_pool_3x3', 2)], [('max_pool_3x3', 4), ('avg_pool_3x3', 3)], [('avg_pool_3x3', 5), ('skip_connect', 4)], [('skip_connect', 6), ('avg_pool_3x3', 5)]], DAG2_concat=range(6, 8), DAG3=[[('skip_connect', 1), ('skip_connect', 0)], [('skip_connect', 2), ('skip_connect', 1)], [('skip_connect', 3), ('skip_connect', 2)], [('skip_connect', 4), ('skip_connect', 3)], [('skip_connect', 5), ('skip_connect', 4)], [('skip_connect', 6), ('skip_connect', 5)]], DAG3_concat=range(6, 8))
09/05 07:19:01午前 searchStage_KD_main.py:89 [INFO] Until now, best Prec@1 = 49.1320%
####### ALPHA #######
# Alpha - DAG
tensor([[0.2516, 0.2484, 0.2509, 0.2491],
        [0.2509, 0.2482, 0.2507, 0.2503]], device='cuda:0',
       grad_fn=<SoftmaxBackward0>)
tensor([[0.2517, 0.2472, 0.2533, 0.2478],
        [0.2515, 0.2472, 0.2529, 0.2485],
        [0.2492, 0.2517, 0.2487, 0.2503]], device='cuda:0',
       grad_fn=<SoftmaxBackward0>)
tensor([[0.2517, 0.2498, 0.2514, 0.2471],
        [0.2503, 0.2499, 0.2503, 0.2494],
        [0.2508, 0.2490, 0.2494, 0.2508]], device='cuda:0',
       grad_fn=<SoftmaxBackward0>)
tensor([[0.2497, 0.2505, 0.2508, 0.2489],
        [0.2508, 0.2496, 0.2503, 0.2493],
        [0.2506, 0.2503, 0.2492, 0.2499]], device='cuda:0',
       grad_fn=<SoftmaxBackward0>)
tensor([[0.2515, 0.2488, 0.2519, 0.2477],
        [0.2510, 0.2499, 0.2501, 0.2489],
        [0.2501, 0.2498, 0.2485, 0.2516]], device='cuda:0',
       grad_fn=<SoftmaxBackward0>)
tensor([[0.2501, 0.2504, 0.2513, 0.2482],
        [0.2502, 0.2497, 0.2495, 0.2506],
        [0.2496, 0.2503, 0.2496, 0.2506]], device='cuda:0',
       grad_fn=<SoftmaxBackward0>)
tensor([[0.2500, 0.2501, 0.2501, 0.2499],
        [0.2498, 0.2497, 0.2502, 0.2502]], device='cuda:0',
       grad_fn=<SoftmaxBackward0>)
tensor([[0.2500, 0.2497, 0.2507, 0.2496],
        [0.2496, 0.2502, 0.2505, 0.2497],
        [0.2501, 0.2496, 0.2501, 0.2503]], device='cuda:0',
       grad_fn=<SoftmaxBackward0>)
tensor([[0.2508, 0.2498, 0.2505, 0.2488],
        [0.2500, 0.2498, 0.2500, 0.2502],
        [0.2503, 0.2499, 0.2496, 0.2503]], device='cuda:0',
       grad_fn=<SoftmaxBackward0>)
tensor([[0.2495, 0.2502, 0.2503, 0.2500],
        [0.2500, 0.2500, 0.2498, 0.2502],
        [0.2504, 0.2498, 0.2500, 0.2498]], device='cuda:0',
       grad_fn=<SoftmaxBackward0>)
tensor([[0.2504, 0.2501, 0.2501, 0.2494],
        [0.2501, 0.2496, 0.2502, 0.2501],
        [0.2497, 0.2505, 0.2502, 0.2496]], device='cuda:0',
       grad_fn=<SoftmaxBackward0>)
tensor([[0.2498, 0.2504, 0.2509, 0.2489],
        [0.2498, 0.2502, 0.2499, 0.2501],
        [0.2495, 0.2501, 0.2501, 0.2504]], device='cuda:0',
       grad_fn=<SoftmaxBackward0>)
tensor([[0.2497, 0.2497, 0.2509, 0.2496],
        [0.2496, 0.2494, 0.2510, 0.2501]], device='cuda:0',
       grad_fn=<SoftmaxBackward0>)
tensor([[0.2499, 0.2498, 0.2506, 0.2497],
        [0.2495, 0.2498, 0.2513, 0.2493],
        [0.2495, 0.2498, 0.2506, 0.2501]], device='cuda:0',
       grad_fn=<SoftmaxBackward0>)
tensor([[0.2495, 0.2501, 0.2510, 0.2494],
        [0.2492, 0.2501, 0.2504, 0.2503],
        [0.2494, 0.2499, 0.2507, 0.2501]], device='cuda:0',
       grad_fn=<SoftmaxBackward0>)
tensor([[0.2499, 0.2499, 0.2510, 0.2492],
        [0.2499, 0.2497, 0.2504, 0.2501],
        [0.2500, 0.2493, 0.2504, 0.2504]], device='cuda:0',
       grad_fn=<SoftmaxBackward0>)
tensor([[0.2497, 0.2497, 0.2514, 0.2491],
        [0.2496, 0.2496, 0.2498, 0.2510],
        [0.2495, 0.2496, 0.2503, 0.2506]], device='cuda:0',
       grad_fn=<SoftmaxBackward0>)
tensor([[0.2494, 0.2497, 0.2511, 0.2498],
        [0.2497, 0.2495, 0.2517, 0.2491],
        [0.2493, 0.2492, 0.2506, 0.2508]], device='cuda:0',
       grad_fn=<SoftmaxBackward0>)
#####################
09/05 07:19:18午前 searchStage_trainer.py:268 [INFO] Train: Epoch: [4][50/390]	Step 1614	lr 0.02462	Loss 1.2886 (1.2117)	Hard Loss 1.2886 (1.2117)	Soft Loss 1.2886 (1.2117)	Arch Loss 1.2864 (1.2468)	Arch Hard Loss 1.2864 (1.2468)	Arch Soft Loss 1.2864 (1.2468)	Arch depth Loss -17.3376 (-16.8751)	Prec@(1,5) (55.6%, 94.7%)	
09/05 07:19:34午前 searchStage_trainer.py:268 [INFO] Train: Epoch: [4][100/390]	Step 1664	lr 0.02462	Loss 1.3295 (1.1883)	Hard Loss 1.3295 (1.1883)	Soft Loss 1.3295 (1.1883)	Arch Loss 1.0575 (1.2347)	Arch Hard Loss 1.0575 (1.2347)	Arch Soft Loss 1.0575 (1.2347)	Arch depth Loss -18.3108 (-17.3530)	Prec@(1,5) (56.5%, 94.9%)	
09/05 07:19:50午前 searchStage_trainer.py:268 [INFO] Train: Epoch: [4][150/390]	Step 1714	lr 0.02462	Loss 1.0934 (1.1889)	Hard Loss 1.0934 (1.1889)	Soft Loss 1.0934 (1.1889)	Arch Loss 1.0538 (1.2334)	Arch Hard Loss 1.0538 (1.2334)	Arch Soft Loss 1.0538 (1.2334)	Arch depth Loss -19.3203 (-17.8429)	Prec@(1,5) (56.7%, 94.9%)	
09/05 07:20:06午前 searchStage_trainer.py:268 [INFO] Train: Epoch: [4][200/390]	Step 1764	lr 0.02462	Loss 1.1404 (1.1872)	Hard Loss 1.1404 (1.1872)	Soft Loss 1.1404 (1.1872)	Arch Loss 1.1058 (1.2279)	Arch Hard Loss 1.1058 (1.2279)	Arch Soft Loss 1.1058 (1.2279)	Arch depth Loss -20.3672 (-18.3449)	Prec@(1,5) (56.9%, 94.9%)	
