06/28 02:27:48AM parser.py:28 [INFO] 
06/28 02:27:48AM parser.py:29 [INFO] Parameters:
06/28 02:27:48AM parser.py:31 [INFO] DAG_PATH=results/search_cell_KD/cifar10/DENSENET121/l0.7T7-20240628-022748/DAG
06/28 02:27:48AM parser.py:31 [INFO] T=7.0
06/28 02:27:48AM parser.py:31 [INFO] ALPHA_LR=0.0003
06/28 02:27:48AM parser.py:31 [INFO] ALPHA_WEIGHT_DECAY=0.001
06/28 02:27:48AM parser.py:31 [INFO] BATCH_SIZE=64
06/28 02:27:48AM parser.py:31 [INFO] CUTOUT_LENGTH=0
06/28 02:27:48AM parser.py:31 [INFO] DATA_PATH=../data/
06/28 02:27:48AM parser.py:31 [INFO] DATASET=cifar10
06/28 02:27:48AM parser.py:31 [INFO] EPOCHS=50
06/28 02:27:48AM parser.py:31 [INFO] EXP_NAME=l0.7T7-20240628-022748
06/28 02:27:48AM parser.py:31 [INFO] GPUS=[0]
06/28 02:27:48AM parser.py:31 [INFO] INIT_CHANNELS=16
06/28 02:27:48AM parser.py:31 [INFO] L=0.7
06/28 02:27:48AM parser.py:31 [INFO] LAYERS=8
06/28 02:27:48AM parser.py:31 [INFO] LOCAL_RANK=0
06/28 02:27:48AM parser.py:31 [INFO] LOGGER=<Logger H-DAS (INFO)>
06/28 02:27:48AM parser.py:31 [INFO] NAME=DENSENET121
06/28 02:27:48AM parser.py:31 [INFO] PATH=results/search_cell_KD/cifar10/DENSENET121/l0.7T7-20240628-022748
06/28 02:27:48AM parser.py:31 [INFO] PLOT_PATH=results/search_cell_KD/cifar10/DENSENET121/l0.7T7-20240628-022748/plots
06/28 02:27:48AM parser.py:31 [INFO] PRINT_FREQ=50
06/28 02:27:48AM parser.py:31 [INFO] RESUME_PATH=None
06/28 02:27:48AM parser.py:31 [INFO] SAVE=l0.7T7
06/28 02:27:48AM parser.py:31 [INFO] SEED=0
06/28 02:27:48AM parser.py:31 [INFO] TEACHER_NAME=densenet121
06/28 02:27:48AM parser.py:31 [INFO] TEACHER_PATH=/home/miura/lab/KD-hdas/results/teacher/cifar10/densenet121/FINETUNE/E25-20240626-151440/best.pth.tar
06/28 02:27:48AM parser.py:31 [INFO] TRAIN_PORTION=0.5
06/28 02:27:48AM parser.py:31 [INFO] W_GRAD_CLIP=5.0
06/28 02:27:48AM parser.py:31 [INFO] W_LR=0.025
06/28 02:27:48AM parser.py:31 [INFO] W_LR_MIN=0.001
06/28 02:27:48AM parser.py:31 [INFO] W_MOMENTUM=0.9
06/28 02:27:48AM parser.py:31 [INFO] W_WEIGHT_DECAY=0.0003
06/28 02:27:48AM parser.py:31 [INFO] WORKERS=4
06/28 02:27:48AM parser.py:32 [INFO] 
06/28 02:27:49AM searchCell_trainer.py:125 [INFO] --> Loaded teacher model '/home/miura/lab/KD-hdas/results/teacher/cifar10/densenet121/FINETUNE/E25-20240626-151440/best.pth.tar' and Freezed parameters)
06/28 02:28:19AM searchCell_trainer.py:132 [INFO] --> No loaded checkpoint!
####### ALPHA #######
# Alpha - normal
tensor([[0.1249, 0.1249, 0.1250, 0.1250, 0.1252, 0.1251, 0.1250, 0.1248],
        [0.1250, 0.1248, 0.1250, 0.1250, 0.1250, 0.1251, 0.1251, 0.1249]],
       device='cuda:0', grad_fn=<SoftmaxBackward0>)
tensor([[0.1248, 0.1248, 0.1251, 0.1251, 0.1251, 0.1248, 0.1250, 0.1252],
        [0.1250, 0.1249, 0.1251, 0.1250, 0.1250, 0.1249, 0.1251, 0.1251],
        [0.1252, 0.1250, 0.1249, 0.1250, 0.1249, 0.1250, 0.1248, 0.1252]],
       device='cuda:0', grad_fn=<SoftmaxBackward0>)
tensor([[0.1250, 0.1249, 0.1249, 0.1249, 0.1251, 0.1252, 0.1251, 0.1249],
        [0.1249, 0.1250, 0.1250, 0.1250, 0.1248, 0.1250, 0.1251, 0.1252],
        [0.1251, 0.1252, 0.1251, 0.1252, 0.1248, 0.1249, 0.1248, 0.1249],
        [0.1251, 0.1249, 0.1248, 0.1250, 0.1249, 0.1250, 0.1251, 0.1251]],
       device='cuda:0', grad_fn=<SoftmaxBackward0>)
tensor([[0.1249, 0.1249, 0.1251, 0.1250, 0.1252, 0.1250, 0.1249, 0.1249],
        [0.1248, 0.1250, 0.1251, 0.1252, 0.1250, 0.1248, 0.1250, 0.1251],
        [0.1250, 0.1252, 0.1251, 0.1251, 0.1249, 0.1249, 0.1249, 0.1249],
        [0.1249, 0.1249, 0.1249, 0.1251, 0.1251, 0.1251, 0.1252, 0.1249],
        [0.1250, 0.1251, 0.1250, 0.1249, 0.1250, 0.1249, 0.1250, 0.1251]],
       device='cuda:0', grad_fn=<SoftmaxBackward0>)
tensor([[0.1249, 0.1250, 0.1250, 0.1251, 0.1250, 0.1250, 0.1249, 0.1250],
        [0.1251, 0.1249, 0.1248, 0.1251, 0.1249, 0.1251, 0.1251, 0.1251]],
       device='cuda:0', grad_fn=<SoftmaxBackward0>)
tensor([[0.1251, 0.1248, 0.1250, 0.1250, 0.1251, 0.1249, 0.1251, 0.1250],
        [0.1252, 0.1248, 0.1251, 0.1250, 0.1250, 0.1249, 0.1251, 0.1248],
        [0.1251, 0.1249, 0.1250, 0.1251, 0.1250, 0.1247, 0.1252, 0.1250]],
       device='cuda:0', grad_fn=<SoftmaxBackward0>)
tensor([[0.1251, 0.1249, 0.1251, 0.1251, 0.1250, 0.1249, 0.1250, 0.1249],
        [0.1249, 0.1249, 0.1250, 0.1251, 0.1250, 0.1252, 0.1250, 0.1249],
        [0.1251, 0.1250, 0.1252, 0.1250, 0.1250, 0.1247, 0.1248, 0.1252],
        [0.1250, 0.1249, 0.1252, 0.1250, 0.1251, 0.1251, 0.1249, 0.1249]],
       device='cuda:0', grad_fn=<SoftmaxBackward0>)
tensor([[0.1249, 0.1252, 0.1249, 0.1249, 0.1250, 0.1250, 0.1250, 0.1251],
        [0.1249, 0.1248, 0.1252, 0.1250, 0.1248, 0.1250, 0.1250, 0.1251],
        [0.1251, 0.1249, 0.1249, 0.1250, 0.1250, 0.1250, 0.1250, 0.1250],
        [0.1250, 0.1251, 0.1251, 0.1251, 0.1248, 0.1251, 0.1250, 0.1249],
        [0.1250, 0.1252, 0.1251, 0.1250, 0.1249, 0.1250, 0.1251, 0.1249]],
       device='cuda:0', grad_fn=<SoftmaxBackward0>)
tensor([[0.1251, 0.1251, 0.1250, 0.1249, 0.1250, 0.1249, 0.1250, 0.1250],
        [0.1249, 0.1251, 0.1249, 0.1251, 0.1252, 0.1249, 0.1251, 0.1249]],
       device='cuda:0', grad_fn=<SoftmaxBackward0>)
tensor([[0.1250, 0.1250, 0.1250, 0.1251, 0.1251, 0.1249, 0.1250, 0.1249],
        [0.1251, 0.1251, 0.1251, 0.1250, 0.1247, 0.1249, 0.1251, 0.1250],
        [0.1248, 0.1250, 0.1250, 0.1250, 0.1253, 0.1252, 0.1250, 0.1248]],
       device='cuda:0', grad_fn=<SoftmaxBackward0>)
tensor([[0.1250, 0.1250, 0.1249, 0.1250, 0.1250, 0.1251, 0.1251, 0.1249],
        [0.1251, 0.1248, 0.1250, 0.1249, 0.1252, 0.1249, 0.1252, 0.1249],
        [0.1250, 0.1249, 0.1249, 0.1251, 0.1251, 0.1249, 0.1252, 0.1249],
        [0.1250, 0.1250, 0.1250, 0.1247, 0.1251, 0.1253, 0.1250, 0.1250]],
       device='cuda:0', grad_fn=<SoftmaxBackward0>)
tensor([[0.1249, 0.1253, 0.1251, 0.1251, 0.1249, 0.1250, 0.1249, 0.1248],
        [0.1248, 0.1251, 0.1248, 0.1248, 0.1253, 0.1249, 0.1250, 0.1253],
        [0.1250, 0.1249, 0.1249, 0.1252, 0.1249, 0.1250, 0.1250, 0.1251],
        [0.1250, 0.1251, 0.1248, 0.1252, 0.1249, 0.1249, 0.1251, 0.1249],
        [0.1249, 0.1250, 0.1251, 0.1252, 0.1251, 0.1249, 0.1251, 0.1248]],
       device='cuda:0', grad_fn=<SoftmaxBackward0>)

# Alpha - reduce
tensor([[0.1252, 0.1251, 0.1249, 0.1250, 0.1251, 0.1250, 0.1249, 0.1249],
        [0.1250, 0.1250, 0.1250, 0.1249, 0.1250, 0.1249, 0.1252, 0.1249]],
       device='cuda:0', grad_fn=<SoftmaxBackward0>)
tensor([[0.1248, 0.1249, 0.1252, 0.1248, 0.1254, 0.1249, 0.1249, 0.1252],
        [0.1251, 0.1249, 0.1251, 0.1249, 0.1249, 0.1251, 0.1250, 0.1250],
        [0.1252, 0.1251, 0.1251, 0.1250, 0.1250, 0.1249, 0.1249, 0.1248]],
       device='cuda:0', grad_fn=<SoftmaxBackward0>)
tensor([[0.1250, 0.1249, 0.1250, 0.1251, 0.1251, 0.1250, 0.1249, 0.1250],
        [0.1251, 0.1252, 0.1250, 0.1250, 0.1251, 0.1250, 0.1248, 0.1249],
        [0.1249, 0.1251, 0.1250, 0.1250, 0.1251, 0.1249, 0.1251, 0.1249],
        [0.1252, 0.1251, 0.1249, 0.1248, 0.1251, 0.1249, 0.1249, 0.1251]],
       device='cuda:0', grad_fn=<SoftmaxBackward0>)
tensor([[0.1248, 0.1250, 0.1251, 0.1250, 0.1250, 0.1250, 0.1252, 0.1248],
        [0.1249, 0.1251, 0.1249, 0.1249, 0.1250, 0.1250, 0.1252, 0.1249],
        [0.1249, 0.1250, 0.1250, 0.1248, 0.1249, 0.1251, 0.1251, 0.1251],
        [0.1250, 0.1250, 0.1251, 0.1250, 0.1249, 0.1251, 0.1248, 0.1251],
        [0.1250, 0.1249, 0.1250, 0.1248, 0.1251, 0.1253, 0.1250, 0.1249]],
       device='cuda:0', grad_fn=<SoftmaxBackward0>)
tensor([[0.1249, 0.1250, 0.1249, 0.1249, 0.1251, 0.1251, 0.1250, 0.1252],
        [0.1251, 0.1251, 0.1249, 0.1247, 0.1250, 0.1250, 0.1251, 0.1251]],
       device='cuda:0', grad_fn=<SoftmaxBackward0>)
tensor([[0.1250, 0.1249, 0.1251, 0.1252, 0.1250, 0.1249, 0.1250, 0.1249],
        [0.1249, 0.1251, 0.1253, 0.1249, 0.1251, 0.1247, 0.1251, 0.1250],
        [0.1251, 0.1251, 0.1249, 0.1251, 0.1250, 0.1250, 0.1248, 0.1250]],
       device='cuda:0', grad_fn=<SoftmaxBackward0>)
tensor([[0.1251, 0.1249, 0.1249, 0.1249, 0.1251, 0.1250, 0.1250, 0.1252],
        [0.1252, 0.1249, 0.1248, 0.1250, 0.1251, 0.1250, 0.1251, 0.1249],
        [0.1250, 0.1251, 0.1250, 0.1250, 0.1248, 0.1250, 0.1251, 0.1251],
        [0.1249, 0.1249, 0.1252, 0.1249, 0.1252, 0.1250, 0.1249, 0.1250]],
       device='cuda:0', grad_fn=<SoftmaxBackward0>)
tensor([[0.1249, 0.1249, 0.1250, 0.1253, 0.1250, 0.1248, 0.1251, 0.1250],
        [0.1251, 0.1248, 0.1249, 0.1249, 0.1251, 0.1251, 0.1250, 0.1251],
        [0.1250, 0.1249, 0.1249, 0.1250, 0.1251, 0.1252, 0.1248, 0.1250],
        [0.1251, 0.1251, 0.1252, 0.1248, 0.1249, 0.1248, 0.1251, 0.1251],
        [0.1250, 0.1250, 0.1250, 0.1252, 0.1250, 0.1248, 0.1249, 0.1250]],
       device='cuda:0', grad_fn=<SoftmaxBackward0>)
#####################
06/28 02:28:59AM searchCell_trainer.py:203 [INFO] Train: Epoch: [0][50/390]	Step 50	lr 0.025	Loss 63.1542 (71.1578)	Hard Loss 1.8410 (2.0743)	Soft Loss 0.0281 (0.0316)	Prec@(1,5) (26.1%, 78.4%)	
06/28 02:29:37AM searchCell_trainer.py:203 [INFO] Train: Epoch: [0][100/390]	Step 100	lr 0.025	Loss 51.7433 (67.4031)	Hard Loss 1.5083 (1.9648)	Soft Loss 0.0298 (0.0305)	Prec@(1,5) (28.3%, 82.0%)	
06/28 02:30:14AM searchCell_trainer.py:203 [INFO] Train: Epoch: [0][150/390]	Step 150	lr 0.025	Loss 60.3754 (65.0585)	Hard Loss 1.7600 (1.8965)	Soft Loss 0.0293 (0.0299)	Prec@(1,5) (30.4%, 83.7%)	
06/28 02:30:51AM searchCell_trainer.py:203 [INFO] Train: Epoch: [0][200/390]	Step 200	lr 0.025	Loss 61.6140 (63.1334)	Hard Loss 1.7961 (1.8404)	Soft Loss 0.0265 (0.0293)	Prec@(1,5) (32.4%, 85.1%)	
06/28 02:31:28AM searchCell_trainer.py:203 [INFO] Train: Epoch: [0][250/390]	Step 250	lr 0.025	Loss 48.6345 (61.6278)	Hard Loss 1.4177 (1.7965)	Soft Loss 0.0253 (0.0288)	Prec@(1,5) (34.1%, 85.8%)	
06/28 02:32:05AM searchCell_trainer.py:203 [INFO] Train: Epoch: [0][300/390]	Step 300	lr 0.025	Loss 47.2625 (60.2085)	Hard Loss 1.3777 (1.7551)	Soft Loss 0.0241 (0.0282)	Prec@(1,5) (35.6%, 86.7%)	
06/28 02:32:43AM searchCell_trainer.py:203 [INFO] Train: Epoch: [0][350/390]	Step 350	lr 0.025	Loss 45.5900 (58.7841)	Hard Loss 1.3290 (1.7136)	Soft Loss 0.0233 (0.0277)	Prec@(1,5) (37.1%, 87.5%)	
06/28 02:33:12AM searchCell_trainer.py:203 [INFO] Train: Epoch: [0][390/390]	Step 390	lr 0.025	Loss 49.5823 (57.9340)	Hard Loss 1.4453 (1.6888)	Soft Loss 0.0240 (0.0273)	Prec@(1,5) (38.0%, 87.9%)	
06/28 02:33:14AM searchCell_trainer.py:215 [INFO] Train: [  0/49] Final Prec@1 37.9920%
06/28 02:33:21AM searchCell_trainer.py:243 [INFO] Valid: Epoch: [0][50/391]	Step 391	Loss 2.0200	Prec@(1,5) (32.7%, 88.4%)
06/28 02:33:28AM searchCell_trainer.py:243 [INFO] Valid: Epoch: [0][100/391]	Step 391	Loss 2.0146	Prec@(1,5) (32.5%, 88.4%)
06/28 02:33:34AM searchCell_trainer.py:243 [INFO] Valid: Epoch: [0][150/391]	Step 391	Loss 1.9961	Prec@(1,5) (32.9%, 88.5%)
06/28 02:33:41AM searchCell_trainer.py:243 [INFO] Valid: Epoch: [0][200/391]	Step 391	Loss 1.9968	Prec@(1,5) (33.1%, 88.3%)
06/28 02:33:48AM searchCell_trainer.py:243 [INFO] Valid: Epoch: [0][250/391]	Step 391	Loss 2.0018	Prec@(1,5) (32.8%, 88.5%)
06/28 02:33:54AM searchCell_trainer.py:243 [INFO] Valid: Epoch: [0][300/391]	Step 391	Loss 1.9979	Prec@(1,5) (32.9%, 88.4%)
06/28 02:34:01AM searchCell_trainer.py:243 [INFO] Valid: Epoch: [0][350/391]	Step 391	Loss 1.9963	Prec@(1,5) (33.0%, 88.4%)
06/28 02:34:06AM searchCell_trainer.py:243 [INFO] Valid: Epoch: [0][390/391]	Step 391	Loss 1.9920	Prec@(1,5) (33.1%, 88.5%)
06/28 02:34:06AM searchCell_trainer.py:250 [INFO] Valid: [  0/49] Final Prec@1 33.0800%
06/28 02:34:06AM searchCell_KD_main.py:59 [INFO] genotype = Genotype3(normal1=[[('max_pool_3x3', 0), ('dil_conv_3x3', 1)], [('dil_conv_3x3', 1), ('skip_connect', 0)], [('sep_conv_3x3', 1), ('sep_conv_5x5', 2)], [('dil_conv_3x3', 1), ('sep_conv_5x5', 2)]], normal1_concat=range(2, 6), reduce1=[[('dil_conv_3x3', 0), ('max_pool_3x3', 1)], [('max_pool_3x3', 2), ('dil_conv_3x3', 0)], [('max_pool_3x3', 3), ('max_pool_3x3', 2)], [('sep_conv_5x5', 1), ('dil_conv_3x3', 2)]], reduce1_concat=range(2, 6), normal2=[[('sep_conv_3x3', 0), ('max_pool_3x3', 1)], [('sep_conv_5x5', 0), ('dil_conv_5x5', 2)], [('skip_connect', 1), ('skip_connect', 3)], [('sep_conv_3x3', 3), ('dil_conv_3x3', 0)]], normal2_concat=range(2, 6), reduce2=[[('sep_conv_3x3', 1), ('dil_conv_3x3', 0)], [('skip_connect', 1), ('dil_conv_5x5', 0)], [('sep_conv_5x5', 1), ('max_pool_3x3', 2)], [('dil_conv_3x3', 0), ('dil_conv_3x3', 3)]], reduce2_concat=range(2, 6), normal3=[[('dil_conv_3x3', 0), ('dil_conv_3x3', 1)], [('dil_conv_3x3', 1), ('dil_conv_5x5', 0)], [('dil_conv_3x3', 0), ('dil_conv_5x5', 1)], [('sep_conv_3x3', 3), ('sep_conv_5x5', 4)]], normal3_concat=range(2, 6))
06/28 02:34:07AM searchCell_KD_main.py:89 [INFO] Until now, best Prec@1 = 33.0800%
####### ALPHA #######
# Alpha - normal
tensor([[0.1298, 0.1260, 0.1270, 0.1289, 0.1230, 0.1183, 0.1260, 0.1210],
        [0.1263, 0.1238, 0.1246, 0.1221, 0.1240, 0.1286, 0.1269, 0.1237]],
       device='cuda:0', grad_fn=<SoftmaxBackward0>)
tensor([[0.1299, 0.1291, 0.1303, 0.1200, 0.1267, 0.1220, 0.1254, 0.1166],
        [0.1222, 0.1203, 0.1208, 0.1288, 0.1224, 0.1337, 0.1228, 0.1288],
        [0.1265, 0.1251, 0.1255, 0.1238, 0.1283, 0.1232, 0.1252, 0.1224]],
       device='cuda:0', grad_fn=<SoftmaxBackward0>)
tensor([[0.1302, 0.1244, 0.1255, 0.1223, 0.1253, 0.1235, 0.1262, 0.1226],
        [0.1167, 0.1147, 0.1154, 0.1314, 0.1307, 0.1311, 0.1278, 0.1324],
        [0.1211, 0.1182, 0.1184, 0.1275, 0.1315, 0.1309, 0.1268, 0.1257],
        [0.1228, 0.1201, 0.1206, 0.1278, 0.1295, 0.1216, 0.1291, 0.1284]],
       device='cuda:0', grad_fn=<SoftmaxBackward0>)
tensor([[0.1212, 0.1218, 0.1226, 0.1299, 0.1278, 0.1279, 0.1215, 0.1273],
        [0.1182, 0.1179, 0.1196, 0.1243, 0.1275, 0.1347, 0.1266, 0.1311],
        [0.1188, 0.1186, 0.1183, 0.1267, 0.1329, 0.1291, 0.1263, 0.1293],
        [0.1191, 0.1182, 0.1179, 0.1317, 0.1299, 0.1239, 0.1300, 0.1293],
        [0.1195, 0.1187, 0.1192, 0.1300, 0.1263, 0.1229, 0.1319, 0.1316]],
       device='cuda:0', grad_fn=<SoftmaxBackward0>)
tensor([[0.1196, 0.1185, 0.1199, 0.1346, 0.1306, 0.1266, 0.1237, 0.1266],
        [0.1317, 0.1316, 0.1308, 0.1162, 0.1209, 0.1278, 0.1209, 0.1201]],
       device='cuda:0', grad_fn=<SoftmaxBackward0>)
tensor([[0.1170, 0.1165, 0.1193, 0.1321, 0.1336, 0.1232, 0.1248, 0.1336],
        [0.1212, 0.1233, 0.1240, 0.1275, 0.1228, 0.1255, 0.1272, 0.1285],
        [0.1155, 0.1154, 0.1190, 0.1300, 0.1268, 0.1293, 0.1318, 0.1323]],
       device='cuda:0', grad_fn=<SoftmaxBackward0>)
tensor([[0.1233, 0.1215, 0.1223, 0.1274, 0.1297, 0.1271, 0.1229, 0.1259],
        [0.1321, 0.1332, 0.1337, 0.1182, 0.1175, 0.1226, 0.1229, 0.1198],
        [0.1307, 0.1306, 0.1308, 0.1251, 0.1152, 0.1219, 0.1243, 0.1212],
        [0.1300, 0.1308, 0.1314, 0.1262, 0.1181, 0.1196, 0.1265, 0.1175]],
       device='cuda:0', grad_fn=<SoftmaxBackward0>)
tensor([[0.1191, 0.1198, 0.1200, 0.1262, 0.1263, 0.1340, 0.1272, 0.1273],
        [0.1256, 0.1278, 0.1277, 0.1269, 0.1196, 0.1280, 0.1260, 0.1185],
        [0.1250, 0.1262, 0.1275, 0.1282, 0.1193, 0.1250, 0.1269, 0.1220],
        [0.1213, 0.1220, 0.1228, 0.1345, 0.1250, 0.1194, 0.1300, 0.1250],
        [0.1233, 0.1238, 0.1252, 0.1249, 0.1244, 0.1242, 0.1256, 0.1285]],
       device='cuda:0', grad_fn=<SoftmaxBackward0>)
tensor([[0.1151, 0.1179, 0.1209, 0.1253, 0.1304, 0.1318, 0.1257, 0.1329],
        [0.1171, 0.1178, 0.1190, 0.1284, 0.1244, 0.1319, 0.1317, 0.1297]],
       device='cuda:0', grad_fn=<SoftmaxBackward0>)
tensor([[0.1209, 0.1244, 0.1270, 0.1251, 0.1217, 0.1213, 0.1316, 0.1280],
        [0.1181, 0.1162, 0.1174, 0.1186, 0.1323, 0.1355, 0.1314, 0.1305],
        [0.1182, 0.1191, 0.1248, 0.1276, 0.1252, 0.1271, 0.1259, 0.1322]],
       device='cuda:0', grad_fn=<SoftmaxBackward0>)
tensor([[0.1215, 0.1237, 0.1228, 0.1266, 0.1261, 0.1379, 0.1233, 0.1181],
        [0.1144, 0.1136, 0.1138, 0.1282, 0.1316, 0.1332, 0.1337, 0.1315],
        [0.1171, 0.1173, 0.1175, 0.1233, 0.1328, 0.1333, 0.1249, 0.1338],
        [0.1142, 0.1143, 0.1154, 0.1288, 0.1335, 0.1327, 0.1276, 0.1335]],
       device='cuda:0', grad_fn=<SoftmaxBackward0>)
tensor([[0.1132, 0.1143, 0.1149, 0.1242, 0.1289, 0.1315, 0.1366, 0.1366],
        [0.1179, 0.1161, 0.1167, 0.1267, 0.1289, 0.1249, 0.1339, 0.1350],
        [0.1122, 0.1117, 0.1131, 0.1293, 0.1351, 0.1305, 0.1316, 0.1365],
        [0.1117, 0.1113, 0.1114, 0.1366, 0.1260, 0.1349, 0.1321, 0.1360],
        [0.1114, 0.1110, 0.1114, 0.1323, 0.1351, 0.1328, 0.1308, 0.1351]],
       device='cuda:0', grad_fn=<SoftmaxBackward0>)

# Alpha - reduce
tensor([[0.1203, 0.1184, 0.1221, 0.1246, 0.1285, 0.1308, 0.1282, 0.1270],
        [0.1296, 0.1267, 0.1243, 0.1185, 0.1210, 0.1294, 0.1220, 0.1286]],
       device='cuda:0', grad_fn=<SoftmaxBackward0>)
tensor([[0.1285, 0.1258, 0.1230, 0.1237, 0.1187, 0.1297, 0.1228, 0.1277],
        [0.1272, 0.1260, 0.1229, 0.1250, 0.1259, 0.1277, 0.1210, 0.1241],
        [0.1309, 0.1269, 0.1285, 0.1232, 0.1213, 0.1227, 0.1244, 0.1223]],
       device='cuda:0', grad_fn=<SoftmaxBackward0>)
tensor([[0.1292, 0.1270, 0.1248, 0.1317, 0.1243, 0.1214, 0.1212, 0.1205],
        [0.1290, 0.1266, 0.1274, 0.1221, 0.1207, 0.1271, 0.1290, 0.1181],
        [0.1322, 0.1315, 0.1305, 0.1233, 0.1229, 0.1180, 0.1223, 0.1192],
        [0.1328, 0.1306, 0.1269, 0.1271, 0.1196, 0.1223, 0.1241, 0.1165]],
       device='cuda:0', grad_fn=<SoftmaxBackward0>)
tensor([[0.1228, 0.1237, 0.1218, 0.1307, 0.1230, 0.1258, 0.1289, 0.1233],
        [0.1181, 0.1188, 0.1229, 0.1264, 0.1323, 0.1245, 0.1271, 0.1299],
        [0.1163, 0.1158, 0.1165, 0.1294, 0.1305, 0.1327, 0.1294, 0.1295],
        [0.1176, 0.1178, 0.1206, 0.1282, 0.1251, 0.1310, 0.1259, 0.1337],
        [0.1183, 0.1177, 0.1181, 0.1262, 0.1314, 0.1274, 0.1302, 0.1306]],
       device='cuda:0', grad_fn=<SoftmaxBackward0>)
tensor([[0.1304, 0.1250, 0.1291, 0.1255, 0.1173, 0.1310, 0.1232, 0.1184],
        [0.1167, 0.1152, 0.1223, 0.1324, 0.1282, 0.1289, 0.1234, 0.1329]],
       device='cuda:0', grad_fn=<SoftmaxBackward0>)
tensor([[0.1281, 0.1234, 0.1191, 0.1264, 0.1212, 0.1238, 0.1322, 0.1259],
        [0.1159, 0.1155, 0.1319, 0.1193, 0.1300, 0.1304, 0.1299, 0.1270],
        [0.1220, 0.1177, 0.1186, 0.1291, 0.1260, 0.1280, 0.1309, 0.1278]],
       device='cuda:0', grad_fn=<SoftmaxBackward0>)
tensor([[0.1286, 0.1241, 0.1179, 0.1280, 0.1211, 0.1226, 0.1293, 0.1282],
        [0.1277, 0.1210, 0.1248, 0.1248, 0.1311, 0.1187, 0.1272, 0.1247],
        [0.1314, 0.1257, 0.1217, 0.1201, 0.1306, 0.1240, 0.1289, 0.1176],
        [0.1307, 0.1263, 0.1287, 0.1257, 0.1264, 0.1220, 0.1221, 0.1183]],
       device='cuda:0', grad_fn=<SoftmaxBackward0>)
tensor([[0.1288, 0.1270, 0.1235, 0.1284, 0.1257, 0.1312, 0.1173, 0.1181],
        [0.1256, 0.1253, 0.1168, 0.1275, 0.1276, 0.1239, 0.1275, 0.1258],
        [0.1255, 0.1222, 0.1266, 0.1263, 0.1230, 0.1232, 0.1271, 0.1260],
        [0.1214, 0.1214, 0.1250, 0.1297, 0.1253, 0.1308, 0.1222, 0.1243],
        [0.1255, 0.1259, 0.1266, 0.1244, 0.1218, 0.1217, 0.1227, 0.1313]],
       device='cuda:0', grad_fn=<SoftmaxBackward0>)
#####################
06/28 02:34:46AM searchCell_trainer.py:203 [INFO] Train: Epoch: [1][50/390]	Step 441	lr 0.02498	Loss 45.7707 (47.3251)	Hard Loss 1.3342 (1.3795)	Soft Loss 0.0237 (0.0233)	Prec@(1,5) (49.5%, 93.4%)	
06/28 02:35:24AM searchCell_trainer.py:203 [INFO] Train: Epoch: [1][100/390]	Step 491	lr 0.02498	Loss 45.9749 (46.6559)	Hard Loss 1.3402 (1.3600)	Soft Loss 0.0224 (0.0231)	Prec@(1,5) (50.6%, 93.7%)	
06/28 02:36:02AM searchCell_trainer.py:203 [INFO] Train: Epoch: [1][150/390]	Step 541	lr 0.02498	Loss 35.1799 (45.7575)	Hard Loss 1.0255 (1.3338)	Soft Loss 0.0205 (0.0226)	Prec@(1,5) (51.7%, 93.8%)	
06/28 02:36:40AM searchCell_trainer.py:203 [INFO] Train: Epoch: [1][200/390]	Step 591	lr 0.02498	Loss 43.3610 (45.0569)	Hard Loss 1.2640 (1.3134)	Soft Loss 0.0201 (0.0222)	Prec@(1,5) (52.3%, 94.1%)	
06/28 02:37:17AM searchCell_trainer.py:203 [INFO] Train: Epoch: [1][250/390]	Step 641	lr 0.02498	Loss 35.7648 (44.1909)	Hard Loss 1.0425 (1.2882)	Soft Loss 0.0204 (0.0220)	Prec@(1,5) (53.3%, 94.3%)	
06/28 02:37:55AM searchCell_trainer.py:203 [INFO] Train: Epoch: [1][300/390]	Step 691	lr 0.02498	Loss 33.1476 (43.2364)	Hard Loss 0.9662 (1.2603)	Soft Loss 0.0200 (0.0216)	Prec@(1,5) (54.3%, 94.6%)	
06/28 02:38:33AM searchCell_trainer.py:203 [INFO] Train: Epoch: [1][350/390]	Step 741	lr 0.02498	Loss 34.9411 (42.5915)	Hard Loss 1.0185 (1.2415)	Soft Loss 0.0208 (0.0213)	Prec@(1,5) (55.1%, 94.8%)	
06/28 02:39:03AM searchCell_trainer.py:203 [INFO] Train: Epoch: [1][390/390]	Step 781	lr 0.02498	Loss 38.3687 (42.0592)	Hard Loss 1.1184 (1.2260)	Soft Loss 0.0205 (0.0211)	Prec@(1,5) (55.8%, 94.9%)	
06/28 02:39:04AM searchCell_trainer.py:215 [INFO] Train: [  1/49] Final Prec@1 55.8160%
06/28 02:39:11AM searchCell_trainer.py:243 [INFO] Valid: Epoch: [1][50/391]	Step 782	Loss 1.1491	Prec@(1,5) (57.4%, 95.7%)
06/28 02:39:18AM searchCell_trainer.py:243 [INFO] Valid: Epoch: [1][100/391]	Step 782	Loss 1.1402	Prec@(1,5) (58.2%, 95.7%)
06/28 02:39:24AM searchCell_trainer.py:243 [INFO] Valid: Epoch: [1][150/391]	Step 782	Loss 1.1357	Prec@(1,5) (58.6%, 95.7%)
06/28 02:39:30AM searchCell_trainer.py:243 [INFO] Valid: Epoch: [1][200/391]	Step 782	Loss 1.1412	Prec@(1,5) (58.2%, 95.6%)
06/28 02:39:37AM searchCell_trainer.py:243 [INFO] Valid: Epoch: [1][250/391]	Step 782	Loss 1.1493	Prec@(1,5) (57.9%, 95.5%)
06/28 02:39:43AM searchCell_trainer.py:243 [INFO] Valid: Epoch: [1][300/391]	Step 782	Loss 1.1502	Prec@(1,5) (57.9%, 95.5%)
06/28 02:39:49AM searchCell_trainer.py:243 [INFO] Valid: Epoch: [1][350/391]	Step 782	Loss 1.1459	Prec@(1,5) (58.2%, 95.6%)
06/28 02:39:55AM searchCell_trainer.py:243 [INFO] Valid: Epoch: [1][390/391]	Step 782	Loss 1.1462	Prec@(1,5) (58.2%, 95.6%)
06/28 02:39:55AM searchCell_trainer.py:250 [INFO] Valid: [  1/49] Final Prec@1 58.2000%
06/28 02:39:55AM searchCell_KD_main.py:59 [INFO] genotype = Genotype3(normal1=[[('max_pool_3x3', 0), ('dil_conv_3x3', 1)], [('dil_conv_3x3', 1), ('skip_connect', 0)], [('dil_conv_3x3', 1), ('max_pool_3x3', 0)], [('dil_conv_3x3', 1), ('dil_conv_5x5', 4)]], normal1_concat=range(2, 6), reduce1=[[('dil_conv_3x3', 0), ('dil_conv_3x3', 1)], [('max_pool_3x3', 2), ('dil_conv_3x3', 0)], [('max_pool_3x3', 3), ('max_pool_3x3', 2)], [('dil_conv_3x3', 2), ('sep_conv_5x5', 1)]], reduce1_concat=range(2, 6), normal2=[[('sep_conv_3x3', 0), ('max_pool_3x3', 1)], [('sep_conv_5x5', 0), ('dil_conv_5x5', 2)], [('skip_connect', 1), ('skip_connect', 2)], [('dil_conv_3x3', 0), ('sep_conv_3x3', 3)]], normal2_concat=range(2, 6), reduce2=[[('sep_conv_3x3', 1), ('max_pool_3x3', 0)], [('skip_connect', 1), ('dil_conv_5x5', 0)], [('sep_conv_5x5', 1), ('max_pool_3x3', 3)], [('dil_conv_3x3', 3), ('dil_conv_3x3', 0)]], reduce2_concat=range(2, 6), normal3=[[('dil_conv_3x3', 0), ('dil_conv_5x5', 1)], [('dil_conv_3x3', 1), ('dil_conv_5x5', 0)], [('dil_conv_3x3', 0), ('dil_conv_5x5', 1)], [('sep_conv_3x3', 3), ('dil_conv_5x5', 0)]], normal3_concat=range(2, 6))
06/28 02:39:56AM searchCell_KD_main.py:89 [INFO] Until now, best Prec@1 = 58.2000%
####### ALPHA #######
# Alpha - normal
tensor([[0.1338, 0.1262, 0.1279, 0.1337, 0.1218, 0.1124, 0.1268, 0.1173],
        [0.1271, 0.1222, 0.1233, 0.1191, 0.1227, 0.1331, 0.1300, 0.1225]],
       device='cuda:0', grad_fn=<SoftmaxBackward0>)
tensor([[0.1347, 0.1326, 0.1349, 0.1159, 0.1278, 0.1190, 0.1252, 0.1099],
        [0.1203, 0.1167, 0.1186, 0.1305, 0.1202, 0.1423, 0.1202, 0.1311],
        [0.1282, 0.1253, 0.1260, 0.1227, 0.1305, 0.1222, 0.1266, 0.1186]],
       device='cuda:0', grad_fn=<SoftmaxBackward0>)
tensor([[0.1367, 0.1231, 0.1253, 0.1188, 0.1243, 0.1240, 0.1273, 0.1205],
        [0.1088, 0.1046, 0.1060, 0.1366, 0.1359, 0.1373, 0.1304, 0.1402],
        [0.1173, 0.1114, 0.1114, 0.1307, 0.1379, 0.1379, 0.1277, 0.1257],
        [0.1207, 0.1150, 0.1162, 0.1302, 0.1341, 0.1173, 0.1346, 0.1319]],
       device='cuda:0', grad_fn=<SoftmaxBackward0>)
tensor([[0.1181, 0.1183, 0.1194, 0.1346, 0.1311, 0.1302, 0.1186, 0.1297],
        [0.1120, 0.1109, 0.1139, 0.1227, 0.1307, 0.1448, 0.1277, 0.1372],
        [0.1139, 0.1130, 0.1118, 0.1278, 0.1400, 0.1326, 0.1273, 0.1336],
        [0.1136, 0.1117, 0.1109, 0.1378, 0.1356, 0.1237, 0.1337, 0.1330],
        [0.1147, 0.1124, 0.1135, 0.1346, 0.1271, 0.1210, 0.1393, 0.1374]],
       device='cuda:0', grad_fn=<SoftmaxBackward0>)
tensor([[0.1141, 0.1118, 0.1150, 0.1441, 0.1371, 0.1278, 0.1217, 0.1284],
        [0.1389, 0.1383, 0.1368, 0.1081, 0.1171, 0.1302, 0.1163, 0.1143]],
       device='cuda:0', grad_fn=<SoftmaxBackward0>)
tensor([[0.1097, 0.1088, 0.1142, 0.1387, 0.1412, 0.1206, 0.1248, 0.1420],
        [0.1178, 0.1215, 0.1224, 0.1295, 0.1205, 0.1264, 0.1293, 0.1325],
        [0.1071, 0.1072, 0.1141, 0.1353, 0.1265, 0.1324, 0.1375, 0.1398]],
       device='cuda:0', grad_fn=<SoftmaxBackward0>)
tensor([[0.1218, 0.1180, 0.1203, 0.1306, 0.1338, 0.1287, 0.1202, 0.1267],
        [0.1399, 0.1424, 0.1431, 0.1113, 0.1105, 0.1179, 0.1205, 0.1143],
        [0.1369, 0.1371, 0.1375, 0.1256, 0.1057, 0.1179, 0.1224, 0.1168],
        [0.1347, 0.1371, 0.1377, 0.1269, 0.1118, 0.1129, 0.1281, 0.1108]],
       device='cuda:0', grad_fn=<SoftmaxBackward0>)
tensor([[0.1132, 0.1136, 0.1145, 0.1269, 0.1282, 0.1442, 0.1292, 0.1301],
        [0.1271, 0.1312, 0.1309, 0.1295, 0.1132, 0.1297, 0.1268, 0.1116],
        [0.1249, 0.1278, 0.1297, 0.1311, 0.1139, 0.1255, 0.1291, 0.1180],
        [0.1175, 0.1185, 0.1198, 0.1447, 0.1256, 0.1138, 0.1353, 0.1248],
        [0.1217, 0.1227, 0.1254, 0.1253, 0.1231, 0.1232, 0.1260, 0.1327]],
       device='cuda:0', grad_fn=<SoftmaxBackward0>)
tensor([[0.1062, 0.1111, 0.1169, 0.1254, 0.1351, 0.1382, 0.1267, 0.1405],
        [0.1094, 0.1106, 0.1132, 0.1313, 0.1228, 0.1385, 0.1395, 0.1346]],
       device='cuda:0', grad_fn=<SoftmaxBackward0>)
tensor([[0.1171, 0.1242, 0.1294, 0.1250, 0.1186, 0.1166, 0.1381, 0.1310],
        [0.1114, 0.1080, 0.1106, 0.1115, 0.1400, 0.1464, 0.1363, 0.1359],
        [0.1120, 0.1135, 0.1251, 0.1297, 0.1239, 0.1288, 0.1268, 0.1403]],
       device='cuda:0', grad_fn=<SoftmaxBackward0>)
tensor([[0.1169, 0.1218, 0.1203, 0.1285, 0.1271, 0.1522, 0.1216, 0.1116],
        [0.1038, 0.1031, 0.1034, 0.1322, 0.1369, 0.1410, 0.1422, 0.1374],
        [0.1086, 0.1095, 0.1100, 0.1209, 0.1413, 0.1415, 0.1250, 0.1431],
        [0.1029, 0.1036, 0.1054, 0.1336, 0.1417, 0.1400, 0.1299, 0.1430]],
       device='cuda:0', grad_fn=<SoftmaxBackward0>)
tensor([[0.1024, 0.1032, 0.1044, 0.1225, 0.1317, 0.1382, 0.1490, 0.1486],
        [0.1106, 0.1071, 0.1085, 0.1279, 0.1329, 0.1246, 0.1436, 0.1448],
        [0.1001, 0.0991, 0.1017, 0.1327, 0.1451, 0.1349, 0.1382, 0.1483],
        [0.0991, 0.0981, 0.0985, 0.1477, 0.1262, 0.1443, 0.1387, 0.1473],
        [0.0987, 0.0977, 0.0982, 0.1390, 0.1448, 0.1398, 0.1362, 0.1455]],
       device='cuda:0', grad_fn=<SoftmaxBackward0>)

# Alpha - reduce
tensor([[0.1155, 0.1119, 0.1195, 0.1235, 0.1317, 0.1367, 0.1318, 0.1293],
        [0.1341, 0.1284, 0.1229, 0.1113, 0.1179, 0.1345, 0.1190, 0.1319]],
       device='cuda:0', grad_fn=<SoftmaxBackward0>)
tensor([[0.1318, 0.1260, 0.1214, 0.1215, 0.1133, 0.1351, 0.1205, 0.1304],
        [0.1290, 0.1266, 0.1217, 0.1241, 0.1283, 0.1306, 0.1168, 0.1230],
        [0.1353, 0.1280, 0.1320, 0.1209, 0.1176, 0.1202, 0.1252, 0.1208]],
       device='cuda:0', grad_fn=<SoftmaxBackward0>)
tensor([[0.1325, 0.1282, 0.1248, 0.1377, 0.1230, 0.1184, 0.1189, 0.1165],
        [0.1330, 0.1285, 0.1298, 0.1196, 0.1160, 0.1296, 0.1319, 0.1115],
        [0.1400, 0.1380, 0.1362, 0.1214, 0.1205, 0.1110, 0.1198, 0.1131],
        [0.1411, 0.1361, 0.1279, 0.1293, 0.1138, 0.1201, 0.1233, 0.1084]],
       device='cuda:0', grad_fn=<SoftmaxBackward0>)
tensor([[0.1208, 0.1221, 0.1191, 0.1363, 0.1199, 0.1259, 0.1340, 0.1219],
        [0.1116, 0.1129, 0.1213, 0.1290, 0.1388, 0.1241, 0.1274, 0.1349],
        [0.1080, 0.1065, 0.1078, 0.1338, 0.1374, 0.1403, 0.1332, 0.1331],
        [0.1107, 0.1110, 0.1155, 0.1308, 0.1259, 0.1375, 0.1267, 0.1419],
        [0.1123, 0.1113, 0.1121, 0.1274, 0.1375, 0.1282, 0.1352, 0.1360]],
       device='cuda:0', grad_fn=<SoftmaxBackward0>)
tensor([[0.1369, 0.1251, 0.1335, 0.1256, 0.1093, 0.1367, 0.1217, 0.1112],
        [0.1072, 0.1046, 0.1201, 0.1403, 0.1315, 0.1329, 0.1218, 0.1415]],
       device='cuda:0', grad_fn=<SoftmaxBackward0>)
tensor([[0.1319, 0.1226, 0.1141, 0.1268, 0.1171, 0.1229, 0.1382, 0.1264],
        [0.1071, 0.1059, 0.1386, 0.1142, 0.1347, 0.1365, 0.1349, 0.1282],
        [0.1197, 0.1118, 0.1132, 0.1329, 0.1272, 0.1302, 0.1359, 0.1292]],
       device='cuda:0', grad_fn=<SoftmaxBackward0>)
tensor([[0.1326, 0.1235, 0.1119, 0.1307, 0.1163, 0.1198, 0.1348, 0.1304],
        [0.1296, 0.1168, 0.1235, 0.1247, 0.1373, 0.1133, 0.1304, 0.1243],
        [0.1371, 0.1254, 0.1180, 0.1163, 0.1373, 0.1236, 0.1315, 0.1108],
        [0.1361, 0.1272, 0.1323, 0.1260, 0.1275, 0.1191, 0.1198, 0.1120]],
       device='cuda:0', grad_fn=<SoftmaxBackward0>)
tensor([[0.1330, 0.1292, 0.1214, 0.1314, 0.1264, 0.1368, 0.1099, 0.1120],
        [0.1257, 0.1254, 0.1096, 0.1306, 0.1305, 0.1212, 0.1299, 0.1271],
        [0.1260, 0.1191, 0.1280, 0.1281, 0.1206, 0.1209, 0.1303, 0.1271],
        [0.1166, 0.1171, 0.1244, 0.1349, 0.1265, 0.1376, 0.1193, 0.1236],
        [0.1254, 0.1261, 0.1277, 0.1237, 0.1179, 0.1200, 0.1207, 0.1384]],
       device='cuda:0', grad_fn=<SoftmaxBackward0>)
#####################
06/28 02:40:34AM searchCell_trainer.py:203 [INFO] Train: Epoch: [2][50/390]	Step 832	lr 0.02491	Loss 43.0195 (34.8494)	Hard Loss 1.2541 (1.0159)	Soft Loss 0.0181 (0.0177)	Prec@(1,5) (63.6%, 96.8%)	
06/28 02:41:12AM searchCell_trainer.py:203 [INFO] Train: Epoch: [2][100/390]	Step 882	lr 0.02491	Loss 30.2022 (35.4667)	Hard Loss 0.8804 (1.0339)	Soft Loss 0.0188 (0.0181)	Prec@(1,5) (62.9%, 96.7%)	
06/28 02:41:50AM searchCell_trainer.py:203 [INFO] Train: Epoch: [2][150/390]	Step 932	lr 0.02491	Loss 24.3563 (35.3423)	Hard Loss 0.7099 (1.0302)	Soft Loss 0.0180 (0.0180)	Prec@(1,5) (63.4%, 96.6%)	
06/28 02:42:28AM searchCell_trainer.py:203 [INFO] Train: Epoch: [2][200/390]	Step 982	lr 0.02491	Loss 36.7600 (35.1555)	Hard Loss 1.0716 (1.0248)	Soft Loss 0.0190 (0.0179)	Prec@(1,5) (63.9%, 96.5%)	
06/28 02:43:07AM searchCell_trainer.py:203 [INFO] Train: Epoch: [2][250/390]	Step 1032	lr 0.02491	Loss 31.9119 (34.5877)	Hard Loss 0.9302 (1.0082)	Soft Loss 0.0161 (0.0178)	Prec@(1,5) (64.5%, 96.7%)	
06/28 02:43:45AM searchCell_trainer.py:203 [INFO] Train: Epoch: [2][300/390]	Step 1082	lr 0.02491	Loss 22.6761 (34.2343)	Hard Loss 0.6610 (0.9979)	Soft Loss 0.0156 (0.0176)	Prec@(1,5) (64.7%, 96.9%)	
06/28 02:44:24AM searchCell_trainer.py:203 [INFO] Train: Epoch: [2][350/390]	Step 1132	lr 0.02491	Loss 36.5719 (33.9809)	Hard Loss 1.0661 (0.9905)	Soft Loss 0.0172 (0.0175)	Prec@(1,5) (64.9%, 96.9%)	
06/28 02:44:54AM searchCell_trainer.py:203 [INFO] Train: Epoch: [2][390/390]	Step 1172	lr 0.02491	Loss 29.0600 (33.7583)	Hard Loss 0.8471 (0.9841)	Soft Loss 0.0173 (0.0174)	Prec@(1,5) (65.2%, 96.9%)	
06/28 02:44:55AM searchCell_trainer.py:215 [INFO] Train: [  2/49] Final Prec@1 65.1800%
06/28 02:45:02AM searchCell_trainer.py:243 [INFO] Valid: Epoch: [2][50/391]	Step 1173	Loss 0.8964	Prec@(1,5) (68.5%, 97.6%)
06/28 02:45:08AM searchCell_trainer.py:243 [INFO] Valid: Epoch: [2][100/391]	Step 1173	Loss 0.9177	Prec@(1,5) (67.3%, 97.4%)
06/28 02:45:15AM searchCell_trainer.py:243 [INFO] Valid: Epoch: [2][150/391]	Step 1173	Loss 0.9050	Prec@(1,5) (67.9%, 97.5%)
06/28 02:45:22AM searchCell_trainer.py:243 [INFO] Valid: Epoch: [2][200/391]	Step 1173	Loss 0.9091	Prec@(1,5) (67.7%, 97.3%)
06/28 02:45:28AM searchCell_trainer.py:243 [INFO] Valid: Epoch: [2][250/391]	Step 1173	Loss 0.9141	Prec@(1,5) (67.5%, 97.3%)
06/28 02:45:35AM searchCell_trainer.py:243 [INFO] Valid: Epoch: [2][300/391]	Step 1173	Loss 0.9127	Prec@(1,5) (67.5%, 97.3%)
06/28 02:45:41AM searchCell_trainer.py:243 [INFO] Valid: Epoch: [2][350/391]	Step 1173	Loss 0.9125	Prec@(1,5) (67.6%, 97.3%)
06/28 02:45:46AM searchCell_trainer.py:243 [INFO] Valid: Epoch: [2][390/391]	Step 1173	Loss 0.9111	Prec@(1,5) (67.5%, 97.3%)
06/28 02:45:46AM searchCell_trainer.py:250 [INFO] Valid: [  2/49] Final Prec@1 67.5320%
06/28 02:45:46AM searchCell_KD_main.py:59 [INFO] genotype = Genotype3(normal1=[[('max_pool_3x3', 0), ('dil_conv_3x3', 1)], [('dil_conv_3x3', 1), ('skip_connect', 0)], [('dil_conv_3x3', 1), ('sep_conv_5x5', 2)], [('dil_conv_3x3', 1), ('dil_conv_5x5', 4)]], normal1_concat=range(2, 6), reduce1=[[('dil_conv_3x3', 0), ('dil_conv_3x3', 1)], [('dil_conv_3x3', 0), ('max_pool_3x3', 2)], [('max_pool_3x3', 3), ('max_pool_3x3', 2)], [('dil_conv_3x3', 2), ('sep_conv_5x5', 1)]], reduce1_concat=range(2, 6), normal2=[[('sep_conv_3x3', 0), ('max_pool_3x3', 1)], [('sep_conv_5x5', 0), ('dil_conv_5x5', 2)], [('skip_connect', 1), ('skip_connect', 2)], [('sep_conv_3x3', 3), ('dil_conv_3x3', 0)]], normal2_concat=range(2, 6), reduce2=[[('sep_conv_3x3', 1), ('max_pool_3x3', 0)], [('skip_connect', 1), ('dil_conv_5x5', 0)], [('sep_conv_5x5', 1), ('max_pool_3x3', 3)], [('dil_conv_3x3', 3), ('dil_conv_3x3', 0)]], reduce2_concat=range(2, 6), normal3=[[('dil_conv_5x5', 1), ('dil_conv_3x3', 0)], [('dil_conv_3x3', 1), ('dil_conv_5x5', 0)], [('dil_conv_3x3', 0), ('dil_conv_5x5', 1)], [('sep_conv_3x3', 3), ('dil_conv_5x5', 0)]], normal3_concat=range(2, 6))
06/28 02:45:48AM searchCell_KD_main.py:89 [INFO] Until now, best Prec@1 = 67.5320%
####### ALPHA #######
# Alpha - normal
tensor([[0.1381, 0.1260, 0.1280, 0.1375, 0.1207, 0.1070, 0.1292, 0.1136],
        [0.1278, 0.1205, 0.1216, 0.1164, 0.1226, 0.1375, 0.1322, 0.1213]],
       device='cuda:0', grad_fn=<SoftmaxBackward0>)
tensor([[0.1394, 0.1366, 0.1400, 0.1109, 0.1291, 0.1162, 0.1252, 0.1027],
        [0.1171, 0.1122, 0.1147, 0.1336, 0.1175, 0.1511, 0.1186, 0.1353],
        [0.1294, 0.1250, 0.1256, 0.1217, 0.1344, 0.1213, 0.1276, 0.1150]],
       device='cuda:0', grad_fn=<SoftmaxBackward0>)
tensor([[0.1424, 0.1212, 0.1250, 0.1171, 0.1241, 0.1235, 0.1284, 0.1184],
        [0.1012, 0.0956, 0.0975, 0.1417, 0.1407, 0.1429, 0.1329, 0.1475],
        [0.1135, 0.1050, 0.1050, 0.1333, 0.1446, 0.1440, 0.1295, 0.1250],
        [0.1190, 0.1103, 0.1119, 0.1312, 0.1380, 0.1140, 0.1397, 0.1359]],
       device='cuda:0', grad_fn=<SoftmaxBackward0>)
tensor([[0.1147, 0.1150, 0.1164, 0.1399, 0.1343, 0.1326, 0.1149, 0.1322],
        [0.1058, 0.1046, 0.1084, 0.1214, 0.1336, 0.1545, 0.1289, 0.1428],
        [0.1086, 0.1072, 0.1050, 0.1295, 0.1483, 0.1360, 0.1284, 0.1369],
        [0.1086, 0.1055, 0.1046, 0.1435, 0.1403, 0.1224, 0.1375, 0.1375],
        [0.1099, 0.1068, 0.1083, 0.1383, 0.1269, 0.1191, 0.1476, 0.1431]],
       device='cuda:0', grad_fn=<SoftmaxBackward0>)
tensor([[0.1094, 0.1056, 0.1100, 0.1547, 0.1423, 0.1277, 0.1200, 0.1303],
        [0.1462, 0.1458, 0.1432, 0.0998, 0.1127, 0.1321, 0.1118, 0.1083]],
       device='cuda:0', grad_fn=<SoftmaxBackward0>)
tensor([[0.1027, 0.1009, 0.1085, 0.1453, 0.1492, 0.1182, 0.1241, 0.1509],
        [0.1153, 0.1208, 0.1222, 0.1317, 0.1178, 0.1263, 0.1306, 0.1353],
        [0.0995, 0.0995, 0.1090, 0.1395, 0.1267, 0.1360, 0.1434, 0.1464]],
       device='cuda:0', grad_fn=<SoftmaxBackward0>)
tensor([[0.1204, 0.1145, 0.1174, 0.1335, 0.1389, 0.1303, 0.1175, 0.1275],
        [0.1475, 0.1518, 0.1527, 0.1039, 0.1033, 0.1142, 0.1173, 0.1092],
        [0.1425, 0.1429, 0.1438, 0.1253, 0.0959, 0.1154, 0.1212, 0.1129],
        [0.1396, 0.1434, 0.1437, 0.1276, 0.1057, 0.1063, 0.1293, 0.1045]],
       device='cuda:0', grad_fn=<SoftmaxBackward0>)
tensor([[0.1079, 0.1082, 0.1095, 0.1278, 0.1297, 0.1544, 0.1302, 0.1323],
        [0.1291, 0.1349, 0.1342, 0.1309, 0.1072, 0.1313, 0.1271, 0.1053],
        [0.1252, 0.1295, 0.1323, 0.1337, 0.1086, 0.1248, 0.1313, 0.1146],
        [0.1138, 0.1152, 0.1176, 0.1561, 0.1250, 0.1084, 0.1393, 0.1245],
        [0.1205, 0.1217, 0.1257, 0.1256, 0.1211, 0.1220, 0.1268, 0.1367]],
       device='cuda:0', grad_fn=<SoftmaxBackward0>)
tensor([[0.0980, 0.1047, 0.1129, 0.1252, 0.1394, 0.1442, 0.1275, 0.1481],
        [0.1016, 0.1036, 0.1072, 0.1341, 0.1223, 0.1450, 0.1466, 0.1395]],
       device='cuda:0', grad_fn=<SoftmaxBackward0>)
tensor([[0.1138, 0.1245, 0.1323, 0.1241, 0.1154, 0.1124, 0.1440, 0.1334],
        [0.1046, 0.1001, 0.1038, 0.1054, 0.1475, 0.1569, 0.1413, 0.1403],
        [0.1060, 0.1082, 0.1254, 0.1313, 0.1220, 0.1313, 0.1276, 0.1481]],
       device='cuda:0', grad_fn=<SoftmaxBackward0>)
tensor([[0.1124, 0.1202, 0.1179, 0.1297, 0.1279, 0.1676, 0.1191, 0.1052],
        [0.0934, 0.0930, 0.0933, 0.1355, 0.1424, 0.1486, 0.1510, 0.1428],
        [0.1004, 0.1019, 0.1029, 0.1188, 0.1491, 0.1493, 0.1256, 0.1522],
        [0.0923, 0.0936, 0.0957, 0.1382, 0.1492, 0.1473, 0.1319, 0.1518]],
       device='cuda:0', grad_fn=<SoftmaxBackward0>)
tensor([[0.0923, 0.0931, 0.0948, 0.1206, 0.1339, 0.1438, 0.1611, 0.1604],
        [0.1032, 0.0984, 0.1004, 0.1290, 0.1358, 0.1244, 0.1536, 0.1552],
        [0.0888, 0.0874, 0.0906, 0.1357, 0.1548, 0.1388, 0.1443, 0.1596],
        [0.0874, 0.0861, 0.0866, 0.1585, 0.1253, 0.1530, 0.1451, 0.1581],
        [0.0869, 0.0855, 0.0862, 0.1452, 0.1536, 0.1469, 0.1403, 0.1554]],
       device='cuda:0', grad_fn=<SoftmaxBackward0>)

# Alpha - reduce
tensor([[0.1107, 0.1053, 0.1160, 0.1219, 0.1357, 0.1431, 0.1357, 0.1315],
        [0.1386, 0.1302, 0.1229, 0.1051, 0.1139, 0.1388, 0.1159, 0.1346]],
       device='cuda:0', grad_fn=<SoftmaxBackward0>)
tensor([[0.1355, 0.1263, 0.1198, 0.1191, 0.1080, 0.1403, 0.1187, 0.1323],
        [0.1309, 0.1273, 0.1207, 0.1247, 0.1291, 0.1330, 0.1128, 0.1215],
        [0.1398, 0.1294, 0.1357, 0.1186, 0.1140, 0.1180, 0.1259, 0.1186]],
       device='cuda:0', grad_fn=<SoftmaxBackward0>)
tensor([[0.1356, 0.1291, 0.1247, 0.1451, 0.1220, 0.1149, 0.1157, 0.1130],
        [0.1368, 0.1297, 0.1322, 0.1168, 0.1130, 0.1313, 0.1355, 0.1048],
        [0.1475, 0.1437, 0.1412, 0.1202, 0.1190, 0.1040, 0.1167, 0.1075],
        [0.1490, 0.1411, 0.1284, 0.1318, 0.1087, 0.1180, 0.1224, 0.1006]],
       device='cuda:0', grad_fn=<SoftmaxBackward0>)
tensor([[0.1188, 0.1207, 0.1158, 0.1420, 0.1171, 0.1281, 0.1373, 0.1202],
        [0.1043, 0.1062, 0.1199, 0.1312, 0.1463, 0.1233, 0.1283, 0.1405],
        [0.0989, 0.0971, 0.0997, 0.1390, 0.1418, 0.1483, 0.1376, 0.1376],
        [0.1033, 0.1033, 0.1104, 0.1328, 0.1272, 0.1435, 0.1280, 0.1514],
        [0.1056, 0.1045, 0.1056, 0.1287, 0.1436, 0.1287, 0.1414, 0.1419]],
       device='cuda:0', grad_fn=<SoftmaxBackward0>)
tensor([[0.1440, 0.1259, 0.1381, 0.1256, 0.1016, 0.1420, 0.1190, 0.1039],
        [0.0986, 0.0950, 0.1173, 0.1477, 0.1343, 0.1361, 0.1200, 0.1509]],
       device='cuda:0', grad_fn=<SoftmaxBackward0>)
tensor([[0.1351, 0.1213, 0.1094, 0.1272, 0.1133, 0.1220, 0.1456, 0.1259],
        [0.0984, 0.0968, 0.1458, 0.1093, 0.1387, 0.1423, 0.1397, 0.1289],
        [0.1159, 0.1053, 0.1071, 0.1383, 0.1286, 0.1328, 0.1405, 0.1315]],
       device='cuda:0', grad_fn=<SoftmaxBackward0>)
tensor([[0.1377, 0.1240, 0.1054, 0.1329, 0.1113, 0.1176, 0.1389, 0.1321],
        [0.1311, 0.1124, 0.1229, 0.1239, 0.1436, 0.1085, 0.1334, 0.1242],
        [0.1427, 0.1255, 0.1150, 0.1125, 0.1436, 0.1220, 0.1344, 0.1042],
        [0.1420, 0.1289, 0.1372, 0.1252, 0.1282, 0.1161, 0.1165, 0.1058]],
       device='cuda:0', grad_fn=<SoftmaxBackward0>)
tensor([[0.1376, 0.1320, 0.1189, 0.1336, 0.1264, 0.1429, 0.1027, 0.1060],
        [0.1253, 0.1255, 0.1025, 0.1337, 0.1329, 0.1190, 0.1330, 0.1281],
        [0.1259, 0.1161, 0.1293, 0.1297, 0.1185, 0.1189, 0.1336, 0.1280],
        [0.1126, 0.1135, 0.1245, 0.1397, 0.1259, 0.1438, 0.1172, 0.1228],
        [0.1256, 0.1269, 0.1293, 0.1240, 0.1137, 0.1173, 0.1180, 0.1452]],
       device='cuda:0', grad_fn=<SoftmaxBackward0>)
#####################
06/28 02:46:27AM searchCell_trainer.py:203 [INFO] Train: Epoch: [3][50/390]	Step 1223	lr 0.02479	Loss 28.6422 (29.5152)	Hard Loss 0.8349 (0.8604)	Soft Loss 0.0146 (0.0157)	Prec@(1,5) (69.8%, 97.7%)	
06/28 02:47:05AM searchCell_trainer.py:203 [INFO] Train: Epoch: [3][100/390]	Step 1273	lr 0.02479	Loss 25.4660 (29.5993)	Hard Loss 0.7423 (0.8628)	Soft Loss 0.0144 (0.0155)	Prec@(1,5) (69.7%, 97.6%)	
