06/26 09:35:02PM parser.py:28 [INFO] 
06/26 09:35:02PM parser.py:29 [INFO] Parameters:
06/26 09:35:02PM parser.py:31 [INFO] DAG_PATH=results/search_cell_KD/cifar10/DENSENET121/test-20240626-213502/DAG
06/26 09:35:02PM parser.py:31 [INFO] T=10.0
06/26 09:35:02PM parser.py:31 [INFO] ALPHA_LR=0.0003
06/26 09:35:02PM parser.py:31 [INFO] ALPHA_WEIGHT_DECAY=0.001
06/26 09:35:02PM parser.py:31 [INFO] BATCH_SIZE=64
06/26 09:35:02PM parser.py:31 [INFO] CUTOUT_LENGTH=0
06/26 09:35:02PM parser.py:31 [INFO] DATA_PATH=../data/
06/26 09:35:02PM parser.py:31 [INFO] DATASET=cifar10
06/26 09:35:02PM parser.py:31 [INFO] EPOCHS=50
06/26 09:35:02PM parser.py:31 [INFO] EXP_NAME=test-20240626-213502
06/26 09:35:02PM parser.py:31 [INFO] GPUS=[0]
06/26 09:35:02PM parser.py:31 [INFO] INIT_CHANNELS=16
06/26 09:35:02PM parser.py:31 [INFO] L=0.5
06/26 09:35:02PM parser.py:31 [INFO] LAYERS=8
06/26 09:35:02PM parser.py:31 [INFO] LOCAL_RANK=0
06/26 09:35:02PM parser.py:31 [INFO] LOGGER=<Logger H-DAS (INFO)>
06/26 09:35:02PM parser.py:31 [INFO] NAME=DENSENET121
06/26 09:35:02PM parser.py:31 [INFO] PATH=results/search_cell_KD/cifar10/DENSENET121/test-20240626-213502
06/26 09:35:02PM parser.py:31 [INFO] PLOT_PATH=results/search_cell_KD/cifar10/DENSENET121/test-20240626-213502/plots
06/26 09:35:02PM parser.py:31 [INFO] PRINT_FREQ=50
06/26 09:35:02PM parser.py:31 [INFO] RESUME_PATH=None
06/26 09:35:02PM parser.py:31 [INFO] SAVE=test
06/26 09:35:02PM parser.py:31 [INFO] SEED=0
06/26 09:35:02PM parser.py:31 [INFO] TEACHER_NAME=densenet121
06/26 09:35:02PM parser.py:31 [INFO] TEACHER_PATH=/home/miura/lab/KD-hdas/results/teacher/cifar10/densenet121/FINETUNE/E25-20240626-151440/best.pth.tar
06/26 09:35:02PM parser.py:31 [INFO] TRAIN_PORTION=0.5
06/26 09:35:02PM parser.py:31 [INFO] W_GRAD_CLIP=5.0
06/26 09:35:02PM parser.py:31 [INFO] W_LR=0.025
06/26 09:35:02PM parser.py:31 [INFO] W_LR_MIN=0.001
06/26 09:35:02PM parser.py:31 [INFO] W_MOMENTUM=0.9
06/26 09:35:02PM parser.py:31 [INFO] W_WEIGHT_DECAY=0.0003
06/26 09:35:02PM parser.py:31 [INFO] WORKERS=4
06/26 09:35:02PM parser.py:32 [INFO] 
06/26 09:35:07PM searchCell_trainer.py:125 [INFO] --> Loaded teacher model '/home/miura/lab/KD-hdas/results/teacher/cifar10/densenet121/FINETUNE/E25-20240626-151440/best.pth.tar' and Freezed parameters)
06/26 09:35:44PM searchCell_trainer.py:132 [INFO] --> No loaded checkpoint!
####### ALPHA #######
# Alpha - normal
tensor([[0.1249, 0.1249, 0.1250, 0.1250, 0.1252, 0.1251, 0.1250, 0.1248],
        [0.1250, 0.1248, 0.1250, 0.1250, 0.1250, 0.1251, 0.1251, 0.1249]],
       device='cuda:0', grad_fn=<SoftmaxBackward0>)
tensor([[0.1248, 0.1248, 0.1251, 0.1251, 0.1251, 0.1248, 0.1250, 0.1252],
        [0.1250, 0.1249, 0.1251, 0.1250, 0.1250, 0.1249, 0.1251, 0.1251],
        [0.1252, 0.1250, 0.1249, 0.1250, 0.1249, 0.1250, 0.1248, 0.1252]],
       device='cuda:0', grad_fn=<SoftmaxBackward0>)
tensor([[0.1250, 0.1249, 0.1249, 0.1249, 0.1251, 0.1252, 0.1251, 0.1249],
        [0.1249, 0.1250, 0.1250, 0.1250, 0.1248, 0.1250, 0.1251, 0.1252],
        [0.1251, 0.1252, 0.1251, 0.1252, 0.1248, 0.1249, 0.1248, 0.1249],
        [0.1251, 0.1249, 0.1248, 0.1250, 0.1249, 0.1250, 0.1251, 0.1251]],
       device='cuda:0', grad_fn=<SoftmaxBackward0>)
tensor([[0.1249, 0.1249, 0.1251, 0.1250, 0.1252, 0.1250, 0.1249, 0.1249],
        [0.1248, 0.1250, 0.1251, 0.1252, 0.1250, 0.1248, 0.1250, 0.1251],
        [0.1250, 0.1252, 0.1251, 0.1251, 0.1249, 0.1249, 0.1249, 0.1249],
        [0.1249, 0.1249, 0.1249, 0.1251, 0.1251, 0.1251, 0.1252, 0.1249],
        [0.1250, 0.1251, 0.1250, 0.1249, 0.1250, 0.1249, 0.1250, 0.1251]],
       device='cuda:0', grad_fn=<SoftmaxBackward0>)
tensor([[0.1249, 0.1250, 0.1250, 0.1251, 0.1250, 0.1250, 0.1249, 0.1250],
        [0.1251, 0.1249, 0.1248, 0.1251, 0.1249, 0.1251, 0.1251, 0.1251]],
       device='cuda:0', grad_fn=<SoftmaxBackward0>)
tensor([[0.1251, 0.1248, 0.1250, 0.1250, 0.1251, 0.1249, 0.1251, 0.1250],
        [0.1252, 0.1248, 0.1251, 0.1250, 0.1250, 0.1249, 0.1251, 0.1248],
        [0.1251, 0.1249, 0.1250, 0.1251, 0.1250, 0.1247, 0.1252, 0.1250]],
       device='cuda:0', grad_fn=<SoftmaxBackward0>)
tensor([[0.1251, 0.1249, 0.1251, 0.1251, 0.1250, 0.1249, 0.1250, 0.1249],
        [0.1249, 0.1249, 0.1250, 0.1251, 0.1250, 0.1252, 0.1250, 0.1249],
        [0.1251, 0.1250, 0.1252, 0.1250, 0.1250, 0.1247, 0.1248, 0.1252],
        [0.1250, 0.1249, 0.1252, 0.1250, 0.1251, 0.1251, 0.1249, 0.1249]],
       device='cuda:0', grad_fn=<SoftmaxBackward0>)
tensor([[0.1249, 0.1252, 0.1249, 0.1249, 0.1250, 0.1250, 0.1250, 0.1251],
        [0.1249, 0.1248, 0.1252, 0.1250, 0.1248, 0.1250, 0.1250, 0.1251],
        [0.1251, 0.1249, 0.1249, 0.1250, 0.1250, 0.1250, 0.1250, 0.1250],
        [0.1250, 0.1251, 0.1251, 0.1251, 0.1248, 0.1251, 0.1250, 0.1249],
        [0.1250, 0.1252, 0.1251, 0.1250, 0.1249, 0.1250, 0.1251, 0.1249]],
       device='cuda:0', grad_fn=<SoftmaxBackward0>)
tensor([[0.1251, 0.1251, 0.1250, 0.1249, 0.1250, 0.1249, 0.1250, 0.1250],
        [0.1249, 0.1251, 0.1249, 0.1251, 0.1252, 0.1249, 0.1251, 0.1249]],
       device='cuda:0', grad_fn=<SoftmaxBackward0>)
tensor([[0.1250, 0.1250, 0.1250, 0.1251, 0.1251, 0.1249, 0.1250, 0.1249],
        [0.1251, 0.1251, 0.1251, 0.1250, 0.1247, 0.1249, 0.1251, 0.1250],
        [0.1248, 0.1250, 0.1250, 0.1250, 0.1253, 0.1252, 0.1250, 0.1248]],
       device='cuda:0', grad_fn=<SoftmaxBackward0>)
tensor([[0.1250, 0.1250, 0.1249, 0.1250, 0.1250, 0.1251, 0.1251, 0.1249],
        [0.1251, 0.1248, 0.1250, 0.1249, 0.1252, 0.1249, 0.1252, 0.1249],
        [0.1250, 0.1249, 0.1249, 0.1251, 0.1251, 0.1249, 0.1252, 0.1249],
        [0.1250, 0.1250, 0.1250, 0.1247, 0.1251, 0.1253, 0.1250, 0.1250]],
       device='cuda:0', grad_fn=<SoftmaxBackward0>)
tensor([[0.1249, 0.1253, 0.1251, 0.1251, 0.1249, 0.1250, 0.1249, 0.1248],
        [0.1248, 0.1251, 0.1248, 0.1248, 0.1253, 0.1249, 0.1250, 0.1253],
        [0.1250, 0.1249, 0.1249, 0.1252, 0.1249, 0.1250, 0.1250, 0.1251],
        [0.1250, 0.1251, 0.1248, 0.1252, 0.1249, 0.1249, 0.1251, 0.1249],
        [0.1249, 0.1250, 0.1251, 0.1252, 0.1251, 0.1249, 0.1251, 0.1248]],
       device='cuda:0', grad_fn=<SoftmaxBackward0>)

# Alpha - reduce
tensor([[0.1252, 0.1251, 0.1249, 0.1250, 0.1251, 0.1250, 0.1249, 0.1249],
        [0.1250, 0.1250, 0.1250, 0.1249, 0.1250, 0.1249, 0.1252, 0.1249]],
       device='cuda:0', grad_fn=<SoftmaxBackward0>)
tensor([[0.1248, 0.1249, 0.1252, 0.1248, 0.1254, 0.1249, 0.1249, 0.1252],
        [0.1251, 0.1249, 0.1251, 0.1249, 0.1249, 0.1251, 0.1250, 0.1250],
        [0.1252, 0.1251, 0.1251, 0.1250, 0.1250, 0.1249, 0.1249, 0.1248]],
       device='cuda:0', grad_fn=<SoftmaxBackward0>)
tensor([[0.1250, 0.1249, 0.1250, 0.1251, 0.1251, 0.1250, 0.1249, 0.1250],
        [0.1251, 0.1252, 0.1250, 0.1250, 0.1251, 0.1250, 0.1248, 0.1249],
        [0.1249, 0.1251, 0.1250, 0.1250, 0.1251, 0.1249, 0.1251, 0.1249],
        [0.1252, 0.1251, 0.1249, 0.1248, 0.1251, 0.1249, 0.1249, 0.1251]],
       device='cuda:0', grad_fn=<SoftmaxBackward0>)
tensor([[0.1248, 0.1250, 0.1251, 0.1250, 0.1250, 0.1250, 0.1252, 0.1248],
        [0.1249, 0.1251, 0.1249, 0.1249, 0.1250, 0.1250, 0.1252, 0.1249],
        [0.1249, 0.1250, 0.1250, 0.1248, 0.1249, 0.1251, 0.1251, 0.1251],
        [0.1250, 0.1250, 0.1251, 0.1250, 0.1249, 0.1251, 0.1248, 0.1251],
        [0.1250, 0.1249, 0.1250, 0.1248, 0.1251, 0.1253, 0.1250, 0.1249]],
       device='cuda:0', grad_fn=<SoftmaxBackward0>)
tensor([[0.1249, 0.1250, 0.1249, 0.1249, 0.1251, 0.1251, 0.1250, 0.1252],
        [0.1251, 0.1251, 0.1249, 0.1247, 0.1250, 0.1250, 0.1251, 0.1251]],
       device='cuda:0', grad_fn=<SoftmaxBackward0>)
tensor([[0.1250, 0.1249, 0.1251, 0.1252, 0.1250, 0.1249, 0.1250, 0.1249],
        [0.1249, 0.1251, 0.1253, 0.1249, 0.1251, 0.1247, 0.1251, 0.1250],
        [0.1251, 0.1251, 0.1249, 0.1251, 0.1250, 0.1250, 0.1248, 0.1250]],
       device='cuda:0', grad_fn=<SoftmaxBackward0>)
tensor([[0.1251, 0.1249, 0.1249, 0.1249, 0.1251, 0.1250, 0.1250, 0.1252],
        [0.1252, 0.1249, 0.1248, 0.1250, 0.1251, 0.1250, 0.1251, 0.1249],
        [0.1250, 0.1251, 0.1250, 0.1250, 0.1248, 0.1250, 0.1251, 0.1251],
        [0.1249, 0.1249, 0.1252, 0.1249, 0.1252, 0.1250, 0.1249, 0.1250]],
       device='cuda:0', grad_fn=<SoftmaxBackward0>)
tensor([[0.1249, 0.1249, 0.1250, 0.1253, 0.1250, 0.1248, 0.1251, 0.1250],
        [0.1251, 0.1248, 0.1249, 0.1249, 0.1251, 0.1251, 0.1250, 0.1251],
        [0.1250, 0.1249, 0.1249, 0.1250, 0.1251, 0.1252, 0.1248, 0.1250],
        [0.1251, 0.1251, 0.1252, 0.1248, 0.1249, 0.1248, 0.1251, 0.1251],
        [0.1250, 0.1250, 0.1250, 0.1252, 0.1250, 0.1248, 0.1249, 0.1250]],
       device='cuda:0', grad_fn=<SoftmaxBackward0>)
#####################
06/26 09:36:48PM searchCell_trainer.py:203 [INFO] Train: Epoch: [0][50/390]	Step 50	lr 0.025	Loss 88.2853 (102.9264)	Hard Loss 1.7656 (2.0584)	Soft Loss 0.0132 (0.0146)	Prec@(1,5) (25.8%, 78.8%)	
06/26 09:37:49PM searchCell_trainer.py:203 [INFO] Train: Epoch: [0][100/390]	Step 100	lr 0.025	Loss 72.4608 (97.2758)	Hard Loss 1.4491 (1.9454)	Soft Loss 0.0131 (0.0140)	Prec@(1,5) (28.9%, 82.7%)	
06/26 09:38:50PM searchCell_trainer.py:203 [INFO] Train: Epoch: [0][150/390]	Step 150	lr 0.025	Loss 81.0343 (93.8139)	Hard Loss 1.6206 (1.8761)	Soft Loss 0.0135 (0.0137)	Prec@(1,5) (31.3%, 84.4%)	
06/26 09:39:51PM searchCell_trainer.py:203 [INFO] Train: Epoch: [0][200/390]	Step 200	lr 0.025	Loss 82.3313 (91.2978)	Hard Loss 1.6465 (1.8258)	Soft Loss 0.0121 (0.0134)	Prec@(1,5) (33.1%, 85.7%)	
06/26 09:40:51PM searchCell_trainer.py:203 [INFO] Train: Epoch: [0][250/390]	Step 250	lr 0.025	Loss 72.8603 (89.1404)	Hard Loss 1.4571 (1.7827)	Soft Loss 0.0114 (0.0132)	Prec@(1,5) (34.5%, 86.5%)	
06/26 09:41:52PM searchCell_trainer.py:203 [INFO] Train: Epoch: [0][300/390]	Step 300	lr 0.025	Loss 61.0269 (86.9329)	Hard Loss 1.2204 (1.7385)	Soft Loss 0.0108 (0.0129)	Prec@(1,5) (36.0%, 87.4%)	
06/26 09:42:53PM searchCell_trainer.py:203 [INFO] Train: Epoch: [0][350/390]	Step 350	lr 0.025	Loss 67.6534 (84.7439)	Hard Loss 1.3530 (1.6948)	Soft Loss 0.0101 (0.0126)	Prec@(1,5) (37.7%, 88.2%)	
06/26 09:43:44PM searchCell_trainer.py:203 [INFO] Train: Epoch: [0][390/390]	Step 390	lr 0.025	Loss 68.2675 (83.3233)	Hard Loss 1.3652 (1.6663)	Soft Loss 0.0105 (0.0124)	Prec@(1,5) (38.8%, 88.6%)	
06/26 09:43:47PM searchCell_trainer.py:215 [INFO] Train: [  0/49] Final Prec@1 38.7800%
06/26 09:43:55PM searchCell_trainer.py:243 [INFO] Valid: Epoch: [0][50/391]	Step 391	Loss 1.5808	Prec@(1,5) (43.9%, 91.9%)
06/26 09:44:01PM searchCell_trainer.py:243 [INFO] Valid: Epoch: [0][100/391]	Step 391	Loss 1.6170	Prec@(1,5) (42.9%, 91.6%)
06/26 09:44:08PM searchCell_trainer.py:243 [INFO] Valid: Epoch: [0][150/391]	Step 391	Loss 1.6094	Prec@(1,5) (42.9%, 91.5%)
06/26 09:44:14PM searchCell_trainer.py:243 [INFO] Valid: Epoch: [0][200/391]	Step 391	Loss 1.6046	Prec@(1,5) (43.2%, 91.5%)
06/26 09:44:21PM searchCell_trainer.py:243 [INFO] Valid: Epoch: [0][250/391]	Step 391	Loss 1.5993	Prec@(1,5) (43.3%, 91.8%)
06/26 09:44:28PM searchCell_trainer.py:243 [INFO] Valid: Epoch: [0][300/391]	Step 391	Loss 1.5954	Prec@(1,5) (43.4%, 91.8%)
06/26 09:44:34PM searchCell_trainer.py:243 [INFO] Valid: Epoch: [0][350/391]	Step 391	Loss 1.5937	Prec@(1,5) (43.6%, 92.0%)
06/26 09:44:40PM searchCell_trainer.py:243 [INFO] Valid: Epoch: [0][390/391]	Step 391	Loss 1.5910	Prec@(1,5) (43.7%, 91.9%)
06/26 09:44:40PM searchCell_trainer.py:250 [INFO] Valid: [  0/49] Final Prec@1 43.6920%
06/26 09:44:40PM searchCell_KD_main.py:59 [INFO] genotype = Genotype3(normal1=[[('max_pool_3x3', 0), ('dil_conv_3x3', 1)], [('dil_conv_3x3', 1), ('skip_connect', 0)], [('sep_conv_3x3', 1), ('sep_conv_5x5', 2)], [('dil_conv_3x3', 1), ('sep_conv_5x5', 2)]], normal1_concat=range(2, 6), reduce1=[[('dil_conv_3x3', 0), ('max_pool_3x3', 1)], [('max_pool_3x3', 2), ('dil_conv_3x3', 0)], [('max_pool_3x3', 3), ('max_pool_3x3', 2)], [('sep_conv_5x5', 1), ('dil_conv_3x3', 2)]], reduce1_concat=range(2, 6), normal2=[[('sep_conv_3x3', 0), ('max_pool_3x3', 1)], [('sep_conv_5x5', 0), ('dil_conv_5x5', 2)], [('skip_connect', 1), ('skip_connect', 3)], [('sep_conv_3x3', 3), ('dil_conv_3x3', 0)]], normal2_concat=range(2, 6), reduce2=[[('sep_conv_3x3', 1), ('dil_conv_3x3', 0)], [('skip_connect', 1), ('dil_conv_5x5', 0)], [('sep_conv_5x5', 1), ('max_pool_3x3', 2)], [('dil_conv_3x3', 0), ('dil_conv_3x3', 3)]], reduce2_concat=range(2, 6), normal3=[[('dil_conv_3x3', 0), ('dil_conv_3x3', 1)], [('dil_conv_3x3', 1), ('dil_conv_5x5', 0)], [('dil_conv_3x3', 0), ('dil_conv_5x5', 1)], [('sep_conv_3x3', 3), ('dil_conv_5x5', 0)]], normal3_concat=range(2, 6))
06/26 09:44:41PM searchCell_KD_main.py:89 [INFO] Until now, best Prec@1 = 43.6920%
####### ALPHA #######
# Alpha - normal
tensor([[0.1297, 0.1260, 0.1270, 0.1289, 0.1230, 0.1183, 0.1260, 0.1210],
        [0.1263, 0.1238, 0.1246, 0.1221, 0.1240, 0.1286, 0.1269, 0.1237]],
       device='cuda:0', grad_fn=<SoftmaxBackward0>)
tensor([[0.1299, 0.1291, 0.1303, 0.1200, 0.1267, 0.1220, 0.1254, 0.1166],
        [0.1222, 0.1203, 0.1208, 0.1287, 0.1225, 0.1338, 0.1228, 0.1289],
        [0.1265, 0.1251, 0.1255, 0.1239, 0.1283, 0.1231, 0.1253, 0.1224]],
       device='cuda:0', grad_fn=<SoftmaxBackward0>)
tensor([[0.1302, 0.1244, 0.1255, 0.1223, 0.1253, 0.1235, 0.1262, 0.1226],
        [0.1167, 0.1147, 0.1154, 0.1314, 0.1306, 0.1311, 0.1278, 0.1324],
        [0.1212, 0.1182, 0.1184, 0.1275, 0.1315, 0.1308, 0.1268, 0.1257],
        [0.1229, 0.1202, 0.1207, 0.1278, 0.1295, 0.1215, 0.1291, 0.1284]],
       device='cuda:0', grad_fn=<SoftmaxBackward0>)
tensor([[0.1212, 0.1218, 0.1227, 0.1299, 0.1278, 0.1279, 0.1214, 0.1273],
        [0.1182, 0.1179, 0.1196, 0.1243, 0.1275, 0.1347, 0.1266, 0.1311],
        [0.1188, 0.1186, 0.1183, 0.1266, 0.1329, 0.1291, 0.1263, 0.1293],
        [0.1191, 0.1182, 0.1179, 0.1317, 0.1299, 0.1239, 0.1300, 0.1293],
        [0.1195, 0.1187, 0.1192, 0.1300, 0.1263, 0.1229, 0.1319, 0.1316]],
       device='cuda:0', grad_fn=<SoftmaxBackward0>)
tensor([[0.1196, 0.1185, 0.1199, 0.1347, 0.1306, 0.1266, 0.1236, 0.1265],
        [0.1317, 0.1316, 0.1309, 0.1162, 0.1208, 0.1278, 0.1209, 0.1201]],
       device='cuda:0', grad_fn=<SoftmaxBackward0>)
tensor([[0.1170, 0.1165, 0.1193, 0.1321, 0.1335, 0.1232, 0.1248, 0.1336],
        [0.1212, 0.1233, 0.1240, 0.1276, 0.1228, 0.1255, 0.1271, 0.1285],
        [0.1155, 0.1154, 0.1190, 0.1300, 0.1268, 0.1293, 0.1318, 0.1323]],
       device='cuda:0', grad_fn=<SoftmaxBackward0>)
tensor([[0.1233, 0.1215, 0.1223, 0.1274, 0.1297, 0.1271, 0.1229, 0.1259],
        [0.1321, 0.1333, 0.1337, 0.1181, 0.1175, 0.1226, 0.1229, 0.1198],
        [0.1307, 0.1307, 0.1309, 0.1251, 0.1152, 0.1219, 0.1243, 0.1212],
        [0.1300, 0.1308, 0.1314, 0.1261, 0.1181, 0.1196, 0.1264, 0.1175]],
       device='cuda:0', grad_fn=<SoftmaxBackward0>)
tensor([[0.1190, 0.1198, 0.1200, 0.1262, 0.1263, 0.1341, 0.1272, 0.1273],
        [0.1256, 0.1278, 0.1277, 0.1269, 0.1195, 0.1280, 0.1260, 0.1185],
        [0.1250, 0.1262, 0.1275, 0.1282, 0.1193, 0.1250, 0.1268, 0.1220],
        [0.1212, 0.1220, 0.1228, 0.1345, 0.1250, 0.1194, 0.1300, 0.1250],
        [0.1233, 0.1238, 0.1252, 0.1249, 0.1244, 0.1242, 0.1256, 0.1285]],
       device='cuda:0', grad_fn=<SoftmaxBackward0>)
tensor([[0.1151, 0.1179, 0.1209, 0.1253, 0.1304, 0.1318, 0.1257, 0.1329],
        [0.1171, 0.1178, 0.1190, 0.1284, 0.1244, 0.1319, 0.1317, 0.1297]],
       device='cuda:0', grad_fn=<SoftmaxBackward0>)
tensor([[0.1209, 0.1244, 0.1270, 0.1251, 0.1217, 0.1213, 0.1316, 0.1281],
        [0.1181, 0.1162, 0.1174, 0.1186, 0.1323, 0.1355, 0.1314, 0.1305],
        [0.1182, 0.1191, 0.1248, 0.1276, 0.1252, 0.1271, 0.1258, 0.1322]],
       device='cuda:0', grad_fn=<SoftmaxBackward0>)
tensor([[0.1215, 0.1237, 0.1227, 0.1266, 0.1261, 0.1379, 0.1233, 0.1181],
        [0.1144, 0.1136, 0.1138, 0.1282, 0.1316, 0.1332, 0.1337, 0.1315],
        [0.1171, 0.1173, 0.1175, 0.1233, 0.1328, 0.1333, 0.1249, 0.1338],
        [0.1142, 0.1143, 0.1154, 0.1288, 0.1335, 0.1327, 0.1276, 0.1335]],
       device='cuda:0', grad_fn=<SoftmaxBackward0>)
tensor([[0.1132, 0.1143, 0.1149, 0.1241, 0.1289, 0.1315, 0.1366, 0.1366],
        [0.1179, 0.1161, 0.1167, 0.1267, 0.1289, 0.1249, 0.1339, 0.1350],
        [0.1122, 0.1117, 0.1131, 0.1293, 0.1351, 0.1305, 0.1316, 0.1365],
        [0.1117, 0.1113, 0.1114, 0.1366, 0.1260, 0.1349, 0.1321, 0.1360],
        [0.1114, 0.1110, 0.1114, 0.1323, 0.1351, 0.1328, 0.1308, 0.1351]],
       device='cuda:0', grad_fn=<SoftmaxBackward0>)

# Alpha - reduce
tensor([[0.1203, 0.1185, 0.1221, 0.1245, 0.1285, 0.1309, 0.1282, 0.1270],
        [0.1296, 0.1267, 0.1243, 0.1185, 0.1210, 0.1294, 0.1220, 0.1286]],
       device='cuda:0', grad_fn=<SoftmaxBackward0>)
tensor([[0.1285, 0.1258, 0.1230, 0.1238, 0.1187, 0.1297, 0.1228, 0.1277],
        [0.1273, 0.1261, 0.1229, 0.1250, 0.1259, 0.1277, 0.1211, 0.1241],
        [0.1308, 0.1269, 0.1285, 0.1232, 0.1213, 0.1227, 0.1244, 0.1223]],
       device='cuda:0', grad_fn=<SoftmaxBackward0>)
tensor([[0.1292, 0.1270, 0.1248, 0.1317, 0.1243, 0.1213, 0.1212, 0.1205],
        [0.1290, 0.1266, 0.1273, 0.1221, 0.1207, 0.1271, 0.1290, 0.1181],
        [0.1322, 0.1315, 0.1306, 0.1233, 0.1230, 0.1180, 0.1223, 0.1192],
        [0.1328, 0.1306, 0.1270, 0.1271, 0.1196, 0.1223, 0.1241, 0.1165]],
       device='cuda:0', grad_fn=<SoftmaxBackward0>)
tensor([[0.1228, 0.1237, 0.1217, 0.1307, 0.1230, 0.1258, 0.1289, 0.1233],
        [0.1181, 0.1188, 0.1229, 0.1263, 0.1323, 0.1245, 0.1272, 0.1299],
        [0.1163, 0.1157, 0.1165, 0.1295, 0.1305, 0.1326, 0.1294, 0.1295],
        [0.1176, 0.1178, 0.1206, 0.1282, 0.1251, 0.1310, 0.1259, 0.1337],
        [0.1182, 0.1177, 0.1181, 0.1263, 0.1314, 0.1274, 0.1302, 0.1307]],
       device='cuda:0', grad_fn=<SoftmaxBackward0>)
tensor([[0.1304, 0.1250, 0.1291, 0.1255, 0.1173, 0.1310, 0.1232, 0.1184],
        [0.1167, 0.1152, 0.1222, 0.1324, 0.1282, 0.1289, 0.1234, 0.1329]],
       device='cuda:0', grad_fn=<SoftmaxBackward0>)
tensor([[0.1281, 0.1233, 0.1191, 0.1264, 0.1212, 0.1238, 0.1322, 0.1259],
        [0.1160, 0.1155, 0.1319, 0.1193, 0.1300, 0.1304, 0.1299, 0.1270],
        [0.1220, 0.1177, 0.1185, 0.1291, 0.1260, 0.1280, 0.1309, 0.1278]],
       device='cuda:0', grad_fn=<SoftmaxBackward0>)
tensor([[0.1286, 0.1241, 0.1180, 0.1280, 0.1212, 0.1226, 0.1293, 0.1282],
        [0.1277, 0.1210, 0.1248, 0.1248, 0.1311, 0.1187, 0.1272, 0.1247],
        [0.1314, 0.1257, 0.1217, 0.1201, 0.1306, 0.1240, 0.1289, 0.1176],
        [0.1306, 0.1262, 0.1287, 0.1257, 0.1264, 0.1220, 0.1221, 0.1183]],
       device='cuda:0', grad_fn=<SoftmaxBackward0>)
tensor([[0.1288, 0.1270, 0.1235, 0.1283, 0.1257, 0.1312, 0.1173, 0.1181],
        [0.1256, 0.1253, 0.1168, 0.1275, 0.1276, 0.1239, 0.1275, 0.1258],
        [0.1255, 0.1222, 0.1266, 0.1263, 0.1230, 0.1232, 0.1271, 0.1260],
        [0.1214, 0.1214, 0.1250, 0.1297, 0.1252, 0.1308, 0.1222, 0.1243],
        [0.1255, 0.1259, 0.1266, 0.1244, 0.1218, 0.1217, 0.1227, 0.1313]],
       device='cuda:0', grad_fn=<SoftmaxBackward0>)
#####################
06/26 09:45:42PM searchCell_trainer.py:203 [INFO] Train: Epoch: [1][50/390]	Step 441	lr 0.02498	Loss 66.2703 (68.6269)	Hard Loss 1.3253 (1.3724)	Soft Loss 0.0108 (0.0107)	Prec@(1,5) (50.0%, 93.2%)	
06/26 09:46:44PM searchCell_trainer.py:203 [INFO] Train: Epoch: [1][100/390]	Step 491	lr 0.02498	Loss 64.6606 (66.3259)	Hard Loss 1.2931 (1.3264)	Soft Loss 0.0102 (0.0104)	Prec@(1,5) (51.9%, 93.7%)	
06/26 09:47:45PM searchCell_trainer.py:203 [INFO] Train: Epoch: [1][150/390]	Step 541	lr 0.02498	Loss 55.7609 (65.3590)	Hard Loss 1.1151 (1.3071)	Soft Loss 0.0093 (0.0103)	Prec@(1,5) (52.8%, 94.0%)	
06/26 09:48:47PM searchCell_trainer.py:203 [INFO] Train: Epoch: [1][200/390]	Step 591	lr 0.02498	Loss 68.2845 (64.3256)	Hard Loss 1.3656 (1.2864)	Soft Loss 0.0098 (0.0101)	Prec@(1,5) (53.7%, 94.2%)	
06/26 09:49:50PM searchCell_trainer.py:203 [INFO] Train: Epoch: [1][250/390]	Step 641	lr 0.02498	Loss 58.9423 (63.3000)	Hard Loss 1.1787 (1.2659)	Soft Loss 0.0098 (0.0100)	Prec@(1,5) (54.6%, 94.3%)	
06/26 09:50:50PM searchCell_trainer.py:203 [INFO] Train: Epoch: [1][300/390]	Step 691	lr 0.02498	Loss 50.4486 (61.9065)	Hard Loss 1.0089 (1.2380)	Soft Loss 0.0091 (0.0098)	Prec@(1,5) (55.5%, 94.6%)	
06/26 09:51:52PM searchCell_trainer.py:203 [INFO] Train: Epoch: [1][350/390]	Step 741	lr 0.02498	Loss 47.1327 (60.9676)	Hard Loss 0.9426 (1.2193)	Soft Loss 0.0094 (0.0097)	Prec@(1,5) (56.3%, 94.8%)	
06/26 09:52:42PM searchCell_trainer.py:203 [INFO] Train: Epoch: [1][390/390]	Step 781	lr 0.02498	Loss 53.0511 (60.2017)	Hard Loss 1.0609 (1.2039)	Soft Loss 0.0089 (0.0096)	Prec@(1,5) (57.0%, 94.9%)	
06/26 09:52:43PM searchCell_trainer.py:215 [INFO] Train: [  1/49] Final Prec@1 56.9760%
06/26 09:52:51PM searchCell_trainer.py:243 [INFO] Valid: Epoch: [1][50/391]	Step 782	Loss 1.2653	Prec@(1,5) (56.5%, 93.8%)
06/26 09:52:57PM searchCell_trainer.py:243 [INFO] Valid: Epoch: [1][100/391]	Step 782	Loss 1.2551	Prec@(1,5) (56.9%, 93.4%)
06/26 09:53:04PM searchCell_trainer.py:243 [INFO] Valid: Epoch: [1][150/391]	Step 782	Loss 1.2366	Prec@(1,5) (57.9%, 93.4%)
06/26 09:53:11PM searchCell_trainer.py:243 [INFO] Valid: Epoch: [1][200/391]	Step 782	Loss 1.2403	Prec@(1,5) (57.9%, 93.6%)
06/26 09:53:18PM searchCell_trainer.py:243 [INFO] Valid: Epoch: [1][250/391]	Step 782	Loss 1.2531	Prec@(1,5) (57.8%, 93.3%)
06/26 09:53:25PM searchCell_trainer.py:243 [INFO] Valid: Epoch: [1][300/391]	Step 782	Loss 1.2508	Prec@(1,5) (58.0%, 93.3%)
06/26 09:53:31PM searchCell_trainer.py:243 [INFO] Valid: Epoch: [1][350/391]	Step 782	Loss 1.2473	Prec@(1,5) (58.1%, 93.5%)
06/26 09:53:37PM searchCell_trainer.py:243 [INFO] Valid: Epoch: [1][390/391]	Step 782	Loss 1.2491	Prec@(1,5) (58.0%, 93.4%)
06/26 09:53:37PM searchCell_trainer.py:250 [INFO] Valid: [  1/49] Final Prec@1 58.0200%
06/26 09:53:37PM searchCell_KD_main.py:59 [INFO] genotype = Genotype3(normal1=[[('max_pool_3x3', 0), ('dil_conv_3x3', 1)], [('dil_conv_3x3', 1), ('skip_connect', 0)], [('dil_conv_3x3', 1), ('max_pool_3x3', 0)], [('dil_conv_3x3', 1), ('dil_conv_5x5', 4)]], normal1_concat=range(2, 6), reduce1=[[('dil_conv_3x3', 0), ('dil_conv_3x3', 1)], [('max_pool_3x3', 2), ('dil_conv_3x3', 0)], [('max_pool_3x3', 3), ('max_pool_3x3', 2)], [('dil_conv_3x3', 2), ('sep_conv_5x5', 1)]], reduce1_concat=range(2, 6), normal2=[[('sep_conv_3x3', 0), ('max_pool_3x3', 1)], [('sep_conv_5x5', 0), ('dil_conv_5x5', 2)], [('skip_connect', 1), ('skip_connect', 2)], [('dil_conv_3x3', 0), ('sep_conv_3x3', 3)]], normal2_concat=range(2, 6), reduce2=[[('sep_conv_3x3', 1), ('max_pool_3x3', 0)], [('skip_connect', 1), ('dil_conv_5x5', 0)], [('sep_conv_5x5', 1), ('max_pool_3x3', 3)], [('dil_conv_3x3', 3), ('dil_conv_3x3', 0)]], reduce2_concat=range(2, 6), normal3=[[('dil_conv_5x5', 1), ('dil_conv_3x3', 0)], [('dil_conv_3x3', 1), ('dil_conv_5x5', 0)], [('dil_conv_3x3', 0), ('dil_conv_5x5', 1)], [('sep_conv_3x3', 3), ('dil_conv_5x5', 0)]], normal3_concat=range(2, 6))
06/26 09:53:38PM searchCell_KD_main.py:89 [INFO] Until now, best Prec@1 = 58.0200%
####### ALPHA #######
# Alpha - normal
tensor([[0.1338, 0.1262, 0.1279, 0.1337, 0.1218, 0.1124, 0.1269, 0.1173],
        [0.1271, 0.1223, 0.1233, 0.1191, 0.1226, 0.1331, 0.1299, 0.1225]],
       device='cuda:0', grad_fn=<SoftmaxBackward0>)
tensor([[0.1347, 0.1326, 0.1348, 0.1160, 0.1278, 0.1190, 0.1252, 0.1099],
        [0.1203, 0.1168, 0.1186, 0.1305, 0.1203, 0.1423, 0.1202, 0.1310],
        [0.1283, 0.1253, 0.1261, 0.1227, 0.1305, 0.1221, 0.1265, 0.1186]],
       device='cuda:0', grad_fn=<SoftmaxBackward0>)
tensor([[0.1366, 0.1231, 0.1253, 0.1189, 0.1242, 0.1240, 0.1274, 0.1205],
        [0.1088, 0.1047, 0.1060, 0.1366, 0.1359, 0.1373, 0.1304, 0.1402],
        [0.1173, 0.1114, 0.1114, 0.1307, 0.1379, 0.1379, 0.1277, 0.1257],
        [0.1208, 0.1151, 0.1162, 0.1303, 0.1341, 0.1172, 0.1346, 0.1319]],
       device='cuda:0', grad_fn=<SoftmaxBackward0>)
tensor([[0.1181, 0.1183, 0.1194, 0.1346, 0.1311, 0.1302, 0.1186, 0.1297],
        [0.1120, 0.1109, 0.1139, 0.1227, 0.1308, 0.1448, 0.1278, 0.1372],
        [0.1139, 0.1130, 0.1118, 0.1278, 0.1400, 0.1326, 0.1273, 0.1337],
        [0.1136, 0.1116, 0.1109, 0.1378, 0.1356, 0.1237, 0.1337, 0.1331],
        [0.1147, 0.1124, 0.1134, 0.1347, 0.1272, 0.1210, 0.1393, 0.1374]],
       device='cuda:0', grad_fn=<SoftmaxBackward0>)
tensor([[0.1141, 0.1118, 0.1150, 0.1441, 0.1371, 0.1277, 0.1217, 0.1284],
        [0.1389, 0.1384, 0.1368, 0.1081, 0.1171, 0.1302, 0.1163, 0.1143]],
       device='cuda:0', grad_fn=<SoftmaxBackward0>)
tensor([[0.1098, 0.1088, 0.1142, 0.1387, 0.1412, 0.1206, 0.1248, 0.1420],
        [0.1178, 0.1214, 0.1224, 0.1296, 0.1205, 0.1264, 0.1293, 0.1325],
        [0.1072, 0.1073, 0.1142, 0.1353, 0.1265, 0.1323, 0.1375, 0.1398]],
       device='cuda:0', grad_fn=<SoftmaxBackward0>)
tensor([[0.1218, 0.1180, 0.1203, 0.1306, 0.1338, 0.1287, 0.1202, 0.1267],
        [0.1399, 0.1425, 0.1431, 0.1113, 0.1105, 0.1179, 0.1205, 0.1143],
        [0.1369, 0.1371, 0.1375, 0.1256, 0.1057, 0.1179, 0.1224, 0.1168],
        [0.1348, 0.1371, 0.1377, 0.1269, 0.1118, 0.1129, 0.1281, 0.1108]],
       device='cuda:0', grad_fn=<SoftmaxBackward0>)
tensor([[0.1132, 0.1136, 0.1145, 0.1269, 0.1282, 0.1442, 0.1292, 0.1301],
        [0.1271, 0.1312, 0.1309, 0.1295, 0.1133, 0.1297, 0.1268, 0.1116],
        [0.1249, 0.1278, 0.1297, 0.1311, 0.1138, 0.1255, 0.1291, 0.1180],
        [0.1175, 0.1185, 0.1198, 0.1447, 0.1256, 0.1138, 0.1353, 0.1248],
        [0.1217, 0.1227, 0.1254, 0.1253, 0.1231, 0.1232, 0.1260, 0.1328]],
       device='cuda:0', grad_fn=<SoftmaxBackward0>)
tensor([[0.1062, 0.1111, 0.1169, 0.1254, 0.1351, 0.1382, 0.1266, 0.1406],
        [0.1094, 0.1106, 0.1132, 0.1314, 0.1228, 0.1385, 0.1395, 0.1346]],
       device='cuda:0', grad_fn=<SoftmaxBackward0>)
tensor([[0.1171, 0.1242, 0.1295, 0.1250, 0.1186, 0.1166, 0.1381, 0.1310],
        [0.1114, 0.1080, 0.1106, 0.1115, 0.1400, 0.1464, 0.1363, 0.1359],
        [0.1120, 0.1135, 0.1251, 0.1298, 0.1239, 0.1288, 0.1268, 0.1403]],
       device='cuda:0', grad_fn=<SoftmaxBackward0>)
tensor([[0.1169, 0.1219, 0.1202, 0.1285, 0.1271, 0.1522, 0.1216, 0.1116],
        [0.1038, 0.1031, 0.1034, 0.1322, 0.1370, 0.1411, 0.1422, 0.1374],
        [0.1086, 0.1095, 0.1100, 0.1209, 0.1413, 0.1415, 0.1250, 0.1431],
        [0.1029, 0.1036, 0.1054, 0.1336, 0.1417, 0.1400, 0.1299, 0.1430]],
       device='cuda:0', grad_fn=<SoftmaxBackward0>)
tensor([[0.1024, 0.1032, 0.1044, 0.1225, 0.1317, 0.1382, 0.1490, 0.1486],
        [0.1106, 0.1071, 0.1085, 0.1279, 0.1329, 0.1246, 0.1436, 0.1448],
        [0.1001, 0.0991, 0.1017, 0.1328, 0.1451, 0.1348, 0.1382, 0.1483],
        [0.0991, 0.0981, 0.0985, 0.1477, 0.1263, 0.1444, 0.1387, 0.1473],
        [0.0987, 0.0977, 0.0982, 0.1390, 0.1448, 0.1398, 0.1362, 0.1455]],
       device='cuda:0', grad_fn=<SoftmaxBackward0>)

# Alpha - reduce
tensor([[0.1156, 0.1120, 0.1194, 0.1235, 0.1317, 0.1367, 0.1318, 0.1294],
        [0.1340, 0.1284, 0.1230, 0.1113, 0.1179, 0.1345, 0.1190, 0.1319]],
       device='cuda:0', grad_fn=<SoftmaxBackward0>)
tensor([[0.1318, 0.1260, 0.1214, 0.1215, 0.1133, 0.1351, 0.1205, 0.1304],
        [0.1290, 0.1266, 0.1217, 0.1240, 0.1283, 0.1306, 0.1168, 0.1230],
        [0.1354, 0.1280, 0.1320, 0.1210, 0.1176, 0.1202, 0.1252, 0.1208]],
       device='cuda:0', grad_fn=<SoftmaxBackward0>)
tensor([[0.1325, 0.1282, 0.1248, 0.1377, 0.1230, 0.1184, 0.1189, 0.1165],
        [0.1331, 0.1286, 0.1298, 0.1197, 0.1160, 0.1296, 0.1319, 0.1115],
        [0.1400, 0.1380, 0.1362, 0.1215, 0.1205, 0.1110, 0.1197, 0.1131],
        [0.1411, 0.1361, 0.1280, 0.1293, 0.1138, 0.1201, 0.1233, 0.1084]],
       device='cuda:0', grad_fn=<SoftmaxBackward0>)
tensor([[0.1208, 0.1221, 0.1190, 0.1363, 0.1199, 0.1259, 0.1340, 0.1219],
        [0.1116, 0.1129, 0.1213, 0.1289, 0.1388, 0.1242, 0.1274, 0.1349],
        [0.1080, 0.1065, 0.1078, 0.1339, 0.1374, 0.1402, 0.1332, 0.1331],
        [0.1107, 0.1110, 0.1156, 0.1308, 0.1259, 0.1374, 0.1268, 0.1419],
        [0.1123, 0.1113, 0.1121, 0.1274, 0.1375, 0.1283, 0.1352, 0.1360]],
       device='cuda:0', grad_fn=<SoftmaxBackward0>)
tensor([[0.1369, 0.1251, 0.1334, 0.1256, 0.1093, 0.1367, 0.1217, 0.1112],
        [0.1072, 0.1046, 0.1200, 0.1403, 0.1315, 0.1329, 0.1219, 0.1415]],
       device='cuda:0', grad_fn=<SoftmaxBackward0>)
tensor([[0.1319, 0.1226, 0.1141, 0.1268, 0.1171, 0.1228, 0.1383, 0.1265],
        [0.1071, 0.1059, 0.1386, 0.1142, 0.1347, 0.1365, 0.1349, 0.1282],
        [0.1197, 0.1117, 0.1131, 0.1329, 0.1271, 0.1303, 0.1359, 0.1293]],
       device='cuda:0', grad_fn=<SoftmaxBackward0>)
tensor([[0.1326, 0.1235, 0.1119, 0.1307, 0.1163, 0.1198, 0.1348, 0.1304],
        [0.1296, 0.1168, 0.1235, 0.1247, 0.1373, 0.1133, 0.1304, 0.1243],
        [0.1371, 0.1254, 0.1180, 0.1163, 0.1374, 0.1236, 0.1316, 0.1108],
        [0.1360, 0.1271, 0.1323, 0.1260, 0.1276, 0.1191, 0.1198, 0.1120]],
       device='cuda:0', grad_fn=<SoftmaxBackward0>)
tensor([[0.1330, 0.1292, 0.1214, 0.1313, 0.1264, 0.1368, 0.1099, 0.1120],
        [0.1257, 0.1254, 0.1096, 0.1306, 0.1305, 0.1212, 0.1299, 0.1271],
        [0.1260, 0.1191, 0.1280, 0.1281, 0.1206, 0.1209, 0.1303, 0.1271],
        [0.1166, 0.1171, 0.1244, 0.1349, 0.1265, 0.1376, 0.1193, 0.1236],
        [0.1254, 0.1261, 0.1277, 0.1237, 0.1179, 0.1200, 0.1207, 0.1384]],
       device='cuda:0', grad_fn=<SoftmaxBackward0>)
#####################
06/26 09:54:42PM searchCell_trainer.py:203 [INFO] Train: Epoch: [2][50/390]	Step 832	lr 0.02491	Loss 59.2093 (50.8917)	Hard Loss 1.1841 (1.0178)	Soft Loss 0.0083 (0.0083)	Prec@(1,5) (63.6%, 96.7%)	
06/26 09:55:44PM searchCell_trainer.py:203 [INFO] Train: Epoch: [2][100/390]	Step 882	lr 0.02491	Loss 48.1964 (50.8515)	Hard Loss 0.9638 (1.0169)	Soft Loss 0.0089 (0.0083)	Prec@(1,5) (64.4%, 96.5%)	
06/26 09:56:48PM searchCell_trainer.py:203 [INFO] Train: Epoch: [2][150/390]	Step 932	lr 0.02491	Loss 33.9211 (50.6082)	Hard Loss 0.6783 (1.0121)	Soft Loss 0.0078 (0.0083)	Prec@(1,5) (64.3%, 96.6%)	
06/26 09:57:52PM searchCell_trainer.py:203 [INFO] Train: Epoch: [2][200/390]	Step 982	lr 0.02491	Loss 46.8967 (50.1180)	Hard Loss 0.9379 (1.0023)	Soft Loss 0.0080 (0.0082)	Prec@(1,5) (64.8%, 96.6%)	
06/26 09:58:59PM searchCell_trainer.py:203 [INFO] Train: Epoch: [2][250/390]	Step 1032	lr 0.02491	Loss 52.3309 (49.2975)	Hard Loss 1.0465 (0.9859)	Soft Loss 0.0075 (0.0081)	Prec@(1,5) (65.5%, 96.8%)	
06/26 10:00:05PM searchCell_trainer.py:203 [INFO] Train: Epoch: [2][300/390]	Step 1082	lr 0.02491	Loss 33.4648 (48.9874)	Hard Loss 0.6692 (0.9797)	Soft Loss 0.0071 (0.0081)	Prec@(1,5) (65.8%, 96.8%)	
06/26 10:01:02PM searchCell_trainer.py:203 [INFO] Train: Epoch: [2][350/390]	Step 1132	lr 0.02491	Loss 51.1814 (48.4586)	Hard Loss 1.0235 (0.9691)	Soft Loss 0.0081 (0.0080)	Prec@(1,5) (66.1%, 97.0%)	
06/26 10:01:52PM searchCell_trainer.py:203 [INFO] Train: Epoch: [2][390/390]	Step 1172	lr 0.02491	Loss 37.4455 (48.1674)	Hard Loss 0.7488 (0.9633)	Soft Loss 0.0077 (0.0080)	Prec@(1,5) (66.4%, 97.0%)	
06/26 10:01:53PM searchCell_trainer.py:215 [INFO] Train: [  2/49] Final Prec@1 66.3920%
06/26 10:02:00PM searchCell_trainer.py:243 [INFO] Valid: Epoch: [2][50/391]	Step 1173	Loss 1.0664	Prec@(1,5) (63.4%, 96.2%)
06/26 10:02:07PM searchCell_trainer.py:243 [INFO] Valid: Epoch: [2][100/391]	Step 1173	Loss 1.0940	Prec@(1,5) (62.6%, 96.3%)
06/26 10:02:14PM searchCell_trainer.py:243 [INFO] Valid: Epoch: [2][150/391]	Step 1173	Loss 1.0843	Prec@(1,5) (62.8%, 96.4%)
06/26 10:02:21PM searchCell_trainer.py:243 [INFO] Valid: Epoch: [2][200/391]	Step 1173	Loss 1.0820	Prec@(1,5) (62.9%, 96.3%)
06/26 10:02:28PM searchCell_trainer.py:243 [INFO] Valid: Epoch: [2][250/391]	Step 1173	Loss 1.0900	Prec@(1,5) (62.7%, 96.2%)
06/26 10:02:35PM searchCell_trainer.py:243 [INFO] Valid: Epoch: [2][300/391]	Step 1173	Loss 1.0829	Prec@(1,5) (62.8%, 96.3%)
06/26 10:02:42PM searchCell_trainer.py:243 [INFO] Valid: Epoch: [2][350/391]	Step 1173	Loss 1.0816	Prec@(1,5) (62.8%, 96.3%)
06/26 10:02:48PM searchCell_trainer.py:243 [INFO] Valid: Epoch: [2][390/391]	Step 1173	Loss 1.0783	Prec@(1,5) (62.9%, 96.3%)
06/26 10:02:49PM searchCell_trainer.py:250 [INFO] Valid: [  2/49] Final Prec@1 62.8600%
06/26 10:02:49PM searchCell_KD_main.py:59 [INFO] genotype = Genotype3(normal1=[[('max_pool_3x3', 0), ('dil_conv_3x3', 1)], [('dil_conv_3x3', 1), ('skip_connect', 0)], [('dil_conv_3x3', 1), ('sep_conv_5x5', 2)], [('dil_conv_3x3', 1), ('dil_conv_5x5', 4)]], normal1_concat=range(2, 6), reduce1=[[('dil_conv_3x3', 0), ('dil_conv_3x3', 1)], [('dil_conv_3x3', 0), ('max_pool_3x3', 2)], [('max_pool_3x3', 3), ('max_pool_3x3', 2)], [('dil_conv_3x3', 2), ('sep_conv_5x5', 1)]], reduce1_concat=range(2, 6), normal2=[[('sep_conv_3x3', 0), ('max_pool_3x3', 1)], [('sep_conv_5x5', 0), ('dil_conv_5x5', 2)], [('skip_connect', 1), ('skip_connect', 2)], [('sep_conv_3x3', 3), ('dil_conv_3x3', 0)]], normal2_concat=range(2, 6), reduce2=[[('sep_conv_3x3', 1), ('max_pool_3x3', 0)], [('skip_connect', 1), ('dil_conv_5x5', 0)], [('sep_conv_5x5', 1), ('max_pool_3x3', 3)], [('dil_conv_3x3', 3), ('dil_conv_3x3', 0)]], reduce2_concat=range(2, 6), normal3=[[('dil_conv_5x5', 1), ('dil_conv_3x3', 0)], [('dil_conv_3x3', 1), ('dil_conv_5x5', 0)], [('dil_conv_3x3', 0), ('dil_conv_5x5', 1)], [('sep_conv_3x3', 3), ('dil_conv_5x5', 0)]], normal3_concat=range(2, 6))
06/26 10:02:49PM searchCell_KD_main.py:89 [INFO] Until now, best Prec@1 = 62.8600%
####### ALPHA #######
# Alpha - normal
tensor([[0.1381, 0.1259, 0.1280, 0.1375, 0.1206, 0.1071, 0.1292, 0.1135],
        [0.1278, 0.1206, 0.1217, 0.1164, 0.1225, 0.1375, 0.1322, 0.1213]],
       device='cuda:0', grad_fn=<SoftmaxBackward0>)
tensor([[0.1394, 0.1365, 0.1399, 0.1109, 0.1291, 0.1163, 0.1252, 0.1027],
        [0.1171, 0.1122, 0.1148, 0.1335, 0.1175, 0.1511, 0.1185, 0.1353],
        [0.1294, 0.1250, 0.1257, 0.1218, 0.1344, 0.1213, 0.1275, 0.1150]],
       device='cuda:0', grad_fn=<SoftmaxBackward0>)
tensor([[0.1423, 0.1212, 0.1250, 0.1172, 0.1240, 0.1235, 0.1285, 0.1184],
        [0.1012, 0.0957, 0.0975, 0.1417, 0.1406, 0.1429, 0.1330, 0.1475],
        [0.1135, 0.1050, 0.1050, 0.1333, 0.1446, 0.1440, 0.1294, 0.1251],
        [0.1190, 0.1103, 0.1120, 0.1313, 0.1379, 0.1140, 0.1397, 0.1359]],
       device='cuda:0', grad_fn=<SoftmaxBackward0>)
tensor([[0.1147, 0.1149, 0.1164, 0.1400, 0.1343, 0.1326, 0.1148, 0.1322],
        [0.1058, 0.1046, 0.1084, 0.1213, 0.1337, 0.1545, 0.1289, 0.1427],
        [0.1086, 0.1072, 0.1050, 0.1296, 0.1483, 0.1360, 0.1284, 0.1370],
        [0.1086, 0.1054, 0.1046, 0.1435, 0.1403, 0.1224, 0.1375, 0.1376],
        [0.1098, 0.1067, 0.1083, 0.1384, 0.1269, 0.1191, 0.1477, 0.1431]],
       device='cuda:0', grad_fn=<SoftmaxBackward0>)
tensor([[0.1094, 0.1056, 0.1100, 0.1548, 0.1423, 0.1277, 0.1199, 0.1303],
        [0.1462, 0.1458, 0.1432, 0.0998, 0.1126, 0.1321, 0.1118, 0.1083]],
       device='cuda:0', grad_fn=<SoftmaxBackward0>)
tensor([[0.1027, 0.1009, 0.1085, 0.1453, 0.1492, 0.1182, 0.1241, 0.1510],
        [0.1153, 0.1208, 0.1221, 0.1317, 0.1178, 0.1263, 0.1306, 0.1354],
        [0.0995, 0.0995, 0.1090, 0.1395, 0.1267, 0.1360, 0.1434, 0.1464]],
       device='cuda:0', grad_fn=<SoftmaxBackward0>)
tensor([[0.1205, 0.1145, 0.1174, 0.1335, 0.1389, 0.1303, 0.1175, 0.1275],
        [0.1476, 0.1518, 0.1527, 0.1039, 0.1033, 0.1142, 0.1173, 0.1092],
        [0.1425, 0.1429, 0.1438, 0.1254, 0.0959, 0.1154, 0.1212, 0.1129],
        [0.1397, 0.1434, 0.1437, 0.1276, 0.1056, 0.1063, 0.1293, 0.1045]],
       device='cuda:0', grad_fn=<SoftmaxBackward0>)
tensor([[0.1079, 0.1082, 0.1095, 0.1278, 0.1296, 0.1544, 0.1302, 0.1324],
        [0.1291, 0.1350, 0.1342, 0.1309, 0.1072, 0.1313, 0.1271, 0.1053],
        [0.1252, 0.1295, 0.1324, 0.1336, 0.1085, 0.1248, 0.1313, 0.1146],
        [0.1138, 0.1152, 0.1176, 0.1561, 0.1250, 0.1084, 0.1393, 0.1245],
        [0.1204, 0.1217, 0.1257, 0.1256, 0.1211, 0.1220, 0.1268, 0.1367]],
       device='cuda:0', grad_fn=<SoftmaxBackward0>)
tensor([[0.0980, 0.1047, 0.1130, 0.1252, 0.1395, 0.1441, 0.1275, 0.1481],
        [0.1016, 0.1036, 0.1072, 0.1341, 0.1223, 0.1451, 0.1466, 0.1395]],
       device='cuda:0', grad_fn=<SoftmaxBackward0>)
tensor([[0.1138, 0.1246, 0.1323, 0.1240, 0.1154, 0.1124, 0.1440, 0.1334],
        [0.1046, 0.1001, 0.1038, 0.1054, 0.1475, 0.1569, 0.1413, 0.1403],
        [0.1060, 0.1082, 0.1254, 0.1313, 0.1220, 0.1313, 0.1276, 0.1481]],
       device='cuda:0', grad_fn=<SoftmaxBackward0>)
tensor([[0.1125, 0.1202, 0.1179, 0.1297, 0.1279, 0.1676, 0.1191, 0.1052],
        [0.0933, 0.0930, 0.0933, 0.1355, 0.1424, 0.1486, 0.1510, 0.1429],
        [0.1004, 0.1019, 0.1028, 0.1187, 0.1491, 0.1493, 0.1256, 0.1522],
        [0.0923, 0.0936, 0.0957, 0.1382, 0.1492, 0.1473, 0.1319, 0.1518]],
       device='cuda:0', grad_fn=<SoftmaxBackward0>)
tensor([[0.0923, 0.0931, 0.0948, 0.1206, 0.1339, 0.1438, 0.1611, 0.1604],
        [0.1032, 0.0984, 0.1004, 0.1290, 0.1358, 0.1244, 0.1536, 0.1552],
        [0.0888, 0.0874, 0.0906, 0.1357, 0.1548, 0.1388, 0.1443, 0.1596],
        [0.0874, 0.0861, 0.0866, 0.1585, 0.1253, 0.1530, 0.1451, 0.1581],
        [0.0869, 0.0855, 0.0862, 0.1452, 0.1536, 0.1469, 0.1403, 0.1554]],
       device='cuda:0', grad_fn=<SoftmaxBackward0>)

# Alpha - reduce
tensor([[0.1108, 0.1053, 0.1160, 0.1219, 0.1357, 0.1431, 0.1358, 0.1315],
        [0.1386, 0.1302, 0.1229, 0.1051, 0.1139, 0.1388, 0.1159, 0.1346]],
       device='cuda:0', grad_fn=<SoftmaxBackward0>)
tensor([[0.1355, 0.1264, 0.1198, 0.1191, 0.1080, 0.1404, 0.1186, 0.1323],
        [0.1309, 0.1273, 0.1206, 0.1246, 0.1292, 0.1331, 0.1128, 0.1215],
        [0.1398, 0.1295, 0.1356, 0.1186, 0.1140, 0.1180, 0.1259, 0.1186]],
       device='cuda:0', grad_fn=<SoftmaxBackward0>)
tensor([[0.1356, 0.1291, 0.1247, 0.1451, 0.1220, 0.1149, 0.1157, 0.1130],
        [0.1368, 0.1297, 0.1322, 0.1168, 0.1130, 0.1313, 0.1354, 0.1048],
        [0.1475, 0.1438, 0.1413, 0.1203, 0.1190, 0.1040, 0.1167, 0.1075],
        [0.1490, 0.1411, 0.1285, 0.1317, 0.1087, 0.1180, 0.1224, 0.1005]],
       device='cuda:0', grad_fn=<SoftmaxBackward0>)
tensor([[0.1188, 0.1207, 0.1158, 0.1420, 0.1172, 0.1281, 0.1373, 0.1202],
        [0.1043, 0.1062, 0.1199, 0.1312, 0.1463, 0.1233, 0.1284, 0.1405],
        [0.0989, 0.0971, 0.0997, 0.1390, 0.1418, 0.1483, 0.1376, 0.1376],
        [0.1033, 0.1033, 0.1104, 0.1328, 0.1272, 0.1434, 0.1281, 0.1515],
        [0.1055, 0.1044, 0.1056, 0.1287, 0.1436, 0.1287, 0.1414, 0.1419]],
       device='cuda:0', grad_fn=<SoftmaxBackward0>)
tensor([[0.1440, 0.1260, 0.1381, 0.1256, 0.1016, 0.1420, 0.1190, 0.1038],
        [0.0986, 0.0950, 0.1172, 0.1477, 0.1343, 0.1362, 0.1200, 0.1509]],
       device='cuda:0', grad_fn=<SoftmaxBackward0>)
tensor([[0.1351, 0.1213, 0.1094, 0.1272, 0.1134, 0.1220, 0.1456, 0.1260],
        [0.0984, 0.0968, 0.1458, 0.1093, 0.1387, 0.1423, 0.1396, 0.1289],
        [0.1159, 0.1052, 0.1071, 0.1383, 0.1286, 0.1328, 0.1406, 0.1315]],
       device='cuda:0', grad_fn=<SoftmaxBackward0>)
tensor([[0.1377, 0.1240, 0.1054, 0.1329, 0.1113, 0.1176, 0.1389, 0.1321],
        [0.1311, 0.1124, 0.1229, 0.1239, 0.1436, 0.1085, 0.1334, 0.1242],
        [0.1427, 0.1255, 0.1150, 0.1125, 0.1436, 0.1220, 0.1345, 0.1042],
        [0.1419, 0.1289, 0.1373, 0.1252, 0.1282, 0.1162, 0.1165, 0.1058]],
       device='cuda:0', grad_fn=<SoftmaxBackward0>)
tensor([[0.1377, 0.1320, 0.1189, 0.1335, 0.1264, 0.1429, 0.1027, 0.1060],
        [0.1253, 0.1255, 0.1025, 0.1337, 0.1329, 0.1190, 0.1330, 0.1281],
        [0.1259, 0.1161, 0.1293, 0.1297, 0.1184, 0.1189, 0.1336, 0.1280],
        [0.1126, 0.1135, 0.1245, 0.1397, 0.1258, 0.1438, 0.1171, 0.1228],
        [0.1256, 0.1269, 0.1293, 0.1240, 0.1137, 0.1173, 0.1180, 0.1452]],
       device='cuda:0', grad_fn=<SoftmaxBackward0>)
#####################
06/26 10:03:55PM searchCell_trainer.py:203 [INFO] Train: Epoch: [3][50/390]	Step 1223	lr 0.02479	Loss 38.2427 (41.4336)	Hard Loss 0.7648 (0.8286)	Soft Loss 0.0066 (0.0071)	Prec@(1,5) (71.5%, 97.4%)	
06/26 10:05:00PM searchCell_trainer.py:203 [INFO] Train: Epoch: [3][100/390]	Step 1273	lr 0.02479	Loss 36.9615 (41.3912)	Hard Loss 0.7392 (0.8278)	Soft Loss 0.0063 (0.0070)	Prec@(1,5) (71.3%, 97.7%)	
