08/20 01:16:31AM parser.py:28 [INFO] 
08/20 01:16:31AM parser.py:29 [INFO] Parameters:
08/20 01:16:31AM parser.py:31 [INFO] DAG_PATH=results/search_stage_KD/cifar10/BASELINE/nonDepthLosss3-20240820-011631/DAG
08/20 01:16:31AM parser.py:31 [INFO] T=10.0
08/20 01:16:31AM parser.py:31 [INFO] ADVANCED=False
08/20 01:16:31AM parser.py:31 [INFO] ALPHA_LR=0.0003
08/20 01:16:31AM parser.py:31 [INFO] ALPHA_WEIGHT_DECAY=0.001
08/20 01:16:31AM parser.py:31 [INFO] BATCH_SIZE=64
08/20 01:16:31AM parser.py:31 [INFO] CHECKPOINT_RESET=False
08/20 01:16:31AM parser.py:31 [INFO] CUTOUT_LENGTH=0
08/20 01:16:31AM parser.py:31 [INFO] DATA_PATH=../data/
08/20 01:16:31AM parser.py:31 [INFO] DATASET=cifar10
08/20 01:16:31AM parser.py:31 [INFO] DESCRIPTION=nonDepthLoss_version
08/20 01:16:31AM parser.py:31 [INFO] EPOCHS=50
08/20 01:16:31AM parser.py:31 [INFO] EXP_NAME=nonDepthLosss3-20240820-011631
08/20 01:16:31AM parser.py:31 [INFO] GENOTYPE=Genotype3(normal1=[[('sep_conv_5x5', 0), ('sep_conv_3x3', 1)], [('sep_conv_3x3', 1), ('sep_conv_3x3', 0)], [('sep_conv_3x3', 1), ('sep_conv_3x3', 2)], [('sep_conv_3x3', 0), ('sep_conv_5x5', 4)]], normal1_concat=range(2, 6), reduce1=[[('sep_conv_3x3', 0), ('skip_connect', 1)], [('sep_conv_3x3', 1), ('max_pool_3x3', 0)], [('sep_conv_3x3', 2), ('sep_conv_3x3', 1)], [('max_pool_3x3', 0), ('dil_conv_3x3', 1)]], reduce1_concat=range(2, 6), normal2=[[('skip_connect', 0), ('sep_conv_5x5', 1)], [('skip_connect', 0), ('skip_connect', 2)], [('avg_pool_3x3', 0), ('avg_pool_3x3', 2)], [('skip_connect', 0), ('avg_pool_3x3', 2)]], normal2_concat=range(2, 6), reduce2=[[('avg_pool_3x3', 0), ('avg_pool_3x3', 1)], [('avg_pool_3x3', 0), ('skip_connect', 2)], [('skip_connect', 2), ('avg_pool_3x3', 0)], [('skip_connect', 2), ('avg_pool_3x3', 0)]], reduce2_concat=range(2, 6), normal3=[[('skip_connect', 0), ('skip_connect', 1)], [('skip_connect', 0), ('dil_conv_3x3', 1)], [('skip_connect', 0), ('skip_connect', 1)], [('skip_connect', 0), ('skip_connect', 2)]], normal3_concat=range(2, 6))
08/20 01:16:31AM parser.py:31 [INFO] GPUS=[0]
08/20 01:16:31AM parser.py:31 [INFO] INIT_CHANNELS=16
08/20 01:16:31AM parser.py:31 [INFO] L=0.5
08/20 01:16:31AM parser.py:31 [INFO] LAYERS=20
08/20 01:16:31AM parser.py:31 [INFO] LOGGER=<Logger H-DAS (INFO)>
08/20 01:16:31AM parser.py:31 [INFO] NAME=BASELINE
08/20 01:16:31AM parser.py:31 [INFO] NONKD=True
08/20 01:16:31AM parser.py:31 [INFO] PATH=results/search_stage_KD/cifar10/BASELINE/nonDepthLosss3-20240820-011631
08/20 01:16:31AM parser.py:31 [INFO] PCDARTS=False
08/20 01:16:31AM parser.py:31 [INFO] PLOT_PATH=results/search_stage_KD/cifar10/BASELINE/nonDepthLosss3-20240820-011631/plots
08/20 01:16:31AM parser.py:31 [INFO] PRINT_FREQ=50
08/20 01:16:31AM parser.py:31 [INFO] RESUME_PATH=None
08/20 01:16:31AM parser.py:31 [INFO] SAVE=nonDepthLosss3
08/20 01:16:31AM parser.py:31 [INFO] SEED=3
08/20 01:16:31AM parser.py:31 [INFO] SHARE_STAGE=False
08/20 01:16:31AM parser.py:31 [INFO] SPEC_CELL=True
08/20 01:16:31AM parser.py:31 [INFO] TEACHER_NAME=non
08/20 01:16:31AM parser.py:31 [INFO] TEACHER_PATH=non
08/20 01:16:31AM parser.py:31 [INFO] TRAIN_PORTION=0.5
08/20 01:16:31AM parser.py:31 [INFO] W_GRAD_CLIP=5.0
08/20 01:16:31AM parser.py:31 [INFO] W_LR=0.025
08/20 01:16:31AM parser.py:31 [INFO] W_LR_MIN=0.001
08/20 01:16:31AM parser.py:31 [INFO] W_MOMENTUM=0.9
08/20 01:16:31AM parser.py:31 [INFO] W_WEIGHT_DECAY=0.0003
08/20 01:16:31AM parser.py:31 [INFO] WORKERS=4
08/20 01:16:31AM parser.py:32 [INFO] 
08/20 01:16:52AM searchStage_trainer.py:128 [INFO] --> No loaded checkpoint!
####### ALPHA #######
# Alpha - DAG
tensor([[0.2502, 0.2500, 0.2500, 0.2498],
        [0.2500, 0.2497, 0.2501, 0.2503]], device='cuda:0',
       grad_fn=<SoftmaxBackward0>)
tensor([[0.2496, 0.2502, 0.2500, 0.2502],
        [0.2498, 0.2501, 0.2501, 0.2500],
        [0.2501, 0.2501, 0.2500, 0.2498]], device='cuda:0',
       grad_fn=<SoftmaxBackward0>)
tensor([[0.2499, 0.2498, 0.2502, 0.2501],
        [0.2500, 0.2501, 0.2498, 0.2502],
        [0.2498, 0.2500, 0.2502, 0.2501]], device='cuda:0',
       grad_fn=<SoftmaxBackward0>)
tensor([[0.2499, 0.2498, 0.2501, 0.2502],
        [0.2501, 0.2503, 0.2495, 0.2501],
        [0.2499, 0.2500, 0.2498, 0.2503]], device='cuda:0',
       grad_fn=<SoftmaxBackward0>)
tensor([[0.2500, 0.2503, 0.2499, 0.2498],
        [0.2500, 0.2502, 0.2500, 0.2498],
        [0.2501, 0.2497, 0.2498, 0.2504]], device='cuda:0',
       grad_fn=<SoftmaxBackward0>)
tensor([[0.2498, 0.2502, 0.2498, 0.2502],
        [0.2500, 0.2501, 0.2500, 0.2499],
        [0.2496, 0.2500, 0.2506, 0.2497]], device='cuda:0',
       grad_fn=<SoftmaxBackward0>)
tensor([[0.2501, 0.2498, 0.2501, 0.2501],
        [0.2497, 0.2497, 0.2504, 0.2502]], device='cuda:0',
       grad_fn=<SoftmaxBackward0>)
tensor([[0.2499, 0.2499, 0.2501, 0.2501],
        [0.2502, 0.2501, 0.2499, 0.2498],
        [0.2500, 0.2499, 0.2499, 0.2502]], device='cuda:0',
       grad_fn=<SoftmaxBackward0>)
tensor([[0.2504, 0.2499, 0.2497, 0.2500],
        [0.2499, 0.2499, 0.2498, 0.2504],
        [0.2500, 0.2498, 0.2500, 0.2502]], device='cuda:0',
       grad_fn=<SoftmaxBackward0>)
tensor([[0.2501, 0.2503, 0.2497, 0.2500],
        [0.2501, 0.2498, 0.2502, 0.2499],
        [0.2500, 0.2501, 0.2498, 0.2501]], device='cuda:0',
       grad_fn=<SoftmaxBackward0>)
tensor([[0.2496, 0.2504, 0.2502, 0.2498],
        [0.2501, 0.2499, 0.2500, 0.2500],
        [0.2503, 0.2499, 0.2496, 0.2502]], device='cuda:0',
       grad_fn=<SoftmaxBackward0>)
tensor([[0.2502, 0.2498, 0.2504, 0.2496],
        [0.2500, 0.2500, 0.2501, 0.2499],
        [0.2499, 0.2500, 0.2500, 0.2501]], device='cuda:0',
       grad_fn=<SoftmaxBackward0>)
tensor([[0.2501, 0.2501, 0.2500, 0.2498],
        [0.2501, 0.2498, 0.2502, 0.2499]], device='cuda:0',
       grad_fn=<SoftmaxBackward0>)
tensor([[0.2498, 0.2501, 0.2500, 0.2501],
        [0.2500, 0.2503, 0.2499, 0.2498],
        [0.2497, 0.2501, 0.2500, 0.2502]], device='cuda:0',
       grad_fn=<SoftmaxBackward0>)
tensor([[0.2502, 0.2501, 0.2500, 0.2497],
        [0.2496, 0.2501, 0.2501, 0.2502],
        [0.2501, 0.2497, 0.2500, 0.2503]], device='cuda:0',
       grad_fn=<SoftmaxBackward0>)
tensor([[0.2499, 0.2502, 0.2498, 0.2501],
        [0.2502, 0.2500, 0.2501, 0.2496],
        [0.2500, 0.2498, 0.2501, 0.2501]], device='cuda:0',
       grad_fn=<SoftmaxBackward0>)
tensor([[0.2502, 0.2500, 0.2499, 0.2498],
        [0.2497, 0.2497, 0.2502, 0.2505],
        [0.2503, 0.2503, 0.2497, 0.2497]], device='cuda:0',
       grad_fn=<SoftmaxBackward0>)
tensor([[0.2503, 0.2498, 0.2502, 0.2497],
        [0.2502, 0.2497, 0.2501, 0.2500],
        [0.2498, 0.2503, 0.2497, 0.2502]], device='cuda:0',
       grad_fn=<SoftmaxBackward0>)
#####################
08/20 01:17:30AM searchStage_trainer.py:261 [INFO] Train: Epoch: [0][50/390]	Step 50	lr 0.025	Loss 2.1968 (2.2571)	Hard Loss 2.1968 (2.2571)	Soft Loss 2.1968 (2.2571)	Arch Loss 1.8720 (2.2416)	Arch Hard Loss 0.0000 (0.0000)	Arch Soft Loss 0.0000 (0.0000)	Arch depth Loss 0.0000 (0.0000)	Prec@(1,5) (18.5%, 69.7%)	
08/20 01:18:03AM searchStage_trainer.py:261 [INFO] Train: Epoch: [0][100/390]	Step 100	lr 0.025	Loss 1.9738 (2.1564)	Hard Loss 1.9738 (2.1564)	Soft Loss 1.9738 (2.1564)	Arch Loss 2.1259 (2.1442)	Arch Hard Loss 0.0000 (0.0000)	Arch Soft Loss 0.0000 (0.0000)	Arch depth Loss 0.0000 (0.0000)	Prec@(1,5) (20.9%, 74.2%)	
08/20 01:18:31AM searchStage_trainer.py:261 [INFO] Train: Epoch: [0][150/390]	Step 150	lr 0.025	Loss 1.9134 (2.0840)	Hard Loss 1.9134 (2.0840)	Soft Loss 1.9134 (2.0840)	Arch Loss 1.9367 (2.0747)	Arch Hard Loss 0.0000 (0.0000)	Arch Soft Loss 0.0000 (0.0000)	Arch depth Loss 0.0000 (0.0000)	Prec@(1,5) (22.6%, 77.3%)	
08/20 01:19:04AM searchStage_trainer.py:261 [INFO] Train: Epoch: [0][200/390]	Step 200	lr 0.025	Loss 1.6801 (2.0192)	Hard Loss 1.6801 (2.0192)	Soft Loss 1.6801 (2.0192)	Arch Loss 1.8018 (2.0140)	Arch Hard Loss 0.0000 (0.0000)	Arch Soft Loss 0.0000 (0.0000)	Arch depth Loss 0.0000 (0.0000)	Prec@(1,5) (24.2%, 79.3%)	
08/20 01:19:37AM searchStage_trainer.py:261 [INFO] Train: Epoch: [0][250/390]	Step 250	lr 0.025	Loss 1.7376 (1.9657)	Hard Loss 1.7376 (1.9657)	Soft Loss 1.7376 (1.9657)	Arch Loss 1.6670 (1.9591)	Arch Hard Loss 0.0000 (0.0000)	Arch Soft Loss 0.0000 (0.0000)	Arch depth Loss 0.0000 (0.0000)	Prec@(1,5) (25.8%, 80.9%)	
08/20 01:20:06AM searchStage_trainer.py:261 [INFO] Train: Epoch: [0][300/390]	Step 300	lr 0.025	Loss 1.6396 (1.9282)	Hard Loss 1.6396 (1.9282)	Soft Loss 1.6396 (1.9282)	Arch Loss 1.6318 (1.9149)	Arch Hard Loss 0.0000 (0.0000)	Arch Soft Loss 0.0000 (0.0000)	Arch depth Loss 0.0000 (0.0000)	Prec@(1,5) (27.1%, 81.9%)	
08/20 01:20:39AM searchStage_trainer.py:261 [INFO] Train: Epoch: [0][350/390]	Step 350	lr 0.025	Loss 1.7099 (1.8926)	Hard Loss 1.7099 (1.8926)	Soft Loss 1.7099 (1.8926)	Arch Loss 1.8502 (1.8835)	Arch Hard Loss 0.0000 (0.0000)	Arch Soft Loss 0.0000 (0.0000)	Arch depth Loss 0.0000 (0.0000)	Prec@(1,5) (28.3%, 82.9%)	
08/20 01:21:06AM searchStage_trainer.py:261 [INFO] Train: Epoch: [0][390/390]	Step 390	lr 0.025	Loss 1.5216 (1.8635)	Hard Loss 1.5216 (1.8635)	Soft Loss 1.5216 (1.8635)	Arch Loss 1.7553 (1.8572)	Arch Hard Loss 0.0000 (0.0000)	Arch Soft Loss 0.0000 (0.0000)	Arch depth Loss 0.0000 (0.0000)	Prec@(1,5) (29.4%, 83.6%)	
08/20 01:21:11AM searchStage_trainer.py:277 [INFO] Train: [  0/49] Final Prec@1 29.3800%
08/20 01:21:15AM searchStage_trainer.py:305 [INFO] Valid: Epoch: [0][50/391]	Step 391	Loss 1.6328	Prec@(1,5) (37.4%, 89.2%)
08/20 01:21:20AM searchStage_trainer.py:305 [INFO] Valid: Epoch: [0][100/391]	Step 391	Loss 1.6302	Prec@(1,5) (37.5%, 89.6%)
08/20 01:21:24AM searchStage_trainer.py:305 [INFO] Valid: Epoch: [0][150/391]	Step 391	Loss 1.6315	Prec@(1,5) (37.1%, 89.4%)
08/20 01:21:28AM searchStage_trainer.py:305 [INFO] Valid: Epoch: [0][200/391]	Step 391	Loss 1.6275	Prec@(1,5) (37.2%, 89.4%)
08/20 01:21:32AM searchStage_trainer.py:305 [INFO] Valid: Epoch: [0][250/391]	Step 391	Loss 1.6296	Prec@(1,5) (37.4%, 89.4%)
08/20 01:21:35AM searchStage_trainer.py:305 [INFO] Valid: Epoch: [0][300/391]	Step 391	Loss 1.6279	Prec@(1,5) (37.7%, 89.4%)
08/20 01:21:38AM searchStage_trainer.py:305 [INFO] Valid: Epoch: [0][350/391]	Step 391	Loss 1.6216	Prec@(1,5) (37.9%, 89.4%)
08/20 01:21:41AM searchStage_trainer.py:305 [INFO] Valid: Epoch: [0][390/391]	Step 391	Loss 1.6189	Prec@(1,5) (37.9%, 89.5%)
08/20 01:21:41AM searchStage_trainer.py:316 [INFO] Valid: [  0/49] Final Prec@1 37.9120%
08/20 01:21:41AM searchStage_KD_main.py:58 [INFO] DAG = Genotype2(DAG1=[[('max_pool_3x3', 0), ('max_pool_3x3', 1)], [('max_pool_3x3', 1), ('max_pool_3x3', 0)], [('max_pool_3x3', 1), ('max_pool_3x3', 2)], [('max_pool_3x3', 3), ('skip_connect', 2)], [('max_pool_3x3', 3), ('max_pool_3x3', 4)], [('max_pool_3x3', 4), ('max_pool_3x3', 5)]], DAG1_concat=range(6, 8), DAG2=[[('skip_connect', 1), ('skip_connect', 0)], [('skip_connect', 1), ('skip_connect', 0)], [('skip_connect', 1), ('skip_connect', 3)], [('skip_connect', 3), ('skip_connect', 2)], [('skip_connect', 3), ('skip_connect', 4)], [('skip_connect', 4), ('skip_connect', 5)]], DAG2_concat=range(6, 8), DAG3=[[('skip_connect', 1), ('skip_connect', 0)], [('skip_connect', 1), ('skip_connect', 0)], [('skip_connect', 1), ('skip_connect', 2)], [('skip_connect', 4), ('skip_connect', 2)], [('skip_connect', 3), ('skip_connect', 4)], [('skip_connect', 4), ('skip_connect', 5)]], DAG3_concat=range(6, 8))
08/20 01:21:42AM searchStage_KD_main.py:89 [INFO] Until now, best Prec@1 = 37.9120%
####### ALPHA #######
# Alpha - DAG
tensor([[0.2520, 0.2469, 0.2510, 0.2501],
        [0.2509, 0.2477, 0.2509, 0.2505]], device='cuda:0',
       grad_fn=<SoftmaxBackward0>)
tensor([[0.2539, 0.2464, 0.2496, 0.2501],
        [0.2547, 0.2473, 0.2505, 0.2475],
        [0.2510, 0.2476, 0.2489, 0.2524]], device='cuda:0',
       grad_fn=<SoftmaxBackward0>)
tensor([[0.2532, 0.2487, 0.2507, 0.2474],
        [0.2504, 0.2491, 0.2491, 0.2514],
        [0.2499, 0.2492, 0.2498, 0.2510]], device='cuda:0',
       grad_fn=<SoftmaxBackward0>)
tensor([[0.2502, 0.2497, 0.2507, 0.2494],
        [0.2513, 0.2498, 0.2499, 0.2490],
        [0.2488, 0.2497, 0.2494, 0.2521]], device='cuda:0',
       grad_fn=<SoftmaxBackward0>)
tensor([[0.2525, 0.2495, 0.2515, 0.2465],
        [0.2517, 0.2490, 0.2490, 0.2502],
        [0.2503, 0.2483, 0.2476, 0.2538]], device='cuda:0',
       grad_fn=<SoftmaxBackward0>)
tensor([[0.2534, 0.2487, 0.2486, 0.2493],
        [0.2522, 0.2487, 0.2500, 0.2491],
        [0.2506, 0.2493, 0.2491, 0.2511]], device='cuda:0',
       grad_fn=<SoftmaxBackward0>)
tensor([[0.2500, 0.2489, 0.2510, 0.2501],
        [0.2484, 0.2500, 0.2516, 0.2499]], device='cuda:0',
       grad_fn=<SoftmaxBackward0>)
tensor([[0.2497, 0.2484, 0.2507, 0.2513],
        [0.2488, 0.2511, 0.2523, 0.2478],
        [0.2484, 0.2502, 0.2506, 0.2508]], device='cuda:0',
       grad_fn=<SoftmaxBackward0>)
tensor([[0.2503, 0.2518, 0.2525, 0.2453],
        [0.2478, 0.2497, 0.2502, 0.2524],
        [0.2464, 0.2504, 0.2511, 0.2521]], device='cuda:0',
       grad_fn=<SoftmaxBackward0>)
tensor([[0.2500, 0.2497, 0.2519, 0.2485],
        [0.2499, 0.2497, 0.2518, 0.2487],
        [0.2497, 0.2484, 0.2479, 0.2540]], device='cuda:0',
       grad_fn=<SoftmaxBackward0>)
tensor([[0.2468, 0.2522, 0.2557, 0.2452],
        [0.2473, 0.2492, 0.2515, 0.2520],
        [0.2467, 0.2502, 0.2483, 0.2547]], device='cuda:0',
       grad_fn=<SoftmaxBackward0>)
tensor([[0.2480, 0.2509, 0.2544, 0.2467],
        [0.2465, 0.2511, 0.2514, 0.2511],
        [0.2464, 0.2503, 0.2502, 0.2531]], device='cuda:0',
       grad_fn=<SoftmaxBackward0>)
tensor([[0.2451, 0.2486, 0.2564, 0.2499],
        [0.2462, 0.2483, 0.2568, 0.2487]], device='cuda:0',
       grad_fn=<SoftmaxBackward0>)
tensor([[0.2461, 0.2495, 0.2554, 0.2490],
        [0.2446, 0.2498, 0.2566, 0.2491],
        [0.2470, 0.2504, 0.2511, 0.2515]], device='cuda:0',
       grad_fn=<SoftmaxBackward0>)
tensor([[0.2471, 0.2501, 0.2577, 0.2451],
        [0.2454, 0.2496, 0.2528, 0.2522],
        [0.2458, 0.2484, 0.2528, 0.2531]], device='cuda:0',
       grad_fn=<SoftmaxBackward0>)
tensor([[0.2472, 0.2497, 0.2528, 0.2503],
        [0.2465, 0.2492, 0.2529, 0.2514],
        [0.2484, 0.2496, 0.2527, 0.2493]], device='cuda:0',
       grad_fn=<SoftmaxBackward0>)
tensor([[0.2460, 0.2513, 0.2567, 0.2460],
        [0.2462, 0.2483, 0.2525, 0.2530],
        [0.2466, 0.2492, 0.2507, 0.2535]], device='cuda:0',
       grad_fn=<SoftmaxBackward0>)
tensor([[0.2474, 0.2481, 0.2578, 0.2468],
        [0.2467, 0.2498, 0.2545, 0.2491],
        [0.2443, 0.2464, 0.2530, 0.2564]], device='cuda:0',
       grad_fn=<SoftmaxBackward0>)
#####################
08/20 01:22:16午前 searchStage_trainer.py:261 [INFO] Train: Epoch: [1][50/390]	Step 441	lr 0.02498	Loss 1.6950 (1.6080)	Hard Loss 1.6950 (1.6080)	Soft Loss 1.6950 (1.6080)	Arch Loss 1.5221 (1.6145)	Arch Hard Loss 0.0000 (0.0000)	Arch Soft Loss 0.0000 (0.0000)	Arch depth Loss 0.0000 (0.0000)	Prec@(1,5) (39.0%, 89.9%)	
08/20 01:22:49午前 searchStage_trainer.py:261 [INFO] Train: Epoch: [1][100/390]	Step 491	lr 0.02498	Loss 1.6130 (1.5955)	Hard Loss 1.6130 (1.5955)	Soft Loss 1.6130 (1.5955)	Arch Loss 1.5054 (1.6128)	Arch Hard Loss 0.0000 (0.0000)	Arch Soft Loss 0.0000 (0.0000)	Arch depth Loss 0.0000 (0.0000)	Prec@(1,5) (39.7%, 90.5%)	
08/20 01:23:18午前 searchStage_trainer.py:261 [INFO] Train: Epoch: [1][150/390]	Step 541	lr 0.02498	Loss 1.8212 (1.5905)	Hard Loss 1.8212 (1.5905)	Soft Loss 1.8212 (1.5905)	Arch Loss 1.5598 (1.5969)	Arch Hard Loss 0.0000 (0.0000)	Arch Soft Loss 0.0000 (0.0000)	Arch depth Loss 0.0000 (0.0000)	Prec@(1,5) (40.1%, 90.6%)	
08/20 01:23:51午前 searchStage_trainer.py:261 [INFO] Train: Epoch: [1][200/390]	Step 591	lr 0.02498	Loss 1.6108 (1.5845)	Hard Loss 1.6108 (1.5845)	Soft Loss 1.6108 (1.5845)	Arch Loss 1.6890 (1.5823)	Arch Hard Loss 0.0000 (0.0000)	Arch Soft Loss 0.0000 (0.0000)	Arch depth Loss 0.0000 (0.0000)	Prec@(1,5) (40.6%, 90.6%)	
08/20 01:24:24午前 searchStage_trainer.py:261 [INFO] Train: Epoch: [1][250/390]	Step 641	lr 0.02498	Loss 1.4757 (1.5725)	Hard Loss 1.4757 (1.5725)	Soft Loss 1.4757 (1.5725)	Arch Loss 1.3987 (1.5668)	Arch Hard Loss 0.0000 (0.0000)	Arch Soft Loss 0.0000 (0.0000)	Arch depth Loss 0.0000 (0.0000)	Prec@(1,5) (41.0%, 90.8%)	
08/20 01:24:54午前 searchStage_trainer.py:261 [INFO] Train: Epoch: [1][300/390]	Step 691	lr 0.02498	Loss 1.6918 (1.5639)	Hard Loss 1.6918 (1.5639)	Soft Loss 1.6918 (1.5639)	Arch Loss 1.6200 (1.5607)	Arch Hard Loss 0.0000 (0.0000)	Arch Soft Loss 0.0000 (0.0000)	Arch depth Loss 0.0000 (0.0000)	Prec@(1,5) (41.3%, 90.8%)	
08/20 01:25:26午前 searchStage_trainer.py:261 [INFO] Train: Epoch: [1][350/390]	Step 741	lr 0.02498	Loss 1.3771 (1.5519)	Hard Loss 1.3771 (1.5519)	Soft Loss 1.3771 (1.5519)	Arch Loss 1.4993 (1.5484)	Arch Hard Loss 0.0000 (0.0000)	Arch Soft Loss 0.0000 (0.0000)	Arch depth Loss 0.0000 (0.0000)	Prec@(1,5) (41.9%, 90.9%)	
08/20 01:25:53午前 searchStage_trainer.py:261 [INFO] Train: Epoch: [1][390/390]	Step 781	lr 0.02498	Loss 1.5516 (1.5437)	Hard Loss 1.5516 (1.5437)	Soft Loss 1.5516 (1.5437)	Arch Loss 1.1857 (1.5423)	Arch Hard Loss 0.0000 (0.0000)	Arch Soft Loss 0.0000 (0.0000)	Arch depth Loss 0.0000 (0.0000)	Prec@(1,5) (42.2%, 91.0%)	
08/20 01:25:54午前 searchStage_trainer.py:277 [INFO] Train: [  1/49] Final Prec@1 42.2360%
08/20 01:25:58午前 searchStage_trainer.py:305 [INFO] Valid: Epoch: [1][50/391]	Step 782	Loss 1.7205	Prec@(1,5) (39.5%, 89.5%)
08/20 01:26:03午前 searchStage_trainer.py:305 [INFO] Valid: Epoch: [1][100/391]	Step 782	Loss 1.7405	Prec@(1,5) (39.0%, 89.4%)
08/20 01:26:07午前 searchStage_trainer.py:305 [INFO] Valid: Epoch: [1][150/391]	Step 782	Loss 1.7358	Prec@(1,5) (38.8%, 89.0%)
08/20 01:26:11午前 searchStage_trainer.py:305 [INFO] Valid: Epoch: [1][200/391]	Step 782	Loss 1.7345	Prec@(1,5) (39.0%, 89.1%)
08/20 01:26:16午前 searchStage_trainer.py:305 [INFO] Valid: Epoch: [1][250/391]	Step 782	Loss 1.7315	Prec@(1,5) (39.2%, 89.1%)
08/20 01:26:20午前 searchStage_trainer.py:305 [INFO] Valid: Epoch: [1][300/391]	Step 782	Loss 1.7312	Prec@(1,5) (39.2%, 89.1%)
08/20 01:26:24午前 searchStage_trainer.py:305 [INFO] Valid: Epoch: [1][350/391]	Step 782	Loss 1.7301	Prec@(1,5) (39.4%, 89.1%)
08/20 01:26:27午前 searchStage_trainer.py:305 [INFO] Valid: Epoch: [1][390/391]	Step 782	Loss 1.7294	Prec@(1,5) (39.4%, 89.1%)
08/20 01:26:27午前 searchStage_trainer.py:316 [INFO] Valid: [  1/49] Final Prec@1 39.3680%
08/20 01:26:27午前 searchStage_KD_main.py:58 [INFO] DAG = Genotype2(DAG1=[[('skip_connect', 0), ('skip_connect', 1)], [('max_pool_3x3', 1), ('max_pool_3x3', 0)], [('max_pool_3x3', 1), ('max_pool_3x3', 2)], [('max_pool_3x3', 3), ('skip_connect', 2)], [('max_pool_3x3', 3), ('max_pool_3x3', 4)], [('max_pool_3x3', 4), ('max_pool_3x3', 5)]], DAG1_concat=range(6, 8), DAG2=[[('skip_connect', 0), ('skip_connect', 1)], [('skip_connect', 1), ('skip_connect', 0)], [('skip_connect', 1), ('skip_connect', 2)], [('skip_connect', 2), ('skip_connect', 3)], [('skip_connect', 3), ('skip_connect', 4)], [('skip_connect', 4), ('skip_connect', 5)]], DAG2_concat=range(6, 8), DAG3=[[('skip_connect', 1), ('skip_connect', 0)], [('skip_connect', 1), ('skip_connect', 0)], [('skip_connect', 1), ('skip_connect', 2)], [('skip_connect', 4), ('skip_connect', 3)], [('skip_connect', 3), ('skip_connect', 4)], [('skip_connect', 4), ('skip_connect', 5)]], DAG3_concat=range(6, 8))
08/20 01:26:27午前 searchStage_KD_main.py:89 [INFO] Until now, best Prec@1 = 39.3680%
####### ALPHA #######
# Alpha - DAG
tensor([[0.2532, 0.2407, 0.2560, 0.2501],
        [0.2523, 0.2425, 0.2541, 0.2511]], device='cuda:0',
       grad_fn=<SoftmaxBackward0>)
tensor([[0.2643, 0.2344, 0.2529, 0.2484],
        [0.2647, 0.2337, 0.2542, 0.2474],
        [0.2549, 0.2418, 0.2484, 0.2548]], device='cuda:0',
       grad_fn=<SoftmaxBackward0>)
tensor([[0.2596, 0.2434, 0.2538, 0.2432],
        [0.2529, 0.2462, 0.2481, 0.2528],
        [0.2516, 0.2461, 0.2486, 0.2536]], device='cuda:0',
       grad_fn=<SoftmaxBackward0>)
tensor([[0.2509, 0.2484, 0.2511, 0.2497],
        [0.2539, 0.2457, 0.2506, 0.2498],
        [0.2508, 0.2480, 0.2495, 0.2516]], device='cuda:0',
       grad_fn=<SoftmaxBackward0>)
tensor([[0.2586, 0.2426, 0.2563, 0.2425],
        [0.2523, 0.2458, 0.2493, 0.2526],
        [0.2502, 0.2465, 0.2456, 0.2578]], device='cuda:0',
       grad_fn=<SoftmaxBackward0>)
tensor([[0.2573, 0.2461, 0.2502, 0.2463],
        [0.2540, 0.2472, 0.2499, 0.2489],
        [0.2505, 0.2478, 0.2468, 0.2548]], device='cuda:0',
       grad_fn=<SoftmaxBackward0>)
tensor([[0.2520, 0.2457, 0.2532, 0.2490],
        [0.2496, 0.2465, 0.2533, 0.2506]], device='cuda:0',
       grad_fn=<SoftmaxBackward0>)
tensor([[0.2523, 0.2460, 0.2525, 0.2492],
        [0.2507, 0.2466, 0.2543, 0.2484],
        [0.2501, 0.2465, 0.2509, 0.2525]], device='cuda:0',
       grad_fn=<SoftmaxBackward0>)
tensor([[0.2506, 0.2524, 0.2558, 0.2413],
        [0.2483, 0.2462, 0.2518, 0.2537],
        [0.2480, 0.2467, 0.2503, 0.2550]], device='cuda:0',
       grad_fn=<SoftmaxBackward0>)
tensor([[0.2525, 0.2476, 0.2556, 0.2442],
        [0.2533, 0.2455, 0.2538, 0.2474],
        [0.2500, 0.2450, 0.2441, 0.2609]], device='cuda:0',
       grad_fn=<SoftmaxBackward0>)
tensor([[0.2481, 0.2489, 0.2590, 0.2441],
        [0.2466, 0.2474, 0.2539, 0.2521],
        [0.2471, 0.2471, 0.2480, 0.2578]], device='cuda:0',
       grad_fn=<SoftmaxBackward0>)
tensor([[0.2501, 0.2477, 0.2575, 0.2447],
        [0.2459, 0.2488, 0.2520, 0.2533],
        [0.2469, 0.2479, 0.2503, 0.2550]], device='cuda:0',
       grad_fn=<SoftmaxBackward0>)
tensor([[0.2420, 0.2431, 0.2636, 0.2513],
        [0.2455, 0.2436, 0.2643, 0.2466]], device='cuda:0',
       grad_fn=<SoftmaxBackward0>)
tensor([[0.2458, 0.2450, 0.2605, 0.2487],
        [0.2426, 0.2458, 0.2624, 0.2492],
        [0.2494, 0.2473, 0.2517, 0.2516]], device='cuda:0',
       grad_fn=<SoftmaxBackward0>)
tensor([[0.2476, 0.2473, 0.2647, 0.2403],
        [0.2445, 0.2462, 0.2553, 0.2540],
        [0.2446, 0.2443, 0.2546, 0.2565]], device='cuda:0',
       grad_fn=<SoftmaxBackward0>)
tensor([[0.2464, 0.2477, 0.2536, 0.2523],
        [0.2447, 0.2472, 0.2563, 0.2518],
        [0.2479, 0.2463, 0.2571, 0.2486]], device='cuda:0',
       grad_fn=<SoftmaxBackward0>)
tensor([[0.2481, 0.2490, 0.2560, 0.2468],
        [0.2472, 0.2444, 0.2538, 0.2546],
        [0.2480, 0.2476, 0.2525, 0.2520]], device='cuda:0',
       grad_fn=<SoftmaxBackward0>)
tensor([[0.2493, 0.2430, 0.2608, 0.2469],
        [0.2466, 0.2490, 0.2567, 0.2477],
        [0.2446, 0.2435, 0.2534, 0.2585]], device='cuda:0',
       grad_fn=<SoftmaxBackward0>)
#####################
08/20 01:26:59午前 searchStage_trainer.py:261 [INFO] Train: Epoch: [2][50/390]	Step 832	lr 0.02491	Loss 1.3045 (1.3948)	Hard Loss 1.3045 (1.3948)	Soft Loss 1.3045 (1.3948)	Arch Loss 1.4754 (1.4102)	Arch Hard Loss 0.0000 (0.0000)	Arch Soft Loss 0.0000 (0.0000)	Arch depth Loss 0.0000 (0.0000)	Prec@(1,5) (48.2%, 92.7%)	
08/20 01:27:32午前 searchStage_trainer.py:261 [INFO] Train: Epoch: [2][100/390]	Step 882	lr 0.02491	Loss 1.3970 (1.3924)	Hard Loss 1.3970 (1.3924)	Soft Loss 1.3970 (1.3924)	Arch Loss 1.4096 (1.4079)	Arch Hard Loss 0.0000 (0.0000)	Arch Soft Loss 0.0000 (0.0000)	Arch depth Loss 0.0000 (0.0000)	Prec@(1,5) (48.3%, 93.1%)	
08/20 01:28:04午前 searchStage_trainer.py:261 [INFO] Train: Epoch: [2][150/390]	Step 932	lr 0.02491	Loss 1.5462 (1.4003)	Hard Loss 1.5462 (1.4003)	Soft Loss 1.5462 (1.4003)	Arch Loss 1.3104 (1.4049)	Arch Hard Loss 0.0000 (0.0000)	Arch Soft Loss 0.0000 (0.0000)	Arch depth Loss 0.0000 (0.0000)	Prec@(1,5) (47.9%, 92.8%)	
08/20 01:28:34午前 searchStage_trainer.py:261 [INFO] Train: Epoch: [2][200/390]	Step 982	lr 0.02491	Loss 1.2695 (1.3907)	Hard Loss 1.2695 (1.3907)	Soft Loss 1.2695 (1.3907)	Arch Loss 1.5190 (1.3971)	Arch Hard Loss 0.0000 (0.0000)	Arch Soft Loss 0.0000 (0.0000)	Arch depth Loss 0.0000 (0.0000)	Prec@(1,5) (48.3%, 92.9%)	
08/20 01:29:07午前 searchStage_trainer.py:261 [INFO] Train: Epoch: [2][250/390]	Step 1032	lr 0.02491	Loss 1.3702 (1.3821)	Hard Loss 1.3702 (1.3821)	Soft Loss 1.3702 (1.3821)	Arch Loss 1.3619 (1.3991)	Arch Hard Loss 0.0000 (0.0000)	Arch Soft Loss 0.0000 (0.0000)	Arch depth Loss 0.0000 (0.0000)	Prec@(1,5) (48.7%, 93.0%)	
08/20 01:29:40午前 searchStage_trainer.py:261 [INFO] Train: Epoch: [2][300/390]	Step 1082	lr 0.02491	Loss 1.2440 (1.3782)	Hard Loss 1.2440 (1.3782)	Soft Loss 1.2440 (1.3782)	Arch Loss 1.3176 (1.3905)	Arch Hard Loss 0.0000 (0.0000)	Arch Soft Loss 0.0000 (0.0000)	Arch depth Loss 0.0000 (0.0000)	Prec@(1,5) (48.9%, 93.0%)	
08/20 01:30:09午前 searchStage_trainer.py:261 [INFO] Train: Epoch: [2][350/390]	Step 1132	lr 0.02491	Loss 1.1357 (1.3742)	Hard Loss 1.1357 (1.3742)	Soft Loss 1.1357 (1.3742)	Arch Loss 1.0650 (1.3855)	Arch Hard Loss 0.0000 (0.0000)	Arch Soft Loss 0.0000 (0.0000)	Arch depth Loss 0.0000 (0.0000)	Prec@(1,5) (49.2%, 92.9%)	
08/20 01:30:35午前 searchStage_trainer.py:261 [INFO] Train: Epoch: [2][390/390]	Step 1172	lr 0.02491	Loss 1.1975 (1.3690)	Hard Loss 1.1975 (1.3690)	Soft Loss 1.1975 (1.3690)	Arch Loss 1.2531 (1.3828)	Arch Hard Loss 0.0000 (0.0000)	Arch Soft Loss 0.0000 (0.0000)	Arch depth Loss 0.0000 (0.0000)	Prec@(1,5) (49.4%, 93.0%)	
08/20 01:30:36午前 searchStage_trainer.py:277 [INFO] Train: [  2/49] Final Prec@1 49.4080%
08/20 01:30:41午前 searchStage_trainer.py:305 [INFO] Valid: Epoch: [2][50/391]	Step 1173	Loss 1.3768	Prec@(1,5) (49.9%, 92.6%)
08/20 01:30:45午前 searchStage_trainer.py:305 [INFO] Valid: Epoch: [2][100/391]	Step 1173	Loss 1.3783	Prec@(1,5) (49.4%, 93.0%)
08/20 01:30:49午前 searchStage_trainer.py:305 [INFO] Valid: Epoch: [2][150/391]	Step 1173	Loss 1.3792	Prec@(1,5) (49.4%, 93.0%)
08/20 01:30:54午前 searchStage_trainer.py:305 [INFO] Valid: Epoch: [2][200/391]	Step 1173	Loss 1.3823	Prec@(1,5) (49.5%, 92.8%)
08/20 01:30:58午前 searchStage_trainer.py:305 [INFO] Valid: Epoch: [2][250/391]	Step 1173	Loss 1.3738	Prec@(1,5) (49.7%, 92.9%)
08/20 01:31:02午前 searchStage_trainer.py:305 [INFO] Valid: Epoch: [2][300/391]	Step 1173	Loss 1.3757	Prec@(1,5) (49.6%, 93.0%)
08/20 01:31:07午前 searchStage_trainer.py:305 [INFO] Valid: Epoch: [2][350/391]	Step 1173	Loss 1.3777	Prec@(1,5) (49.5%, 93.1%)
08/20 01:31:10午前 searchStage_trainer.py:305 [INFO] Valid: Epoch: [2][390/391]	Step 1173	Loss 1.3749	Prec@(1,5) (49.7%, 93.1%)
08/20 01:31:11午前 searchStage_trainer.py:316 [INFO] Valid: [  2/49] Final Prec@1 49.6680%
08/20 01:31:11午前 searchStage_KD_main.py:58 [INFO] DAG = Genotype2(DAG1=[[('skip_connect', 0), ('skip_connect', 1)], [('max_pool_3x3', 0), ('max_pool_3x3', 1)], [('max_pool_3x3', 1), ('max_pool_3x3', 3)], [('max_pool_3x3', 3), ('max_pool_3x3', 2)], [('skip_connect', 3), ('max_pool_3x3', 4)], [('max_pool_3x3', 4), ('max_pool_3x3', 5)]], DAG1_concat=range(6, 8), DAG2=[[('skip_connect', 1), ('skip_connect', 0)], [('skip_connect', 1), ('skip_connect', 0)], [('skip_connect', 1), ('skip_connect', 2)], [('skip_connect', 2), ('skip_connect', 3)], [('skip_connect', 3), ('skip_connect', 4)], [('skip_connect', 4), ('skip_connect', 5)]], DAG2_concat=range(6, 8), DAG3=[[('skip_connect', 1), ('skip_connect', 0)], [('skip_connect', 1), ('skip_connect', 0)], [('skip_connect', 1), ('skip_connect', 2)], [('skip_connect', 4), ('skip_connect', 3)], [('skip_connect', 3), ('skip_connect', 4)], [('skip_connect', 4), ('skip_connect', 5)]], DAG3_concat=range(6, 8))
08/20 01:31:11午前 searchStage_KD_main.py:89 [INFO] Until now, best Prec@1 = 49.6680%
####### ALPHA #######
# Alpha - DAG
tensor([[0.2513, 0.2333, 0.2667, 0.2487],
        [0.2505, 0.2361, 0.2608, 0.2525]], device='cuda:0',
       grad_fn=<SoftmaxBackward0>)
tensor([[0.2749, 0.2184, 0.2602, 0.2466],
        [0.2736, 0.2180, 0.2648, 0.2436],
        [0.2592, 0.2351, 0.2455, 0.2602]], device='cuda:0',
       grad_fn=<SoftmaxBackward0>)
tensor([[0.2655, 0.2384, 0.2572, 0.2389],
        [0.2523, 0.2418, 0.2465, 0.2594],
        [0.2542, 0.2433, 0.2500, 0.2525]], device='cuda:0',
       grad_fn=<SoftmaxBackward0>)
tensor([[0.2538, 0.2478, 0.2526, 0.2458],
        [0.2555, 0.2424, 0.2511, 0.2510],
        [0.2509, 0.2460, 0.2484, 0.2547]], device='cuda:0',
       grad_fn=<SoftmaxBackward0>)
tensor([[0.2654, 0.2341, 0.2660, 0.2344],
        [0.2529, 0.2423, 0.2494, 0.2554],
        [0.2493, 0.2408, 0.2413, 0.2686]], device='cuda:0',
       grad_fn=<SoftmaxBackward0>)
tensor([[0.2591, 0.2456, 0.2554, 0.2399],
        [0.2543, 0.2454, 0.2486, 0.2517],
        [0.2490, 0.2464, 0.2448, 0.2598]], device='cuda:0',
       grad_fn=<SoftmaxBackward0>)
tensor([[0.2509, 0.2441, 0.2557, 0.2493],
        [0.2486, 0.2454, 0.2562, 0.2498]], device='cuda:0',
       grad_fn=<SoftmaxBackward0>)
tensor([[0.2538, 0.2450, 0.2542, 0.2470],
        [0.2517, 0.2442, 0.2563, 0.2478],
        [0.2507, 0.2453, 0.2493, 0.2547]], device='cuda:0',
       grad_fn=<SoftmaxBackward0>)
tensor([[0.2488, 0.2557, 0.2603, 0.2353],
        [0.2459, 0.2461, 0.2520, 0.2560],
        [0.2472, 0.2450, 0.2496, 0.2582]], device='cuda:0',
       grad_fn=<SoftmaxBackward0>)
tensor([[0.2529, 0.2463, 0.2602, 0.2406],
        [0.2533, 0.2441, 0.2538, 0.2488],
        [0.2484, 0.2455, 0.2424, 0.2637]], device='cuda:0',
       grad_fn=<SoftmaxBackward0>)
tensor([[0.2491, 0.2476, 0.2641, 0.2392],
        [0.2444, 0.2466, 0.2527, 0.2562],
        [0.2471, 0.2456, 0.2472, 0.2601]], device='cuda:0',
       grad_fn=<SoftmaxBackward0>)
tensor([[0.2485, 0.2481, 0.2605, 0.2430],
        [0.2434, 0.2495, 0.2531, 0.2540],
        [0.2446, 0.2486, 0.2499, 0.2569]], device='cuda:0',
       grad_fn=<SoftmaxBackward0>)
tensor([[0.2363, 0.2381, 0.2742, 0.2514],
        [0.2406, 0.2394, 0.2747, 0.2453]], device='cuda:0',
       grad_fn=<SoftmaxBackward0>)
tensor([[0.2422, 0.2423, 0.2686, 0.2469],
        [0.2378, 0.2425, 0.2703, 0.2494],
        [0.2521, 0.2442, 0.2516, 0.2521]], device='cuda:0',
       grad_fn=<SoftmaxBackward0>)
tensor([[0.2454, 0.2457, 0.2742, 0.2347],
        [0.2437, 0.2423, 0.2575, 0.2565],
        [0.2420, 0.2408, 0.2569, 0.2603]], device='cuda:0',
       grad_fn=<SoftmaxBackward0>)
tensor([[0.2464, 0.2456, 0.2543, 0.2536],
        [0.2451, 0.2432, 0.2587, 0.2529],
        [0.2466, 0.2443, 0.2614, 0.2477]], device='cuda:0',
       grad_fn=<SoftmaxBackward0>)
tensor([[0.2485, 0.2474, 0.2553, 0.2487],
        [0.2479, 0.2412, 0.2561, 0.2549],
        [0.2469, 0.2460, 0.2560, 0.2511]], device='cuda:0',
       grad_fn=<SoftmaxBackward0>)
tensor([[0.2511, 0.2392, 0.2628, 0.2469],
        [0.2465, 0.2472, 0.2611, 0.2452],
        [0.2442, 0.2391, 0.2545, 0.2622]], device='cuda:0',
       grad_fn=<SoftmaxBackward0>)
#####################
08/20 01:31:41午前 searchStage_trainer.py:261 [INFO] Train: Epoch: [3][50/390]	Step 1223	lr 0.02479	Loss 1.1477 (1.2787)	Hard Loss 1.1477 (1.2787)	Soft Loss 1.1477 (1.2787)	Arch Loss 1.1710 (1.3027)	Arch Hard Loss 0.0000 (0.0000)	Arch Soft Loss 0.0000 (0.0000)	Arch depth Loss 0.0000 (0.0000)	Prec@(1,5) (53.2%, 94.4%)	
08/20 01:32:14午前 searchStage_trainer.py:261 [INFO] Train: Epoch: [3][100/390]	Step 1273	lr 0.02479	Loss 1.1362 (1.2663)	Hard Loss 1.1362 (1.2663)	Soft Loss 1.1362 (1.2663)	Arch Loss 1.3028 (1.2818)	Arch Hard Loss 0.0000 (0.0000)	Arch Soft Loss 0.0000 (0.0000)	Arch depth Loss 0.0000 (0.0000)	Prec@(1,5) (53.4%, 94.7%)	
08/20 01:32:47午前 searchStage_trainer.py:261 [INFO] Train: Epoch: [3][150/390]	Step 1323	lr 0.02479	Loss 1.1465 (1.2586)	Hard Loss 1.1465 (1.2586)	Soft Loss 1.1465 (1.2586)	Arch Loss 1.2232 (1.2755)	Arch Hard Loss 0.0000 (0.0000)	Arch Soft Loss 0.0000 (0.0000)	Arch depth Loss 0.0000 (0.0000)	Prec@(1,5) (53.6%, 94.8%)	
08/20 01:33:16午前 searchStage_trainer.py:261 [INFO] Train: Epoch: [3][200/390]	Step 1373	lr 0.02479	Loss 1.3511 (1.2512)	Hard Loss 1.3511 (1.2512)	Soft Loss 1.3511 (1.2512)	Arch Loss 1.3854 (1.2728)	Arch Hard Loss 0.0000 (0.0000)	Arch Soft Loss 0.0000 (0.0000)	Arch depth Loss 0.0000 (0.0000)	Prec@(1,5) (53.9%, 94.8%)	
08/20 01:33:49午前 searchStage_trainer.py:261 [INFO] Train: Epoch: [3][250/390]	Step 1423	lr 0.02479	Loss 1.1221 (1.2516)	Hard Loss 1.1221 (1.2516)	Soft Loss 1.1221 (1.2516)	Arch Loss 1.2817 (1.2719)	Arch Hard Loss 0.0000 (0.0000)	Arch Soft Loss 0.0000 (0.0000)	Arch depth Loss 0.0000 (0.0000)	Prec@(1,5) (53.9%, 94.8%)	
08/20 01:34:22午前 searchStage_trainer.py:261 [INFO] Train: Epoch: [3][300/390]	Step 1473	lr 0.02479	Loss 1.2530 (1.2553)	Hard Loss 1.2530 (1.2553)	Soft Loss 1.2530 (1.2553)	Arch Loss 1.2289 (1.2685)	Arch Hard Loss 0.0000 (0.0000)	Arch Soft Loss 0.0000 (0.0000)	Arch depth Loss 0.0000 (0.0000)	Prec@(1,5) (53.8%, 94.6%)	
08/20 01:34:50午前 searchStage_trainer.py:261 [INFO] Train: Epoch: [3][350/390]	Step 1523	lr 0.02479	Loss 1.1943 (1.2490)	Hard Loss 1.1943 (1.2490)	Soft Loss 1.1943 (1.2490)	Arch Loss 1.2780 (1.2618)	Arch Hard Loss 0.0000 (0.0000)	Arch Soft Loss 0.0000 (0.0000)	Arch depth Loss 0.0000 (0.0000)	Prec@(1,5) (54.2%, 94.6%)	
08/20 01:35:17午前 searchStage_trainer.py:261 [INFO] Train: Epoch: [3][390/390]	Step 1563	lr 0.02479	Loss 1.6058 (1.2435)	Hard Loss 1.6058 (1.2435)	Soft Loss 1.6058 (1.2435)	Arch Loss 1.1922 (1.2585)	Arch Hard Loss 0.0000 (0.0000)	Arch Soft Loss 0.0000 (0.0000)	Arch depth Loss 0.0000 (0.0000)	Prec@(1,5) (54.4%, 94.6%)	
08/20 01:35:17午前 searchStage_trainer.py:277 [INFO] Train: [  3/49] Final Prec@1 54.4320%
08/20 01:35:22午前 searchStage_trainer.py:305 [INFO] Valid: Epoch: [3][50/391]	Step 1564	Loss 1.3380	Prec@(1,5) (53.3%, 92.7%)
08/20 01:35:26午前 searchStage_trainer.py:305 [INFO] Valid: Epoch: [3][100/391]	Step 1564	Loss 1.3143	Prec@(1,5) (53.6%, 93.5%)
08/20 01:35:31午前 searchStage_trainer.py:305 [INFO] Valid: Epoch: [3][150/391]	Step 1564	Loss 1.3067	Prec@(1,5) (54.1%, 93.4%)
08/20 01:35:35午前 searchStage_trainer.py:305 [INFO] Valid: Epoch: [3][200/391]	Step 1564	Loss 1.3083	Prec@(1,5) (54.0%, 93.4%)
08/20 01:35:39午前 searchStage_trainer.py:305 [INFO] Valid: Epoch: [3][250/391]	Step 1564	Loss 1.3021	Prec@(1,5) (54.0%, 93.4%)
08/20 01:35:44午前 searchStage_trainer.py:305 [INFO] Valid: Epoch: [3][300/391]	Step 1564	Loss 1.3021	Prec@(1,5) (54.1%, 93.5%)
08/20 01:35:48午前 searchStage_trainer.py:305 [INFO] Valid: Epoch: [3][350/391]	Step 1564	Loss 1.2981	Prec@(1,5) (54.1%, 93.4%)
08/20 01:35:52午前 searchStage_trainer.py:305 [INFO] Valid: Epoch: [3][390/391]	Step 1564	Loss 1.2979	Prec@(1,5) (54.2%, 93.5%)
08/20 01:35:52午前 searchStage_trainer.py:316 [INFO] Valid: [  3/49] Final Prec@1 54.1400%
08/20 01:35:52午前 searchStage_KD_main.py:58 [INFO] DAG = Genotype2(DAG1=[[('skip_connect', 0), ('skip_connect', 1)], [('skip_connect', 1), ('max_pool_3x3', 0)], [('max_pool_3x3', 1), ('max_pool_3x3', 3)], [('max_pool_3x3', 2), ('max_pool_3x3', 3)], [('skip_connect', 3), ('max_pool_3x3', 4)], [('max_pool_3x3', 4), ('max_pool_3x3', 5)]], DAG1_concat=range(6, 8), DAG2=[[('skip_connect', 1), ('skip_connect', 0)], [('skip_connect', 1), ('max_pool_3x3', 0)], [('skip_connect', 1), ('skip_connect', 2)], [('skip_connect', 2), ('skip_connect', 3)], [('skip_connect', 3), ('skip_connect', 4)], [('skip_connect', 4), ('skip_connect', 5)]], DAG2_concat=range(6, 8), DAG3=[[('skip_connect', 1), ('skip_connect', 0)], [('skip_connect', 1), ('skip_connect', 0)], [('skip_connect', 1), ('skip_connect', 2)], [('skip_connect', 4), ('skip_connect', 3)], [('skip_connect', 4), ('skip_connect', 5)], [('skip_connect', 4), ('skip_connect', 5)]], DAG3_concat=range(6, 8))
08/20 01:35:52午前 searchStage_KD_main.py:89 [INFO] Until now, best Prec@1 = 54.1400%
####### ALPHA #######
# Alpha - DAG
tensor([[0.2485, 0.2255, 0.2795, 0.2465],
        [0.2468, 0.2283, 0.2702, 0.2547]], device='cuda:0',
       grad_fn=<SoftmaxBackward0>)
tensor([[0.2767, 0.2040, 0.2756, 0.2437],
        [0.2720, 0.2037, 0.2841, 0.2402],
        [0.2546, 0.2324, 0.2478, 0.2652]], device='cuda:0',
       grad_fn=<SoftmaxBackward0>)
tensor([[0.2666, 0.2320, 0.2642, 0.2372],
        [0.2511, 0.2375, 0.2491, 0.2624],
        [0.2566, 0.2384, 0.2528, 0.2523]], device='cuda:0',
       grad_fn=<SoftmaxBackward0>)
tensor([[0.2559, 0.2463, 0.2529, 0.2449],
        [0.2566, 0.2388, 0.2545, 0.2501],
        [0.2507, 0.2433, 0.2489, 0.2570]], device='cuda:0',
       grad_fn=<SoftmaxBackward0>)
tensor([[0.2670, 0.2253, 0.2776, 0.2301],
        [0.2539, 0.2385, 0.2507, 0.2568],
        [0.2470, 0.2373, 0.2398, 0.2759]], device='cuda:0',
       grad_fn=<SoftmaxBackward0>)
tensor([[0.2638, 0.2422, 0.2576, 0.2364],
        [0.2557, 0.2450, 0.2480, 0.2513],
        [0.2491, 0.2414, 0.2443, 0.2652]], device='cuda:0',
       grad_fn=<SoftmaxBackward0>)
tensor([[0.2523, 0.2422, 0.2567, 0.2488],
        [0.2482, 0.2431, 0.2586, 0.2501]], device='cuda:0',
       grad_fn=<SoftmaxBackward0>)
tensor([[0.2558, 0.2444, 0.2548, 0.2450],
        [0.2513, 0.2420, 0.2581, 0.2485],
        [0.2519, 0.2439, 0.2483, 0.2559]], device='cuda:0',
       grad_fn=<SoftmaxBackward0>)
tensor([[0.2495, 0.2555, 0.2638, 0.2311],
        [0.2460, 0.2445, 0.2523, 0.2572],
        [0.2469, 0.2443, 0.2479, 0.2610]], device='cuda:0',
       grad_fn=<SoftmaxBackward0>)
tensor([[0.2528, 0.2456, 0.2636, 0.2380],
        [0.2525, 0.2437, 0.2530, 0.2509],
        [0.2484, 0.2447, 0.2422, 0.2647]], device='cuda:0',
       grad_fn=<SoftmaxBackward0>)
tensor([[0.2494, 0.2480, 0.2688, 0.2339],
        [0.2429, 0.2464, 0.2550, 0.2557],
        [0.2454, 0.2441, 0.2435, 0.2670]], device='cuda:0',
       grad_fn=<SoftmaxBackward0>)
tensor([[0.2460, 0.2495, 0.2641, 0.2405],
        [0.2411, 0.2498, 0.2546, 0.2546],
        [0.2414, 0.2488, 0.2498, 0.2601]], device='cuda:0',
       grad_fn=<SoftmaxBackward0>)
tensor([[0.2327, 0.2342, 0.2812, 0.2519],
        [0.2382, 0.2353, 0.2822, 0.2443]], device='cuda:0',
       grad_fn=<SoftmaxBackward0>)
tensor([[0.2398, 0.2396, 0.2749, 0.2457],
        [0.2363, 0.2411, 0.2769, 0.2458],
        [0.2508, 0.2415, 0.2521, 0.2557]], device='cuda:0',
       grad_fn=<SoftmaxBackward0>)
tensor([[0.2447, 0.2460, 0.2817, 0.2276],
        [0.2429, 0.2383, 0.2594, 0.2594],
        [0.2413, 0.2373, 0.2556, 0.2658]], device='cuda:0',
       grad_fn=<SoftmaxBackward0>)
tensor([[0.2468, 0.2429, 0.2561, 0.2543],
        [0.2451, 0.2389, 0.2615, 0.2545],
        [0.2448, 0.2408, 0.2669, 0.2474]], device='cuda:0',
       grad_fn=<SoftmaxBackward0>)
tensor([[0.2490, 0.2449, 0.2566, 0.2495],
        [0.2483, 0.2376, 0.2589, 0.2553],
        [0.2450, 0.2438, 0.2595, 0.2517]], device='cuda:0',
       grad_fn=<SoftmaxBackward0>)
tensor([[0.2544, 0.2360, 0.2669, 0.2427],
        [0.2474, 0.2456, 0.2631, 0.2439],
        [0.2411, 0.2329, 0.2572, 0.2687]], device='cuda:0',
       grad_fn=<SoftmaxBackward0>)
#####################
08/20 01:36:23午前 searchStage_trainer.py:261 [INFO] Train: Epoch: [4][50/390]	Step 1614	lr 0.02462	Loss 1.2529 (1.1624)	Hard Loss 1.2529 (1.1624)	Soft Loss 1.2529 (1.1624)	Arch Loss 1.5110 (1.2142)	Arch Hard Loss 0.0000 (0.0000)	Arch Soft Loss 0.0000 (0.0000)	Arch depth Loss 0.0000 (0.0000)	Prec@(1,5) (58.7%, 94.7%)	
08/20 01:36:55午前 searchStage_trainer.py:261 [INFO] Train: Epoch: [4][100/390]	Step 1664	lr 0.02462	Loss 1.0631 (1.1696)	Hard Loss 1.0631 (1.1696)	Soft Loss 1.0631 (1.1696)	Arch Loss 1.2305 (1.1952)	Arch Hard Loss 0.0000 (0.0000)	Arch Soft Loss 0.0000 (0.0000)	Arch depth Loss 0.0000 (0.0000)	Prec@(1,5) (57.8%, 95.0%)	
08/20 01:37:28午前 searchStage_trainer.py:261 [INFO] Train: Epoch: [4][150/390]	Step 1714	lr 0.02462	Loss 0.9604 (1.1628)	Hard Loss 0.9604 (1.1628)	Soft Loss 0.9604 (1.1628)	Arch Loss 1.3429 (1.1993)	Arch Hard Loss 0.0000 (0.0000)	Arch Soft Loss 0.0000 (0.0000)	Arch depth Loss 0.0000 (0.0000)	Prec@(1,5) (57.8%, 95.1%)	
08/20 01:37:59午前 searchStage_trainer.py:261 [INFO] Train: Epoch: [4][200/390]	Step 1764	lr 0.02462	Loss 1.2220 (1.1647)	Hard Loss 1.2220 (1.1647)	Soft Loss 1.2220 (1.1647)	Arch Loss 1.2316 (1.1928)	Arch Hard Loss 0.0000 (0.0000)	Arch Soft Loss 0.0000 (0.0000)	Arch depth Loss 0.0000 (0.0000)	Prec@(1,5) (57.9%, 95.1%)	
08/20 01:38:14午前 searchStage_trainer.py:261 [INFO] Train: Epoch: [4][250/390]	Step 1814	lr 0.02462	Loss 1.1419 (1.1565)	Hard Loss 1.1419 (1.1565)	Soft Loss 1.1419 (1.1565)	Arch Loss 1.1077 (1.1832)	Arch Hard Loss 0.0000 (0.0000)	Arch Soft Loss 0.0000 (0.0000)	Arch depth Loss 0.0000 (0.0000)	Prec@(1,5) (58.2%, 95.3%)	
