08/23 03:29:22AM parser.py:28 [INFO] 
08/23 03:29:22AM parser.py:29 [INFO] Parameters:
08/23 03:29:22AM parser.py:31 [INFO] DAG_PATH=results/search_stage_KD/cifar100/noDepthLoss/s3-BaselineBestCell/DAG
08/23 03:29:22AM parser.py:31 [INFO] T=10.0
08/23 03:29:22AM parser.py:31 [INFO] ADVANCED=True
08/23 03:29:22AM parser.py:31 [INFO] ALPHA_LR=0.0003
08/23 03:29:22AM parser.py:31 [INFO] ALPHA_WEIGHT_DECAY=0.001
08/23 03:29:22AM parser.py:31 [INFO] BATCH_SIZE=64
08/23 03:29:22AM parser.py:31 [INFO] CASCADE=False
08/23 03:29:22AM parser.py:31 [INFO] CHECKPOINT_RESET=False
08/23 03:29:22AM parser.py:31 [INFO] CUTOUT_LENGTH=0
08/23 03:29:22AM parser.py:31 [INFO] DATA_PATH=../data/
08/23 03:29:22AM parser.py:31 [INFO] DATASET=cifar100
08/23 03:29:22AM parser.py:31 [INFO] DEPTH_COEF=0.0
08/23 03:29:22AM parser.py:31 [INFO] DESCRIPTION=BASELINE_on_noKD_without_depth_loss
08/23 03:29:22AM parser.py:31 [INFO] EPOCHS=50
08/23 03:29:22AM parser.py:31 [INFO] EXP_NAME=s3-BaselineBestCell
08/23 03:29:22AM parser.py:31 [INFO] GENOTYPE=Genotype3(normal1=[[('sep_conv_5x5', 0), ('sep_conv_3x3', 1)], [('sep_conv_3x3', 1), ('sep_conv_3x3', 0)], [('sep_conv_3x3', 1), ('sep_conv_3x3', 2)], [('sep_conv_3x3', 0), ('sep_conv_5x5', 4)]], normal1_concat=range(2, 6), reduce1=[[('sep_conv_3x3', 0), ('skip_connect', 1)], [('sep_conv_3x3', 1), ('max_pool_3x3', 0)], [('sep_conv_3x3', 2), ('sep_conv_3x3', 1)], [('max_pool_3x3', 0), ('dil_conv_3x3', 1)]], reduce1_concat=range(2, 6), normal2=[[('skip_connect', 0), ('sep_conv_5x5', 1)], [('skip_connect', 0), ('skip_connect', 2)], [('avg_pool_3x3', 0), ('avg_pool_3x3', 2)], [('skip_connect', 0), ('avg_pool_3x3', 2)]], normal2_concat=range(2, 6), reduce2=[[('avg_pool_3x3', 0), ('avg_pool_3x3', 1)], [('avg_pool_3x3', 0), ('skip_connect', 2)], [('skip_connect', 2), ('avg_pool_3x3', 0)], [('skip_connect', 2), ('avg_pool_3x3', 0)]], reduce2_concat=range(2, 6), normal3=[[('skip_connect', 0), ('skip_connect', 1)], [('skip_connect', 0), ('dil_conv_3x3', 1)], [('skip_connect', 0), ('skip_connect', 1)], [('skip_connect', 0), ('skip_connect', 2)]], normal3_concat=range(2, 6))
08/23 03:29:22AM parser.py:31 [INFO] GPUS=[0]
08/23 03:29:22AM parser.py:31 [INFO] INIT_CHANNELS=16
08/23 03:29:22AM parser.py:31 [INFO] L=0.5
08/23 03:29:22AM parser.py:31 [INFO] LAYERS=20
08/23 03:29:22AM parser.py:31 [INFO] LOGGER=<Logger H-DAS (INFO)>
08/23 03:29:22AM parser.py:31 [INFO] NAME=noDepthLoss
08/23 03:29:22AM parser.py:31 [INFO] NONKD=True
08/23 03:29:22AM parser.py:31 [INFO] PATH=results/search_stage_KD/cifar100/noDepthLoss/s3-BaselineBestCell
08/23 03:29:22AM parser.py:31 [INFO] PCDARTS=False
08/23 03:29:22AM parser.py:31 [INFO] PLOT_PATH=results/search_stage_KD/cifar100/noDepthLoss/s3-BaselineBestCell/plots
08/23 03:29:22AM parser.py:31 [INFO] PRINT_FREQ=50
08/23 03:29:22AM parser.py:31 [INFO] RESUME_PATH=None
08/23 03:29:22AM parser.py:31 [INFO] SAVE=s3-BaselineBestCell
08/23 03:29:22AM parser.py:31 [INFO] SEED=3
08/23 03:29:22AM parser.py:31 [INFO] SHARE_STAGE=False
08/23 03:29:22AM parser.py:31 [INFO] SPEC_CELL=True
08/23 03:29:22AM parser.py:31 [INFO] TEACHER_NAME=non
08/23 03:29:22AM parser.py:31 [INFO] TEACHER_PATH=non
08/23 03:29:22AM parser.py:31 [INFO] TRAIN_PORTION=0.5
08/23 03:29:22AM parser.py:31 [INFO] W_GRAD_CLIP=5.0
08/23 03:29:22AM parser.py:31 [INFO] W_LR=0.025
08/23 03:29:22AM parser.py:31 [INFO] W_LR_MIN=0.001
08/23 03:29:22AM parser.py:31 [INFO] W_MOMENTUM=0.9
08/23 03:29:22AM parser.py:31 [INFO] W_WEIGHT_DECAY=0.0003
08/23 03:29:22AM parser.py:31 [INFO] WORKERS=4
08/23 03:29:22AM parser.py:32 [INFO] 
08/23 03:29:38AM searchStage_trainer.py:137 [INFO] --> No loaded checkpoint!
####### ALPHA #######
# Alpha - DAG
tensor([[0.2502, 0.2500, 0.2500, 0.2498],
        [0.2500, 0.2497, 0.2501, 0.2503]], device='cuda:0',
       grad_fn=<SoftmaxBackward0>)
tensor([[0.2496, 0.2502, 0.2500, 0.2502],
        [0.2498, 0.2501, 0.2501, 0.2500],
        [0.2501, 0.2501, 0.2500, 0.2498]], device='cuda:0',
       grad_fn=<SoftmaxBackward0>)
tensor([[0.2499, 0.2498, 0.2502, 0.2501],
        [0.2500, 0.2501, 0.2498, 0.2502],
        [0.2498, 0.2500, 0.2502, 0.2501]], device='cuda:0',
       grad_fn=<SoftmaxBackward0>)
tensor([[0.2499, 0.2498, 0.2501, 0.2502],
        [0.2501, 0.2503, 0.2495, 0.2501],
        [0.2499, 0.2500, 0.2498, 0.2503]], device='cuda:0',
       grad_fn=<SoftmaxBackward0>)
tensor([[0.2500, 0.2503, 0.2499, 0.2498],
        [0.2500, 0.2502, 0.2500, 0.2498],
        [0.2501, 0.2497, 0.2498, 0.2504]], device='cuda:0',
       grad_fn=<SoftmaxBackward0>)
tensor([[0.2498, 0.2502, 0.2498, 0.2502],
        [0.2500, 0.2501, 0.2500, 0.2499],
        [0.2496, 0.2500, 0.2506, 0.2497]], device='cuda:0',
       grad_fn=<SoftmaxBackward0>)
tensor([[0.2501, 0.2498, 0.2501, 0.2501],
        [0.2497, 0.2497, 0.2504, 0.2502]], device='cuda:0',
       grad_fn=<SoftmaxBackward0>)
tensor([[0.2499, 0.2499, 0.2501, 0.2501],
        [0.2502, 0.2501, 0.2499, 0.2498],
        [0.2500, 0.2499, 0.2499, 0.2502]], device='cuda:0',
       grad_fn=<SoftmaxBackward0>)
tensor([[0.2504, 0.2499, 0.2497, 0.2500],
        [0.2499, 0.2499, 0.2498, 0.2504],
        [0.2500, 0.2498, 0.2500, 0.2502]], device='cuda:0',
       grad_fn=<SoftmaxBackward0>)
tensor([[0.2501, 0.2503, 0.2497, 0.2500],
        [0.2501, 0.2498, 0.2502, 0.2499],
        [0.2500, 0.2501, 0.2498, 0.2501]], device='cuda:0',
       grad_fn=<SoftmaxBackward0>)
tensor([[0.2496, 0.2504, 0.2502, 0.2498],
        [0.2501, 0.2499, 0.2500, 0.2500],
        [0.2503, 0.2499, 0.2496, 0.2502]], device='cuda:0',
       grad_fn=<SoftmaxBackward0>)
tensor([[0.2502, 0.2498, 0.2504, 0.2496],
        [0.2500, 0.2500, 0.2501, 0.2499],
        [0.2499, 0.2500, 0.2500, 0.2501]], device='cuda:0',
       grad_fn=<SoftmaxBackward0>)
tensor([[0.2501, 0.2501, 0.2500, 0.2498],
        [0.2501, 0.2498, 0.2502, 0.2499]], device='cuda:0',
       grad_fn=<SoftmaxBackward0>)
tensor([[0.2498, 0.2501, 0.2500, 0.2501],
        [0.2500, 0.2503, 0.2499, 0.2498],
        [0.2497, 0.2501, 0.2500, 0.2502]], device='cuda:0',
       grad_fn=<SoftmaxBackward0>)
tensor([[0.2502, 0.2501, 0.2500, 0.2497],
        [0.2496, 0.2501, 0.2501, 0.2502],
        [0.2501, 0.2497, 0.2500, 0.2503]], device='cuda:0',
       grad_fn=<SoftmaxBackward0>)
tensor([[0.2499, 0.2502, 0.2498, 0.2501],
        [0.2502, 0.2500, 0.2501, 0.2496],
        [0.2500, 0.2498, 0.2501, 0.2501]], device='cuda:0',
       grad_fn=<SoftmaxBackward0>)
tensor([[0.2502, 0.2500, 0.2499, 0.2498],
        [0.2497, 0.2497, 0.2502, 0.2505],
        [0.2503, 0.2503, 0.2497, 0.2497]], device='cuda:0',
       grad_fn=<SoftmaxBackward0>)
tensor([[0.2503, 0.2498, 0.2502, 0.2497],
        [0.2502, 0.2497, 0.2501, 0.2500],
        [0.2498, 0.2503, 0.2497, 0.2502]], device='cuda:0',
       grad_fn=<SoftmaxBackward0>)
#####################
08/23 03:29:53AM searchStage_trainer.py:268 [INFO] Train: Epoch: [0][50/390]	Step 50	lr 0.025	Loss 4.9638 (4.7490)	Hard Loss 4.9638 (4.7490)	Soft Loss 4.9638 (4.7490)	Arch Loss 4.8736 (4.7483)	Arch Hard Loss 4.8736 (4.7483)	Arch Soft Loss 4.8736 (4.7483)	Arch depth Loss 0.0000 (0.0000)	Prec@(1,5) (1.4%, 7.4%)	
08/23 03:30:06AM searchStage_trainer.py:268 [INFO] Train: Epoch: [0][100/390]	Step 100	lr 0.025	Loss 4.6309 (4.6295)	Hard Loss 4.6309 (4.6295)	Soft Loss 4.6309 (4.6295)	Arch Loss 4.3468 (4.6312)	Arch Hard Loss 4.3468 (4.6312)	Arch Soft Loss 4.3468 (4.6312)	Arch depth Loss 0.0000 (0.0000)	Prec@(1,5) (2.1%, 10.0%)	
08/23 03:30:18AM searchStage_trainer.py:268 [INFO] Train: Epoch: [0][150/390]	Step 150	lr 0.025	Loss 4.4641 (4.5351)	Hard Loss 4.4641 (4.5351)	Soft Loss 4.4641 (4.5351)	Arch Loss 4.3355 (4.5305)	Arch Hard Loss 4.3355 (4.5305)	Arch Soft Loss 4.3355 (4.5305)	Arch depth Loss 0.0000 (0.0000)	Prec@(1,5) (2.5%, 11.6%)	
08/23 03:30:30AM searchStage_trainer.py:268 [INFO] Train: Epoch: [0][200/390]	Step 200	lr 0.025	Loss 4.3118 (4.4650)	Hard Loss 4.3118 (4.4650)	Soft Loss 4.3118 (4.4650)	Arch Loss 4.1250 (4.4599)	Arch Hard Loss 4.1250 (4.4599)	Arch Soft Loss 4.1250 (4.4599)	Arch depth Loss 0.0000 (0.0000)	Prec@(1,5) (3.0%, 12.8%)	
08/23 03:30:43AM searchStage_trainer.py:268 [INFO] Train: Epoch: [0][250/390]	Step 250	lr 0.025	Loss 4.4361 (4.4130)	Hard Loss 4.4361 (4.4130)	Soft Loss 4.4361 (4.4130)	Arch Loss 4.4757 (4.4073)	Arch Hard Loss 4.4757 (4.4073)	Arch Soft Loss 4.4757 (4.4073)	Arch depth Loss 0.0000 (0.0000)	Prec@(1,5) (3.3%, 14.0%)	
08/23 03:30:55AM searchStage_trainer.py:268 [INFO] Train: Epoch: [0][300/390]	Step 300	lr 0.025	Loss 4.0204 (4.3686)	Hard Loss 4.0204 (4.3686)	Soft Loss 4.0204 (4.3686)	Arch Loss 4.2203 (4.3616)	Arch Hard Loss 4.2203 (4.3616)	Arch Soft Loss 4.2203 (4.3616)	Arch depth Loss 0.0000 (0.0000)	Prec@(1,5) (3.6%, 15.1%)	
08/23 03:31:07AM searchStage_trainer.py:268 [INFO] Train: Epoch: [0][350/390]	Step 350	lr 0.025	Loss 4.1788 (4.3253)	Hard Loss 4.1788 (4.3253)	Soft Loss 4.1788 (4.3253)	Arch Loss 4.0784 (4.3201)	Arch Hard Loss 4.0784 (4.3201)	Arch Soft Loss 4.0784 (4.3201)	Arch depth Loss 0.0000 (0.0000)	Prec@(1,5) (4.0%, 16.2%)	
08/23 03:31:17AM searchStage_trainer.py:268 [INFO] Train: Epoch: [0][390/390]	Step 390	lr 0.025	Loss 4.0750 (4.2993)	Hard Loss 4.0750 (4.2993)	Soft Loss 4.0750 (4.2993)	Arch Loss 4.0087 (4.2933)	Arch Hard Loss 4.0087 (4.2933)	Arch Soft Loss 4.0087 (4.2933)	Arch depth Loss 0.0000 (0.0000)	Prec@(1,5) (4.3%, 16.9%)	
08/23 03:31:18AM searchStage_trainer.py:284 [INFO] Train: [  0/49] Final Prec@1 4.2800%
08/23 03:31:20AM searchStage_trainer.py:312 [INFO] Valid: Epoch: [0][50/391]	Step 391	Loss 4.0271	Prec@(1,5) (6.5%, 24.6%)
08/23 03:31:22AM searchStage_trainer.py:312 [INFO] Valid: Epoch: [0][100/391]	Step 391	Loss 4.0130	Prec@(1,5) (6.8%, 24.8%)
08/23 03:31:24AM searchStage_trainer.py:312 [INFO] Valid: Epoch: [0][150/391]	Step 391	Loss 4.0151	Prec@(1,5) (6.8%, 25.0%)
08/23 03:31:26AM searchStage_trainer.py:312 [INFO] Valid: Epoch: [0][200/391]	Step 391	Loss 4.0107	Prec@(1,5) (6.9%, 25.1%)
08/23 03:31:28AM searchStage_trainer.py:312 [INFO] Valid: Epoch: [0][250/391]	Step 391	Loss 4.0102	Prec@(1,5) (6.8%, 25.1%)
08/23 03:31:29AM searchStage_trainer.py:312 [INFO] Valid: Epoch: [0][300/391]	Step 391	Loss 4.0099	Prec@(1,5) (6.8%, 25.0%)
08/23 03:31:31AM searchStage_trainer.py:312 [INFO] Valid: Epoch: [0][350/391]	Step 391	Loss 4.0107	Prec@(1,5) (6.7%, 24.9%)
08/23 03:31:33AM searchStage_trainer.py:312 [INFO] Valid: Epoch: [0][390/391]	Step 391	Loss 4.0106	Prec@(1,5) (6.6%, 24.8%)
08/23 03:31:33AM searchStage_trainer.py:323 [INFO] Valid: [  0/49] Final Prec@1 6.6160%
08/23 03:31:33AM searchStage_KD_main.py:58 [INFO] DAG = Genotype2(DAG1=[[('max_pool_3x3', 0), ('skip_connect', 1)], [('skip_connect', 1), ('skip_connect', 0)], [('max_pool_3x3', 1), ('max_pool_3x3', 3)], [('max_pool_3x3', 3), ('max_pool_3x3', 2)], [('max_pool_3x3', 3), ('max_pool_3x3', 5)], [('max_pool_3x3', 5), ('max_pool_3x3', 4)]], DAG1_concat=range(6, 8), DAG2=[[('skip_connect', 1), ('skip_connect', 0)], [('skip_connect', 0), ('skip_connect', 2)], [('skip_connect', 1), ('avg_pool_3x3', 2)], [('skip_connect', 2), ('avg_pool_3x3', 4)], [('skip_connect', 3), ('skip_connect', 4)], [('skip_connect', 4), ('skip_connect', 5)]], DAG2_concat=range(6, 8), DAG3=[[('skip_connect', 1), ('skip_connect', 0)], [('skip_connect', 0), ('skip_connect', 1)], [('skip_connect', 1), ('skip_connect', 3)], [('skip_connect', 3), ('skip_connect', 2)], [('skip_connect', 3), ('skip_connect', 4)], [('skip_connect', 5), ('skip_connect', 4)]], DAG3_concat=range(6, 8))
08/23 03:31:33AM searchStage_KD_main.py:89 [INFO] Until now, best Prec@1 = 6.6160%
####### ALPHA #######
# Alpha - DAG
tensor([[0.2507, 0.2494, 0.2503, 0.2496],
        [0.2501, 0.2490, 0.2503, 0.2505]], device='cuda:0',
       grad_fn=<SoftmaxBackward0>)
tensor([[0.2498, 0.2496, 0.2506, 0.2500],
        [0.2497, 0.2492, 0.2517, 0.2494],
        [0.2499, 0.2503, 0.2495, 0.2503]], device='cuda:0',
       grad_fn=<SoftmaxBackward0>)
tensor([[0.2537, 0.2467, 0.2486, 0.2510],
        [0.2508, 0.2483, 0.2496, 0.2513],
        [0.2517, 0.2493, 0.2502, 0.2488]], device='cuda:0',
       grad_fn=<SoftmaxBackward0>)
tensor([[0.2514, 0.2489, 0.2495, 0.2502],
        [0.2535, 0.2485, 0.2485, 0.2495],
        [0.2506, 0.2495, 0.2494, 0.2505]], device='cuda:0',
       grad_fn=<SoftmaxBackward0>)
tensor([[0.2536, 0.2486, 0.2491, 0.2487],
        [0.2495, 0.2504, 0.2504, 0.2497],
        [0.2522, 0.2483, 0.2479, 0.2516]], device='cuda:0',
       grad_fn=<SoftmaxBackward0>)
tensor([[0.2515, 0.2493, 0.2499, 0.2493],
        [0.2516, 0.2503, 0.2489, 0.2492],
        [0.2498, 0.2483, 0.2501, 0.2518]], device='cuda:0',
       grad_fn=<SoftmaxBackward0>)
tensor([[0.2492, 0.2509, 0.2519, 0.2481],
        [0.2462, 0.2494, 0.2528, 0.2516]], device='cuda:0',
       grad_fn=<SoftmaxBackward0>)
tensor([[0.2478, 0.2503, 0.2520, 0.2499],
        [0.2492, 0.2498, 0.2514, 0.2496],
        [0.2475, 0.2499, 0.2518, 0.2507]], device='cuda:0',
       grad_fn=<SoftmaxBackward0>)
tensor([[0.2500, 0.2522, 0.2532, 0.2446],
        [0.2490, 0.2505, 0.2496, 0.2510],
        [0.2465, 0.2504, 0.2495, 0.2536]], device='cuda:0',
       grad_fn=<SoftmaxBackward0>)
tensor([[0.2482, 0.2516, 0.2527, 0.2475],
        [0.2480, 0.2501, 0.2492, 0.2528],
        [0.2479, 0.2507, 0.2501, 0.2514]], device='cuda:0',
       grad_fn=<SoftmaxBackward0>)
tensor([[0.2474, 0.2508, 0.2545, 0.2473],
        [0.2484, 0.2505, 0.2514, 0.2497],
        [0.2475, 0.2499, 0.2493, 0.2533]], device='cuda:0',
       grad_fn=<SoftmaxBackward0>)
tensor([[0.2478, 0.2514, 0.2523, 0.2485],
        [0.2470, 0.2499, 0.2525, 0.2505],
        [0.2481, 0.2505, 0.2503, 0.2511]], device='cuda:0',
       grad_fn=<SoftmaxBackward0>)
tensor([[0.2446, 0.2463, 0.2605, 0.2486],
        [0.2446, 0.2450, 0.2604, 0.2499]], device='cuda:0',
       grad_fn=<SoftmaxBackward0>)
tensor([[0.2443, 0.2491, 0.2598, 0.2468],
        [0.2448, 0.2480, 0.2590, 0.2482],
        [0.2438, 0.2493, 0.2528, 0.2541]], device='cuda:0',
       grad_fn=<SoftmaxBackward0>)
tensor([[0.2496, 0.2486, 0.2575, 0.2443],
        [0.2468, 0.2486, 0.2518, 0.2527],
        [0.2468, 0.2490, 0.2518, 0.2523]], device='cuda:0',
       grad_fn=<SoftmaxBackward0>)
tensor([[0.2506, 0.2485, 0.2522, 0.2488],
        [0.2504, 0.2501, 0.2522, 0.2473],
        [0.2492, 0.2488, 0.2476, 0.2544]], device='cuda:0',
       grad_fn=<SoftmaxBackward0>)
tensor([[0.2499, 0.2471, 0.2557, 0.2474],
        [0.2471, 0.2475, 0.2530, 0.2524],
        [0.2487, 0.2461, 0.2520, 0.2531]], device='cuda:0',
       grad_fn=<SoftmaxBackward0>)
tensor([[0.2483, 0.2492, 0.2543, 0.2482],
        [0.2471, 0.2478, 0.2547, 0.2504],
        [0.2469, 0.2481, 0.2522, 0.2528]], device='cuda:0',
       grad_fn=<SoftmaxBackward0>)
#####################
08/23 03:31:47午前 searchStage_trainer.py:268 [INFO] Train: Epoch: [1][50/390]	Step 441	lr 0.02498	Loss 3.8010 (4.0039)	Hard Loss 3.8010 (4.0039)	Soft Loss 3.8010 (4.0039)	Arch Loss 3.8950 (4.0076)	Arch Hard Loss 3.8950 (4.0076)	Arch Soft Loss 3.8950 (4.0076)	Arch depth Loss 0.0000 (0.0000)	Prec@(1,5) (7.7%, 25.7%)	
08/23 03:31:59午前 searchStage_trainer.py:268 [INFO] Train: Epoch: [1][100/390]	Step 491	lr 0.02498	Loss 3.8968 (3.9980)	Hard Loss 3.8968 (3.9980)	Soft Loss 3.8968 (3.9980)	Arch Loss 4.0220 (3.9836)	Arch Hard Loss 4.0220 (3.9836)	Arch Soft Loss 4.0220 (3.9836)	Arch depth Loss 0.0000 (0.0000)	Prec@(1,5) (7.0%, 25.3%)	
08/23 03:32:11午前 searchStage_trainer.py:268 [INFO] Train: Epoch: [1][150/390]	Step 541	lr 0.02498	Loss 3.7610 (3.9783)	Hard Loss 3.7610 (3.9783)	Soft Loss 3.7610 (3.9783)	Arch Loss 3.9856 (3.9759)	Arch Hard Loss 3.9856 (3.9759)	Arch Soft Loss 3.9856 (3.9759)	Arch depth Loss 0.0000 (0.0000)	Prec@(1,5) (6.9%, 25.9%)	
08/23 03:32:24午前 searchStage_trainer.py:268 [INFO] Train: Epoch: [1][200/390]	Step 591	lr 0.02498	Loss 3.9665 (3.9656)	Hard Loss 3.9665 (3.9656)	Soft Loss 3.9665 (3.9656)	Arch Loss 3.8379 (3.9537)	Arch Hard Loss 3.8379 (3.9537)	Arch Soft Loss 3.8379 (3.9537)	Arch depth Loss 0.0000 (0.0000)	Prec@(1,5) (7.4%, 26.3%)	
08/23 03:32:36午前 searchStage_trainer.py:268 [INFO] Train: Epoch: [1][250/390]	Step 641	lr 0.02498	Loss 3.7184 (3.9344)	Hard Loss 3.7184 (3.9344)	Soft Loss 3.7184 (3.9344)	Arch Loss 3.7732 (3.9335)	Arch Hard Loss 3.7732 (3.9335)	Arch Soft Loss 3.7732 (3.9335)	Arch depth Loss 0.0000 (0.0000)	Prec@(1,5) (7.8%, 27.5%)	
08/23 03:32:48午前 searchStage_trainer.py:268 [INFO] Train: Epoch: [1][300/390]	Step 691	lr 0.02498	Loss 3.7444 (3.9194)	Hard Loss 3.7444 (3.9194)	Soft Loss 3.7444 (3.9194)	Arch Loss 3.7057 (3.9189)	Arch Hard Loss 3.7057 (3.9189)	Arch Soft Loss 3.7057 (3.9189)	Arch depth Loss 0.0000 (0.0000)	Prec@(1,5) (8.1%, 28.2%)	
08/23 03:33:01午前 searchStage_trainer.py:268 [INFO] Train: Epoch: [1][350/390]	Step 741	lr 0.02498	Loss 3.7197 (3.9042)	Hard Loss 3.7197 (3.9042)	Soft Loss 3.7197 (3.9042)	Arch Loss 3.6925 (3.8936)	Arch Hard Loss 3.6925 (3.8936)	Arch Soft Loss 3.6925 (3.8936)	Arch depth Loss 0.0000 (0.0000)	Prec@(1,5) (8.5%, 28.8%)	
08/23 03:33:11午前 searchStage_trainer.py:268 [INFO] Train: Epoch: [1][390/390]	Step 781	lr 0.02498	Loss 3.5530 (3.8955)	Hard Loss 3.5530 (3.8955)	Soft Loss 3.5530 (3.8955)	Arch Loss 3.5938 (3.8810)	Arch Hard Loss 3.5938 (3.8810)	Arch Soft Loss 3.5938 (3.8810)	Arch depth Loss 0.0000 (0.0000)	Prec@(1,5) (8.6%, 29.0%)	
08/23 03:33:11午前 searchStage_trainer.py:284 [INFO] Train: [  1/49] Final Prec@1 8.6160%
08/23 03:33:13午前 searchStage_trainer.py:312 [INFO] Valid: Epoch: [1][50/391]	Step 782	Loss 3.7637	Prec@(1,5) (11.1%, 32.5%)
08/23 03:33:15午前 searchStage_trainer.py:312 [INFO] Valid: Epoch: [1][100/391]	Step 782	Loss 3.7312	Prec@(1,5) (11.5%, 34.4%)
08/23 03:33:17午前 searchStage_trainer.py:312 [INFO] Valid: Epoch: [1][150/391]	Step 782	Loss 3.7353	Prec@(1,5) (11.4%, 34.0%)
08/23 03:33:19午前 searchStage_trainer.py:312 [INFO] Valid: Epoch: [1][200/391]	Step 782	Loss 3.7322	Prec@(1,5) (11.2%, 34.1%)
08/23 03:33:21午前 searchStage_trainer.py:312 [INFO] Valid: Epoch: [1][250/391]	Step 782	Loss 3.7331	Prec@(1,5) (11.3%, 34.1%)
08/23 03:33:23午前 searchStage_trainer.py:312 [INFO] Valid: Epoch: [1][300/391]	Step 782	Loss 3.7325	Prec@(1,5) (11.4%, 34.2%)
08/23 03:33:24午前 searchStage_trainer.py:312 [INFO] Valid: Epoch: [1][350/391]	Step 782	Loss 3.7324	Prec@(1,5) (11.4%, 34.2%)
08/23 03:33:26午前 searchStage_trainer.py:312 [INFO] Valid: Epoch: [1][390/391]	Step 782	Loss 3.7249	Prec@(1,5) (11.5%, 34.4%)
08/23 03:33:26午前 searchStage_trainer.py:323 [INFO] Valid: [  1/49] Final Prec@1 11.5320%
08/23 03:33:26午前 searchStage_KD_main.py:58 [INFO] DAG = Genotype2(DAG1=[[('skip_connect', 0), ('skip_connect', 1)], [('skip_connect', 1), ('skip_connect', 0)], [('max_pool_3x3', 1), ('max_pool_3x3', 3)], [('max_pool_3x3', 3), ('max_pool_3x3', 2)], [('max_pool_3x3', 3), ('skip_connect', 4)], [('skip_connect', 4), ('max_pool_3x3', 5)]], DAG1_concat=range(6, 8), DAG2=[[('skip_connect', 1), ('skip_connect', 0)], [('skip_connect', 1), ('skip_connect', 0)], [('skip_connect', 1), ('avg_pool_3x3', 2)], [('skip_connect', 2), ('skip_connect', 4)], [('skip_connect', 3), ('skip_connect', 4)], [('skip_connect', 4), ('skip_connect', 5)]], DAG2_concat=range(6, 8), DAG3=[[('skip_connect', 1), ('skip_connect', 0)], [('skip_connect', 0), ('skip_connect', 1)], [('skip_connect', 1), ('skip_connect', 2)], [('skip_connect', 2), ('max_pool_3x3', 4)], [('max_pool_3x3', 3), ('max_pool_3x3', 5)], [('max_pool_3x3', 4), ('max_pool_3x3', 5)]], DAG3_concat=range(6, 8))
08/23 03:33:27午前 searchStage_KD_main.py:89 [INFO] Until now, best Prec@1 = 11.5320%
####### ALPHA #######
# Alpha - DAG
tensor([[0.2516, 0.2467, 0.2517, 0.2500],
        [0.2514, 0.2464, 0.2517, 0.2504]], device='cuda:0',
       grad_fn=<SoftmaxBackward0>)
tensor([[0.2506, 0.2456, 0.2544, 0.2495],
        [0.2493, 0.2463, 0.2568, 0.2477],
        [0.2497, 0.2496, 0.2486, 0.2521]], device='cuda:0',
       grad_fn=<SoftmaxBackward0>)
tensor([[0.2575, 0.2443, 0.2519, 0.2463],
        [0.2501, 0.2469, 0.2505, 0.2524],
        [0.2527, 0.2462, 0.2498, 0.2513]], device='cuda:0',
       grad_fn=<SoftmaxBackward0>)
tensor([[0.2552, 0.2455, 0.2495, 0.2498],
        [0.2563, 0.2454, 0.2478, 0.2505],
        [0.2530, 0.2458, 0.2504, 0.2508]], device='cuda:0',
       grad_fn=<SoftmaxBackward0>)
tensor([[0.2628, 0.2452, 0.2519, 0.2402],
        [0.2467, 0.2480, 0.2534, 0.2518],
        [0.2496, 0.2465, 0.2438, 0.2600]], device='cuda:0',
       grad_fn=<SoftmaxBackward0>)
tensor([[0.2533, 0.2478, 0.2536, 0.2453],
        [0.2521, 0.2493, 0.2487, 0.2500],
        [0.2521, 0.2441, 0.2478, 0.2560]], device='cuda:0',
       grad_fn=<SoftmaxBackward0>)
tensor([[0.2449, 0.2498, 0.2603, 0.2450],
        [0.2377, 0.2469, 0.2628, 0.2527]], device='cuda:0',
       grad_fn=<SoftmaxBackward0>)
tensor([[0.2482, 0.2518, 0.2574, 0.2426],
        [0.2423, 0.2496, 0.2595, 0.2486],
        [0.2423, 0.2498, 0.2507, 0.2571]], device='cuda:0',
       grad_fn=<SoftmaxBackward0>)
tensor([[0.2530, 0.2551, 0.2622, 0.2296],
        [0.2431, 0.2505, 0.2483, 0.2581],
        [0.2422, 0.2465, 0.2500, 0.2613]], device='cuda:0',
       grad_fn=<SoftmaxBackward0>)
tensor([[0.2477, 0.2499, 0.2605, 0.2420],
        [0.2447, 0.2478, 0.2468, 0.2606],
        [0.2436, 0.2493, 0.2539, 0.2532]], device='cuda:0',
       grad_fn=<SoftmaxBackward0>)
tensor([[0.2450, 0.2500, 0.2654, 0.2396],
        [0.2461, 0.2482, 0.2561, 0.2495],
        [0.2443, 0.2469, 0.2453, 0.2635]], device='cuda:0',
       grad_fn=<SoftmaxBackward0>)
tensor([[0.2476, 0.2497, 0.2639, 0.2388],
        [0.2454, 0.2451, 0.2514, 0.2581],
        [0.2487, 0.2462, 0.2489, 0.2562]], device='cuda:0',
       grad_fn=<SoftmaxBackward0>)
tensor([[0.2377, 0.2440, 0.2700, 0.2483],
        [0.2375, 0.2425, 0.2709, 0.2491]], device='cuda:0',
       grad_fn=<SoftmaxBackward0>)
tensor([[0.2454, 0.2453, 0.2652, 0.2441],
        [0.2432, 0.2439, 0.2637, 0.2492],
        [0.2460, 0.2447, 0.2535, 0.2559]], device='cuda:0',
       grad_fn=<SoftmaxBackward0>)
tensor([[0.2550, 0.2478, 0.2618, 0.2353],
        [0.2476, 0.2487, 0.2519, 0.2518],
        [0.2463, 0.2475, 0.2431, 0.2630]], device='cuda:0',
       grad_fn=<SoftmaxBackward0>)
tensor([[0.2488, 0.2516, 0.2596, 0.2401],
        [0.2513, 0.2490, 0.2467, 0.2531],
        [0.2521, 0.2470, 0.2431, 0.2578]], device='cuda:0',
       grad_fn=<SoftmaxBackward0>)
tensor([[0.2566, 0.2481, 0.2522, 0.2431],
        [0.2538, 0.2444, 0.2491, 0.2527],
        [0.2560, 0.2439, 0.2439, 0.2562]], device='cuda:0',
       grad_fn=<SoftmaxBackward0>)
tensor([[0.2587, 0.2482, 0.2499, 0.2433],
        [0.2540, 0.2482, 0.2451, 0.2527],
        [0.2519, 0.2455, 0.2492, 0.2534]], device='cuda:0',
       grad_fn=<SoftmaxBackward0>)
#####################
08/23 03:33:40午前 searchStage_trainer.py:268 [INFO] Train: Epoch: [2][50/390]	Step 832	lr 0.02491	Loss 3.5476 (3.6719)	Hard Loss 3.5476 (3.6719)	Soft Loss 3.5476 (3.6719)	Arch Loss 3.9059 (3.7513)	Arch Hard Loss 3.9059 (3.7513)	Arch Soft Loss 3.9059 (3.7513)	Arch depth Loss 0.0000 (0.0000)	Prec@(1,5) (12.7%, 35.1%)	
08/23 03:33:52午前 searchStage_trainer.py:268 [INFO] Train: Epoch: [2][100/390]	Step 882	lr 0.02491	Loss 3.3064 (3.6878)	Hard Loss 3.3064 (3.6878)	Soft Loss 3.3064 (3.6878)	Arch Loss 3.7128 (3.7426)	Arch Hard Loss 3.7128 (3.7426)	Arch Soft Loss 3.7128 (3.7426)	Arch depth Loss 0.0000 (0.0000)	Prec@(1,5) (12.4%, 34.8%)	
08/23 03:34:05午前 searchStage_trainer.py:268 [INFO] Train: Epoch: [2][150/390]	Step 932	lr 0.02491	Loss 3.5366 (3.6892)	Hard Loss 3.5366 (3.6892)	Soft Loss 3.5366 (3.6892)	Arch Loss 3.7298 (3.7261)	Arch Hard Loss 3.7298 (3.7261)	Arch Soft Loss 3.7298 (3.7261)	Arch depth Loss 0.0000 (0.0000)	Prec@(1,5) (12.6%, 35.0%)	
08/23 03:34:17午前 searchStage_trainer.py:268 [INFO] Train: Epoch: [2][200/390]	Step 982	lr 0.02491	Loss 3.6492 (3.6875)	Hard Loss 3.6492 (3.6875)	Soft Loss 3.6492 (3.6875)	Arch Loss 3.7527 (3.7140)	Arch Hard Loss 3.7527 (3.7140)	Arch Soft Loss 3.7527 (3.7140)	Arch depth Loss 0.0000 (0.0000)	Prec@(1,5) (12.4%, 35.0%)	
08/23 03:34:29午前 searchStage_trainer.py:268 [INFO] Train: Epoch: [2][250/390]	Step 1032	lr 0.02491	Loss 3.6938 (3.6731)	Hard Loss 3.6938 (3.6731)	Soft Loss 3.6938 (3.6731)	Arch Loss 3.7357 (3.6922)	Arch Hard Loss 3.7357 (3.6922)	Arch Soft Loss 3.7357 (3.6922)	Arch depth Loss 0.0000 (0.0000)	Prec@(1,5) (12.6%, 35.7%)	
08/23 03:34:41午前 searchStage_trainer.py:268 [INFO] Train: Epoch: [2][300/390]	Step 1082	lr 0.02491	Loss 3.6809 (3.6673)	Hard Loss 3.6809 (3.6673)	Soft Loss 3.6809 (3.6673)	Arch Loss 3.5595 (3.6812)	Arch Hard Loss 3.5595 (3.6812)	Arch Soft Loss 3.5595 (3.6812)	Arch depth Loss 0.0000 (0.0000)	Prec@(1,5) (12.5%, 36.0%)	
08/23 03:34:54午前 searchStage_trainer.py:268 [INFO] Train: Epoch: [2][350/390]	Step 1132	lr 0.02491	Loss 3.9406 (3.6609)	Hard Loss 3.9406 (3.6609)	Soft Loss 3.9406 (3.6609)	Arch Loss 3.2500 (3.6664)	Arch Hard Loss 3.2500 (3.6664)	Arch Soft Loss 3.2500 (3.6664)	Arch depth Loss 0.0000 (0.0000)	Prec@(1,5) (12.6%, 36.2%)	
08/23 03:35:04午前 searchStage_trainer.py:268 [INFO] Train: Epoch: [2][390/390]	Step 1172	lr 0.02491	Loss 3.4663 (3.6517)	Hard Loss 3.4663 (3.6517)	Soft Loss 3.4663 (3.6517)	Arch Loss 3.4641 (3.6532)	Arch Hard Loss 3.4641 (3.6532)	Arch Soft Loss 3.4641 (3.6532)	Arch depth Loss 0.0000 (0.0000)	Prec@(1,5) (12.7%, 36.5%)	
08/23 03:35:04午前 searchStage_trainer.py:284 [INFO] Train: [  2/49] Final Prec@1 12.7280%
08/23 03:35:06午前 searchStage_trainer.py:312 [INFO] Valid: Epoch: [2][50/391]	Step 1173	Loss 3.5551	Prec@(1,5) (14.3%, 39.5%)
08/23 03:35:08午前 searchStage_trainer.py:312 [INFO] Valid: Epoch: [2][100/391]	Step 1173	Loss 3.5519	Prec@(1,5) (14.7%, 40.0%)
08/23 03:35:10午前 searchStage_trainer.py:312 [INFO] Valid: Epoch: [2][150/391]	Step 1173	Loss 3.5605	Prec@(1,5) (14.6%, 39.6%)
08/23 03:35:12午前 searchStage_trainer.py:312 [INFO] Valid: Epoch: [2][200/391]	Step 1173	Loss 3.5695	Prec@(1,5) (14.5%, 39.5%)
08/23 03:35:14午前 searchStage_trainer.py:312 [INFO] Valid: Epoch: [2][250/391]	Step 1173	Loss 3.5603	Prec@(1,5) (14.4%, 39.6%)
08/23 03:35:15午前 searchStage_trainer.py:312 [INFO] Valid: Epoch: [2][300/391]	Step 1173	Loss 3.5574	Prec@(1,5) (14.5%, 39.8%)
08/23 03:35:17午前 searchStage_trainer.py:312 [INFO] Valid: Epoch: [2][350/391]	Step 1173	Loss 3.5603	Prec@(1,5) (14.4%, 39.7%)
08/23 03:35:19午前 searchStage_trainer.py:312 [INFO] Valid: Epoch: [2][390/391]	Step 1173	Loss 3.5641	Prec@(1,5) (14.3%, 39.6%)
08/23 03:35:19午前 searchStage_trainer.py:323 [INFO] Valid: [  2/49] Final Prec@1 14.2880%
08/23 03:35:19午前 searchStage_KD_main.py:58 [INFO] DAG = Genotype2(DAG1=[[('skip_connect', 0), ('skip_connect', 1)], [('skip_connect', 1), ('skip_connect', 0)], [('max_pool_3x3', 1), ('skip_connect', 2)], [('max_pool_3x3', 2), ('max_pool_3x3', 3)], [('max_pool_3x3', 3), ('skip_connect', 4)], [('skip_connect', 4), ('skip_connect', 5)]], DAG1_concat=range(6, 8), DAG2=[[('skip_connect', 0), ('skip_connect', 1)], [('skip_connect', 0), ('skip_connect', 1)], [('skip_connect', 1), ('skip_connect', 2)], [('skip_connect', 2), ('skip_connect', 4)], [('skip_connect', 3), ('skip_connect', 4)], [('skip_connect', 4), ('skip_connect', 6)]], DAG2_concat=range(6, 8), DAG3=[[('skip_connect', 1), ('skip_connect', 0)], [('skip_connect', 0), ('skip_connect', 1)], [('skip_connect', 1), ('max_pool_3x3', 2)], [('skip_connect', 2), ('max_pool_3x3', 4)], [('max_pool_3x3', 3), ('max_pool_3x3', 5)], [('max_pool_3x3', 4), ('max_pool_3x3', 5)]], DAG3_concat=range(6, 8))
08/23 03:35:19午前 searchStage_KD_main.py:89 [INFO] Until now, best Prec@1 = 14.2880%
####### ALPHA #######
# Alpha - DAG
tensor([[0.2515, 0.2437, 0.2555, 0.2493],
        [0.2510, 0.2424, 0.2552, 0.2514]], device='cuda:0',
       grad_fn=<SoftmaxBackward0>)
tensor([[0.2538, 0.2370, 0.2599, 0.2492],
        [0.2494, 0.2374, 0.2638, 0.2495],
        [0.2525, 0.2460, 0.2498, 0.2517]], device='cuda:0',
       grad_fn=<SoftmaxBackward0>)
tensor([[0.2645, 0.2407, 0.2564, 0.2384],
        [0.2514, 0.2438, 0.2531, 0.2517],
        [0.2539, 0.2395, 0.2474, 0.2592]], device='cuda:0',
       grad_fn=<SoftmaxBackward0>)
tensor([[0.2550, 0.2457, 0.2541, 0.2452],
        [0.2546, 0.2440, 0.2489, 0.2525],
        [0.2515, 0.2437, 0.2509, 0.2539]], device='cuda:0',
       grad_fn=<SoftmaxBackward0>)
tensor([[0.2668, 0.2414, 0.2580, 0.2338],
        [0.2456, 0.2462, 0.2552, 0.2530],
        [0.2481, 0.2412, 0.2418, 0.2689]], device='cuda:0',
       grad_fn=<SoftmaxBackward0>)
tensor([[0.2523, 0.2468, 0.2558, 0.2452],
        [0.2524, 0.2504, 0.2528, 0.2445],
        [0.2499, 0.2425, 0.2445, 0.2630]], device='cuda:0',
       grad_fn=<SoftmaxBackward0>)
tensor([[0.2408, 0.2483, 0.2695, 0.2413],
        [0.2353, 0.2417, 0.2673, 0.2557]], device='cuda:0',
       grad_fn=<SoftmaxBackward0>)
tensor([[0.2471, 0.2505, 0.2644, 0.2380],
        [0.2430, 0.2468, 0.2638, 0.2465],
        [0.2423, 0.2464, 0.2487, 0.2626]], device='cuda:0',
       grad_fn=<SoftmaxBackward0>)
tensor([[0.2547, 0.2549, 0.2694, 0.2211],
        [0.2390, 0.2505, 0.2544, 0.2560],
        [0.2373, 0.2449, 0.2438, 0.2740]], device='cuda:0',
       grad_fn=<SoftmaxBackward0>)
tensor([[0.2461, 0.2487, 0.2660, 0.2392],
        [0.2430, 0.2469, 0.2463, 0.2638],
        [0.2421, 0.2472, 0.2564, 0.2543]], device='cuda:0',
       grad_fn=<SoftmaxBackward0>)
tensor([[0.2431, 0.2466, 0.2757, 0.2346],
        [0.2418, 0.2471, 0.2622, 0.2490],
        [0.2446, 0.2420, 0.2409, 0.2726]], device='cuda:0',
       grad_fn=<SoftmaxBackward0>)
tensor([[0.2484, 0.2450, 0.2765, 0.2302],
        [0.2469, 0.2406, 0.2477, 0.2648],
        [0.2465, 0.2444, 0.2481, 0.2609]], device='cuda:0',
       grad_fn=<SoftmaxBackward0>)
tensor([[0.2339, 0.2374, 0.2791, 0.2496],
        [0.2346, 0.2377, 0.2803, 0.2474]], device='cuda:0',
       grad_fn=<SoftmaxBackward0>)
tensor([[0.2472, 0.2373, 0.2729, 0.2427],
        [0.2440, 0.2367, 0.2707, 0.2487],
        [0.2500, 0.2402, 0.2530, 0.2569]], device='cuda:0',
       grad_fn=<SoftmaxBackward0>)
tensor([[0.2601, 0.2422, 0.2688, 0.2290],
        [0.2531, 0.2417, 0.2531, 0.2522],
        [0.2483, 0.2420, 0.2379, 0.2718]], device='cuda:0',
       grad_fn=<SoftmaxBackward0>)
tensor([[0.2546, 0.2458, 0.2686, 0.2310],
        [0.2533, 0.2441, 0.2446, 0.2581],
        [0.2546, 0.2397, 0.2402, 0.2655]], device='cuda:0',
       grad_fn=<SoftmaxBackward0>)
tensor([[0.2659, 0.2432, 0.2538, 0.2370],
        [0.2608, 0.2373, 0.2467, 0.2552],
        [0.2628, 0.2351, 0.2411, 0.2611]], device='cuda:0',
       grad_fn=<SoftmaxBackward0>)
tensor([[0.2668, 0.2468, 0.2492, 0.2372],
        [0.2583, 0.2450, 0.2415, 0.2553],
        [0.2544, 0.2403, 0.2484, 0.2568]], device='cuda:0',
       grad_fn=<SoftmaxBackward0>)
#####################
08/23 03:35:33午前 searchStage_trainer.py:268 [INFO] Train: Epoch: [3][50/390]	Step 1223	lr 0.02479	Loss 3.5508 (3.5020)	Hard Loss 3.5508 (3.5020)	Soft Loss 3.5508 (3.5020)	Arch Loss 3.3814 (3.5582)	Arch Hard Loss 3.3814 (3.5582)	Arch Soft Loss 3.3814 (3.5582)	Arch depth Loss 0.0000 (0.0000)	Prec@(1,5) (15.7%, 41.4%)	
08/23 03:35:45午前 searchStage_trainer.py:268 [INFO] Train: Epoch: [3][100/390]	Step 1273	lr 0.02479	Loss 3.4784 (3.4859)	Hard Loss 3.4784 (3.4859)	Soft Loss 3.4784 (3.4859)	Arch Loss 3.3201 (3.5404)	Arch Hard Loss 3.3201 (3.5404)	Arch Soft Loss 3.3201 (3.5404)	Arch depth Loss 0.0000 (0.0000)	Prec@(1,5) (15.8%, 41.9%)	
08/23 03:35:58午前 searchStage_trainer.py:268 [INFO] Train: Epoch: [3][150/390]	Step 1323	lr 0.02479	Loss 3.4358 (3.4856)	Hard Loss 3.4358 (3.4856)	Soft Loss 3.4358 (3.4856)	Arch Loss 3.4970 (3.5307)	Arch Hard Loss 3.4970 (3.5307)	Arch Soft Loss 3.4970 (3.5307)	Arch depth Loss 0.0000 (0.0000)	Prec@(1,5) (16.2%, 42.0%)	
08/23 03:36:10午前 searchStage_trainer.py:268 [INFO] Train: Epoch: [3][200/390]	Step 1373	lr 0.02479	Loss 3.1693 (3.4868)	Hard Loss 3.1693 (3.4868)	Soft Loss 3.1693 (3.4868)	Arch Loss 3.3900 (3.5152)	Arch Hard Loss 3.3900 (3.5152)	Arch Soft Loss 3.3900 (3.5152)	Arch depth Loss 0.0000 (0.0000)	Prec@(1,5) (16.1%, 41.9%)	
08/23 03:36:23午前 searchStage_trainer.py:268 [INFO] Train: Epoch: [3][250/390]	Step 1423	lr 0.02479	Loss 3.5465 (3.4841)	Hard Loss 3.5465 (3.4841)	Soft Loss 3.5465 (3.4841)	Arch Loss 3.7235 (3.5037)	Arch Hard Loss 3.7235 (3.5037)	Arch Soft Loss 3.7235 (3.5037)	Arch depth Loss 0.0000 (0.0000)	Prec@(1,5) (16.3%, 42.0%)	
08/23 03:36:35午前 searchStage_trainer.py:268 [INFO] Train: Epoch: [3][300/390]	Step 1473	lr 0.02479	Loss 3.5506 (3.4737)	Hard Loss 3.5506 (3.4737)	Soft Loss 3.5506 (3.4737)	Arch Loss 3.3705 (3.4927)	Arch Hard Loss 3.3705 (3.4927)	Arch Soft Loss 3.3705 (3.4927)	Arch depth Loss 0.0000 (0.0000)	Prec@(1,5) (16.4%, 42.3%)	
08/23 03:36:47午前 searchStage_trainer.py:268 [INFO] Train: Epoch: [3][350/390]	Step 1523	lr 0.02479	Loss 3.6244 (3.4642)	Hard Loss 3.6244 (3.4642)	Soft Loss 3.6244 (3.4642)	Arch Loss 3.6795 (3.4774)	Arch Hard Loss 3.6795 (3.4774)	Arch Soft Loss 3.6795 (3.4774)	Arch depth Loss 0.0000 (0.0000)	Prec@(1,5) (16.6%, 42.6%)	
08/23 03:36:57午前 searchStage_trainer.py:268 [INFO] Train: Epoch: [3][390/390]	Step 1563	lr 0.02479	Loss 3.5437 (3.4529)	Hard Loss 3.5437 (3.4529)	Soft Loss 3.5437 (3.4529)	Arch Loss 3.4585 (3.4694)	Arch Hard Loss 3.4585 (3.4694)	Arch Soft Loss 3.4585 (3.4694)	Arch depth Loss 0.0000 (0.0000)	Prec@(1,5) (16.7%, 43.0%)	
08/23 03:36:57午前 searchStage_trainer.py:284 [INFO] Train: [  3/49] Final Prec@1 16.7440%
08/23 03:37:00午前 searchStage_trainer.py:312 [INFO] Valid: Epoch: [3][50/391]	Step 1564	Loss 3.3739	Prec@(1,5) (17.6%, 44.8%)
08/23 03:37:01午前 searchStage_trainer.py:312 [INFO] Valid: Epoch: [3][100/391]	Step 1564	Loss 3.3628	Prec@(1,5) (18.3%, 44.6%)
08/23 03:37:03午前 searchStage_trainer.py:312 [INFO] Valid: Epoch: [3][150/391]	Step 1564	Loss 3.3564	Prec@(1,5) (18.0%, 44.7%)
08/23 03:37:05午前 searchStage_trainer.py:312 [INFO] Valid: Epoch: [3][200/391]	Step 1564	Loss 3.3676	Prec@(1,5) (17.6%, 44.4%)
08/23 03:37:06午前 searchStage_trainer.py:312 [INFO] Valid: Epoch: [3][250/391]	Step 1564	Loss 3.3715	Prec@(1,5) (17.6%, 44.4%)
08/23 03:37:08午前 searchStage_trainer.py:312 [INFO] Valid: Epoch: [3][300/391]	Step 1564	Loss 3.3647	Prec@(1,5) (17.8%, 44.8%)
08/23 03:37:10午前 searchStage_trainer.py:312 [INFO] Valid: Epoch: [3][350/391]	Step 1564	Loss 3.3623	Prec@(1,5) (17.8%, 44.9%)
08/23 03:37:11午前 searchStage_trainer.py:312 [INFO] Valid: Epoch: [3][390/391]	Step 1564	Loss 3.3581	Prec@(1,5) (17.9%, 45.1%)
08/23 03:37:11午前 searchStage_trainer.py:323 [INFO] Valid: [  3/49] Final Prec@1 17.9360%
08/23 03:37:11午前 searchStage_KD_main.py:58 [INFO] DAG = Genotype2(DAG1=[[('skip_connect', 0), ('skip_connect', 1)], [('skip_connect', 1), ('skip_connect', 0)], [('max_pool_3x3', 1), ('skip_connect', 2)], [('skip_connect', 2), ('skip_connect', 3)], [('skip_connect', 3), ('skip_connect', 4)], [('skip_connect', 4), ('max_pool_3x3', 5)]], DAG1_concat=range(6, 8), DAG2=[[('skip_connect', 0), ('skip_connect', 1)], [('skip_connect', 0), ('skip_connect', 1)], [('skip_connect', 1), ('skip_connect', 2)], [('skip_connect', 2), ('skip_connect', 4)], [('skip_connect', 3), ('skip_connect', 4)], [('skip_connect', 4), ('max_pool_3x3', 5)]], DAG2_concat=range(6, 8), DAG3=[[('skip_connect', 0), ('skip_connect', 1)], [('skip_connect', 0), ('skip_connect', 1)], [('skip_connect', 1), ('max_pool_3x3', 2)], [('skip_connect', 2), ('max_pool_3x3', 4)], [('max_pool_3x3', 3), ('max_pool_3x3', 4)], [('max_pool_3x3', 4), ('max_pool_3x3', 5)]], DAG3_concat=range(6, 8))
08/23 03:37:12午前 searchStage_KD_main.py:89 [INFO] Until now, best Prec@1 = 17.9360%
####### ALPHA #######
# Alpha - DAG
tensor([[0.2453, 0.2397, 0.2700, 0.2450],
        [0.2458, 0.2347, 0.2639, 0.2556]], device='cuda:0',
       grad_fn=<SoftmaxBackward0>)
tensor([[0.2524, 0.2276, 0.2739, 0.2461],
        [0.2467, 0.2273, 0.2762, 0.2498],
        [0.2483, 0.2440, 0.2534, 0.2543]], device='cuda:0',
       grad_fn=<SoftmaxBackward0>)
tensor([[0.2674, 0.2368, 0.2644, 0.2314],
        [0.2470, 0.2404, 0.2587, 0.2539],
        [0.2473, 0.2394, 0.2488, 0.2645]], device='cuda:0',
       grad_fn=<SoftmaxBackward0>)
tensor([[0.2509, 0.2456, 0.2604, 0.2432],
        [0.2487, 0.2426, 0.2553, 0.2534],
        [0.2466, 0.2459, 0.2522, 0.2553]], device='cuda:0',
       grad_fn=<SoftmaxBackward0>)
tensor([[0.2663, 0.2388, 0.2683, 0.2266],
        [0.2431, 0.2424, 0.2592, 0.2553],
        [0.2423, 0.2374, 0.2415, 0.2788]], device='cuda:0',
       grad_fn=<SoftmaxBackward0>)
tensor([[0.2555, 0.2445, 0.2597, 0.2403],
        [0.2558, 0.2451, 0.2556, 0.2436],
        [0.2484, 0.2396, 0.2410, 0.2710]], device='cuda:0',
       grad_fn=<SoftmaxBackward0>)
tensor([[0.2374, 0.2433, 0.2813, 0.2379],
        [0.2325, 0.2334, 0.2757, 0.2584]], device='cuda:0',
       grad_fn=<SoftmaxBackward0>)
tensor([[0.2454, 0.2474, 0.2707, 0.2365],
        [0.2444, 0.2452, 0.2699, 0.2405],
        [0.2428, 0.2425, 0.2461, 0.2685]], device='cuda:0',
       grad_fn=<SoftmaxBackward0>)
tensor([[0.2575, 0.2524, 0.2786, 0.2115],
        [0.2387, 0.2421, 0.2524, 0.2668],
        [0.2378, 0.2395, 0.2450, 0.2777]], device='cuda:0',
       grad_fn=<SoftmaxBackward0>)
tensor([[0.2479, 0.2428, 0.2721, 0.2372],
        [0.2398, 0.2462, 0.2518, 0.2621],
        [0.2375, 0.2458, 0.2571, 0.2596]], device='cuda:0',
       grad_fn=<SoftmaxBackward0>)
tensor([[0.2439, 0.2414, 0.2882, 0.2266],
        [0.2399, 0.2420, 0.2623, 0.2559],
        [0.2433, 0.2380, 0.2390, 0.2797]], device='cuda:0',
       grad_fn=<SoftmaxBackward0>)
tensor([[0.2492, 0.2365, 0.2896, 0.2246],
        [0.2498, 0.2343, 0.2443, 0.2717],
        [0.2452, 0.2439, 0.2482, 0.2627]], device='cuda:0',
       grad_fn=<SoftmaxBackward0>)
tensor([[0.2353, 0.2293, 0.2865, 0.2489],
        [0.2371, 0.2285, 0.2859, 0.2485]], device='cuda:0',
       grad_fn=<SoftmaxBackward0>)
tensor([[0.2511, 0.2293, 0.2790, 0.2406],
        [0.2471, 0.2297, 0.2745, 0.2488],
        [0.2514, 0.2377, 0.2524, 0.2585]], device='cuda:0',
       grad_fn=<SoftmaxBackward0>)
tensor([[0.2627, 0.2368, 0.2772, 0.2233],
        [0.2563, 0.2359, 0.2543, 0.2535],
        [0.2497, 0.2378, 0.2333, 0.2792]], device='cuda:0',
       grad_fn=<SoftmaxBackward0>)
tensor([[0.2588, 0.2410, 0.2745, 0.2258],
        [0.2591, 0.2368, 0.2401, 0.2640],
        [0.2591, 0.2353, 0.2385, 0.2671]], device='cuda:0',
       grad_fn=<SoftmaxBackward0>)
tensor([[0.2748, 0.2371, 0.2557, 0.2324],
        [0.2674, 0.2303, 0.2464, 0.2559],
        [0.2626, 0.2291, 0.2417, 0.2666]], device='cuda:0',
       grad_fn=<SoftmaxBackward0>)
tensor([[0.2716, 0.2435, 0.2510, 0.2338],
        [0.2575, 0.2433, 0.2444, 0.2548],
        [0.2542, 0.2338, 0.2503, 0.2618]], device='cuda:0',
       grad_fn=<SoftmaxBackward0>)
#####################
08/23 03:37:26午前 searchStage_trainer.py:268 [INFO] Train: Epoch: [4][50/390]	Step 1614	lr 0.02462	Loss 3.4847 (3.3473)	Hard Loss 3.4847 (3.3473)	Soft Loss 3.4847 (3.3473)	Arch Loss 3.0773 (3.3464)	Arch Hard Loss 3.0773 (3.3464)	Arch Soft Loss 3.0773 (3.3464)	Arch depth Loss 0.0000 (0.0000)	Prec@(1,5) (18.4%, 45.3%)	
08/23 03:37:38午前 searchStage_trainer.py:268 [INFO] Train: Epoch: [4][100/390]	Step 1664	lr 0.02462	Loss 3.6191 (3.3393)	Hard Loss 3.6191 (3.3393)	Soft Loss 3.6191 (3.3393)	Arch Loss 3.5082 (3.3414)	Arch Hard Loss 3.5082 (3.3414)	Arch Soft Loss 3.5082 (3.3414)	Arch depth Loss 0.0000 (0.0000)	Prec@(1,5) (18.4%, 45.6%)	
08/23 03:37:50午前 searchStage_trainer.py:268 [INFO] Train: Epoch: [4][150/390]	Step 1714	lr 0.02462	Loss 3.4077 (3.3203)	Hard Loss 3.4077 (3.3203)	Soft Loss 3.4077 (3.3203)	Arch Loss 3.2316 (3.3523)	Arch Hard Loss 3.2316 (3.3523)	Arch Soft Loss 3.2316 (3.3523)	Arch depth Loss 0.0000 (0.0000)	Prec@(1,5) (18.8%, 46.3%)	
08/23 03:38:03午前 searchStage_trainer.py:268 [INFO] Train: Epoch: [4][200/390]	Step 1764	lr 0.02462	Loss 3.4805 (3.3219)	Hard Loss 3.4805 (3.3219)	Soft Loss 3.4805 (3.3219)	Arch Loss 3.5351 (3.3378)	Arch Hard Loss 3.5351 (3.3378)	Arch Soft Loss 3.5351 (3.3378)	Arch depth Loss 0.0000 (0.0000)	Prec@(1,5) (18.8%, 46.4%)	
