08/22 06:50:14AM parser.py:28 [INFO] 
08/22 06:50:14AM parser.py:29 [INFO] Parameters:
08/22 06:50:14AM parser.py:31 [INFO] DAG_PATH=results/search_stage_KD/cifar10/noSlideWindow/2-20240822-065014/DAG
08/22 06:50:14AM parser.py:31 [INFO] T=10.0
08/22 06:50:14AM parser.py:31 [INFO] ADVANCED=False
08/22 06:50:14AM parser.py:31 [INFO] ALPHA_LR=0.0003
08/22 06:50:14AM parser.py:31 [INFO] ALPHA_WEIGHT_DECAY=0.001
08/22 06:50:14AM parser.py:31 [INFO] BATCH_SIZE=64
08/22 06:50:14AM parser.py:31 [INFO] CASCADE=True
08/22 06:50:14AM parser.py:31 [INFO] CHECKPOINT_RESET=False
08/22 06:50:14AM parser.py:31 [INFO] CUTOUT_LENGTH=0
08/22 06:50:14AM parser.py:31 [INFO] DATA_PATH=../data/
08/22 06:50:14AM parser.py:31 [INFO] DATASET=cifar10
08/22 06:50:14AM parser.py:31 [INFO] DESCRIPTION=noSlideWindow_version_searching_stage
08/22 06:50:14AM parser.py:31 [INFO] EPOCHS=50
08/22 06:50:14AM parser.py:31 [INFO] EXP_NAME=2-20240822-065014
08/22 06:50:14AM parser.py:31 [INFO] GENOTYPE=Genotype3(normal1=[[('sep_conv_5x5', 0), ('sep_conv_3x3', 1)], [('sep_conv_3x3', 1), ('sep_conv_3x3', 0)], [('sep_conv_3x3', 1), ('sep_conv_3x3', 2)], [('sep_conv_3x3', 0), ('sep_conv_5x5', 4)]], normal1_concat=range(2, 6), reduce1=[[('sep_conv_3x3', 0), ('skip_connect', 1)], [('sep_conv_3x3', 1), ('max_pool_3x3', 0)], [('sep_conv_3x3', 2), ('sep_conv_3x3', 1)], [('max_pool_3x3', 0), ('dil_conv_3x3', 1)]], reduce1_concat=range(2, 6), normal2=[[('skip_connect', 0), ('sep_conv_5x5', 1)], [('skip_connect', 0), ('skip_connect', 2)], [('avg_pool_3x3', 0), ('avg_pool_3x3', 2)], [('skip_connect', 0), ('avg_pool_3x3', 2)]], normal2_concat=range(2, 6), reduce2=[[('avg_pool_3x3', 0), ('avg_pool_3x3', 1)], [('avg_pool_3x3', 0), ('skip_connect', 2)], [('skip_connect', 2), ('avg_pool_3x3', 0)], [('skip_connect', 2), ('avg_pool_3x3', 0)]], reduce2_concat=range(2, 6), normal3=[[('skip_connect', 0), ('skip_connect', 1)], [('skip_connect', 0), ('dil_conv_3x3', 1)], [('skip_connect', 0), ('skip_connect', 1)], [('skip_connect', 0), ('skip_connect', 2)]], normal3_concat=range(2, 6))
08/22 06:50:14AM parser.py:31 [INFO] GPUS=[0]
08/22 06:50:14AM parser.py:31 [INFO] INIT_CHANNELS=16
08/22 06:50:14AM parser.py:31 [INFO] L=0.5
08/22 06:50:14AM parser.py:31 [INFO] LAYERS=20
08/22 06:50:14AM parser.py:31 [INFO] LOGGER=<Logger H-DAS (INFO)>
08/22 06:50:14AM parser.py:31 [INFO] NAME=noSlideWindow
08/22 06:50:14AM parser.py:31 [INFO] NONKD=True
08/22 06:50:14AM parser.py:31 [INFO] PATH=results/search_stage_KD/cifar10/noSlideWindow/2-20240822-065014
08/22 06:50:14AM parser.py:31 [INFO] PCDARTS=False
08/22 06:50:14AM parser.py:31 [INFO] PLOT_PATH=results/search_stage_KD/cifar10/noSlideWindow/2-20240822-065014/plots
08/22 06:50:14AM parser.py:31 [INFO] PRINT_FREQ=50
08/22 06:50:14AM parser.py:31 [INFO] RESUME_PATH=None
08/22 06:50:14AM parser.py:31 [INFO] SAVE=2
08/22 06:50:14AM parser.py:31 [INFO] SEED=2
08/22 06:50:14AM parser.py:31 [INFO] SHARE_STAGE=False
08/22 06:50:14AM parser.py:31 [INFO] SPEC_CELL=True
08/22 06:50:14AM parser.py:31 [INFO] TEACHER_NAME=non
08/22 06:50:14AM parser.py:31 [INFO] TEACHER_PATH=non
08/22 06:50:14AM parser.py:31 [INFO] TRAIN_PORTION=0.5
08/22 06:50:14AM parser.py:31 [INFO] W_GRAD_CLIP=5.0
08/22 06:50:14AM parser.py:31 [INFO] W_LR=0.025
08/22 06:50:14AM parser.py:31 [INFO] W_LR_MIN=0.001
08/22 06:50:14AM parser.py:31 [INFO] W_MOMENTUM=0.9
08/22 06:50:14AM parser.py:31 [INFO] W_WEIGHT_DECAY=0.0003
08/22 06:50:14AM parser.py:31 [INFO] WORKERS=4
08/22 06:50:14AM parser.py:32 [INFO] 
08/22 06:50:29AM searchStage_trainer.py:136 [INFO] --> No loaded checkpoint!
####### ALPHA #######
# Alpha - DAG
tensor([[0.2498, 0.2504, 0.2499, 0.2499],
        [0.2496, 0.2500, 0.2503, 0.2501]], device='cuda:0',
       grad_fn=<SoftmaxBackward0>)
tensor([[0.2499, 0.2502, 0.2500, 0.2499],
        [0.2498, 0.2499, 0.2501, 0.2502],
        [0.2495, 0.2502, 0.2501, 0.2501]], device='cuda:0',
       grad_fn=<SoftmaxBackward0>)
tensor([[0.2497, 0.2499, 0.2503, 0.2501],
        [0.2501, 0.2500, 0.2501, 0.2497],
        [0.2500, 0.2501, 0.2499, 0.2500],
        [0.2502, 0.2500, 0.2500, 0.2497]], device='cuda:0',
       grad_fn=<SoftmaxBackward0>)
tensor([[0.2504, 0.2499, 0.2498, 0.2498],
        [0.2501, 0.2497, 0.2502, 0.2500],
        [0.2503, 0.2497, 0.2501, 0.2499],
        [0.2503, 0.2497, 0.2504, 0.2496],
        [0.2501, 0.2499, 0.2498, 0.2502]], device='cuda:0',
       grad_fn=<SoftmaxBackward0>)
tensor([[0.2501, 0.2502, 0.2498, 0.2500],
        [0.2499, 0.2500, 0.2501, 0.2501],
        [0.2498, 0.2504, 0.2502, 0.2496],
        [0.2502, 0.2501, 0.2501, 0.2496],
        [0.2497, 0.2500, 0.2503, 0.2500],
        [0.2499, 0.2505, 0.2497, 0.2499]], device='cuda:0',
       grad_fn=<SoftmaxBackward0>)
tensor([[0.2503, 0.2500, 0.2498, 0.2499],
        [0.2502, 0.2503, 0.2496, 0.2499],
        [0.2504, 0.2498, 0.2501, 0.2497],
        [0.2500, 0.2500, 0.2502, 0.2498],
        [0.2501, 0.2500, 0.2500, 0.2499],
        [0.2503, 0.2503, 0.2494, 0.2501],
        [0.2498, 0.2500, 0.2499, 0.2503]], device='cuda:0',
       grad_fn=<SoftmaxBackward0>)
tensor([[0.2499, 0.2500, 0.2498, 0.2502],
        [0.2502, 0.2498, 0.2497, 0.2504]], device='cuda:0',
       grad_fn=<SoftmaxBackward0>)
tensor([[0.2497, 0.2506, 0.2497, 0.2500],
        [0.2499, 0.2506, 0.2498, 0.2498],
        [0.2503, 0.2498, 0.2500, 0.2499]], device='cuda:0',
       grad_fn=<SoftmaxBackward0>)
tensor([[0.2502, 0.2502, 0.2499, 0.2497],
        [0.2500, 0.2498, 0.2500, 0.2502],
        [0.2500, 0.2497, 0.2499, 0.2504],
        [0.2497, 0.2498, 0.2503, 0.2502]], device='cuda:0',
       grad_fn=<SoftmaxBackward0>)
tensor([[0.2500, 0.2499, 0.2500, 0.2501],
        [0.2500, 0.2500, 0.2504, 0.2496],
        [0.2498, 0.2497, 0.2503, 0.2502],
        [0.2504, 0.2495, 0.2499, 0.2502],
        [0.2501, 0.2501, 0.2500, 0.2498]], device='cuda:0',
       grad_fn=<SoftmaxBackward0>)
tensor([[0.2501, 0.2500, 0.2500, 0.2499],
        [0.2500, 0.2501, 0.2502, 0.2497],
        [0.2500, 0.2501, 0.2501, 0.2498],
        [0.2500, 0.2502, 0.2498, 0.2500],
        [0.2502, 0.2502, 0.2496, 0.2500],
        [0.2499, 0.2500, 0.2502, 0.2499]], device='cuda:0',
       grad_fn=<SoftmaxBackward0>)
tensor([[0.2498, 0.2500, 0.2499, 0.2503],
        [0.2499, 0.2499, 0.2500, 0.2502],
        [0.2503, 0.2495, 0.2500, 0.2501],
        [0.2497, 0.2501, 0.2504, 0.2498],
        [0.2496, 0.2505, 0.2501, 0.2498],
        [0.2499, 0.2503, 0.2502, 0.2496],
        [0.2502, 0.2500, 0.2501, 0.2498]], device='cuda:0',
       grad_fn=<SoftmaxBackward0>)
tensor([[0.2499, 0.2501, 0.2504, 0.2495],
        [0.2498, 0.2499, 0.2501, 0.2502]], device='cuda:0',
       grad_fn=<SoftmaxBackward0>)
tensor([[0.2501, 0.2499, 0.2499, 0.2500],
        [0.2501, 0.2503, 0.2498, 0.2499],
        [0.2500, 0.2502, 0.2498, 0.2500]], device='cuda:0',
       grad_fn=<SoftmaxBackward0>)
tensor([[0.2500, 0.2499, 0.2498, 0.2503],
        [0.2500, 0.2500, 0.2502, 0.2498],
        [0.2499, 0.2499, 0.2501, 0.2500],
        [0.2502, 0.2497, 0.2501, 0.2499]], device='cuda:0',
       grad_fn=<SoftmaxBackward0>)
tensor([[0.2503, 0.2499, 0.2498, 0.2500],
        [0.2505, 0.2501, 0.2499, 0.2495],
        [0.2497, 0.2500, 0.2501, 0.2502],
        [0.2500, 0.2500, 0.2499, 0.2501],
        [0.2501, 0.2501, 0.2500, 0.2498]], device='cuda:0',
       grad_fn=<SoftmaxBackward0>)
tensor([[0.2505, 0.2500, 0.2496, 0.2499],
        [0.2503, 0.2500, 0.2501, 0.2496],
        [0.2503, 0.2500, 0.2499, 0.2498],
        [0.2498, 0.2500, 0.2503, 0.2499],
        [0.2498, 0.2500, 0.2500, 0.2502],
        [0.2500, 0.2499, 0.2499, 0.2502]], device='cuda:0',
       grad_fn=<SoftmaxBackward0>)
tensor([[0.2503, 0.2499, 0.2499, 0.2499],
        [0.2499, 0.2498, 0.2501, 0.2502],
        [0.2495, 0.2501, 0.2501, 0.2502],
        [0.2498, 0.2502, 0.2498, 0.2502],
        [0.2500, 0.2499, 0.2500, 0.2502],
        [0.2501, 0.2499, 0.2495, 0.2504],
        [0.2499, 0.2501, 0.2498, 0.2503]], device='cuda:0',
       grad_fn=<SoftmaxBackward0>)
#####################
08/22 06:50:52AM searchStage_trainer.py:267 [INFO] Train: Epoch: [0][50/390]	Step 50	lr 0.025	Loss 2.0391 (2.2207)	Hard Loss 2.0391 (2.2207)	Soft Loss 2.0391 (2.2207)	Arch Loss 2.1454 (2.1895)	Arch Hard Loss 2.1454 (2.1895)	Arch Soft Loss 2.1454 (2.1895)	Arch depth Loss -0.2071 (-0.1027)	Prec@(1,5) (19.1%, 71.0%)	
08/22 06:51:13AM searchStage_trainer.py:267 [INFO] Train: Epoch: [0][100/390]	Step 100	lr 0.025	Loss 1.8762 (2.0797)	Hard Loss 1.8762 (2.0797)	Soft Loss 1.8762 (2.0797)	Arch Loss 1.8240 (2.0588)	Arch Hard Loss 1.8240 (2.0588)	Arch Soft Loss 1.8240 (2.0588)	Arch depth Loss -0.4270 (-0.2107)	Prec@(1,5) (23.2%, 77.0%)	
08/22 06:51:35AM searchStage_trainer.py:267 [INFO] Train: Epoch: [0][150/390]	Step 150	lr 0.025	Loss 1.7387 (1.9853)	Hard Loss 1.7387 (1.9853)	Soft Loss 1.7387 (1.9853)	Arch Loss 1.8373 (1.9751)	Arch Hard Loss 1.8373 (1.9751)	Arch Soft Loss 1.8373 (1.9751)	Arch depth Loss -0.6539 (-0.3211)	Prec@(1,5) (26.4%, 80.0%)	
08/22 06:51:57AM searchStage_trainer.py:267 [INFO] Train: Epoch: [0][200/390]	Step 200	lr 0.025	Loss 1.7080 (1.9060)	Hard Loss 1.7080 (1.9060)	Soft Loss 1.7080 (1.9060)	Arch Loss 1.7276 (1.9055)	Arch Hard Loss 1.7276 (1.9055)	Arch Soft Loss 1.7276 (1.9055)	Arch depth Loss -0.8878 (-0.4340)	Prec@(1,5) (29.2%, 82.1%)	
08/22 06:52:18AM searchStage_trainer.py:267 [INFO] Train: Epoch: [0][250/390]	Step 250	lr 0.025	Loss 1.6192 (1.8539)	Hard Loss 1.6192 (1.8539)	Soft Loss 1.6192 (1.8539)	Arch Loss 1.5241 (1.8521)	Arch Hard Loss 1.5241 (1.8521)	Arch Soft Loss 1.5241 (1.8521)	Arch depth Loss -1.1288 (-0.5492)	Prec@(1,5) (31.1%, 83.4%)	
08/22 06:52:40AM searchStage_trainer.py:267 [INFO] Train: Epoch: [0][300/390]	Step 300	lr 0.025	Loss 1.4600 (1.8062)	Hard Loss 1.4600 (1.8062)	Soft Loss 1.4600 (1.8062)	Arch Loss 1.4042 (1.8119)	Arch Hard Loss 1.4042 (1.8119)	Arch Soft Loss 1.4042 (1.8119)	Arch depth Loss -1.3770 (-0.6668)	Prec@(1,5) (32.9%, 84.5%)	
08/22 06:53:02AM searchStage_trainer.py:267 [INFO] Train: Epoch: [0][350/390]	Step 350	lr 0.025	Loss 1.5475 (1.7674)	Hard Loss 1.5475 (1.7674)	Soft Loss 1.5475 (1.7674)	Arch Loss 1.5849 (1.7737)	Arch Hard Loss 1.5849 (1.7737)	Arch Soft Loss 1.5849 (1.7737)	Arch depth Loss -1.6325 (-0.7868)	Prec@(1,5) (34.3%, 85.4%)	
08/22 06:53:19AM searchStage_trainer.py:267 [INFO] Train: Epoch: [0][390/390]	Step 390	lr 0.025	Loss 1.4730 (1.7434)	Hard Loss 1.4730 (1.7434)	Soft Loss 1.4730 (1.7434)	Arch Loss 1.5774 (1.7508)	Arch Hard Loss 1.5774 (1.7508)	Arch Soft Loss 1.5774 (1.7508)	Arch depth Loss -1.8423 (-0.8845)	Prec@(1,5) (35.2%, 86.0%)	
08/22 06:53:20AM searchStage_trainer.py:283 [INFO] Train: [  0/49] Final Prec@1 35.1960%
08/22 06:53:24AM searchStage_trainer.py:311 [INFO] Valid: Epoch: [0][50/391]	Step 391	Loss 1.6553	Prec@(1,5) (40.0%, 90.2%)
08/22 06:53:27AM searchStage_trainer.py:311 [INFO] Valid: Epoch: [0][100/391]	Step 391	Loss 1.6241	Prec@(1,5) (40.9%, 90.6%)
08/22 06:53:31AM searchStage_trainer.py:311 [INFO] Valid: Epoch: [0][150/391]	Step 391	Loss 1.6378	Prec@(1,5) (40.5%, 90.4%)
08/22 06:53:35AM searchStage_trainer.py:311 [INFO] Valid: Epoch: [0][200/391]	Step 391	Loss 1.6421	Prec@(1,5) (40.1%, 90.8%)
08/22 06:53:38AM searchStage_trainer.py:311 [INFO] Valid: Epoch: [0][250/391]	Step 391	Loss 1.6362	Prec@(1,5) (40.1%, 90.8%)
08/22 06:53:42AM searchStage_trainer.py:311 [INFO] Valid: Epoch: [0][300/391]	Step 391	Loss 1.6348	Prec@(1,5) (40.3%, 90.9%)
08/22 06:53:46AM searchStage_trainer.py:311 [INFO] Valid: Epoch: [0][350/391]	Step 391	Loss 1.6302	Prec@(1,5) (40.5%, 91.1%)
08/22 06:53:49AM searchStage_trainer.py:311 [INFO] Valid: Epoch: [0][390/391]	Step 391	Loss 1.6286	Prec@(1,5) (40.5%, 91.1%)
08/22 06:53:49AM searchStage_trainer.py:322 [INFO] Valid: [  0/49] Final Prec@1 40.4680%
08/22 06:53:49AM searchStage_KD_main.py:58 [INFO] DAG = Genotype2(DAG1=[[('skip_connect', 1), ('skip_connect', 0)], [('avg_pool_3x3', 2), ('max_pool_3x3', 0)], [('max_pool_3x3', 2), ('avg_pool_3x3', 3)], [('max_pool_3x3', 2), ('max_pool_3x3', 3)], [('max_pool_3x3', 1), ('max_pool_3x3', 0)], [('max_pool_3x3', 0), ('max_pool_3x3', 1)]], DAG1_concat=range(6, 8), DAG2=[[('max_pool_3x3', 1), ('max_pool_3x3', 0)], [('max_pool_3x3', 2), ('avg_pool_3x3', 0)], [('skip_connect', 3), ('skip_connect', 2)], [('max_pool_3x3', 3), ('skip_connect', 2)], [('skip_connect', 1), ('max_pool_3x3', 2)], [('max_pool_3x3', 1), ('max_pool_3x3', 0)]], DAG2_concat=range(6, 8), DAG3=[[('skip_connect', 0), ('skip_connect', 1)], [('avg_pool_3x3', 2), ('avg_pool_3x3', 1)], [('skip_connect', 3), ('skip_connect', 2)], [('skip_connect', 2), ('skip_connect', 3)], [('skip_connect', 1), ('max_pool_3x3', 0)], [('skip_connect', 1), ('skip_connect', 0)]], DAG3_concat=range(6, 8))
08/22 06:53:49AM searchStage_KD_main.py:89 [INFO] Until now, best Prec@1 = 40.4680%
####### ALPHA #######
# Alpha - DAG
tensor([[0.2499, 0.2504, 0.2505, 0.2492],
        [0.2498, 0.2497, 0.2507, 0.2498]], device='cuda:0',
       grad_fn=<SoftmaxBackward0>)
tensor([[0.2503, 0.2500, 0.2501, 0.2496],
        [0.2503, 0.2500, 0.2507, 0.2490],
        [0.2496, 0.2505, 0.2499, 0.2500]], device='cuda:0',
       grad_fn=<SoftmaxBackward0>)
tensor([[0.2500, 0.2499, 0.2504, 0.2497],
        [0.2504, 0.2501, 0.2501, 0.2494],
        [0.2505, 0.2504, 0.2498, 0.2494],
        [0.2504, 0.2505, 0.2496, 0.2494]], device='cuda:0',
       grad_fn=<SoftmaxBackward0>)
tensor([[0.2507, 0.2498, 0.2502, 0.2494],
        [0.2506, 0.2496, 0.2504, 0.2494],
        [0.2511, 0.2499, 0.2497, 0.2493],
        [0.2505, 0.2498, 0.2498, 0.2499],
        [0.2503, 0.2500, 0.2499, 0.2498]], device='cuda:0',
       grad_fn=<SoftmaxBackward0>)
tensor([[0.2511, 0.2499, 0.2503, 0.2486],
        [0.2514, 0.2498, 0.2507, 0.2482],
        [0.2504, 0.2506, 0.2500, 0.2490],
        [0.2506, 0.2445, 0.2486, 0.2562],
        [0.2517, 0.2466, 0.2484, 0.2532],
        [0.2504, 0.2484, 0.2494, 0.2518]], device='cuda:0',
       grad_fn=<SoftmaxBackward0>)
tensor([[0.2522, 0.2492, 0.2496, 0.2491],
        [0.2519, 0.2497, 0.2495, 0.2490],
        [0.2518, 0.2500, 0.2494, 0.2489],
        [0.2535, 0.2447, 0.2479, 0.2538],
        [0.2560, 0.2466, 0.2478, 0.2496],
        [0.2527, 0.2481, 0.2462, 0.2530],
        [0.2528, 0.2477, 0.2506, 0.2489]], device='cuda:0',
       grad_fn=<SoftmaxBackward0>)
tensor([[0.2500, 0.2497, 0.2499, 0.2504],
        [0.2503, 0.2497, 0.2497, 0.2503]], device='cuda:0',
       grad_fn=<SoftmaxBackward0>)
tensor([[0.2496, 0.2506, 0.2500, 0.2499],
        [0.2499, 0.2505, 0.2498, 0.2498],
        [0.2503, 0.2499, 0.2498, 0.2500]], device='cuda:0',
       grad_fn=<SoftmaxBackward0>)
tensor([[0.2501, 0.2501, 0.2501, 0.2497],
        [0.2501, 0.2497, 0.2501, 0.2501],
        [0.2500, 0.2497, 0.2500, 0.2503],
        [0.2497, 0.2498, 0.2503, 0.2502]], device='cuda:0',
       grad_fn=<SoftmaxBackward0>)
tensor([[0.2501, 0.2499, 0.2502, 0.2498],
        [0.2500, 0.2499, 0.2504, 0.2497],
        [0.2499, 0.2497, 0.2503, 0.2501],
        [0.2504, 0.2495, 0.2498, 0.2502],
        [0.2502, 0.2501, 0.2499, 0.2499]], device='cuda:0',
       grad_fn=<SoftmaxBackward0>)
tensor([[0.2502, 0.2499, 0.2502, 0.2497],
        [0.2502, 0.2502, 0.2503, 0.2493],
        [0.2502, 0.2501, 0.2499, 0.2499],
        [0.2496, 0.2482, 0.2507, 0.2514],
        [0.2507, 0.2484, 0.2501, 0.2508],
        [0.2503, 0.2464, 0.2467, 0.2566]], device='cuda:0',
       grad_fn=<SoftmaxBackward0>)
tensor([[0.2502, 0.2498, 0.2499, 0.2501],
        [0.2503, 0.2499, 0.2501, 0.2497],
        [0.2503, 0.2496, 0.2499, 0.2502],
        [0.2524, 0.2460, 0.2518, 0.2498],
        [0.2509, 0.2485, 0.2487, 0.2519],
        [0.2517, 0.2479, 0.2469, 0.2535],
        [0.2517, 0.2497, 0.2499, 0.2486]], device='cuda:0',
       grad_fn=<SoftmaxBackward0>)
tensor([[0.2496, 0.2501, 0.2509, 0.2494],
        [0.2495, 0.2498, 0.2505, 0.2502]], device='cuda:0',
       grad_fn=<SoftmaxBackward0>)
tensor([[0.2501, 0.2498, 0.2501, 0.2500],
        [0.2500, 0.2502, 0.2501, 0.2496],
        [0.2498, 0.2500, 0.2499, 0.2503]], device='cuda:0',
       grad_fn=<SoftmaxBackward0>)
tensor([[0.2498, 0.2499, 0.2501, 0.2501],
        [0.2500, 0.2499, 0.2505, 0.2496],
        [0.2497, 0.2498, 0.2502, 0.2502],
        [0.2500, 0.2498, 0.2502, 0.2500]], device='cuda:0',
       grad_fn=<SoftmaxBackward0>)
tensor([[0.2502, 0.2499, 0.2500, 0.2499],
        [0.2505, 0.2499, 0.2500, 0.2495],
        [0.2496, 0.2501, 0.2505, 0.2499],
        [0.2500, 0.2500, 0.2501, 0.2499],
        [0.2501, 0.2500, 0.2499, 0.2501]], device='cuda:0',
       grad_fn=<SoftmaxBackward0>)
tensor([[0.2506, 0.2498, 0.2501, 0.2495],
        [0.2503, 0.2499, 0.2508, 0.2490],
        [0.2498, 0.2499, 0.2504, 0.2499],
        [0.2444, 0.2450, 0.2593, 0.2514],
        [0.2452, 0.2449, 0.2554, 0.2545],
        [0.2438, 0.2432, 0.2566, 0.2564]], device='cuda:0',
       grad_fn=<SoftmaxBackward0>)
tensor([[0.2503, 0.2499, 0.2504, 0.2494],
        [0.2500, 0.2497, 0.2506, 0.2497],
        [0.2492, 0.2501, 0.2508, 0.2499],
        [0.2442, 0.2456, 0.2592, 0.2510],
        [0.2459, 0.2455, 0.2551, 0.2535],
        [0.2443, 0.2444, 0.2543, 0.2571],
        [0.2458, 0.2432, 0.2547, 0.2563]], device='cuda:0',
       grad_fn=<SoftmaxBackward0>)
#####################
08/22 06:54:12午前 searchStage_trainer.py:267 [INFO] Train: Epoch: [1][50/390]	Step 441	lr 0.02498	Loss 1.2567 (1.4655)	Hard Loss 1.2567 (1.4655)	Soft Loss 1.2567 (1.4655)	Arch Loss 1.3473 (1.4692)	Arch Hard Loss 1.3473 (1.4692)	Arch Soft Loss 1.3473 (1.4692)	Arch depth Loss -2.1170 (-1.9844)	Prec@(1,5) (46.0%, 92.0%)	
08/22 06:54:33午前 searchStage_trainer.py:267 [INFO] Train: Epoch: [1][100/390]	Step 491	lr 0.02498	Loss 1.5949 (1.4393)	Hard Loss 1.5949 (1.4393)	Soft Loss 1.5949 (1.4393)	Arch Loss 1.5912 (1.4466)	Arch Hard Loss 1.5912 (1.4466)	Arch Soft Loss 1.5912 (1.4466)	Arch depth Loss -2.3943 (-2.1211)	Prec@(1,5) (46.5%, 92.3%)	
08/22 06:54:55午前 searchStage_trainer.py:267 [INFO] Train: Epoch: [1][150/390]	Step 541	lr 0.02498	Loss 1.4905 (1.4342)	Hard Loss 1.4905 (1.4342)	Soft Loss 1.4905 (1.4342)	Arch Loss 1.4685 (1.4211)	Arch Hard Loss 1.4685 (1.4211)	Arch Soft Loss 1.4685 (1.4211)	Arch depth Loss -2.6796 (-2.2604)	Prec@(1,5) (46.8%, 92.4%)	
08/22 06:55:17午前 searchStage_trainer.py:267 [INFO] Train: Epoch: [1][200/390]	Step 591	lr 0.02498	Loss 1.6111 (1.4125)	Hard Loss 1.6111 (1.4125)	Soft Loss 1.6111 (1.4125)	Arch Loss 1.3417 (1.4116)	Arch Hard Loss 1.3417 (1.4116)	Arch Soft Loss 1.3417 (1.4116)	Arch depth Loss -2.9732 (-2.4025)	Prec@(1,5) (48.1%, 92.5%)	
08/22 06:55:38午前 searchStage_trainer.py:267 [INFO] Train: Epoch: [1][250/390]	Step 641	lr 0.02498	Loss 1.3900 (1.3972)	Hard Loss 1.3900 (1.3972)	Soft Loss 1.3900 (1.3972)	Arch Loss 1.1623 (1.4011)	Arch Hard Loss 1.1623 (1.4011)	Arch Soft Loss 1.1623 (1.4011)	Arch depth Loss -3.2752 (-2.5473)	Prec@(1,5) (48.9%, 92.7%)	
08/22 06:56:00午前 searchStage_trainer.py:267 [INFO] Train: Epoch: [1][300/390]	Step 691	lr 0.02498	Loss 1.2063 (1.3856)	Hard Loss 1.2063 (1.3856)	Soft Loss 1.2063 (1.3856)	Arch Loss 1.4823 (1.3915)	Arch Hard Loss 1.4823 (1.3915)	Arch Soft Loss 1.4823 (1.3915)	Arch depth Loss -3.5858 (-2.6949)	Prec@(1,5) (49.3%, 92.8%)	
08/22 06:56:22午前 searchStage_trainer.py:267 [INFO] Train: Epoch: [1][350/390]	Step 741	lr 0.02498	Loss 1.4653 (1.3746)	Hard Loss 1.4653 (1.3746)	Soft Loss 1.4653 (1.3746)	Arch Loss 1.2941 (1.3777)	Arch Hard Loss 1.2941 (1.3777)	Arch Soft Loss 1.2941 (1.3777)	Arch depth Loss -3.9053 (-2.8453)	Prec@(1,5) (49.8%, 93.0%)	
08/22 06:56:39午前 searchStage_trainer.py:267 [INFO] Train: Epoch: [1][390/390]	Step 781	lr 0.02498	Loss 1.1638 (1.3650)	Hard Loss 1.1638 (1.3650)	Soft Loss 1.1638 (1.3650)	Arch Loss 1.1498 (1.3686)	Arch Hard Loss 1.1498 (1.3686)	Arch Soft Loss 1.1498 (1.3686)	Arch depth Loss -4.1673 (-2.9678)	Prec@(1,5) (50.2%, 93.1%)	
08/22 06:56:39午前 searchStage_trainer.py:283 [INFO] Train: [  1/49] Final Prec@1 50.1960%
08/22 06:56:43午前 searchStage_trainer.py:311 [INFO] Valid: Epoch: [1][50/391]	Step 782	Loss 1.4191	Prec@(1,5) (51.4%, 90.5%)
08/22 06:56:47午前 searchStage_trainer.py:311 [INFO] Valid: Epoch: [1][100/391]	Step 782	Loss 1.4287	Prec@(1,5) (51.1%, 90.9%)
08/22 06:56:51午前 searchStage_trainer.py:311 [INFO] Valid: Epoch: [1][150/391]	Step 782	Loss 1.4289	Prec@(1,5) (50.9%, 91.0%)
08/22 06:56:54午前 searchStage_trainer.py:311 [INFO] Valid: Epoch: [1][200/391]	Step 782	Loss 1.4137	Prec@(1,5) (51.3%, 91.3%)
08/22 06:56:58午前 searchStage_trainer.py:311 [INFO] Valid: Epoch: [1][250/391]	Step 782	Loss 1.4149	Prec@(1,5) (50.9%, 91.3%)
08/22 06:57:02午前 searchStage_trainer.py:311 [INFO] Valid: Epoch: [1][300/391]	Step 782	Loss 1.4127	Prec@(1,5) (51.0%, 91.3%)
08/22 06:57:05午前 searchStage_trainer.py:311 [INFO] Valid: Epoch: [1][350/391]	Step 782	Loss 1.4138	Prec@(1,5) (50.8%, 91.4%)
08/22 06:57:08午前 searchStage_trainer.py:311 [INFO] Valid: Epoch: [1][390/391]	Step 782	Loss 1.4155	Prec@(1,5) (50.7%, 91.4%)
08/22 06:57:08午前 searchStage_trainer.py:322 [INFO] Valid: [  1/49] Final Prec@1 50.7040%
08/22 06:57:08午前 searchStage_KD_main.py:58 [INFO] DAG = Genotype2(DAG1=[[('skip_connect', 1), ('skip_connect', 0)], [('avg_pool_3x3', 2), ('skip_connect', 1)], [('max_pool_3x3', 3), ('max_pool_3x3', 2)], [('max_pool_3x3', 2), ('max_pool_3x3', 3)], [('max_pool_3x3', 1), ('max_pool_3x3', 0)], [('max_pool_3x3', 0), ('max_pool_3x3', 1)]], DAG1_concat=range(6, 8), DAG2=[[('max_pool_3x3', 1), ('max_pool_3x3', 0)], [('max_pool_3x3', 2), ('avg_pool_3x3', 0)], [('skip_connect', 3), ('skip_connect', 2)], [('max_pool_3x3', 3), ('max_pool_3x3', 4)], [('max_pool_3x3', 2), ('max_pool_3x3', 1)], [('max_pool_3x3', 1), ('max_pool_3x3', 0)]], DAG2_concat=range(6, 8), DAG3=[[('skip_connect', 0), ('skip_connect', 1)], [('avg_pool_3x3', 2), ('skip_connect', 1)], [('skip_connect', 3), ('skip_connect', 2)], [('skip_connect', 3), ('max_pool_3x3', 4)], [('skip_connect', 1), ('max_pool_3x3', 0)], [('skip_connect', 1), ('max_pool_3x3', 0)]], DAG3_concat=range(6, 8))
08/22 06:57:09午前 searchStage_KD_main.py:89 [INFO] Until now, best Prec@1 = 50.7040%
####### ALPHA #######
# Alpha - DAG
tensor([[0.2498, 0.2499, 0.2512, 0.2491],
        [0.2495, 0.2492, 0.2513, 0.2499]], device='cuda:0',
       grad_fn=<SoftmaxBackward0>)
tensor([[0.2503, 0.2497, 0.2507, 0.2493],
        [0.2501, 0.2497, 0.2514, 0.2488],
        [0.2494, 0.2505, 0.2499, 0.2502]], device='cuda:0',
       grad_fn=<SoftmaxBackward0>)
tensor([[0.2502, 0.2495, 0.2507, 0.2496],
        [0.2506, 0.2496, 0.2505, 0.2493],
        [0.2506, 0.2502, 0.2498, 0.2494],
        [0.2505, 0.2504, 0.2498, 0.2492]], device='cuda:0',
       grad_fn=<SoftmaxBackward0>)
tensor([[0.2510, 0.2494, 0.2505, 0.2491],
        [0.2510, 0.2492, 0.2508, 0.2490],
        [0.2512, 0.2498, 0.2496, 0.2495],
        [0.2506, 0.2496, 0.2499, 0.2499],
        [0.2504, 0.2498, 0.2498, 0.2499]], device='cuda:0',
       grad_fn=<SoftmaxBackward0>)
tensor([[0.2516, 0.2490, 0.2514, 0.2480],
        [0.2520, 0.2489, 0.2515, 0.2477],
        [0.2503, 0.2508, 0.2501, 0.2488],
        [0.2514, 0.2403, 0.2521, 0.2562],
        [0.2502, 0.2427, 0.2485, 0.2585],
        [0.2486, 0.2476, 0.2502, 0.2536]], device='cuda:0',
       grad_fn=<SoftmaxBackward0>)
tensor([[0.2537, 0.2481, 0.2495, 0.2487],
        [0.2533, 0.2486, 0.2495, 0.2485],
        [0.2522, 0.2497, 0.2494, 0.2488],
        [0.2568, 0.2393, 0.2460, 0.2579],
        [0.2599, 0.2416, 0.2469, 0.2515],
        [0.2546, 0.2452, 0.2494, 0.2508],
        [0.2537, 0.2462, 0.2507, 0.2494]], device='cuda:0',
       grad_fn=<SoftmaxBackward0>)
tensor([[0.2500, 0.2497, 0.2499, 0.2504],
        [0.2504, 0.2497, 0.2497, 0.2502]], device='cuda:0',
       grad_fn=<SoftmaxBackward0>)
tensor([[0.2496, 0.2505, 0.2500, 0.2499],
        [0.2499, 0.2505, 0.2499, 0.2497],
        [0.2503, 0.2498, 0.2498, 0.2500]], device='cuda:0',
       grad_fn=<SoftmaxBackward0>)
tensor([[0.2501, 0.2501, 0.2501, 0.2497],
        [0.2501, 0.2498, 0.2502, 0.2500],
        [0.2500, 0.2497, 0.2500, 0.2503],
        [0.2498, 0.2497, 0.2503, 0.2503]], device='cuda:0',
       grad_fn=<SoftmaxBackward0>)
tensor([[0.2501, 0.2499, 0.2502, 0.2498],
        [0.2500, 0.2500, 0.2504, 0.2496],
        [0.2499, 0.2497, 0.2504, 0.2501],
        [0.2504, 0.2495, 0.2498, 0.2502],
        [0.2502, 0.2500, 0.2498, 0.2500]], device='cuda:0',
       grad_fn=<SoftmaxBackward0>)
tensor([[0.2505, 0.2499, 0.2502, 0.2494],
        [0.2504, 0.2503, 0.2504, 0.2489],
        [0.2502, 0.2501, 0.2498, 0.2500],
        [0.2485, 0.2474, 0.2509, 0.2532],
        [0.2550, 0.2456, 0.2486, 0.2508],
        [0.2502, 0.2452, 0.2433, 0.2613]], device='cuda:0',
       grad_fn=<SoftmaxBackward0>)
tensor([[0.2504, 0.2498, 0.2499, 0.2499],
        [0.2504, 0.2499, 0.2502, 0.2494],
        [0.2504, 0.2496, 0.2498, 0.2501],
        [0.2528, 0.2428, 0.2483, 0.2562],
        [0.2576, 0.2451, 0.2466, 0.2507],
        [0.2527, 0.2455, 0.2478, 0.2539],
        [0.2545, 0.2478, 0.2475, 0.2502]], device='cuda:0',
       grad_fn=<SoftmaxBackward0>)
tensor([[0.2496, 0.2500, 0.2510, 0.2494],
        [0.2494, 0.2497, 0.2506, 0.2502]], device='cuda:0',
       grad_fn=<SoftmaxBackward0>)
tensor([[0.2501, 0.2497, 0.2502, 0.2500],
        [0.2500, 0.2501, 0.2502, 0.2497],
        [0.2498, 0.2500, 0.2499, 0.2502]], device='cuda:0',
       grad_fn=<SoftmaxBackward0>)
tensor([[0.2498, 0.2499, 0.2502, 0.2501],
        [0.2500, 0.2499, 0.2505, 0.2496],
        [0.2498, 0.2498, 0.2502, 0.2503],
        [0.2500, 0.2497, 0.2503, 0.2500]], device='cuda:0',
       grad_fn=<SoftmaxBackward0>)
tensor([[0.2502, 0.2499, 0.2500, 0.2499],
        [0.2505, 0.2499, 0.2501, 0.2495],
        [0.2496, 0.2500, 0.2505, 0.2499],
        [0.2499, 0.2500, 0.2502, 0.2498],
        [0.2500, 0.2499, 0.2499, 0.2501]], device='cuda:0',
       grad_fn=<SoftmaxBackward0>)
tensor([[0.2509, 0.2496, 0.2503, 0.2493],
        [0.2505, 0.2497, 0.2508, 0.2490],
        [0.2500, 0.2499, 0.2502, 0.2499],
        [0.2477, 0.2422, 0.2587, 0.2514],
        [0.2498, 0.2433, 0.2538, 0.2531],
        [0.2457, 0.2421, 0.2549, 0.2573]], device='cuda:0',
       grad_fn=<SoftmaxBackward0>)
tensor([[0.2506, 0.2498, 0.2505, 0.2491],
        [0.2502, 0.2496, 0.2507, 0.2495],
        [0.2494, 0.2500, 0.2508, 0.2499],
        [0.2490, 0.2428, 0.2576, 0.2507],
        [0.2486, 0.2433, 0.2534, 0.2547],
        [0.2454, 0.2413, 0.2522, 0.2611],
        [0.2476, 0.2411, 0.2550, 0.2564]], device='cuda:0',
       grad_fn=<SoftmaxBackward0>)
#####################
08/22 06:57:31午前 searchStage_trainer.py:267 [INFO] Train: Epoch: [2][50/390]	Step 832	lr 0.02491	Loss 1.0740 (1.2336)	Hard Loss 1.0740 (1.2336)	Soft Loss 1.0740 (1.2336)	Arch Loss 1.2057 (1.2662)	Arch Hard Loss 1.2057 (1.2662)	Arch Soft Loss 1.2057 (1.2662)	Arch depth Loss -4.5099 (-4.3445)	Prec@(1,5) (55.2%, 95.1%)	
08/22 06:57:53午前 searchStage_trainer.py:267 [INFO] Train: Epoch: [2][100/390]	Step 882	lr 0.02491	Loss 1.2089 (1.2106)	Hard Loss 1.2089 (1.2106)	Soft Loss 1.2089 (1.2106)	Arch Loss 1.1550 (1.2325)	Arch Hard Loss 1.1550 (1.2325)	Arch Soft Loss 1.1550 (1.2325)	Arch depth Loss -4.8552 (-4.5148)	Prec@(1,5) (56.2%, 95.3%)	
08/22 06:58:14午前 searchStage_trainer.py:267 [INFO] Train: Epoch: [2][150/390]	Step 932	lr 0.02491	Loss 1.1313 (1.2056)	Hard Loss 1.1313 (1.2056)	Soft Loss 1.1313 (1.2056)	Arch Loss 1.1629 (1.2118)	Arch Hard Loss 1.1629 (1.2118)	Arch Soft Loss 1.1629 (1.2118)	Arch depth Loss -5.2100 (-4.6884)	Prec@(1,5) (56.3%, 95.2%)	
08/22 06:58:36午前 searchStage_trainer.py:267 [INFO] Train: Epoch: [2][200/390]	Step 982	lr 0.02491	Loss 1.2160 (1.2003)	Hard Loss 1.2160 (1.2003)	Soft Loss 1.2160 (1.2003)	Arch Loss 1.3047 (1.2239)	Arch Hard Loss 1.3047 (1.2239)	Arch Soft Loss 1.3047 (1.2239)	Arch depth Loss -5.5746 (-4.8651)	Prec@(1,5) (56.7%, 95.2%)	
08/22 06:58:58午前 searchStage_trainer.py:267 [INFO] Train: Epoch: [2][250/390]	Step 1032	lr 0.02491	Loss 1.2218 (1.1919)	Hard Loss 1.2218 (1.1919)	Soft Loss 1.2218 (1.1919)	Arch Loss 1.0472 (1.2128)	Arch Hard Loss 1.0472 (1.2128)	Arch Soft Loss 1.0472 (1.2128)	Arch depth Loss -5.9491 (-5.0450)	Prec@(1,5) (56.9%, 95.3%)	
08/22 06:59:20午前 searchStage_trainer.py:267 [INFO] Train: Epoch: [2][300/390]	Step 1082	lr 0.02491	Loss 1.1193 (1.1823)	Hard Loss 1.1193 (1.1823)	Soft Loss 1.1193 (1.1823)	Arch Loss 0.9236 (1.2031)	Arch Hard Loss 0.9236 (1.2031)	Arch Soft Loss 0.9236 (1.2031)	Arch depth Loss -6.3337 (-5.2282)	Prec@(1,5) (57.3%, 95.3%)	
08/22 06:59:41午前 searchStage_trainer.py:267 [INFO] Train: Epoch: [2][350/390]	Step 1132	lr 0.02491	Loss 1.2302 (1.1749)	Hard Loss 1.2302 (1.1749)	Soft Loss 1.2302 (1.1749)	Arch Loss 0.8708 (1.1925)	Arch Hard Loss 0.8708 (1.1925)	Arch Soft Loss 0.8708 (1.1925)	Arch depth Loss -6.7287 (-5.4148)	Prec@(1,5) (57.7%, 95.3%)	
08/22 06:59:59午前 searchStage_trainer.py:267 [INFO] Train: Epoch: [2][390/390]	Step 1172	lr 0.02491	Loss 1.1394 (1.1675)	Hard Loss 1.1394 (1.1675)	Soft Loss 1.1394 (1.1675)	Arch Loss 1.1413 (1.1877)	Arch Hard Loss 1.1413 (1.1877)	Arch Soft Loss 1.1413 (1.1877)	Arch depth Loss -7.0522 (-5.5665)	Prec@(1,5) (57.9%, 95.4%)	
08/22 06:59:59午前 searchStage_trainer.py:283 [INFO] Train: [  2/49] Final Prec@1 57.9720%
08/22 07:00:03午前 searchStage_trainer.py:311 [INFO] Valid: Epoch: [2][50/391]	Step 1173	Loss 1.1252	Prec@(1,5) (60.7%, 96.1%)
08/22 07:00:06午前 searchStage_trainer.py:311 [INFO] Valid: Epoch: [2][100/391]	Step 1173	Loss 1.1154	Prec@(1,5) (60.8%, 96.1%)
08/22 07:00:10午前 searchStage_trainer.py:311 [INFO] Valid: Epoch: [2][150/391]	Step 1173	Loss 1.1197	Prec@(1,5) (60.2%, 96.1%)
08/22 07:00:14午前 searchStage_trainer.py:311 [INFO] Valid: Epoch: [2][200/391]	Step 1173	Loss 1.1164	Prec@(1,5) (60.1%, 96.2%)
08/22 07:00:17午前 searchStage_trainer.py:311 [INFO] Valid: Epoch: [2][250/391]	Step 1173	Loss 1.1193	Prec@(1,5) (59.8%, 96.1%)
08/22 07:00:21午前 searchStage_trainer.py:311 [INFO] Valid: Epoch: [2][300/391]	Step 1173	Loss 1.1154	Prec@(1,5) (59.8%, 96.1%)
08/22 07:00:25午前 searchStage_trainer.py:311 [INFO] Valid: Epoch: [2][350/391]	Step 1173	Loss 1.1180	Prec@(1,5) (59.9%, 96.0%)
08/22 07:00:28午前 searchStage_trainer.py:311 [INFO] Valid: Epoch: [2][390/391]	Step 1173	Loss 1.1174	Prec@(1,5) (60.0%, 96.0%)
08/22 07:00:28午前 searchStage_trainer.py:322 [INFO] Valid: [  2/49] Final Prec@1 60.0480%
08/22 07:00:28午前 searchStage_KD_main.py:58 [INFO] DAG = Genotype2(DAG1=[[('skip_connect', 1), ('skip_connect', 0)], [('avg_pool_3x3', 2), ('skip_connect', 1)], [('max_pool_3x3', 3), ('max_pool_3x3', 2)], [('max_pool_3x3', 4), ('max_pool_3x3', 3)], [('skip_connect', 1), ('skip_connect', 0)], [('max_pool_3x3', 1), ('max_pool_3x3', 0)]], DAG1_concat=range(6, 8), DAG2=[[('max_pool_3x3', 1), ('skip_connect', 0)], [('max_pool_3x3', 2), ('avg_pool_3x3', 0)], [('skip_connect', 3), ('skip_connect', 2)], [('max_pool_3x3', 4), ('max_pool_3x3', 3)], [('max_pool_3x3', 2), ('max_pool_3x3', 1)], [('max_pool_3x3', 1), ('max_pool_3x3', 0)]], DAG2_concat=range(6, 8), DAG3=[[('skip_connect', 0), ('skip_connect', 1)], [('avg_pool_3x3', 2), ('skip_connect', 1)], [('skip_connect', 3), ('skip_connect', 2)], [('skip_connect', 4), ('skip_connect', 3)], [('skip_connect', 1), ('skip_connect', 2)], [('skip_connect', 1), ('skip_connect', 0)]], DAG3_concat=range(6, 8))
08/22 07:00:28午前 searchStage_KD_main.py:89 [INFO] Until now, best Prec@1 = 60.0480%
####### ALPHA #######
# Alpha - DAG
tensor([[0.2494, 0.2493, 0.2521, 0.2491],
        [0.2492, 0.2487, 0.2523, 0.2498]], device='cuda:0',
       grad_fn=<SoftmaxBackward0>)
tensor([[0.2501, 0.2495, 0.2515, 0.2490],
        [0.2498, 0.2494, 0.2521, 0.2487],
        [0.2491, 0.2503, 0.2502, 0.2504]], device='cuda:0',
       grad_fn=<SoftmaxBackward0>)
tensor([[0.2504, 0.2491, 0.2512, 0.2493],
        [0.2508, 0.2491, 0.2510, 0.2491],
        [0.2506, 0.2500, 0.2500, 0.2494],
        [0.2505, 0.2502, 0.2498, 0.2494]], device='cuda:0',
       grad_fn=<SoftmaxBackward0>)
tensor([[0.2509, 0.2490, 0.2509, 0.2492],
        [0.2511, 0.2488, 0.2511, 0.2490],
        [0.2512, 0.2496, 0.2498, 0.2494],
        [0.2506, 0.2495, 0.2503, 0.2496],
        [0.2503, 0.2497, 0.2500, 0.2500]], device='cuda:0',
       grad_fn=<SoftmaxBackward0>)
tensor([[0.2518, 0.2485, 0.2528, 0.2469],
        [0.2521, 0.2480, 0.2526, 0.2473],
        [0.2502, 0.2505, 0.2502, 0.2491],
        [0.2524, 0.2354, 0.2554, 0.2569],
        [0.2488, 0.2392, 0.2471, 0.2648],
        [0.2512, 0.2439, 0.2509, 0.2540]], device='cuda:0',
       grad_fn=<SoftmaxBackward0>)
tensor([[0.2549, 0.2472, 0.2498, 0.2481],
        [0.2545, 0.2476, 0.2498, 0.2480],
        [0.2526, 0.2494, 0.2497, 0.2483],
        [0.2578, 0.2354, 0.2471, 0.2598],
        [0.2603, 0.2386, 0.2447, 0.2564],
        [0.2595, 0.2402, 0.2494, 0.2509],
        [0.2526, 0.2433, 0.2511, 0.2530]], device='cuda:0',
       grad_fn=<SoftmaxBackward0>)
tensor([[0.2500, 0.2496, 0.2500, 0.2504],
        [0.2503, 0.2496, 0.2498, 0.2502]], device='cuda:0',
       grad_fn=<SoftmaxBackward0>)
tensor([[0.2495, 0.2505, 0.2501, 0.2499],
        [0.2500, 0.2504, 0.2500, 0.2496],
        [0.2503, 0.2498, 0.2498, 0.2501]], device='cuda:0',
       grad_fn=<SoftmaxBackward0>)
tensor([[0.2501, 0.2501, 0.2501, 0.2497],
        [0.2501, 0.2499, 0.2502, 0.2498],
        [0.2500, 0.2497, 0.2501, 0.2503],
        [0.2498, 0.2497, 0.2502, 0.2503]], device='cuda:0',
       grad_fn=<SoftmaxBackward0>)
tensor([[0.2501, 0.2498, 0.2502, 0.2499],
        [0.2501, 0.2500, 0.2505, 0.2495],
        [0.2499, 0.2496, 0.2505, 0.2500],
        [0.2504, 0.2495, 0.2499, 0.2502],
        [0.2502, 0.2500, 0.2497, 0.2501]], device='cuda:0',
       grad_fn=<SoftmaxBackward0>)
tensor([[0.2507, 0.2499, 0.2503, 0.2490],
        [0.2506, 0.2505, 0.2505, 0.2485],
        [0.2502, 0.2501, 0.2495, 0.2502],
        [0.2466, 0.2472, 0.2521, 0.2542],
        [0.2561, 0.2437, 0.2480, 0.2522],
        [0.2525, 0.2435, 0.2401, 0.2640]], device='cuda:0',
       grad_fn=<SoftmaxBackward0>)
tensor([[0.2505, 0.2499, 0.2500, 0.2496],
        [0.2505, 0.2500, 0.2503, 0.2491],
        [0.2504, 0.2496, 0.2499, 0.2501],
        [0.2516, 0.2444, 0.2472, 0.2568],
        [0.2575, 0.2469, 0.2455, 0.2501],
        [0.2527, 0.2441, 0.2452, 0.2581],
        [0.2533, 0.2487, 0.2452, 0.2527]], device='cuda:0',
       grad_fn=<SoftmaxBackward0>)
tensor([[0.2495, 0.2499, 0.2511, 0.2494],
        [0.2493, 0.2497, 0.2508, 0.2502]], device='cuda:0',
       grad_fn=<SoftmaxBackward0>)
tensor([[0.2500, 0.2496, 0.2503, 0.2500],
        [0.2499, 0.2501, 0.2504, 0.2497],
        [0.2498, 0.2500, 0.2499, 0.2503]], device='cuda:0',
       grad_fn=<SoftmaxBackward0>)
tensor([[0.2497, 0.2499, 0.2503, 0.2501],
        [0.2499, 0.2499, 0.2506, 0.2496],
        [0.2497, 0.2498, 0.2502, 0.2503],
        [0.2499, 0.2497, 0.2504, 0.2500]], device='cuda:0',
       grad_fn=<SoftmaxBackward0>)
tensor([[0.2501, 0.2498, 0.2501, 0.2500],
        [0.2504, 0.2499, 0.2502, 0.2495],
        [0.2495, 0.2500, 0.2506, 0.2499],
        [0.2499, 0.2500, 0.2503, 0.2498],
        [0.2500, 0.2499, 0.2500, 0.2500]], device='cuda:0',
       grad_fn=<SoftmaxBackward0>)
tensor([[0.2510, 0.2494, 0.2505, 0.2491],
        [0.2506, 0.2496, 0.2511, 0.2487],
        [0.2500, 0.2498, 0.2501, 0.2501],
        [0.2466, 0.2398, 0.2622, 0.2514],
        [0.2488, 0.2411, 0.2549, 0.2552],
        [0.2442, 0.2393, 0.2576, 0.2589]], device='cuda:0',
       grad_fn=<SoftmaxBackward0>)
tensor([[0.2506, 0.2496, 0.2508, 0.2490],
        [0.2503, 0.2495, 0.2509, 0.2493],
        [0.2493, 0.2499, 0.2509, 0.2499],
        [0.2469, 0.2399, 0.2627, 0.2506],
        [0.2457, 0.2399, 0.2571, 0.2573],
        [0.2412, 0.2372, 0.2566, 0.2650],
        [0.2496, 0.2419, 0.2570, 0.2515]], device='cuda:0',
       grad_fn=<SoftmaxBackward0>)
#####################
08/22 07:00:51午前 searchStage_trainer.py:267 [INFO] Train: Epoch: [3][50/390]	Step 1223	lr 0.02479	Loss 1.1866 (1.1006)	Hard Loss 1.1866 (1.1006)	Soft Loss 1.1866 (1.1006)	Arch Loss 0.9577 (1.0934)	Arch Hard Loss 0.9577 (1.0934)	Arch Soft Loss 0.9577 (1.0934)	Arch depth Loss -7.4746 (-7.2707)	Prec@(1,5) (61.2%, 95.7%)	
08/22 07:01:12午前 searchStage_trainer.py:267 [INFO] Train: Epoch: [3][100/390]	Step 1273	lr 0.02479	Loss 0.8840 (1.0855)	Hard Loss 0.8840 (1.0855)	Soft Loss 0.8840 (1.0855)	Arch Loss 1.0003 (1.1064)	Arch Hard Loss 1.0003 (1.1064)	Arch Soft Loss 1.0003 (1.1064)	Arch depth Loss -7.8996 (-7.4806)	Prec@(1,5) (61.6%, 95.9%)	
08/22 07:01:34午前 searchStage_trainer.py:267 [INFO] Train: Epoch: [3][150/390]	Step 1323	lr 0.02479	Loss 1.0853 (1.0653)	Hard Loss 1.0853 (1.0653)	Soft Loss 1.0853 (1.0653)	Arch Loss 0.9663 (1.1078)	Arch Hard Loss 0.9663 (1.1078)	Arch Soft Loss 0.9663 (1.1078)	Arch depth Loss -8.3358 (-7.6941)	Prec@(1,5) (61.9%, 96.2%)	
08/22 07:01:56午前 searchStage_trainer.py:267 [INFO] Train: Epoch: [3][200/390]	Step 1373	lr 0.02479	Loss 1.2099 (1.0593)	Hard Loss 1.2099 (1.0593)	Soft Loss 1.2099 (1.0593)	Arch Loss 1.0074 (1.0949)	Arch Hard Loss 1.0074 (1.0949)	Arch Soft Loss 1.0074 (1.0949)	Arch depth Loss -8.7832 (-7.9113)	Prec@(1,5) (62.3%, 96.1%)	
08/22 07:02:17午前 searchStage_trainer.py:267 [INFO] Train: Epoch: [3][250/390]	Step 1423	lr 0.02479	Loss 1.1461 (1.0566)	Hard Loss 1.1461 (1.0566)	Soft Loss 1.1461 (1.0566)	Arch Loss 1.0168 (1.0854)	Arch Hard Loss 1.0168 (1.0854)	Arch Soft Loss 1.0168 (1.0854)	Arch depth Loss -9.2422 (-8.1323)	Prec@(1,5) (62.2%, 96.2%)	
08/22 07:02:39午前 searchStage_trainer.py:267 [INFO] Train: Epoch: [3][300/390]	Step 1473	lr 0.02479	Loss 1.0891 (1.0482)	Hard Loss 1.0891 (1.0482)	Soft Loss 1.0891 (1.0482)	Arch Loss 1.1447 (1.0789)	Arch Hard Loss 1.1447 (1.0789)	Arch Soft Loss 1.1447 (1.0789)	Arch depth Loss -9.7128 (-8.3571)	Prec@(1,5) (62.4%, 96.3%)	
08/22 07:03:01午前 searchStage_trainer.py:267 [INFO] Train: Epoch: [3][350/390]	Step 1523	lr 0.02479	Loss 1.0150 (1.0447)	Hard Loss 1.0150 (1.0447)	Soft Loss 1.0150 (1.0447)	Arch Loss 0.6414 (1.0739)	Arch Hard Loss 0.6414 (1.0739)	Arch Soft Loss 0.6414 (1.0739)	Arch depth Loss -10.1953 (-8.5858)	Prec@(1,5) (62.6%, 96.4%)	
08/22 07:03:18午前 searchStage_trainer.py:267 [INFO] Train: Epoch: [3][390/390]	Step 1563	lr 0.02479	Loss 1.0733 (1.0440)	Hard Loss 1.0733 (1.0440)	Soft Loss 1.0733 (1.0440)	Arch Loss 1.0068 (1.0692)	Arch Hard Loss 1.0068 (1.0692)	Arch Soft Loss 1.0068 (1.0692)	Arch depth Loss -10.5901 (-8.7716)	Prec@(1,5) (62.7%, 96.4%)	
08/22 07:03:18午前 searchStage_trainer.py:283 [INFO] Train: [  3/49] Final Prec@1 62.7240%
08/22 07:03:22午前 searchStage_trainer.py:311 [INFO] Valid: Epoch: [3][50/391]	Step 1564	Loss 1.0252	Prec@(1,5) (63.5%, 96.7%)
08/22 07:03:26午前 searchStage_trainer.py:311 [INFO] Valid: Epoch: [3][100/391]	Step 1564	Loss 1.0236	Prec@(1,5) (63.7%, 96.7%)
08/22 07:03:30午前 searchStage_trainer.py:311 [INFO] Valid: Epoch: [3][150/391]	Step 1564	Loss 1.0276	Prec@(1,5) (63.3%, 96.6%)
08/22 07:03:33午前 searchStage_trainer.py:311 [INFO] Valid: Epoch: [3][200/391]	Step 1564	Loss 1.0307	Prec@(1,5) (63.6%, 96.5%)
08/22 07:03:37午前 searchStage_trainer.py:311 [INFO] Valid: Epoch: [3][250/391]	Step 1564	Loss 1.0313	Prec@(1,5) (63.5%, 96.5%)
08/22 07:03:40午前 searchStage_trainer.py:311 [INFO] Valid: Epoch: [3][300/391]	Step 1564	Loss 1.0288	Prec@(1,5) (63.7%, 96.5%)
08/22 07:03:44午前 searchStage_trainer.py:311 [INFO] Valid: Epoch: [3][350/391]	Step 1564	Loss 1.0264	Prec@(1,5) (63.9%, 96.5%)
08/22 07:03:47午前 searchStage_trainer.py:311 [INFO] Valid: Epoch: [3][390/391]	Step 1564	Loss 1.0262	Prec@(1,5) (63.9%, 96.5%)
08/22 07:03:47午前 searchStage_trainer.py:322 [INFO] Valid: [  3/49] Final Prec@1 63.9000%
