08/23 05:52:36PM parser.py:28 [INFO] 
08/23 05:52:36PM parser.py:29 [INFO] Parameters:
08/23 05:52:36PM parser.py:31 [INFO] DAG_PATH=results/search_stage_KD/cifar10/largeSlideWindow/s1-BaselineBestCell/DAG
08/23 05:52:36PM parser.py:31 [INFO] T=10.0
08/23 05:52:36PM parser.py:31 [INFO] ADVANCED=False
08/23 05:52:36PM parser.py:31 [INFO] ALPHA_LR=0.0003
08/23 05:52:36PM parser.py:31 [INFO] ALPHA_WEIGHT_DECAY=0.001
08/23 05:52:36PM parser.py:31 [INFO] BATCH_SIZE=64
08/23 05:52:36PM parser.py:31 [INFO] CASCADE=False
08/23 05:52:36PM parser.py:31 [INFO] CHECKPOINT_RESET=False
08/23 05:52:36PM parser.py:31 [INFO] CUTOUT_LENGTH=0
08/23 05:52:36PM parser.py:31 [INFO] DATA_PATH=../data/
08/23 05:52:36PM parser.py:31 [INFO] DATASET=cifar10
08/23 05:52:36PM parser.py:31 [INFO] DEPTH_COEF=1.0
08/23 05:52:36PM parser.py:31 [INFO] DESCRIPTION=search_stage_on_noKD_with_slideWindow-8
08/23 05:52:36PM parser.py:31 [INFO] EPOCHS=50
08/23 05:52:36PM parser.py:31 [INFO] EXP_NAME=s1-BaselineBestCell
08/23 05:52:36PM parser.py:31 [INFO] GENOTYPE=Genotype3(normal1=[[('sep_conv_5x5', 0), ('sep_conv_3x3', 1)], [('sep_conv_3x3', 1), ('sep_conv_3x3', 0)], [('sep_conv_3x3', 1), ('sep_conv_3x3', 2)], [('sep_conv_3x3', 0), ('sep_conv_5x5', 4)]], normal1_concat=range(2, 6), reduce1=[[('sep_conv_3x3', 0), ('skip_connect', 1)], [('sep_conv_3x3', 1), ('max_pool_3x3', 0)], [('sep_conv_3x3', 2), ('sep_conv_3x3', 1)], [('max_pool_3x3', 0), ('dil_conv_3x3', 1)]], reduce1_concat=range(2, 6), normal2=[[('skip_connect', 0), ('sep_conv_5x5', 1)], [('skip_connect', 0), ('skip_connect', 2)], [('avg_pool_3x3', 0), ('avg_pool_3x3', 2)], [('skip_connect', 0), ('avg_pool_3x3', 2)]], normal2_concat=range(2, 6), reduce2=[[('avg_pool_3x3', 0), ('avg_pool_3x3', 1)], [('avg_pool_3x3', 0), ('skip_connect', 2)], [('skip_connect', 2), ('avg_pool_3x3', 0)], [('skip_connect', 2), ('avg_pool_3x3', 0)]], reduce2_concat=range(2, 6), normal3=[[('skip_connect', 0), ('skip_connect', 1)], [('skip_connect', 0), ('dil_conv_3x3', 1)], [('skip_connect', 0), ('skip_connect', 1)], [('skip_connect', 0), ('skip_connect', 2)]], normal3_concat=range(2, 6))
08/23 05:52:36PM parser.py:31 [INFO] GPUS=[0]
08/23 05:52:36PM parser.py:31 [INFO] INIT_CHANNELS=16
08/23 05:52:36PM parser.py:31 [INFO] L=0.5
08/23 05:52:36PM parser.py:31 [INFO] LAYERS=20
08/23 05:52:36PM parser.py:31 [INFO] LOGGER=<Logger H-DAS (INFO)>
08/23 05:52:36PM parser.py:31 [INFO] NAME=largeSlideWindow
08/23 05:52:36PM parser.py:31 [INFO] NONKD=True
08/23 05:52:36PM parser.py:31 [INFO] PATH=results/search_stage_KD/cifar10/largeSlideWindow/s1-BaselineBestCell
08/23 05:52:36PM parser.py:31 [INFO] PCDARTS=False
08/23 05:52:36PM parser.py:31 [INFO] PLOT_PATH=results/search_stage_KD/cifar10/largeSlideWindow/s1-BaselineBestCell/plots
08/23 05:52:36PM parser.py:31 [INFO] PRINT_FREQ=50
08/23 05:52:36PM parser.py:31 [INFO] RESUME_PATH=None
08/23 05:52:36PM parser.py:31 [INFO] SAVE=s1-BaselineBestCell
08/23 05:52:36PM parser.py:31 [INFO] SEED=1
08/23 05:52:36PM parser.py:31 [INFO] SHARE_STAGE=False
08/23 05:52:36PM parser.py:31 [INFO] SLIDE_WINDOW=8
08/23 05:52:36PM parser.py:31 [INFO] SPEC_CELL=True
08/23 05:52:36PM parser.py:31 [INFO] TEACHER_NAME=non
08/23 05:52:36PM parser.py:31 [INFO] TEACHER_PATH=non
08/23 05:52:36PM parser.py:31 [INFO] TRAIN_PORTION=0.5
08/23 05:52:36PM parser.py:31 [INFO] W_GRAD_CLIP=5.0
08/23 05:52:36PM parser.py:31 [INFO] W_LR=0.025
08/23 05:52:36PM parser.py:31 [INFO] W_LR_MIN=0.001
08/23 05:52:36PM parser.py:31 [INFO] W_MOMENTUM=0.9
08/23 05:52:36PM parser.py:31 [INFO] W_WEIGHT_DECAY=0.0003
08/23 05:52:36PM parser.py:31 [INFO] WORKERS=4
08/23 05:52:36PM parser.py:32 [INFO] 
08/23 05:52:52PM searchStage_trainer.py:137 [INFO] --> No loaded checkpoint!
####### ALPHA #######
# Alpha - DAG
tensor([[0.2501, 0.2500, 0.2499, 0.2501],
        [0.2500, 0.2501, 0.2497, 0.2502]], device='cuda:0',
       grad_fn=<SoftmaxBackward0>)
tensor([[0.2499, 0.2500, 0.2499, 0.2501],
        [0.2500, 0.2498, 0.2501, 0.2501],
        [0.2501, 0.2500, 0.2498, 0.2501]], device='cuda:0',
       grad_fn=<SoftmaxBackward0>)
tensor([[0.2496, 0.2499, 0.2506, 0.2500],
        [0.2500, 0.2496, 0.2501, 0.2502],
        [0.2503, 0.2498, 0.2498, 0.2500],
        [0.2498, 0.2503, 0.2500, 0.2498]], device='cuda:0',
       grad_fn=<SoftmaxBackward0>)
tensor([[0.2503, 0.2501, 0.2498, 0.2499],
        [0.2500, 0.2500, 0.2499, 0.2501],
        [0.2499, 0.2500, 0.2499, 0.2502],
        [0.2497, 0.2505, 0.2501, 0.2497],
        [0.2501, 0.2499, 0.2498, 0.2502]], device='cuda:0',
       grad_fn=<SoftmaxBackward0>)
tensor([[0.2503, 0.2497, 0.2500, 0.2500],
        [0.2501, 0.2502, 0.2501, 0.2497],
        [0.2500, 0.2500, 0.2501, 0.2499],
        [0.2499, 0.2502, 0.2502, 0.2497],
        [0.2495, 0.2504, 0.2500, 0.2501],
        [0.2497, 0.2498, 0.2507, 0.2498]], device='cuda:0',
       grad_fn=<SoftmaxBackward0>)
tensor([[0.2501, 0.2497, 0.2503, 0.2499],
        [0.2499, 0.2499, 0.2501, 0.2501],
        [0.2504, 0.2500, 0.2502, 0.2494],
        [0.2502, 0.2500, 0.2499, 0.2500],
        [0.2498, 0.2497, 0.2502, 0.2502],
        [0.2500, 0.2503, 0.2502, 0.2495],
        [0.2500, 0.2499, 0.2501, 0.2501]], device='cuda:0',
       grad_fn=<SoftmaxBackward0>)
tensor([[0.2499, 0.2498, 0.2503, 0.2500],
        [0.2498, 0.2502, 0.2502, 0.2498]], device='cuda:0',
       grad_fn=<SoftmaxBackward0>)
tensor([[0.2502, 0.2502, 0.2502, 0.2494],
        [0.2502, 0.2499, 0.2497, 0.2502],
        [0.2500, 0.2498, 0.2499, 0.2503]], device='cuda:0',
       grad_fn=<SoftmaxBackward0>)
tensor([[0.2499, 0.2500, 0.2498, 0.2503],
        [0.2499, 0.2504, 0.2497, 0.2499],
        [0.2497, 0.2503, 0.2503, 0.2497],
        [0.2499, 0.2499, 0.2501, 0.2501]], device='cuda:0',
       grad_fn=<SoftmaxBackward0>)
tensor([[0.2507, 0.2498, 0.2499, 0.2496],
        [0.2501, 0.2501, 0.2498, 0.2500],
        [0.2497, 0.2502, 0.2500, 0.2502],
        [0.2499, 0.2498, 0.2503, 0.2500],
        [0.2497, 0.2504, 0.2497, 0.2502]], device='cuda:0',
       grad_fn=<SoftmaxBackward0>)
tensor([[0.2506, 0.2498, 0.2500, 0.2496],
        [0.2498, 0.2498, 0.2503, 0.2500],
        [0.2499, 0.2500, 0.2500, 0.2501],
        [0.2498, 0.2499, 0.2502, 0.2502],
        [0.2501, 0.2502, 0.2497, 0.2500],
        [0.2500, 0.2502, 0.2500, 0.2498]], device='cuda:0',
       grad_fn=<SoftmaxBackward0>)
tensor([[0.2498, 0.2502, 0.2501, 0.2499],
        [0.2501, 0.2500, 0.2498, 0.2502],
        [0.2505, 0.2496, 0.2499, 0.2500],
        [0.2500, 0.2500, 0.2500, 0.2501],
        [0.2503, 0.2501, 0.2501, 0.2495],
        [0.2499, 0.2499, 0.2501, 0.2501],
        [0.2501, 0.2502, 0.2500, 0.2496]], device='cuda:0',
       grad_fn=<SoftmaxBackward0>)
tensor([[0.2499, 0.2500, 0.2505, 0.2497],
        [0.2500, 0.2499, 0.2500, 0.2500]], device='cuda:0',
       grad_fn=<SoftmaxBackward0>)
tensor([[0.2499, 0.2499, 0.2500, 0.2501],
        [0.2499, 0.2500, 0.2500, 0.2501],
        [0.2497, 0.2500, 0.2500, 0.2503]], device='cuda:0',
       grad_fn=<SoftmaxBackward0>)
tensor([[0.2501, 0.2502, 0.2493, 0.2504],
        [0.2495, 0.2503, 0.2500, 0.2502],
        [0.2502, 0.2498, 0.2499, 0.2501],
        [0.2500, 0.2498, 0.2503, 0.2500]], device='cuda:0',
       grad_fn=<SoftmaxBackward0>)
tensor([[0.2502, 0.2501, 0.2499, 0.2497],
        [0.2500, 0.2497, 0.2502, 0.2501],
        [0.2500, 0.2501, 0.2501, 0.2498],
        [0.2499, 0.2501, 0.2500, 0.2500],
        [0.2502, 0.2499, 0.2500, 0.2499]], device='cuda:0',
       grad_fn=<SoftmaxBackward0>)
tensor([[0.2502, 0.2495, 0.2501, 0.2501],
        [0.2499, 0.2500, 0.2500, 0.2500],
        [0.2502, 0.2499, 0.2498, 0.2501],
        [0.2500, 0.2503, 0.2497, 0.2500],
        [0.2501, 0.2499, 0.2498, 0.2502],
        [0.2496, 0.2508, 0.2499, 0.2497]], device='cuda:0',
       grad_fn=<SoftmaxBackward0>)
tensor([[0.2501, 0.2501, 0.2499, 0.2499],
        [0.2501, 0.2499, 0.2501, 0.2498],
        [0.2497, 0.2504, 0.2502, 0.2497],
        [0.2500, 0.2502, 0.2498, 0.2499],
        [0.2500, 0.2502, 0.2500, 0.2498],
        [0.2500, 0.2504, 0.2496, 0.2500],
        [0.2501, 0.2501, 0.2498, 0.2499]], device='cuda:0',
       grad_fn=<SoftmaxBackward0>)
#####################
08/23 05:53:14PM searchStage_trainer.py:268 [INFO] Train: Epoch: [0][50/390]	Step 50	lr 0.025	Loss 2.4831 (2.2395)	Hard Loss 2.4831 (2.2395)	Soft Loss 2.4831 (2.2395)	Arch Loss 1.8212 (2.1976)	Arch Hard Loss 1.8212 (2.1976)	Arch Soft Loss 1.8212 (2.1976)	Arch depth Loss -0.2476 (-0.1229)	Prec@(1,5) (19.0%, 72.1%)	
08/23 05:53:36PM searchStage_trainer.py:268 [INFO] Train: Epoch: [0][100/390]	Step 100	lr 0.025	Loss 1.7655 (2.1215)	Hard Loss 1.7655 (2.1215)	Soft Loss 1.7655 (2.1215)	Arch Loss 1.7131 (2.0884)	Arch Hard Loss 1.7131 (2.0884)	Arch Soft Loss 1.7131 (2.0884)	Arch depth Loss -0.5107 (-0.2519)	Prec@(1,5) (22.8%, 77.2%)	
08/23 05:53:57PM searchStage_trainer.py:268 [INFO] Train: Epoch: [0][150/390]	Step 150	lr 0.025	Loss 1.7200 (2.0087)	Hard Loss 1.7200 (2.0087)	Soft Loss 1.7200 (2.0087)	Arch Loss 1.9754 (1.9988)	Arch Hard Loss 1.9754 (1.9988)	Arch Soft Loss 1.9754 (1.9988)	Arch depth Loss -0.7823 (-0.3841)	Prec@(1,5) (25.8%, 80.3%)	
08/23 05:54:19PM searchStage_trainer.py:268 [INFO] Train: Epoch: [0][200/390]	Step 200	lr 0.025	Loss 1.6162 (1.9349)	Hard Loss 1.6162 (1.9349)	Soft Loss 1.6162 (1.9349)	Arch Loss 1.8758 (1.9253)	Arch Hard Loss 1.8758 (1.9253)	Arch Soft Loss 1.8758 (1.9253)	Arch depth Loss -1.0624 (-0.5192)	Prec@(1,5) (28.1%, 82.1%)	
08/23 05:54:41PM searchStage_trainer.py:268 [INFO] Train: Epoch: [0][250/390]	Step 250	lr 0.025	Loss 1.6425 (1.8817)	Hard Loss 1.6425 (1.8817)	Soft Loss 1.6425 (1.8817)	Arch Loss 1.9160 (1.8777)	Arch Hard Loss 1.9160 (1.8777)	Arch Soft Loss 1.9160 (1.8777)	Arch depth Loss -1.3508 (-0.6571)	Prec@(1,5) (30.1%, 83.4%)	
08/23 05:55:02PM searchStage_trainer.py:268 [INFO] Train: Epoch: [0][300/390]	Step 300	lr 0.025	Loss 1.7009 (1.8408)	Hard Loss 1.7009 (1.8408)	Soft Loss 1.7009 (1.8408)	Arch Loss 1.6586 (1.8393)	Arch Hard Loss 1.6586 (1.8393)	Arch Soft Loss 1.6586 (1.8393)	Arch depth Loss -1.6477 (-0.7979)	Prec@(1,5) (31.5%, 84.5%)	
08/23 05:55:24PM searchStage_trainer.py:268 [INFO] Train: Epoch: [0][350/390]	Step 350	lr 0.025	Loss 1.6027 (1.7970)	Hard Loss 1.6027 (1.7970)	Soft Loss 1.6027 (1.7970)	Arch Loss 1.2338 (1.7995)	Arch Hard Loss 1.2338 (1.7995)	Arch Soft Loss 1.2338 (1.7995)	Arch depth Loss -1.9534 (-0.9414)	Prec@(1,5) (33.3%, 85.3%)	
08/23 05:55:41PM searchStage_trainer.py:268 [INFO] Train: Epoch: [0][390/390]	Step 390	lr 0.025	Loss 1.5725 (1.7699)	Hard Loss 1.5725 (1.7699)	Soft Loss 1.5725 (1.7699)	Arch Loss 1.7268 (1.7742)	Arch Hard Loss 1.7268 (1.7742)	Arch Soft Loss 1.7268 (1.7742)	Arch depth Loss -2.2042 (-1.0584)	Prec@(1,5) (34.3%, 85.9%)	
08/23 05:55:42PM searchStage_trainer.py:284 [INFO] Train: [  0/49] Final Prec@1 34.3120%
08/23 05:55:46PM searchStage_trainer.py:312 [INFO] Valid: Epoch: [0][50/391]	Step 391	Loss 1.5751	Prec@(1,5) (39.9%, 89.9%)
08/23 05:55:50PM searchStage_trainer.py:312 [INFO] Valid: Epoch: [0][100/391]	Step 391	Loss 1.5724	Prec@(1,5) (41.0%, 89.9%)
08/23 05:55:53PM searchStage_trainer.py:312 [INFO] Valid: Epoch: [0][150/391]	Step 391	Loss 1.5635	Prec@(1,5) (41.1%, 90.1%)
08/23 05:55:57PM searchStage_trainer.py:312 [INFO] Valid: Epoch: [0][200/391]	Step 391	Loss 1.5613	Prec@(1,5) (41.0%, 90.2%)
08/23 05:56:01PM searchStage_trainer.py:312 [INFO] Valid: Epoch: [0][250/391]	Step 391	Loss 1.5596	Prec@(1,5) (41.2%, 90.2%)
08/23 05:56:04PM searchStage_trainer.py:312 [INFO] Valid: Epoch: [0][300/391]	Step 391	Loss 1.5612	Prec@(1,5) (41.3%, 90.2%)
08/23 05:56:08PM searchStage_trainer.py:312 [INFO] Valid: Epoch: [0][350/391]	Step 391	Loss 1.5603	Prec@(1,5) (41.2%, 90.3%)
08/23 05:56:11PM searchStage_trainer.py:312 [INFO] Valid: Epoch: [0][390/391]	Step 391	Loss 1.5592	Prec@(1,5) (41.4%, 90.3%)
08/23 05:56:11PM searchStage_trainer.py:323 [INFO] Valid: [  0/49] Final Prec@1 41.3800%
08/23 05:56:11PM searchStage_KD_main.py:58 [INFO] DAG = Genotype2(DAG1=[[('skip_connect', 0), ('skip_connect', 1)], [('max_pool_3x3', 2), ('skip_connect', 1)], [('avg_pool_3x3', 3), ('max_pool_3x3', 2)], [('avg_pool_3x3', 3), ('avg_pool_3x3', 4)], [('max_pool_3x3', 2), ('max_pool_3x3', 0)], [('max_pool_3x3', 2), ('max_pool_3x3', 6)]], DAG1_concat=range(6, 8), DAG2=[[('skip_connect', 0), ('skip_connect', 1)], [('max_pool_3x3', 2), ('max_pool_3x3', 0)], [('avg_pool_3x3', 2), ('max_pool_3x3', 3)], [('avg_pool_3x3', 4), ('avg_pool_3x3', 2)], [('avg_pool_3x3', 4), ('skip_connect', 3)], [('max_pool_3x3', 2), ('max_pool_3x3', 4)]], DAG2_concat=range(6, 8), DAG3=[[('skip_connect', 0), ('skip_connect', 1)], [('skip_connect', 2), ('skip_connect', 0)], [('skip_connect', 3), ('max_pool_3x3', 2)], [('skip_connect', 2), ('skip_connect', 4)], [('skip_connect', 4), ('skip_connect', 5)], [('skip_connect', 3), ('skip_connect', 2)]], DAG3_concat=range(6, 8))
08/23 05:56:12PM searchStage_KD_main.py:89 [INFO] Until now, best Prec@1 = 41.3800%
####### ALPHA #######
# Alpha - DAG
tensor([[0.2500, 0.2495, 0.2504, 0.2500],
        [0.2497, 0.2499, 0.2504, 0.2500]], device='cuda:0',
       grad_fn=<SoftmaxBackward0>)
tensor([[0.2504, 0.2501, 0.2500, 0.2496],
        [0.2503, 0.2499, 0.2503, 0.2496],
        [0.2505, 0.2503, 0.2491, 0.2500]], device='cuda:0',
       grad_fn=<SoftmaxBackward0>)
tensor([[0.2497, 0.2498, 0.2509, 0.2495],
        [0.2504, 0.2497, 0.2505, 0.2494],
        [0.2506, 0.2501, 0.2490, 0.2503],
        [0.2506, 0.2510, 0.2487, 0.2498]], device='cuda:0',
       grad_fn=<SoftmaxBackward0>)
tensor([[0.2505, 0.2500, 0.2499, 0.2496],
        [0.2505, 0.2503, 0.2501, 0.2491],
        [0.2504, 0.2504, 0.2495, 0.2497],
        [0.2495, 0.2507, 0.2496, 0.2501],
        [0.2502, 0.2504, 0.2499, 0.2495]], device='cuda:0',
       grad_fn=<SoftmaxBackward0>)
tensor([[0.2531, 0.2483, 0.2501, 0.2485],
        [0.2529, 0.2489, 0.2494, 0.2488],
        [0.2523, 0.2507, 0.2487, 0.2482],
        [0.2509, 0.2503, 0.2493, 0.2495],
        [0.2505, 0.2507, 0.2487, 0.2501],
        [0.2509, 0.2502, 0.2494, 0.2496]], device='cuda:0',
       grad_fn=<SoftmaxBackward0>)
tensor([[0.2520, 0.2494, 0.2505, 0.2481],
        [0.2515, 0.2493, 0.2502, 0.2491],
        [0.2514, 0.2498, 0.2496, 0.2492],
        [0.2506, 0.2502, 0.2492, 0.2499],
        [0.2503, 0.2501, 0.2502, 0.2494],
        [0.2505, 0.2508, 0.2494, 0.2493],
        [0.2512, 0.2505, 0.2490, 0.2493]], device='cuda:0',
       grad_fn=<SoftmaxBackward0>)
tensor([[0.2501, 0.2497, 0.2504, 0.2499],
        [0.2498, 0.2499, 0.2503, 0.2499]], device='cuda:0',
       grad_fn=<SoftmaxBackward0>)
tensor([[0.2504, 0.2502, 0.2502, 0.2492],
        [0.2503, 0.2499, 0.2497, 0.2501],
        [0.2501, 0.2497, 0.2496, 0.2505]], device='cuda:0',
       grad_fn=<SoftmaxBackward0>)
tensor([[0.2500, 0.2500, 0.2497, 0.2502],
        [0.2502, 0.2503, 0.2497, 0.2498],
        [0.2498, 0.2504, 0.2501, 0.2497],
        [0.2500, 0.2498, 0.2500, 0.2502]], device='cuda:0',
       grad_fn=<SoftmaxBackward0>)
tensor([[0.2507, 0.2498, 0.2500, 0.2496],
        [0.2502, 0.2500, 0.2498, 0.2499],
        [0.2497, 0.2502, 0.2500, 0.2501],
        [0.2498, 0.2498, 0.2502, 0.2502],
        [0.2497, 0.2505, 0.2497, 0.2502]], device='cuda:0',
       grad_fn=<SoftmaxBackward0>)
tensor([[0.2510, 0.2497, 0.2500, 0.2493],
        [0.2503, 0.2498, 0.2503, 0.2496],
        [0.2500, 0.2500, 0.2501, 0.2499],
        [0.2499, 0.2499, 0.2504, 0.2498],
        [0.2502, 0.2504, 0.2492, 0.2502],
        [0.2500, 0.2502, 0.2495, 0.2503]], device='cuda:0',
       grad_fn=<SoftmaxBackward0>)
tensor([[0.2502, 0.2503, 0.2501, 0.2495],
        [0.2506, 0.2500, 0.2498, 0.2495],
        [0.2507, 0.2496, 0.2498, 0.2500],
        [0.2499, 0.2500, 0.2501, 0.2500],
        [0.2504, 0.2501, 0.2497, 0.2497],
        [0.2501, 0.2500, 0.2499, 0.2499],
        [0.2503, 0.2504, 0.2498, 0.2495]], device='cuda:0',
       grad_fn=<SoftmaxBackward0>)
tensor([[0.2496, 0.2499, 0.2509, 0.2496],
        [0.2497, 0.2497, 0.2505, 0.2501]], device='cuda:0',
       grad_fn=<SoftmaxBackward0>)
tensor([[0.2498, 0.2499, 0.2504, 0.2499],
        [0.2495, 0.2500, 0.2504, 0.2501],
        [0.2494, 0.2500, 0.2502, 0.2505]], device='cuda:0',
       grad_fn=<SoftmaxBackward0>)
tensor([[0.2500, 0.2501, 0.2494, 0.2506],
        [0.2494, 0.2502, 0.2502, 0.2503],
        [0.2502, 0.2498, 0.2501, 0.2499],
        [0.2498, 0.2498, 0.2506, 0.2499]], device='cuda:0',
       grad_fn=<SoftmaxBackward0>)
tensor([[0.2502, 0.2500, 0.2500, 0.2498],
        [0.2499, 0.2497, 0.2504, 0.2501],
        [0.2499, 0.2500, 0.2505, 0.2496],
        [0.2498, 0.2500, 0.2501, 0.2501],
        [0.2500, 0.2500, 0.2502, 0.2499]], device='cuda:0',
       grad_fn=<SoftmaxBackward0>)
tensor([[0.2503, 0.2493, 0.2506, 0.2498],
        [0.2501, 0.2497, 0.2506, 0.2496],
        [0.2499, 0.2496, 0.2504, 0.2502],
        [0.2496, 0.2500, 0.2502, 0.2501],
        [0.2496, 0.2497, 0.2506, 0.2501],
        [0.2490, 0.2506, 0.2506, 0.2498]], device='cuda:0',
       grad_fn=<SoftmaxBackward0>)
tensor([[0.2504, 0.2497, 0.2501, 0.2498],
        [0.2504, 0.2497, 0.2505, 0.2495],
        [0.2495, 0.2503, 0.2509, 0.2493],
        [0.2497, 0.2500, 0.2506, 0.2497],
        [0.2497, 0.2502, 0.2506, 0.2496],
        [0.2496, 0.2500, 0.2502, 0.2501],
        [0.2499, 0.2500, 0.2500, 0.2501]], device='cuda:0',
       grad_fn=<SoftmaxBackward0>)
#####################
08/23 05:56:34午後 searchStage_trainer.py:268 [INFO] Train: Epoch: [1][50/390]	Step 441	lr 0.02498	Loss 1.5003 (1.5119)	Hard Loss 1.5003 (1.5119)	Soft Loss 1.5003 (1.5119)	Arch Loss 1.3356 (1.4621)	Arch Hard Loss 1.3356 (1.4621)	Arch Soft Loss 1.3356 (1.4621)	Arch depth Loss -2.5325 (-2.3740)	Prec@(1,5) (44.1%, 91.6%)	
08/23 05:56:56午後 searchStage_trainer.py:268 [INFO] Train: Epoch: [1][100/390]	Step 491	lr 0.02498	Loss 1.4881 (1.4768)	Hard Loss 1.4881 (1.4768)	Soft Loss 1.4881 (1.4768)	Arch Loss 1.3905 (1.4422)	Arch Hard Loss 1.3905 (1.4422)	Arch Soft Loss 1.3905 (1.4422)	Arch depth Loss -2.8636 (-2.5373)	Prec@(1,5) (45.6%, 91.5%)	
08/23 05:57:17午後 searchStage_trainer.py:268 [INFO] Train: Epoch: [1][150/390]	Step 541	lr 0.02498	Loss 1.2842 (1.4525)	Hard Loss 1.2842 (1.4525)	Soft Loss 1.2842 (1.4525)	Arch Loss 1.2909 (1.4458)	Arch Hard Loss 1.2909 (1.4458)	Arch Soft Loss 1.2909 (1.4458)	Arch depth Loss -3.2042 (-2.7037)	Prec@(1,5) (46.4%, 92.0%)	
08/23 05:57:39午後 searchStage_trainer.py:268 [INFO] Train: Epoch: [1][200/390]	Step 591	lr 0.02498	Loss 1.3723 (1.4265)	Hard Loss 1.3723 (1.4265)	Soft Loss 1.3723 (1.4265)	Arch Loss 1.2503 (1.4327)	Arch Hard Loss 1.2503 (1.4327)	Arch Soft Loss 1.2503 (1.4327)	Arch depth Loss -3.5543 (-2.8733)	Prec@(1,5) (47.5%, 92.4%)	
08/23 05:58:01午後 searchStage_trainer.py:268 [INFO] Train: Epoch: [1][250/390]	Step 641	lr 0.02498	Loss 1.3417 (1.4121)	Hard Loss 1.3417 (1.4121)	Soft Loss 1.3417 (1.4121)	Arch Loss 1.4295 (1.4217)	Arch Hard Loss 1.4295 (1.4217)	Arch Soft Loss 1.4295 (1.4217)	Arch depth Loss -3.9142 (-3.0460)	Prec@(1,5) (48.2%, 92.6%)	
08/23 05:58:22午後 searchStage_trainer.py:268 [INFO] Train: Epoch: [1][300/390]	Step 691	lr 0.02498	Loss 1.2546 (1.4021)	Hard Loss 1.2546 (1.4021)	Soft Loss 1.2546 (1.4021)	Arch Loss 1.0395 (1.4112)	Arch Hard Loss 1.0395 (1.4112)	Arch Soft Loss 1.0395 (1.4112)	Arch depth Loss -4.2840 (-3.2220)	Prec@(1,5) (48.5%, 92.7%)	
08/23 05:58:44午後 searchStage_trainer.py:268 [INFO] Train: Epoch: [1][350/390]	Step 741	lr 0.02498	Loss 1.3649 (1.3860)	Hard Loss 1.3649 (1.3860)	Soft Loss 1.3649 (1.3860)	Arch Loss 1.2206 (1.3951)	Arch Hard Loss 1.2206 (1.3951)	Arch Soft Loss 1.2206 (1.3951)	Arch depth Loss -4.6640 (-3.4013)	Prec@(1,5) (49.2%, 92.9%)	
08/23 05:59:01午後 searchStage_trainer.py:268 [INFO] Train: Epoch: [1][390/390]	Step 781	lr 0.02498	Loss 1.0564 (1.3752)	Hard Loss 1.0564 (1.3752)	Soft Loss 1.0564 (1.3752)	Arch Loss 1.2049 (1.3867)	Arch Hard Loss 1.2049 (1.3867)	Arch Soft Loss 1.2049 (1.3867)	Arch depth Loss -4.9755 (-3.5471)	Prec@(1,5) (49.7%, 93.0%)	
08/23 05:59:02午後 searchStage_trainer.py:284 [INFO] Train: [  1/49] Final Prec@1 49.6720%
08/23 05:59:05午後 searchStage_trainer.py:312 [INFO] Valid: Epoch: [1][50/391]	Step 782	Loss 1.3682	Prec@(1,5) (49.9%, 92.8%)
08/23 05:59:09午後 searchStage_trainer.py:312 [INFO] Valid: Epoch: [1][100/391]	Step 782	Loss 1.3909	Prec@(1,5) (49.4%, 92.9%)
08/23 05:59:13午後 searchStage_trainer.py:312 [INFO] Valid: Epoch: [1][150/391]	Step 782	Loss 1.3805	Prec@(1,5) (50.2%, 92.8%)
08/23 05:59:16午後 searchStage_trainer.py:312 [INFO] Valid: Epoch: [1][200/391]	Step 782	Loss 1.3945	Prec@(1,5) (49.7%, 92.4%)
08/23 05:59:20午後 searchStage_trainer.py:312 [INFO] Valid: Epoch: [1][250/391]	Step 782	Loss 1.3834	Prec@(1,5) (50.1%, 92.7%)
08/23 05:59:24午後 searchStage_trainer.py:312 [INFO] Valid: Epoch: [1][300/391]	Step 782	Loss 1.3840	Prec@(1,5) (50.1%, 92.8%)
08/23 05:59:27午後 searchStage_trainer.py:312 [INFO] Valid: Epoch: [1][350/391]	Step 782	Loss 1.3868	Prec@(1,5) (49.9%, 92.8%)
08/23 05:59:30午後 searchStage_trainer.py:312 [INFO] Valid: Epoch: [1][390/391]	Step 782	Loss 1.3847	Prec@(1,5) (49.9%, 92.9%)
08/23 05:59:30午後 searchStage_trainer.py:323 [INFO] Valid: [  1/49] Final Prec@1 49.9000%
08/23 05:59:30午後 searchStage_KD_main.py:58 [INFO] DAG = Genotype2(DAG1=[[('skip_connect', 1), ('skip_connect', 0)], [('max_pool_3x3', 2), ('skip_connect', 1)], [('avg_pool_3x3', 3), ('max_pool_3x3', 2)], [('avg_pool_3x3', 4), ('avg_pool_3x3', 3)], [('max_pool_3x3', 2), ('max_pool_3x3', 3)], [('max_pool_3x3', 2), ('avg_pool_3x3', 5)]], DAG1_concat=range(6, 8), DAG2=[[('skip_connect', 0), ('skip_connect', 1)], [('max_pool_3x3', 2), ('max_pool_3x3', 0)], [('max_pool_3x3', 3), ('avg_pool_3x3', 2)], [('avg_pool_3x3', 4), ('skip_connect', 3)], [('max_pool_3x3', 4), ('max_pool_3x3', 5)], [('max_pool_3x3', 5), ('max_pool_3x3', 4)]], DAG2_concat=range(6, 8), DAG3=[[('skip_connect', 0), ('skip_connect', 1)], [('skip_connect', 2), ('skip_connect', 0)], [('skip_connect', 3), ('skip_connect', 2)], [('skip_connect', 4), ('skip_connect', 2)], [('skip_connect', 4), ('skip_connect', 5)], [('skip_connect', 3), ('skip_connect', 5)]], DAG3_concat=range(6, 8))
08/23 05:59:31午後 searchStage_KD_main.py:89 [INFO] Until now, best Prec@1 = 49.9000%
####### ALPHA #######
# Alpha - DAG
tensor([[0.2496, 0.2490, 0.2512, 0.2502],
        [0.2494, 0.2494, 0.2513, 0.2499]], device='cuda:0',
       grad_fn=<SoftmaxBackward0>)
tensor([[0.2504, 0.2497, 0.2504, 0.2496],
        [0.2502, 0.2495, 0.2508, 0.2495],
        [0.2504, 0.2503, 0.2493, 0.2500]], device='cuda:0',
       grad_fn=<SoftmaxBackward0>)
tensor([[0.2497, 0.2494, 0.2513, 0.2496],
        [0.2505, 0.2494, 0.2509, 0.2491],
        [0.2506, 0.2501, 0.2492, 0.2501],
        [0.2505, 0.2509, 0.2486, 0.2500]], device='cuda:0',
       grad_fn=<SoftmaxBackward0>)
tensor([[0.2509, 0.2497, 0.2500, 0.2494],
        [0.2506, 0.2501, 0.2504, 0.2488],
        [0.2504, 0.2503, 0.2495, 0.2498],
        [0.2496, 0.2507, 0.2495, 0.2502],
        [0.2501, 0.2506, 0.2500, 0.2493]], device='cuda:0',
       grad_fn=<SoftmaxBackward0>)
tensor([[0.2551, 0.2458, 0.2515, 0.2476],
        [0.2550, 0.2464, 0.2505, 0.2481],
        [0.2530, 0.2499, 0.2490, 0.2480],
        [0.2515, 0.2501, 0.2496, 0.2488],
        [0.2508, 0.2503, 0.2481, 0.2508],
        [0.2507, 0.2502, 0.2493, 0.2498]], device='cuda:0',
       grad_fn=<SoftmaxBackward0>)
tensor([[0.2532, 0.2492, 0.2508, 0.2469],
        [0.2525, 0.2491, 0.2505, 0.2480],
        [0.2516, 0.2495, 0.2493, 0.2496],
        [0.2508, 0.2502, 0.2490, 0.2500],
        [0.2503, 0.2501, 0.2500, 0.2496],
        [0.2504, 0.2510, 0.2494, 0.2491],
        [0.2512, 0.2505, 0.2492, 0.2491]], device='cuda:0',
       grad_fn=<SoftmaxBackward0>)
tensor([[0.2501, 0.2496, 0.2505, 0.2499],
        [0.2499, 0.2498, 0.2504, 0.2499]], device='cuda:0',
       grad_fn=<SoftmaxBackward0>)
tensor([[0.2504, 0.2501, 0.2502, 0.2492],
        [0.2503, 0.2498, 0.2498, 0.2501],
        [0.2502, 0.2497, 0.2497, 0.2504]], device='cuda:0',
       grad_fn=<SoftmaxBackward0>)
tensor([[0.2501, 0.2500, 0.2497, 0.2502],
        [0.2503, 0.2502, 0.2497, 0.2498],
        [0.2499, 0.2503, 0.2502, 0.2497],
        [0.2501, 0.2498, 0.2498, 0.2503]], device='cuda:0',
       grad_fn=<SoftmaxBackward0>)
tensor([[0.2507, 0.2498, 0.2500, 0.2495],
        [0.2503, 0.2501, 0.2498, 0.2499],
        [0.2497, 0.2502, 0.2500, 0.2501],
        [0.2499, 0.2498, 0.2502, 0.2502],
        [0.2497, 0.2505, 0.2495, 0.2503]], device='cuda:0',
       grad_fn=<SoftmaxBackward0>)
tensor([[0.2513, 0.2498, 0.2501, 0.2488],
        [0.2505, 0.2496, 0.2504, 0.2495],
        [0.2501, 0.2499, 0.2501, 0.2498],
        [0.2501, 0.2498, 0.2502, 0.2499],
        [0.2504, 0.2503, 0.2490, 0.2503],
        [0.2502, 0.2501, 0.2492, 0.2506]], device='cuda:0',
       grad_fn=<SoftmaxBackward0>)
tensor([[0.2503, 0.2504, 0.2502, 0.2491],
        [0.2509, 0.2502, 0.2498, 0.2491],
        [0.2507, 0.2496, 0.2496, 0.2501],
        [0.2501, 0.2501, 0.2502, 0.2497],
        [0.2505, 0.2501, 0.2495, 0.2499],
        [0.2503, 0.2500, 0.2495, 0.2502],
        [0.2504, 0.2504, 0.2495, 0.2497]], device='cuda:0',
       grad_fn=<SoftmaxBackward0>)
tensor([[0.2495, 0.2499, 0.2510, 0.2496],
        [0.2497, 0.2496, 0.2506, 0.2501]], device='cuda:0',
       grad_fn=<SoftmaxBackward0>)
tensor([[0.2498, 0.2499, 0.2505, 0.2498],
        [0.2495, 0.2499, 0.2505, 0.2501],
        [0.2494, 0.2499, 0.2502, 0.2505]], device='cuda:0',
       grad_fn=<SoftmaxBackward0>)
tensor([[0.2500, 0.2500, 0.2494, 0.2507],
        [0.2494, 0.2501, 0.2502, 0.2503],
        [0.2502, 0.2497, 0.2502, 0.2498],
        [0.2498, 0.2498, 0.2507, 0.2498]], device='cuda:0',
       grad_fn=<SoftmaxBackward0>)
tensor([[0.2502, 0.2499, 0.2501, 0.2499],
        [0.2499, 0.2496, 0.2504, 0.2501],
        [0.2498, 0.2500, 0.2506, 0.2496],
        [0.2498, 0.2500, 0.2501, 0.2500],
        [0.2500, 0.2500, 0.2502, 0.2499]], device='cuda:0',
       grad_fn=<SoftmaxBackward0>)
tensor([[0.2507, 0.2489, 0.2506, 0.2498],
        [0.2505, 0.2493, 0.2506, 0.2495],
        [0.2499, 0.2494, 0.2505, 0.2502],
        [0.2497, 0.2499, 0.2505, 0.2500],
        [0.2496, 0.2497, 0.2508, 0.2499],
        [0.2489, 0.2505, 0.2508, 0.2497]], device='cuda:0',
       grad_fn=<SoftmaxBackward0>)
tensor([[0.2508, 0.2493, 0.2502, 0.2497],
        [0.2508, 0.2493, 0.2505, 0.2494],
        [0.2496, 0.2500, 0.2510, 0.2494],
        [0.2498, 0.2498, 0.2508, 0.2496],
        [0.2498, 0.2501, 0.2506, 0.2495],
        [0.2497, 0.2498, 0.2504, 0.2501],
        [0.2501, 0.2498, 0.2501, 0.2500]], device='cuda:0',
       grad_fn=<SoftmaxBackward0>)
#####################
08/23 05:59:53午後 searchStage_trainer.py:268 [INFO] Train: Epoch: [2][50/390]	Step 832	lr 0.02491	Loss 1.1667 (1.2297)	Hard Loss 1.1667 (1.2297)	Soft Loss 1.1667 (1.2297)	Arch Loss 1.4714 (1.2660)	Arch Hard Loss 1.4714 (1.2660)	Arch Soft Loss 1.4714 (1.2660)	Arch depth Loss -5.3823 (-5.1860)	Prec@(1,5) (54.5%, 94.9%)	
08/23 06:00:15午後 searchStage_trainer.py:268 [INFO] Train: Epoch: [2][100/390]	Step 882	lr 0.02491	Loss 1.2172 (1.2082)	Hard Loss 1.2172 (1.2082)	Soft Loss 1.2172 (1.2082)	Arch Loss 1.2486 (1.2597)	Arch Hard Loss 1.2486 (1.2597)	Arch Soft Loss 1.2486 (1.2597)	Arch depth Loss -5.7920 (-5.3882)	Prec@(1,5) (55.8%, 95.2%)	
08/23 06:00:36午後 searchStage_trainer.py:268 [INFO] Train: Epoch: [2][150/390]	Step 932	lr 0.02491	Loss 1.4048 (1.2164)	Hard Loss 1.4048 (1.2164)	Soft Loss 1.4048 (1.2164)	Arch Loss 1.4836 (1.2378)	Arch Hard Loss 1.4836 (1.2378)	Arch Soft Loss 1.4836 (1.2378)	Arch depth Loss -6.2126 (-5.5940)	Prec@(1,5) (55.9%, 94.9%)	
08/23 06:00:58午後 searchStage_trainer.py:268 [INFO] Train: Epoch: [2][200/390]	Step 982	lr 0.02491	Loss 1.3291 (1.2104)	Hard Loss 1.3291 (1.2104)	Soft Loss 1.3291 (1.2104)	Arch Loss 1.1360 (1.2301)	Arch Hard Loss 1.1360 (1.2301)	Arch Soft Loss 1.1360 (1.2301)	Arch depth Loss -6.6442 (-5.8034)	Prec@(1,5) (56.2%, 94.8%)	
08/23 06:01:19午後 searchStage_trainer.py:268 [INFO] Train: Epoch: [2][250/390]	Step 1032	lr 0.02491	Loss 1.1997 (1.1992)	Hard Loss 1.1997 (1.1992)	Soft Loss 1.1997 (1.1992)	Arch Loss 1.0905 (1.2208)	Arch Hard Loss 1.0905 (1.2208)	Arch Soft Loss 1.0905 (1.2208)	Arch depth Loss -7.0870 (-6.0165)	Prec@(1,5) (56.6%, 95.0%)	
08/23 06:01:41午後 searchStage_trainer.py:268 [INFO] Train: Epoch: [2][300/390]	Step 1082	lr 0.02491	Loss 0.9631 (1.1979)	Hard Loss 0.9631 (1.1979)	Soft Loss 0.9631 (1.1979)	Arch Loss 1.1965 (1.2170)	Arch Hard Loss 1.1965 (1.2170)	Arch Soft Loss 1.1965 (1.2170)	Arch depth Loss -7.5413 (-6.2334)	Prec@(1,5) (56.9%, 95.1%)	
08/23 06:02:03午後 searchStage_trainer.py:268 [INFO] Train: Epoch: [2][350/390]	Step 1132	lr 0.02491	Loss 0.9744 (1.1945)	Hard Loss 0.9744 (1.1945)	Soft Loss 0.9744 (1.1945)	Arch Loss 1.1224 (1.2061)	Arch Hard Loss 1.1224 (1.2061)	Arch Soft Loss 1.1224 (1.2061)	Arch depth Loss -8.0072 (-6.4541)	Prec@(1,5) (57.0%, 95.1%)	
08/23 06:02:20午後 searchStage_trainer.py:268 [INFO] Train: Epoch: [2][390/390]	Step 1172	lr 0.02491	Loss 0.9161 (1.1872)	Hard Loss 0.9161 (1.1872)	Soft Loss 0.9161 (1.1872)	Arch Loss 1.1375 (1.2030)	Arch Hard Loss 1.1375 (1.2030)	Arch Soft Loss 1.1375 (1.2030)	Arch depth Loss -8.3884 (-6.6333)	Prec@(1,5) (57.3%, 95.2%)	
08/23 06:02:20午後 searchStage_trainer.py:284 [INFO] Train: [  2/49] Final Prec@1 57.3640%
08/23 06:02:24午後 searchStage_trainer.py:312 [INFO] Valid: Epoch: [2][50/391]	Step 1173	Loss 1.1628	Prec@(1,5) (58.7%, 95.0%)
08/23 06:02:28午後 searchStage_trainer.py:312 [INFO] Valid: Epoch: [2][100/391]	Step 1173	Loss 1.1637	Prec@(1,5) (59.1%, 95.2%)
08/23 06:02:32午後 searchStage_trainer.py:312 [INFO] Valid: Epoch: [2][150/391]	Step 1173	Loss 1.1672	Prec@(1,5) (58.8%, 95.3%)
08/23 06:02:35午後 searchStage_trainer.py:312 [INFO] Valid: Epoch: [2][200/391]	Step 1173	Loss 1.1706	Prec@(1,5) (58.6%, 95.3%)
08/23 06:02:39午後 searchStage_trainer.py:312 [INFO] Valid: Epoch: [2][250/391]	Step 1173	Loss 1.1745	Prec@(1,5) (58.5%, 95.2%)
08/23 06:02:43午後 searchStage_trainer.py:312 [INFO] Valid: Epoch: [2][300/391]	Step 1173	Loss 1.1735	Prec@(1,5) (58.4%, 95.2%)
08/23 06:02:46午後 searchStage_trainer.py:312 [INFO] Valid: Epoch: [2][350/391]	Step 1173	Loss 1.1794	Prec@(1,5) (58.3%, 95.1%)
08/23 06:02:49午後 searchStage_trainer.py:312 [INFO] Valid: Epoch: [2][390/391]	Step 1173	Loss 1.1765	Prec@(1,5) (58.4%, 95.1%)
08/23 06:02:49午後 searchStage_trainer.py:323 [INFO] Valid: [  2/49] Final Prec@1 58.4200%
08/23 06:02:49午後 searchStage_KD_main.py:58 [INFO] DAG = Genotype2(DAG1=[[('skip_connect', 1), ('skip_connect', 0)], [('max_pool_3x3', 2), ('skip_connect', 1)], [('avg_pool_3x3', 3), ('max_pool_3x3', 2)], [('avg_pool_3x3', 4), ('avg_pool_3x3', 3)], [('max_pool_3x3', 5), ('max_pool_3x3', 3)], [('avg_pool_3x3', 5), ('max_pool_3x3', 6)]], DAG1_concat=range(6, 8), DAG2=[[('skip_connect', 0), ('skip_connect', 1)], [('max_pool_3x3', 2), ('max_pool_3x3', 0)], [('max_pool_3x3', 3), ('avg_pool_3x3', 2)], [('avg_pool_3x3', 4), ('skip_connect', 3)], [('max_pool_3x3', 5), ('max_pool_3x3', 4)], [('max_pool_3x3', 6), ('max_pool_3x3', 5)]], DAG2_concat=range(6, 8), DAG3=[[('skip_connect', 0), ('skip_connect', 1)], [('skip_connect', 2), ('skip_connect', 0)], [('skip_connect', 3), ('skip_connect', 2)], [('skip_connect', 4), ('skip_connect', 3)], [('skip_connect', 5), ('skip_connect', 4)], [('skip_connect', 6), ('skip_connect', 5)]], DAG3_concat=range(6, 8))
08/23 06:02:50午後 searchStage_KD_main.py:89 [INFO] Until now, best Prec@1 = 58.4200%
####### ALPHA #######
# Alpha - DAG
tensor([[0.2494, 0.2484, 0.2520, 0.2502],
        [0.2492, 0.2487, 0.2523, 0.2499]], device='cuda:0',
       grad_fn=<SoftmaxBackward0>)
tensor([[0.2505, 0.2492, 0.2507, 0.2497],
        [0.2503, 0.2492, 0.2511, 0.2494],
        [0.2504, 0.2501, 0.2496, 0.2499]], device='cuda:0',
       grad_fn=<SoftmaxBackward0>)
tensor([[0.2497, 0.2490, 0.2518, 0.2495],
        [0.2505, 0.2490, 0.2514, 0.2491],
        [0.2506, 0.2499, 0.2495, 0.2500],
        [0.2505, 0.2509, 0.2485, 0.2501]], device='cuda:0',
       grad_fn=<SoftmaxBackward0>)
tensor([[0.2512, 0.2492, 0.2502, 0.2494],
        [0.2510, 0.2497, 0.2506, 0.2488],
        [0.2504, 0.2501, 0.2496, 0.2499],
        [0.2496, 0.2507, 0.2495, 0.2502],
        [0.2502, 0.2505, 0.2501, 0.2491]], device='cuda:0',
       grad_fn=<SoftmaxBackward0>)
tensor([[0.2559, 0.2427, 0.2547, 0.2468],
        [0.2558, 0.2433, 0.2536, 0.2473],
        [0.2531, 0.2492, 0.2499, 0.2478],
        [0.2513, 0.2499, 0.2500, 0.2488],
        [0.2506, 0.2504, 0.2481, 0.2509],
        [0.2506, 0.2501, 0.2493, 0.2500]], device='cuda:0',
       grad_fn=<SoftmaxBackward0>)
tensor([[0.2546, 0.2486, 0.2512, 0.2456],
        [0.2538, 0.2481, 0.2509, 0.2472],
        [0.2520, 0.2492, 0.2498, 0.2489],
        [0.2509, 0.2501, 0.2491, 0.2499],
        [0.2502, 0.2499, 0.2501, 0.2498],
        [0.2503, 0.2510, 0.2495, 0.2492],
        [0.2507, 0.2502, 0.2491, 0.2500]], device='cuda:0',
       grad_fn=<SoftmaxBackward0>)
tensor([[0.2501, 0.2495, 0.2505, 0.2499],
        [0.2499, 0.2497, 0.2504, 0.2499]], device='cuda:0',
       grad_fn=<SoftmaxBackward0>)
tensor([[0.2504, 0.2502, 0.2503, 0.2491],
        [0.2504, 0.2497, 0.2498, 0.2501],
        [0.2501, 0.2497, 0.2496, 0.2506]], device='cuda:0',
       grad_fn=<SoftmaxBackward0>)
tensor([[0.2502, 0.2500, 0.2498, 0.2500],
        [0.2505, 0.2503, 0.2497, 0.2495],
        [0.2498, 0.2503, 0.2501, 0.2498],
        [0.2500, 0.2498, 0.2497, 0.2505]], device='cuda:0',
       grad_fn=<SoftmaxBackward0>)
tensor([[0.2507, 0.2498, 0.2500, 0.2494],
        [0.2503, 0.2501, 0.2498, 0.2498],
        [0.2497, 0.2502, 0.2501, 0.2500],
        [0.2498, 0.2497, 0.2501, 0.2503],
        [0.2497, 0.2505, 0.2494, 0.2505]], device='cuda:0',
       grad_fn=<SoftmaxBackward0>)
tensor([[0.2516, 0.2499, 0.2502, 0.2483],
        [0.2508, 0.2497, 0.2505, 0.2489],
        [0.2502, 0.2498, 0.2501, 0.2499],
        [0.2501, 0.2498, 0.2500, 0.2500],
        [0.2505, 0.2503, 0.2489, 0.2502],
        [0.2503, 0.2500, 0.2488, 0.2510]], device='cuda:0',
       grad_fn=<SoftmaxBackward0>)
tensor([[0.2506, 0.2507, 0.2503, 0.2484],
        [0.2513, 0.2505, 0.2499, 0.2483],
        [0.2508, 0.2496, 0.2495, 0.2501],
        [0.2500, 0.2502, 0.2503, 0.2496],
        [0.2506, 0.2502, 0.2493, 0.2500],
        [0.2503, 0.2500, 0.2492, 0.2505],
        [0.2504, 0.2504, 0.2490, 0.2502]], device='cuda:0',
       grad_fn=<SoftmaxBackward0>)
tensor([[0.2495, 0.2498, 0.2511, 0.2496],
        [0.2496, 0.2496, 0.2507, 0.2501]], device='cuda:0',
       grad_fn=<SoftmaxBackward0>)
tensor([[0.2498, 0.2499, 0.2505, 0.2498],
        [0.2495, 0.2498, 0.2505, 0.2501],
        [0.2494, 0.2499, 0.2502, 0.2505]], device='cuda:0',
       grad_fn=<SoftmaxBackward0>)
tensor([[0.2500, 0.2499, 0.2494, 0.2507],
        [0.2494, 0.2500, 0.2502, 0.2504],
        [0.2502, 0.2497, 0.2503, 0.2498],
        [0.2498, 0.2498, 0.2507, 0.2497]], device='cuda:0',
       grad_fn=<SoftmaxBackward0>)
tensor([[0.2501, 0.2498, 0.2501, 0.2500],
        [0.2499, 0.2495, 0.2505, 0.2501],
        [0.2498, 0.2500, 0.2506, 0.2496],
        [0.2498, 0.2500, 0.2501, 0.2500],
        [0.2500, 0.2500, 0.2503, 0.2497]], device='cuda:0',
       grad_fn=<SoftmaxBackward0>)
tensor([[0.2511, 0.2487, 0.2508, 0.2495],
        [0.2509, 0.2491, 0.2508, 0.2492],
        [0.2499, 0.2493, 0.2504, 0.2503],
        [0.2496, 0.2498, 0.2507, 0.2499],
        [0.2495, 0.2496, 0.2509, 0.2499],
        [0.2489, 0.2505, 0.2509, 0.2497]], device='cuda:0',
       grad_fn=<SoftmaxBackward0>)
tensor([[0.2513, 0.2490, 0.2502, 0.2495],
        [0.2512, 0.2491, 0.2506, 0.2490],
        [0.2497, 0.2499, 0.2508, 0.2496],
        [0.2499, 0.2496, 0.2510, 0.2495],
        [0.2498, 0.2500, 0.2507, 0.2495],
        [0.2496, 0.2497, 0.2506, 0.2501],
        [0.2500, 0.2497, 0.2502, 0.2501]], device='cuda:0',
       grad_fn=<SoftmaxBackward0>)
#####################
08/23 06:03:12午後 searchStage_trainer.py:268 [INFO] Train: Epoch: [3][50/390]	Step 1223	lr 0.02479	Loss 1.1994 (1.0759)	Hard Loss 1.1994 (1.0759)	Soft Loss 1.1994 (1.0759)	Arch Loss 1.1226 (1.1303)	Arch Hard Loss 1.1226 (1.1303)	Arch Soft Loss 1.1226 (1.1303)	Arch depth Loss -8.8856 (-8.6457)	Prec@(1,5) (61.2%, 96.1%)	
08/23 06:03:34午後 searchStage_trainer.py:268 [INFO] Train: Epoch: [3][100/390]	Step 1273	lr 0.02479	Loss 1.2514 (1.0900)	Hard Loss 1.2514 (1.0900)	Soft Loss 1.2514 (1.0900)	Arch Loss 1.2179 (1.1137)	Arch Hard Loss 1.2179 (1.1137)	Arch Soft Loss 1.2179 (1.1137)	Arch depth Loss -9.3852 (-8.8925)	Prec@(1,5) (60.3%, 96.3%)	
08/23 06:03:55午後 searchStage_trainer.py:268 [INFO] Train: Epoch: [3][150/390]	Step 1323	lr 0.02479	Loss 1.1312 (1.0860)	Hard Loss 1.1312 (1.0860)	Soft Loss 1.1312 (1.0860)	Arch Loss 1.1245 (1.1114)	Arch Hard Loss 1.1245 (1.1114)	Arch Soft Loss 1.1245 (1.1114)	Arch depth Loss -9.8973 (-9.1435)	Prec@(1,5) (60.8%, 96.3%)	
08/23 06:04:17午後 searchStage_trainer.py:268 [INFO] Train: Epoch: [3][200/390]	Step 1373	lr 0.02479	Loss 1.0235 (1.0811)	Hard Loss 1.0235 (1.0811)	Soft Loss 1.0235 (1.0811)	Arch Loss 1.2626 (1.0884)	Arch Hard Loss 1.2626 (1.0884)	Arch Soft Loss 1.2626 (1.0884)	Arch depth Loss -10.4218 (-9.3985)	Prec@(1,5) (61.1%, 96.3%)	
08/23 06:04:38午後 searchStage_trainer.py:268 [INFO] Train: Epoch: [3][250/390]	Step 1423	lr 0.02479	Loss 1.0343 (1.0829)	Hard Loss 1.0343 (1.0829)	Soft Loss 1.0343 (1.0829)	Arch Loss 0.9345 (1.0926)	Arch Hard Loss 0.9345 (1.0926)	Arch Soft Loss 0.9345 (1.0926)	Arch depth Loss -10.9590 (-9.6578)	Prec@(1,5) (61.2%, 96.2%)	
08/23 06:05:00午後 searchStage_trainer.py:268 [INFO] Train: Epoch: [3][300/390]	Step 1473	lr 0.02479	Loss 0.9491 (1.0737)	Hard Loss 0.9491 (1.0737)	Soft Loss 0.9491 (1.0737)	Arch Loss 0.9484 (1.0866)	Arch Hard Loss 0.9484 (1.0866)	Arch Soft Loss 0.9484 (1.0866)	Arch depth Loss -11.5092 (-9.9212)	Prec@(1,5) (61.6%, 96.3%)	
08/23 06:05:22午後 searchStage_trainer.py:268 [INFO] Train: Epoch: [3][350/390]	Step 1523	lr 0.02479	Loss 0.8695 (1.0669)	Hard Loss 0.8695 (1.0669)	Soft Loss 0.8695 (1.0669)	Arch Loss 1.1077 (1.0756)	Arch Hard Loss 1.1077 (1.0756)	Arch Soft Loss 1.1077 (1.0756)	Arch depth Loss -12.0725 (-10.1890)	Prec@(1,5) (61.9%, 96.3%)	
08/23 06:05:39午後 searchStage_trainer.py:268 [INFO] Train: Epoch: [3][390/390]	Step 1563	lr 0.02479	Loss 0.9275 (1.0548)	Hard Loss 0.9275 (1.0548)	Soft Loss 0.9275 (1.0548)	Arch Loss 1.0071 (1.0700)	Arch Hard Loss 1.0071 (1.0700)	Arch Soft Loss 1.0071 (1.0700)	Arch depth Loss -12.5327 (-10.4063)	Prec@(1,5) (62.3%, 96.4%)	
08/23 06:05:39午後 searchStage_trainer.py:284 [INFO] Train: [  3/49] Final Prec@1 62.3440%
08/23 06:05:43午後 searchStage_trainer.py:312 [INFO] Valid: Epoch: [3][50/391]	Step 1564	Loss 1.0712	Prec@(1,5) (63.9%, 96.2%)
08/23 06:05:47午後 searchStage_trainer.py:312 [INFO] Valid: Epoch: [3][100/391]	Step 1564	Loss 1.0534	Prec@(1,5) (63.8%, 96.4%)
08/23 06:05:51午後 searchStage_trainer.py:312 [INFO] Valid: Epoch: [3][150/391]	Step 1564	Loss 1.0550	Prec@(1,5) (63.8%, 96.4%)
08/23 06:05:54午後 searchStage_trainer.py:312 [INFO] Valid: Epoch: [3][200/391]	Step 1564	Loss 1.0697	Prec@(1,5) (63.2%, 96.4%)
08/23 06:05:58午後 searchStage_trainer.py:312 [INFO] Valid: Epoch: [3][250/391]	Step 1564	Loss 1.0743	Prec@(1,5) (63.0%, 96.4%)
08/23 06:06:01午後 searchStage_trainer.py:312 [INFO] Valid: Epoch: [3][300/391]	Step 1564	Loss 1.0709	Prec@(1,5) (63.1%, 96.5%)
08/23 06:06:05午後 searchStage_trainer.py:312 [INFO] Valid: Epoch: [3][350/391]	Step 1564	Loss 1.0715	Prec@(1,5) (62.9%, 96.6%)
08/23 06:06:08午後 searchStage_trainer.py:312 [INFO] Valid: Epoch: [3][390/391]	Step 1564	Loss 1.0711	Prec@(1,5) (62.9%, 96.5%)
08/23 06:06:08午後 searchStage_trainer.py:323 [INFO] Valid: [  3/49] Final Prec@1 62.9480%
