08/19 09:26:35PM parser.py:28 [INFO] 
08/19 09:26:35PM parser.py:29 [INFO] Parameters:
08/19 09:26:35PM parser.py:31 [INFO] DAG_PATH=results/search_stage_KD/cifar10/BASELINE/nonDepthLosss2-20240819-212635/DAG
08/19 09:26:35PM parser.py:31 [INFO] T=10.0
08/19 09:26:35PM parser.py:31 [INFO] ADVANCED=False
08/19 09:26:35PM parser.py:31 [INFO] ALPHA_LR=0.0003
08/19 09:26:35PM parser.py:31 [INFO] ALPHA_WEIGHT_DECAY=0.001
08/19 09:26:35PM parser.py:31 [INFO] BATCH_SIZE=64
08/19 09:26:35PM parser.py:31 [INFO] CHECKPOINT_RESET=False
08/19 09:26:35PM parser.py:31 [INFO] CUTOUT_LENGTH=0
08/19 09:26:35PM parser.py:31 [INFO] DATA_PATH=../data/
08/19 09:26:35PM parser.py:31 [INFO] DATASET=cifar10
08/19 09:26:35PM parser.py:31 [INFO] DESCRIPTION=nonDepthLoss_version
08/19 09:26:35PM parser.py:31 [INFO] EPOCHS=50
08/19 09:26:35PM parser.py:31 [INFO] EXP_NAME=nonDepthLosss2-20240819-212635
08/19 09:26:35PM parser.py:31 [INFO] GENOTYPE=Genotype3(normal1=[[('sep_conv_5x5', 0), ('sep_conv_3x3', 1)], [('sep_conv_3x3', 1), ('sep_conv_3x3', 0)], [('sep_conv_3x3', 1), ('sep_conv_3x3', 2)], [('sep_conv_3x3', 0), ('sep_conv_5x5', 4)]], normal1_concat=range(2, 6), reduce1=[[('sep_conv_3x3', 0), ('skip_connect', 1)], [('sep_conv_3x3', 1), ('max_pool_3x3', 0)], [('sep_conv_3x3', 2), ('sep_conv_3x3', 1)], [('max_pool_3x3', 0), ('dil_conv_3x3', 1)]], reduce1_concat=range(2, 6), normal2=[[('skip_connect', 0), ('sep_conv_5x5', 1)], [('skip_connect', 0), ('skip_connect', 2)], [('avg_pool_3x3', 0), ('avg_pool_3x3', 2)], [('skip_connect', 0), ('avg_pool_3x3', 2)]], normal2_concat=range(2, 6), reduce2=[[('avg_pool_3x3', 0), ('avg_pool_3x3', 1)], [('avg_pool_3x3', 0), ('skip_connect', 2)], [('skip_connect', 2), ('avg_pool_3x3', 0)], [('skip_connect', 2), ('avg_pool_3x3', 0)]], reduce2_concat=range(2, 6), normal3=[[('skip_connect', 0), ('skip_connect', 1)], [('skip_connect', 0), ('dil_conv_3x3', 1)], [('skip_connect', 0), ('skip_connect', 1)], [('skip_connect', 0), ('skip_connect', 2)]], normal3_concat=range(2, 6))
08/19 09:26:35PM parser.py:31 [INFO] GPUS=[0]
08/19 09:26:35PM parser.py:31 [INFO] INIT_CHANNELS=16
08/19 09:26:35PM parser.py:31 [INFO] L=0.5
08/19 09:26:35PM parser.py:31 [INFO] LAYERS=20
08/19 09:26:35PM parser.py:31 [INFO] LOGGER=<Logger H-DAS (INFO)>
08/19 09:26:35PM parser.py:31 [INFO] NAME=BASELINE
08/19 09:26:35PM parser.py:31 [INFO] NONKD=True
08/19 09:26:35PM parser.py:31 [INFO] PATH=results/search_stage_KD/cifar10/BASELINE/nonDepthLosss2-20240819-212635
08/19 09:26:35PM parser.py:31 [INFO] PCDARTS=False
08/19 09:26:35PM parser.py:31 [INFO] PLOT_PATH=results/search_stage_KD/cifar10/BASELINE/nonDepthLosss2-20240819-212635/plots
08/19 09:26:35PM parser.py:31 [INFO] PRINT_FREQ=50
08/19 09:26:35PM parser.py:31 [INFO] RESUME_PATH=None
08/19 09:26:35PM parser.py:31 [INFO] SAVE=nonDepthLosss2
08/19 09:26:35PM parser.py:31 [INFO] SEED=2
08/19 09:26:35PM parser.py:31 [INFO] SHARE_STAGE=False
08/19 09:26:35PM parser.py:31 [INFO] SPEC_CELL=True
08/19 09:26:35PM parser.py:31 [INFO] TEACHER_NAME=non
08/19 09:26:35PM parser.py:31 [INFO] TEACHER_PATH=non
08/19 09:26:35PM parser.py:31 [INFO] TRAIN_PORTION=0.5
08/19 09:26:35PM parser.py:31 [INFO] W_GRAD_CLIP=5.0
08/19 09:26:35PM parser.py:31 [INFO] W_LR=0.025
08/19 09:26:35PM parser.py:31 [INFO] W_LR_MIN=0.001
08/19 09:26:35PM parser.py:31 [INFO] W_MOMENTUM=0.9
08/19 09:26:35PM parser.py:31 [INFO] W_WEIGHT_DECAY=0.0003
08/19 09:26:35PM parser.py:31 [INFO] WORKERS=4
08/19 09:26:35PM parser.py:32 [INFO] 
08/19 09:26:52PM searchStage_trainer.py:128 [INFO] --> No loaded checkpoint!
####### ALPHA #######
# Alpha - DAG
tensor([[0.2502, 0.2500, 0.2500, 0.2498],
        [0.2502, 0.2497, 0.2500, 0.2500]], device='cuda:0',
       grad_fn=<SoftmaxBackward0>)
tensor([[0.2499, 0.2497, 0.2503, 0.2501],
        [0.2499, 0.2499, 0.2502, 0.2500],
        [0.2502, 0.2499, 0.2500, 0.2499]], device='cuda:0',
       grad_fn=<SoftmaxBackward0>)
tensor([[0.2502, 0.2498, 0.2503, 0.2498],
        [0.2499, 0.2501, 0.2501, 0.2500],
        [0.2500, 0.2501, 0.2500, 0.2499]], device='cuda:0',
       grad_fn=<SoftmaxBackward0>)
tensor([[0.2499, 0.2501, 0.2501, 0.2499],
        [0.2497, 0.2504, 0.2499, 0.2501],
        [0.2501, 0.2501, 0.2501, 0.2497]], device='cuda:0',
       grad_fn=<SoftmaxBackward0>)
tensor([[0.2498, 0.2501, 0.2499, 0.2502],
        [0.2502, 0.2499, 0.2499, 0.2500],
        [0.2498, 0.2501, 0.2502, 0.2499]], device='cuda:0',
       grad_fn=<SoftmaxBackward0>)
tensor([[0.2500, 0.2502, 0.2496, 0.2502],
        [0.2504, 0.2499, 0.2499, 0.2498],
        [0.2501, 0.2501, 0.2497, 0.2502]], device='cuda:0',
       grad_fn=<SoftmaxBackward0>)
tensor([[0.2495, 0.2500, 0.2501, 0.2503],
        [0.2501, 0.2498, 0.2503, 0.2498]], device='cuda:0',
       grad_fn=<SoftmaxBackward0>)
tensor([[0.2497, 0.2497, 0.2503, 0.2502],
        [0.2497, 0.2501, 0.2500, 0.2502],
        [0.2504, 0.2500, 0.2498, 0.2499]], device='cuda:0',
       grad_fn=<SoftmaxBackward0>)
tensor([[0.2496, 0.2502, 0.2500, 0.2502],
        [0.2500, 0.2503, 0.2497, 0.2499],
        [0.2497, 0.2498, 0.2502, 0.2503]], device='cuda:0',
       grad_fn=<SoftmaxBackward0>)
tensor([[0.2499, 0.2503, 0.2498, 0.2500],
        [0.2497, 0.2501, 0.2501, 0.2501],
        [0.2498, 0.2499, 0.2500, 0.2503]], device='cuda:0',
       grad_fn=<SoftmaxBackward0>)
tensor([[0.2499, 0.2499, 0.2502, 0.2501],
        [0.2503, 0.2500, 0.2499, 0.2498],
        [0.2502, 0.2501, 0.2497, 0.2500]], device='cuda:0',
       grad_fn=<SoftmaxBackward0>)
tensor([[0.2497, 0.2499, 0.2505, 0.2499],
        [0.2497, 0.2500, 0.2501, 0.2501],
        [0.2501, 0.2503, 0.2496, 0.2499]], device='cuda:0',
       grad_fn=<SoftmaxBackward0>)
tensor([[0.2500, 0.2497, 0.2502, 0.2501],
        [0.2497, 0.2500, 0.2502, 0.2501]], device='cuda:0',
       grad_fn=<SoftmaxBackward0>)
tensor([[0.2498, 0.2498, 0.2502, 0.2502],
        [0.2500, 0.2500, 0.2498, 0.2502],
        [0.2496, 0.2503, 0.2503, 0.2499]], device='cuda:0',
       grad_fn=<SoftmaxBackward0>)
tensor([[0.2501, 0.2500, 0.2502, 0.2498],
        [0.2497, 0.2498, 0.2504, 0.2501],
        [0.2501, 0.2500, 0.2499, 0.2500]], device='cuda:0',
       grad_fn=<SoftmaxBackward0>)
tensor([[0.2502, 0.2503, 0.2497, 0.2498],
        [0.2501, 0.2495, 0.2503, 0.2500],
        [0.2499, 0.2502, 0.2501, 0.2499]], device='cuda:0',
       grad_fn=<SoftmaxBackward0>)
tensor([[0.2502, 0.2501, 0.2499, 0.2498],
        [0.2502, 0.2500, 0.2496, 0.2502],
        [0.2498, 0.2502, 0.2500, 0.2499]], device='cuda:0',
       grad_fn=<SoftmaxBackward0>)
tensor([[0.2500, 0.2499, 0.2499, 0.2502],
        [0.2499, 0.2504, 0.2497, 0.2500],
        [0.2497, 0.2500, 0.2501, 0.2502]], device='cuda:0',
       grad_fn=<SoftmaxBackward0>)
#####################
08/19 09:27:22PM searchStage_trainer.py:261 [INFO] Train: Epoch: [0][50/390]	Step 50	lr 0.025	Loss 2.1953 (2.2737)	Hard Loss 2.1953 (2.2737)	Soft Loss 2.1953 (2.2737)	Arch Loss 2.3644 (2.2773)	Arch Hard Loss 0.0000 (0.0000)	Arch Soft Loss 0.0000 (0.0000)	Arch depth Loss 0.0000 (0.0000)	Prec@(1,5) (17.9%, 68.1%)	
08/19 09:27:50PM searchStage_trainer.py:261 [INFO] Train: Epoch: [0][100/390]	Step 100	lr 0.025	Loss 2.0591 (2.1925)	Hard Loss 2.0591 (2.1925)	Soft Loss 2.0591 (2.1925)	Arch Loss 1.8559 (2.1762)	Arch Hard Loss 0.0000 (0.0000)	Arch Soft Loss 0.0000 (0.0000)	Arch depth Loss 0.0000 (0.0000)	Prec@(1,5) (19.8%, 72.7%)	
08/19 09:28:15PM searchStage_trainer.py:261 [INFO] Train: Epoch: [0][150/390]	Step 150	lr 0.025	Loss 1.8047 (2.0981)	Hard Loss 1.8047 (2.0981)	Soft Loss 1.8047 (2.0981)	Arch Loss 1.6727 (2.0997)	Arch Hard Loss 0.0000 (0.0000)	Arch Soft Loss 0.0000 (0.0000)	Arch depth Loss 0.0000 (0.0000)	Prec@(1,5) (22.7%, 76.4%)	
08/19 09:28:42PM searchStage_trainer.py:261 [INFO] Train: Epoch: [0][200/390]	Step 200	lr 0.025	Loss 1.7559 (2.0283)	Hard Loss 1.7559 (2.0283)	Soft Loss 1.7559 (2.0283)	Arch Loss 1.5864 (2.0291)	Arch Hard Loss 0.0000 (0.0000)	Arch Soft Loss 0.0000 (0.0000)	Arch depth Loss 0.0000 (0.0000)	Prec@(1,5) (24.5%, 78.5%)	
08/19 09:29:10PM searchStage_trainer.py:261 [INFO] Train: Epoch: [0][250/390]	Step 250	lr 0.025	Loss 1.6904 (1.9635)	Hard Loss 1.6904 (1.9635)	Soft Loss 1.6904 (1.9635)	Arch Loss 1.8055 (1.9629)	Arch Hard Loss 0.0000 (0.0000)	Arch Soft Loss 0.0000 (0.0000)	Arch depth Loss 0.0000 (0.0000)	Prec@(1,5) (26.8%, 80.3%)	
08/19 09:29:38PM searchStage_trainer.py:261 [INFO] Train: Epoch: [0][300/390]	Step 300	lr 0.025	Loss 1.6606 (1.9253)	Hard Loss 1.6606 (1.9253)	Soft Loss 1.6606 (1.9253)	Arch Loss 1.5719 (1.9208)	Arch Hard Loss 0.0000 (0.0000)	Arch Soft Loss 0.0000 (0.0000)	Arch depth Loss 0.0000 (0.0000)	Prec@(1,5) (28.0%, 81.5%)	
08/19 09:30:05PM searchStage_trainer.py:261 [INFO] Train: Epoch: [0][350/390]	Step 350	lr 0.025	Loss 1.6941 (1.8844)	Hard Loss 1.6941 (1.8844)	Soft Loss 1.6941 (1.8844)	Arch Loss 1.7684 (1.8874)	Arch Hard Loss 0.0000 (0.0000)	Arch Soft Loss 0.0000 (0.0000)	Arch depth Loss 0.0000 (0.0000)	Prec@(1,5) (29.4%, 82.7%)	
08/19 09:30:27PM searchStage_trainer.py:261 [INFO] Train: Epoch: [0][390/390]	Step 390	lr 0.025	Loss 1.7066 (1.8587)	Hard Loss 1.7066 (1.8587)	Soft Loss 1.7066 (1.8587)	Arch Loss 1.6425 (1.8622)	Arch Hard Loss 0.0000 (0.0000)	Arch Soft Loss 0.0000 (0.0000)	Arch depth Loss 0.0000 (0.0000)	Prec@(1,5) (30.2%, 83.4%)	
08/19 09:30:29PM searchStage_trainer.py:277 [INFO] Train: [  0/49] Final Prec@1 30.2480%
08/19 09:30:33PM searchStage_trainer.py:305 [INFO] Valid: Epoch: [0][50/391]	Step 391	Loss 1.6626	Prec@(1,5) (38.3%, 87.4%)
08/19 09:30:37PM searchStage_trainer.py:305 [INFO] Valid: Epoch: [0][100/391]	Step 391	Loss 1.6561	Prec@(1,5) (38.7%, 87.9%)
08/19 09:30:41PM searchStage_trainer.py:305 [INFO] Valid: Epoch: [0][150/391]	Step 391	Loss 1.6594	Prec@(1,5) (38.7%, 87.9%)
08/19 09:30:44PM searchStage_trainer.py:305 [INFO] Valid: Epoch: [0][200/391]	Step 391	Loss 1.6530	Prec@(1,5) (39.0%, 88.1%)
08/19 09:30:48PM searchStage_trainer.py:305 [INFO] Valid: Epoch: [0][250/391]	Step 391	Loss 1.6472	Prec@(1,5) (39.3%, 88.3%)
08/19 09:30:52PM searchStage_trainer.py:305 [INFO] Valid: Epoch: [0][300/391]	Step 391	Loss 1.6442	Prec@(1,5) (39.4%, 88.4%)
08/19 09:30:55PM searchStage_trainer.py:305 [INFO] Valid: Epoch: [0][350/391]	Step 391	Loss 1.6446	Prec@(1,5) (39.4%, 88.3%)
08/19 09:30:58PM searchStage_trainer.py:305 [INFO] Valid: Epoch: [0][390/391]	Step 391	Loss 1.6459	Prec@(1,5) (39.4%, 88.3%)
08/19 09:30:58PM searchStage_trainer.py:316 [INFO] Valid: [  0/49] Final Prec@1 39.4160%
08/19 09:30:58PM searchStage_KD_main.py:58 [INFO] DAG = Genotype2(DAG1=[[('skip_connect', 1), ('skip_connect', 0)], [('max_pool_3x3', 1), ('max_pool_3x3', 0)], [('skip_connect', 1), ('skip_connect', 3)], [('skip_connect', 2), ('skip_connect', 3)], [('skip_connect', 3), ('skip_connect', 5)], [('skip_connect', 5), ('max_pool_3x3', 6)]], DAG1_concat=range(6, 8), DAG2=[[('skip_connect', 0), ('skip_connect', 1)], [('skip_connect', 0), ('skip_connect', 1)], [('skip_connect', 1), ('skip_connect', 2)], [('skip_connect', 2), ('skip_connect', 4)], [('skip_connect', 4), ('skip_connect', 3)], [('skip_connect', 4), ('max_pool_3x3', 5)]], DAG2_concat=range(6, 8), DAG3=[[('skip_connect', 0), ('skip_connect', 1)], [('skip_connect', 0), ('skip_connect', 1)], [('skip_connect', 1), ('skip_connect', 2)], [('skip_connect', 3), ('skip_connect', 2)], [('skip_connect', 5), ('skip_connect', 3)], [('skip_connect', 5), ('skip_connect', 4)]], DAG3_concat=range(6, 8))
08/19 09:30:59PM searchStage_KD_main.py:89 [INFO] Until now, best Prec@1 = 39.4160%
####### ALPHA #######
# Alpha - DAG
tensor([[0.2502, 0.2484, 0.2514, 0.2500],
        [0.2504, 0.2484, 0.2514, 0.2499]], device='cuda:0',
       grad_fn=<SoftmaxBackward0>)
tensor([[0.2511, 0.2479, 0.2507, 0.2503],
        [0.2522, 0.2486, 0.2512, 0.2480],
        [0.2506, 0.2491, 0.2488, 0.2516]], device='cuda:0',
       grad_fn=<SoftmaxBackward0>)
tensor([[0.2499, 0.2495, 0.2512, 0.2495],
        [0.2489, 0.2497, 0.2508, 0.2506],
        [0.2495, 0.2501, 0.2507, 0.2497]], device='cuda:0',
       grad_fn=<SoftmaxBackward0>)
tensor([[0.2500, 0.2494, 0.2511, 0.2496],
        [0.2500, 0.2499, 0.2504, 0.2497],
        [0.2492, 0.2496, 0.2503, 0.2510]], device='cuda:0',
       grad_fn=<SoftmaxBackward0>)
tensor([[0.2494, 0.2505, 0.2515, 0.2486],
        [0.2499, 0.2499, 0.2489, 0.2513],
        [0.2498, 0.2492, 0.2504, 0.2506]], device='cuda:0',
       grad_fn=<SoftmaxBackward0>)
tensor([[0.2497, 0.2501, 0.2491, 0.2511],
        [0.2500, 0.2495, 0.2509, 0.2496],
        [0.2501, 0.2500, 0.2500, 0.2499]], device='cuda:0',
       grad_fn=<SoftmaxBackward0>)
tensor([[0.2500, 0.2488, 0.2530, 0.2482],
        [0.2499, 0.2464, 0.2521, 0.2517]], device='cuda:0',
       grad_fn=<SoftmaxBackward0>)
tensor([[0.2491, 0.2497, 0.2542, 0.2471],
        [0.2501, 0.2485, 0.2521, 0.2493],
        [0.2486, 0.2485, 0.2498, 0.2531]], device='cuda:0',
       grad_fn=<SoftmaxBackward0>)
tensor([[0.2518, 0.2501, 0.2527, 0.2454],
        [0.2509, 0.2478, 0.2514, 0.2499],
        [0.2495, 0.2471, 0.2482, 0.2552]], device='cuda:0',
       grad_fn=<SoftmaxBackward0>)
tensor([[0.2494, 0.2487, 0.2533, 0.2486],
        [0.2489, 0.2487, 0.2499, 0.2525],
        [0.2496, 0.2480, 0.2514, 0.2509]], device='cuda:0',
       grad_fn=<SoftmaxBackward0>)
tensor([[0.2514, 0.2476, 0.2522, 0.2488],
        [0.2494, 0.2488, 0.2538, 0.2481],
        [0.2497, 0.2482, 0.2469, 0.2551]], device='cuda:0',
       grad_fn=<SoftmaxBackward0>)
tensor([[0.2519, 0.2484, 0.2540, 0.2458],
        [0.2512, 0.2480, 0.2505, 0.2503],
        [0.2499, 0.2476, 0.2483, 0.2543]], device='cuda:0',
       grad_fn=<SoftmaxBackward0>)
tensor([[0.2466, 0.2459, 0.2578, 0.2497],
        [0.2454, 0.2477, 0.2572, 0.2497]], device='cuda:0',
       grad_fn=<SoftmaxBackward0>)
tensor([[0.2470, 0.2470, 0.2565, 0.2495],
        [0.2478, 0.2464, 0.2560, 0.2498],
        [0.2487, 0.2475, 0.2532, 0.2506]], device='cuda:0',
       grad_fn=<SoftmaxBackward0>)
tensor([[0.2466, 0.2489, 0.2582, 0.2462],
        [0.2454, 0.2473, 0.2564, 0.2509],
        [0.2471, 0.2489, 0.2511, 0.2529]], device='cuda:0',
       grad_fn=<SoftmaxBackward0>)
tensor([[0.2448, 0.2500, 0.2547, 0.2505],
        [0.2440, 0.2494, 0.2547, 0.2520],
        [0.2458, 0.2498, 0.2546, 0.2498]], device='cuda:0',
       grad_fn=<SoftmaxBackward0>)
tensor([[0.2477, 0.2492, 0.2544, 0.2487],
        [0.2451, 0.2478, 0.2540, 0.2531],
        [0.2444, 0.2474, 0.2570, 0.2512]], device='cuda:0',
       grad_fn=<SoftmaxBackward0>)
tensor([[0.2459, 0.2471, 0.2575, 0.2494],
        [0.2451, 0.2474, 0.2583, 0.2493],
        [0.2453, 0.2456, 0.2544, 0.2546]], device='cuda:0',
       grad_fn=<SoftmaxBackward0>)
#####################
08/19 09:31:26午後 searchStage_trainer.py:261 [INFO] Train: Epoch: [1][50/390]	Step 441	lr 0.02498	Loss 1.5942 (1.5717)	Hard Loss 1.5942 (1.5717)	Soft Loss 1.5942 (1.5717)	Arch Loss 1.5357 (1.6120)	Arch Hard Loss 0.0000 (0.0000)	Arch Soft Loss 0.0000 (0.0000)	Arch depth Loss 0.0000 (0.0000)	Prec@(1,5) (42.2%, 88.8%)	
08/19 09:31:52午後 searchStage_trainer.py:261 [INFO] Train: Epoch: [1][100/390]	Step 491	lr 0.02498	Loss 1.4671 (1.5676)	Hard Loss 1.4671 (1.5676)	Soft Loss 1.4671 (1.5676)	Arch Loss 1.5690 (1.5929)	Arch Hard Loss 0.0000 (0.0000)	Arch Soft Loss 0.0000 (0.0000)	Arch depth Loss 0.0000 (0.0000)	Prec@(1,5) (42.4%, 89.5%)	
08/19 09:32:19午後 searchStage_trainer.py:261 [INFO] Train: Epoch: [1][150/390]	Step 541	lr 0.02498	Loss 1.7010 (1.5499)	Hard Loss 1.7010 (1.5499)	Soft Loss 1.7010 (1.5499)	Arch Loss 1.4500 (1.5832)	Arch Hard Loss 0.0000 (0.0000)	Arch Soft Loss 0.0000 (0.0000)	Arch depth Loss 0.0000 (0.0000)	Prec@(1,5) (42.5%, 90.3%)	
08/19 09:32:46午後 searchStage_trainer.py:261 [INFO] Train: Epoch: [1][200/390]	Step 591	lr 0.02498	Loss 1.6029 (1.5444)	Hard Loss 1.6029 (1.5444)	Soft Loss 1.6029 (1.5444)	Arch Loss 1.5833 (1.5751)	Arch Hard Loss 0.0000 (0.0000)	Arch Soft Loss 0.0000 (0.0000)	Arch depth Loss 0.0000 (0.0000)	Prec@(1,5) (42.5%, 90.5%)	
08/19 09:33:14午後 searchStage_trainer.py:261 [INFO] Train: Epoch: [1][250/390]	Step 641	lr 0.02498	Loss 1.2977 (1.5448)	Hard Loss 1.2977 (1.5448)	Soft Loss 1.2977 (1.5448)	Arch Loss 1.5735 (1.5607)	Arch Hard Loss 0.0000 (0.0000)	Arch Soft Loss 0.0000 (0.0000)	Arch depth Loss 0.0000 (0.0000)	Prec@(1,5) (42.4%, 90.5%)	
08/19 09:33:41午後 searchStage_trainer.py:261 [INFO] Train: Epoch: [1][300/390]	Step 691	lr 0.02498	Loss 1.5329 (1.5343)	Hard Loss 1.5329 (1.5343)	Soft Loss 1.5329 (1.5343)	Arch Loss 1.5520 (1.5500)	Arch Hard Loss 0.0000 (0.0000)	Arch Soft Loss 0.0000 (0.0000)	Arch depth Loss 0.0000 (0.0000)	Prec@(1,5) (42.7%, 90.8%)	
08/19 09:34:09午後 searchStage_trainer.py:261 [INFO] Train: Epoch: [1][350/390]	Step 741	lr 0.02498	Loss 1.6922 (1.5241)	Hard Loss 1.6922 (1.5241)	Soft Loss 1.6922 (1.5241)	Arch Loss 1.6123 (1.5377)	Arch Hard Loss 0.0000 (0.0000)	Arch Soft Loss 0.0000 (0.0000)	Arch depth Loss 0.0000 (0.0000)	Prec@(1,5) (43.2%, 91.0%)	
08/19 09:34:31午後 searchStage_trainer.py:261 [INFO] Train: Epoch: [1][390/390]	Step 781	lr 0.02498	Loss 1.3275 (1.5157)	Hard Loss 1.3275 (1.5157)	Soft Loss 1.3275 (1.5157)	Arch Loss 1.4170 (1.5250)	Arch Hard Loss 0.0000 (0.0000)	Arch Soft Loss 0.0000 (0.0000)	Arch depth Loss 0.0000 (0.0000)	Prec@(1,5) (43.5%, 91.1%)	
08/19 09:34:31午後 searchStage_trainer.py:277 [INFO] Train: [  1/49] Final Prec@1 43.5560%
08/19 09:34:35午後 searchStage_trainer.py:305 [INFO] Valid: Epoch: [1][50/391]	Step 782	Loss 1.5059	Prec@(1,5) (44.3%, 92.2%)
08/19 09:34:39午後 searchStage_trainer.py:305 [INFO] Valid: Epoch: [1][100/391]	Step 782	Loss 1.5232	Prec@(1,5) (43.9%, 91.7%)
08/19 09:34:42午後 searchStage_trainer.py:305 [INFO] Valid: Epoch: [1][150/391]	Step 782	Loss 1.5299	Prec@(1,5) (43.5%, 91.6%)
08/19 09:34:46午後 searchStage_trainer.py:305 [INFO] Valid: Epoch: [1][200/391]	Step 782	Loss 1.5276	Prec@(1,5) (43.5%, 91.7%)
08/19 09:34:48午後 searchStage_trainer.py:305 [INFO] Valid: Epoch: [1][250/391]	Step 782	Loss 1.5278	Prec@(1,5) (43.2%, 91.7%)
08/19 09:34:52午後 searchStage_trainer.py:305 [INFO] Valid: Epoch: [1][300/391]	Step 782	Loss 1.5286	Prec@(1,5) (43.1%, 91.7%)
08/19 09:34:55午後 searchStage_trainer.py:305 [INFO] Valid: Epoch: [1][350/391]	Step 782	Loss 1.5349	Prec@(1,5) (43.0%, 91.5%)
08/19 09:34:57午後 searchStage_trainer.py:305 [INFO] Valid: Epoch: [1][390/391]	Step 782	Loss 1.5366	Prec@(1,5) (43.0%, 91.5%)
08/19 09:34:57午後 searchStage_trainer.py:316 [INFO] Valid: [  1/49] Final Prec@1 42.9600%
08/19 09:34:57午後 searchStage_KD_main.py:58 [INFO] DAG = Genotype2(DAG1=[[('skip_connect', 1), ('skip_connect', 0)], [('skip_connect', 0), ('skip_connect', 1)], [('skip_connect', 1), ('skip_connect', 3)], [('skip_connect', 2), ('skip_connect', 3)], [('skip_connect', 3), ('max_pool_3x3', 5)], [('skip_connect', 4), ('skip_connect', 5)]], DAG1_concat=range(6, 8), DAG2=[[('skip_connect', 1), ('skip_connect', 0)], [('skip_connect', 1), ('skip_connect', 0)], [('skip_connect', 1), ('skip_connect', 2)], [('skip_connect', 2), ('skip_connect', 4)], [('skip_connect', 4), ('skip_connect', 3)], [('max_pool_3x3', 4), ('max_pool_3x3', 5)]], DAG2_concat=range(6, 8), DAG3=[[('skip_connect', 0), ('skip_connect', 1)], [('skip_connect', 0), ('skip_connect', 1)], [('skip_connect', 1), ('skip_connect', 2)], [('skip_connect', 2), ('skip_connect', 3)], [('skip_connect', 3), ('skip_connect', 5)], [('skip_connect', 4), ('skip_connect', 5)]], DAG3_concat=range(6, 8))
08/19 09:34:58午後 searchStage_KD_main.py:89 [INFO] Until now, best Prec@1 = 42.9600%
####### ALPHA #######
# Alpha - DAG
tensor([[0.2505, 0.2428, 0.2558, 0.2509],
        [0.2508, 0.2434, 0.2569, 0.2489]], device='cuda:0',
       grad_fn=<SoftmaxBackward0>)
tensor([[0.2524, 0.2444, 0.2560, 0.2473],
        [0.2529, 0.2421, 0.2554, 0.2496],
        [0.2504, 0.2478, 0.2483, 0.2534]], device='cuda:0',
       grad_fn=<SoftmaxBackward0>)
tensor([[0.2460, 0.2444, 0.2633, 0.2463],
        [0.2465, 0.2487, 0.2513, 0.2535],
        [0.2479, 0.2486, 0.2529, 0.2506]], device='cuda:0',
       grad_fn=<SoftmaxBackward0>)
tensor([[0.2463, 0.2496, 0.2571, 0.2470],
        [0.2478, 0.2473, 0.2531, 0.2517],
        [0.2457, 0.2506, 0.2506, 0.2531]], device='cuda:0',
       grad_fn=<SoftmaxBackward0>)
tensor([[0.2499, 0.2490, 0.2555, 0.2456],
        [0.2490, 0.2487, 0.2491, 0.2532],
        [0.2520, 0.2467, 0.2490, 0.2524]], device='cuda:0',
       grad_fn=<SoftmaxBackward0>)
tensor([[0.2471, 0.2457, 0.2588, 0.2483],
        [0.2494, 0.2436, 0.2541, 0.2529],
        [0.2501, 0.2490, 0.2486, 0.2522]], device='cuda:0',
       grad_fn=<SoftmaxBackward0>)
tensor([[0.2481, 0.2456, 0.2584, 0.2479],
        [0.2464, 0.2442, 0.2585, 0.2509]], device='cuda:0',
       grad_fn=<SoftmaxBackward0>)
tensor([[0.2492, 0.2480, 0.2582, 0.2446],
        [0.2491, 0.2476, 0.2580, 0.2454],
        [0.2487, 0.2452, 0.2476, 0.2584]], device='cuda:0',
       grad_fn=<SoftmaxBackward0>)
tensor([[0.2524, 0.2499, 0.2585, 0.2392],
        [0.2517, 0.2421, 0.2523, 0.2539],
        [0.2502, 0.2438, 0.2481, 0.2579]], device='cuda:0',
       grad_fn=<SoftmaxBackward0>)
tensor([[0.2506, 0.2454, 0.2546, 0.2494],
        [0.2495, 0.2451, 0.2514, 0.2540],
        [0.2509, 0.2455, 0.2532, 0.2504]], device='cuda:0',
       grad_fn=<SoftmaxBackward0>)
tensor([[0.2516, 0.2463, 0.2553, 0.2468],
        [0.2491, 0.2463, 0.2567, 0.2479],
        [0.2469, 0.2474, 0.2467, 0.2591]], device='cuda:0',
       grad_fn=<SoftmaxBackward0>)
tensor([[0.2556, 0.2432, 0.2551, 0.2461],
        [0.2521, 0.2471, 0.2495, 0.2514],
        [0.2521, 0.2445, 0.2493, 0.2541]], device='cuda:0',
       grad_fn=<SoftmaxBackward0>)
tensor([[0.2463, 0.2426, 0.2625, 0.2486],
        [0.2442, 0.2429, 0.2625, 0.2504]], device='cuda:0',
       grad_fn=<SoftmaxBackward0>)
tensor([[0.2460, 0.2453, 0.2620, 0.2468],
        [0.2443, 0.2432, 0.2608, 0.2518],
        [0.2485, 0.2474, 0.2531, 0.2511]], device='cuda:0',
       grad_fn=<SoftmaxBackward0>)
tensor([[0.2437, 0.2494, 0.2645, 0.2423],
        [0.2439, 0.2455, 0.2573, 0.2533],
        [0.2455, 0.2486, 0.2514, 0.2544]], device='cuda:0',
       grad_fn=<SoftmaxBackward0>)
tensor([[0.2430, 0.2497, 0.2585, 0.2488],
        [0.2433, 0.2471, 0.2564, 0.2533],
        [0.2427, 0.2503, 0.2562, 0.2509]], device='cuda:0',
       grad_fn=<SoftmaxBackward0>)
tensor([[0.2486, 0.2481, 0.2587, 0.2446],
        [0.2440, 0.2466, 0.2540, 0.2553],
        [0.2423, 0.2457, 0.2581, 0.2539]], device='cuda:0',
       grad_fn=<SoftmaxBackward0>)
tensor([[0.2445, 0.2476, 0.2625, 0.2454],
        [0.2434, 0.2451, 0.2586, 0.2530],
        [0.2458, 0.2440, 0.2546, 0.2555]], device='cuda:0',
       grad_fn=<SoftmaxBackward0>)
#####################
08/19 09:35:26午後 searchStage_trainer.py:261 [INFO] Train: Epoch: [2][50/390]	Step 832	lr 0.02491	Loss 1.2646 (1.3807)	Hard Loss 1.2646 (1.3807)	Soft Loss 1.2646 (1.3807)	Arch Loss 1.3019 (1.3739)	Arch Hard Loss 0.0000 (0.0000)	Arch Soft Loss 0.0000 (0.0000)	Arch depth Loss 0.0000 (0.0000)	Prec@(1,5) (48.7%, 93.1%)	
08/19 09:35:53午後 searchStage_trainer.py:261 [INFO] Train: Epoch: [2][100/390]	Step 882	lr 0.02491	Loss 1.3538 (1.3897)	Hard Loss 1.3538 (1.3897)	Soft Loss 1.3538 (1.3897)	Arch Loss 1.4695 (1.3845)	Arch Hard Loss 0.0000 (0.0000)	Arch Soft Loss 0.0000 (0.0000)	Arch depth Loss 0.0000 (0.0000)	Prec@(1,5) (49.0%, 92.9%)	
08/19 09:36:21午後 searchStage_trainer.py:261 [INFO] Train: Epoch: [2][150/390]	Step 932	lr 0.02491	Loss 1.1500 (1.3906)	Hard Loss 1.1500 (1.3906)	Soft Loss 1.1500 (1.3906)	Arch Loss 1.3866 (1.3815)	Arch Hard Loss 0.0000 (0.0000)	Arch Soft Loss 0.0000 (0.0000)	Arch depth Loss 0.0000 (0.0000)	Prec@(1,5) (48.8%, 92.9%)	
08/19 09:36:48午後 searchStage_trainer.py:261 [INFO] Train: Epoch: [2][200/390]	Step 982	lr 0.02491	Loss 1.2005 (1.3845)	Hard Loss 1.2005 (1.3845)	Soft Loss 1.2005 (1.3845)	Arch Loss 1.4799 (1.3880)	Arch Hard Loss 0.0000 (0.0000)	Arch Soft Loss 0.0000 (0.0000)	Arch depth Loss 0.0000 (0.0000)	Prec@(1,5) (49.3%, 93.0%)	
08/19 09:37:15午後 searchStage_trainer.py:261 [INFO] Train: Epoch: [2][250/390]	Step 1032	lr 0.02491	Loss 1.2061 (1.3870)	Hard Loss 1.2061 (1.3870)	Soft Loss 1.2061 (1.3870)	Arch Loss 1.5790 (1.3848)	Arch Hard Loss 0.0000 (0.0000)	Arch Soft Loss 0.0000 (0.0000)	Arch depth Loss 0.0000 (0.0000)	Prec@(1,5) (49.2%, 93.0%)	
08/19 09:37:43午後 searchStage_trainer.py:261 [INFO] Train: Epoch: [2][300/390]	Step 1082	lr 0.02491	Loss 0.9635 (1.3738)	Hard Loss 0.9635 (1.3738)	Soft Loss 0.9635 (1.3738)	Arch Loss 1.3992 (1.3749)	Arch Hard Loss 0.0000 (0.0000)	Arch Soft Loss 0.0000 (0.0000)	Arch depth Loss 0.0000 (0.0000)	Prec@(1,5) (49.7%, 93.1%)	
08/19 09:38:10午後 searchStage_trainer.py:261 [INFO] Train: Epoch: [2][350/390]	Step 1132	lr 0.02491	Loss 1.0994 (1.3583)	Hard Loss 1.0994 (1.3583)	Soft Loss 1.0994 (1.3583)	Arch Loss 1.2675 (1.3649)	Arch Hard Loss 0.0000 (0.0000)	Arch Soft Loss 0.0000 (0.0000)	Arch depth Loss 0.0000 (0.0000)	Prec@(1,5) (50.3%, 93.2%)	
08/19 09:38:31午後 searchStage_trainer.py:261 [INFO] Train: Epoch: [2][390/390]	Step 1172	lr 0.02491	Loss 1.3208 (1.3543)	Hard Loss 1.3208 (1.3543)	Soft Loss 1.3208 (1.3543)	Arch Loss 1.3831 (1.3576)	Arch Hard Loss 0.0000 (0.0000)	Arch Soft Loss 0.0000 (0.0000)	Arch depth Loss 0.0000 (0.0000)	Prec@(1,5) (50.5%, 93.2%)	
08/19 09:38:31午後 searchStage_trainer.py:277 [INFO] Train: [  2/49] Final Prec@1 50.5440%
08/19 09:38:35午後 searchStage_trainer.py:305 [INFO] Valid: Epoch: [2][50/391]	Step 1173	Loss 1.4241	Prec@(1,5) (48.2%, 93.5%)
08/19 09:38:39午後 searchStage_trainer.py:305 [INFO] Valid: Epoch: [2][100/391]	Step 1173	Loss 1.4211	Prec@(1,5) (47.6%, 93.5%)
08/19 09:38:42午後 searchStage_trainer.py:305 [INFO] Valid: Epoch: [2][150/391]	Step 1173	Loss 1.4064	Prec@(1,5) (48.4%, 93.8%)
08/19 09:38:46午後 searchStage_trainer.py:305 [INFO] Valid: Epoch: [2][200/391]	Step 1173	Loss 1.4198	Prec@(1,5) (48.2%, 93.4%)
08/19 09:38:49午後 searchStage_trainer.py:305 [INFO] Valid: Epoch: [2][250/391]	Step 1173	Loss 1.4119	Prec@(1,5) (48.3%, 93.5%)
08/19 09:38:53午後 searchStage_trainer.py:305 [INFO] Valid: Epoch: [2][300/391]	Step 1173	Loss 1.4056	Prec@(1,5) (48.6%, 93.5%)
08/19 09:38:57午後 searchStage_trainer.py:305 [INFO] Valid: Epoch: [2][350/391]	Step 1173	Loss 1.4046	Prec@(1,5) (48.7%, 93.5%)
08/19 09:38:59午後 searchStage_trainer.py:305 [INFO] Valid: Epoch: [2][390/391]	Step 1173	Loss 1.4025	Prec@(1,5) (49.0%, 93.6%)
08/19 09:38:59午後 searchStage_trainer.py:316 [INFO] Valid: [  2/49] Final Prec@1 49.0000%
08/19 09:39:00午後 searchStage_KD_main.py:58 [INFO] DAG = Genotype2(DAG1=[[('skip_connect', 1), ('skip_connect', 0)], [('skip_connect', 0), ('skip_connect', 1)], [('skip_connect', 1), ('skip_connect', 3)], [('skip_connect', 2), ('skip_connect', 3)], [('skip_connect', 3), ('max_pool_3x3', 5)], [('skip_connect', 4), ('skip_connect', 5)]], DAG1_concat=range(6, 8), DAG2=[[('skip_connect', 1), ('skip_connect', 0)], [('skip_connect', 1), ('skip_connect', 0)], [('skip_connect', 1), ('max_pool_3x3', 3)], [('skip_connect', 2), ('max_pool_3x3', 4)], [('skip_connect', 3), ('skip_connect', 4)], [('skip_connect', 4), ('max_pool_3x3', 5)]], DAG2_concat=range(6, 8), DAG3=[[('skip_connect', 0), ('skip_connect', 1)], [('skip_connect', 0), ('skip_connect', 1)], [('skip_connect', 1), ('skip_connect', 2)], [('skip_connect', 2), ('skip_connect', 3)], [('skip_connect', 3), ('skip_connect', 5)], [('skip_connect', 4), ('skip_connect', 5)]], DAG3_concat=range(6, 8))
08/19 09:39:00午後 searchStage_KD_main.py:89 [INFO] Until now, best Prec@1 = 49.0000%
####### ALPHA #######
# Alpha - DAG
tensor([[0.2506, 0.2363, 0.2626, 0.2504],
        [0.2508, 0.2362, 0.2640, 0.2491]], device='cuda:0',
       grad_fn=<SoftmaxBackward0>)
tensor([[0.2531, 0.2360, 0.2665, 0.2444],
        [0.2518, 0.2307, 0.2676, 0.2500],
        [0.2488, 0.2470, 0.2483, 0.2559]], device='cuda:0',
       grad_fn=<SoftmaxBackward0>)
tensor([[0.2389, 0.2303, 0.2879, 0.2430],
        [0.2441, 0.2464, 0.2532, 0.2563],
        [0.2431, 0.2430, 0.2594, 0.2545]], device='cuda:0',
       grad_fn=<SoftmaxBackward0>)
tensor([[0.2444, 0.2486, 0.2592, 0.2479],
        [0.2452, 0.2456, 0.2593, 0.2499],
        [0.2415, 0.2504, 0.2524, 0.2558]], device='cuda:0',
       grad_fn=<SoftmaxBackward0>)
tensor([[0.2528, 0.2467, 0.2585, 0.2421],
        [0.2487, 0.2454, 0.2486, 0.2573],
        [0.2556, 0.2437, 0.2476, 0.2530]], device='cuda:0',
       grad_fn=<SoftmaxBackward0>)
tensor([[0.2398, 0.2339, 0.2783, 0.2479],
        [0.2467, 0.2401, 0.2562, 0.2570],
        [0.2505, 0.2475, 0.2487, 0.2533]], device='cuda:0',
       grad_fn=<SoftmaxBackward0>)
tensor([[0.2449, 0.2469, 0.2624, 0.2459],
        [0.2423, 0.2429, 0.2629, 0.2520]], device='cuda:0',
       grad_fn=<SoftmaxBackward0>)
tensor([[0.2475, 0.2470, 0.2608, 0.2447],
        [0.2480, 0.2474, 0.2610, 0.2436],
        [0.2495, 0.2451, 0.2461, 0.2594]], device='cuda:0',
       grad_fn=<SoftmaxBackward0>)
tensor([[0.2552, 0.2489, 0.2598, 0.2361],
        [0.2514, 0.2404, 0.2521, 0.2561],
        [0.2540, 0.2415, 0.2455, 0.2589]], device='cuda:0',
       grad_fn=<SoftmaxBackward0>)
tensor([[0.2502, 0.2457, 0.2548, 0.2493],
        [0.2497, 0.2434, 0.2526, 0.2543],
        [0.2547, 0.2421, 0.2527, 0.2505]], device='cuda:0',
       grad_fn=<SoftmaxBackward0>)
tensor([[0.2540, 0.2440, 0.2582, 0.2438],
        [0.2496, 0.2443, 0.2576, 0.2486],
        [0.2461, 0.2461, 0.2455, 0.2623]], device='cuda:0',
       grad_fn=<SoftmaxBackward0>)
tensor([[0.2568, 0.2429, 0.2584, 0.2420],
        [0.2530, 0.2469, 0.2493, 0.2508],
        [0.2516, 0.2436, 0.2468, 0.2580]], device='cuda:0',
       grad_fn=<SoftmaxBackward0>)
tensor([[0.2469, 0.2404, 0.2652, 0.2476],
        [0.2433, 0.2408, 0.2644, 0.2514]], device='cuda:0',
       grad_fn=<SoftmaxBackward0>)
tensor([[0.2475, 0.2433, 0.2638, 0.2454],
        [0.2417, 0.2403, 0.2629, 0.2551],
        [0.2498, 0.2480, 0.2526, 0.2496]], device='cuda:0',
       grad_fn=<SoftmaxBackward0>)
tensor([[0.2459, 0.2500, 0.2671, 0.2370],
        [0.2442, 0.2426, 0.2583, 0.2549],
        [0.2459, 0.2459, 0.2488, 0.2593]], device='cuda:0',
       grad_fn=<SoftmaxBackward0>)
tensor([[0.2462, 0.2486, 0.2604, 0.2448],
        [0.2455, 0.2455, 0.2545, 0.2545],
        [0.2434, 0.2487, 0.2546, 0.2533]], device='cuda:0',
       grad_fn=<SoftmaxBackward0>)
tensor([[0.2522, 0.2485, 0.2598, 0.2395],
        [0.2456, 0.2452, 0.2506, 0.2587],
        [0.2447, 0.2444, 0.2554, 0.2554]], device='cuda:0',
       grad_fn=<SoftmaxBackward0>)
tensor([[0.2448, 0.2491, 0.2633, 0.2428],
        [0.2440, 0.2449, 0.2569, 0.2543],
        [0.2441, 0.2448, 0.2547, 0.2565]], device='cuda:0',
       grad_fn=<SoftmaxBackward0>)
#####################
08/19 09:39:29午後 searchStage_trainer.py:261 [INFO] Train: Epoch: [3][50/390]	Step 1223	lr 0.02479	Loss 1.1809 (1.2495)	Hard Loss 1.1809 (1.2495)	Soft Loss 1.1809 (1.2495)	Arch Loss 1.3260 (1.2928)	Arch Hard Loss 0.0000 (0.0000)	Arch Soft Loss 0.0000 (0.0000)	Arch depth Loss 0.0000 (0.0000)	Prec@(1,5) (54.3%, 94.4%)	
08/19 09:39:57午後 searchStage_trainer.py:261 [INFO] Train: Epoch: [3][100/390]	Step 1273	lr 0.02479	Loss 1.3218 (1.2386)	Hard Loss 1.3218 (1.2386)	Soft Loss 1.3218 (1.2386)	Arch Loss 1.1433 (1.2694)	Arch Hard Loss 0.0000 (0.0000)	Arch Soft Loss 0.0000 (0.0000)	Arch depth Loss 0.0000 (0.0000)	Prec@(1,5) (55.2%, 94.7%)	
08/19 09:40:24午後 searchStage_trainer.py:261 [INFO] Train: Epoch: [3][150/390]	Step 1323	lr 0.02479	Loss 1.0819 (1.2455)	Hard Loss 1.0819 (1.2455)	Soft Loss 1.0819 (1.2455)	Arch Loss 1.2744 (1.2618)	Arch Hard Loss 0.0000 (0.0000)	Arch Soft Loss 0.0000 (0.0000)	Arch depth Loss 0.0000 (0.0000)	Prec@(1,5) (55.1%, 94.5%)	
08/19 09:40:52午後 searchStage_trainer.py:261 [INFO] Train: Epoch: [3][200/390]	Step 1373	lr 0.02479	Loss 0.9593 (1.2337)	Hard Loss 0.9593 (1.2337)	Soft Loss 0.9593 (1.2337)	Arch Loss 1.1102 (1.2554)	Arch Hard Loss 0.0000 (0.0000)	Arch Soft Loss 0.0000 (0.0000)	Arch depth Loss 0.0000 (0.0000)	Prec@(1,5) (55.5%, 94.6%)	
08/19 09:41:19午後 searchStage_trainer.py:261 [INFO] Train: Epoch: [3][250/390]	Step 1423	lr 0.02479	Loss 1.0109 (1.2288)	Hard Loss 1.0109 (1.2288)	Soft Loss 1.0109 (1.2288)	Arch Loss 1.2758 (1.2530)	Arch Hard Loss 0.0000 (0.0000)	Arch Soft Loss 0.0000 (0.0000)	Arch depth Loss 0.0000 (0.0000)	Prec@(1,5) (55.5%, 94.7%)	
08/19 09:41:44午後 searchStage_trainer.py:261 [INFO] Train: Epoch: [3][300/390]	Step 1473	lr 0.02479	Loss 1.3436 (1.2181)	Hard Loss 1.3436 (1.2181)	Soft Loss 1.3436 (1.2181)	Arch Loss 1.1836 (1.2418)	Arch Hard Loss 0.0000 (0.0000)	Arch Soft Loss 0.0000 (0.0000)	Arch depth Loss 0.0000 (0.0000)	Prec@(1,5) (55.9%, 94.7%)	
08/19 09:42:12午後 searchStage_trainer.py:261 [INFO] Train: Epoch: [3][350/390]	Step 1523	lr 0.02479	Loss 1.0427 (1.2152)	Hard Loss 1.0427 (1.2152)	Soft Loss 1.0427 (1.2152)	Arch Loss 0.9736 (1.2373)	Arch Hard Loss 0.0000 (0.0000)	Arch Soft Loss 0.0000 (0.0000)	Arch depth Loss 0.0000 (0.0000)	Prec@(1,5) (56.0%, 94.7%)	
08/19 09:42:33午後 searchStage_trainer.py:261 [INFO] Train: Epoch: [3][390/390]	Step 1563	lr 0.02479	Loss 1.1810 (1.2124)	Hard Loss 1.1810 (1.2124)	Soft Loss 1.1810 (1.2124)	Arch Loss 1.3334 (1.2314)	Arch Hard Loss 0.0000 (0.0000)	Arch Soft Loss 0.0000 (0.0000)	Arch depth Loss 0.0000 (0.0000)	Prec@(1,5) (56.1%, 94.8%)	
08/19 09:42:34午後 searchStage_trainer.py:277 [INFO] Train: [  3/49] Final Prec@1 56.0920%
08/19 09:42:38午後 searchStage_trainer.py:305 [INFO] Valid: Epoch: [3][50/391]	Step 1564	Loss 1.3073	Prec@(1,5) (53.8%, 94.2%)
08/19 09:42:41午後 searchStage_trainer.py:305 [INFO] Valid: Epoch: [3][100/391]	Step 1564	Loss 1.2841	Prec@(1,5) (54.4%, 94.5%)
08/19 09:42:45午後 searchStage_trainer.py:305 [INFO] Valid: Epoch: [3][150/391]	Step 1564	Loss 1.2840	Prec@(1,5) (54.5%, 94.7%)
08/19 09:42:48午後 searchStage_trainer.py:305 [INFO] Valid: Epoch: [3][200/391]	Step 1564	Loss 1.2869	Prec@(1,5) (54.6%, 94.8%)
08/19 09:42:52午後 searchStage_trainer.py:305 [INFO] Valid: Epoch: [3][250/391]	Step 1564	Loss 1.2857	Prec@(1,5) (54.7%, 94.8%)
08/19 09:42:56午後 searchStage_trainer.py:305 [INFO] Valid: Epoch: [3][300/391]	Step 1564	Loss 1.2827	Prec@(1,5) (54.9%, 94.7%)
08/19 09:42:59午後 searchStage_trainer.py:305 [INFO] Valid: Epoch: [3][350/391]	Step 1564	Loss 1.2864	Prec@(1,5) (54.8%, 94.7%)
08/19 09:43:02午後 searchStage_trainer.py:305 [INFO] Valid: Epoch: [3][390/391]	Step 1564	Loss 1.2847	Prec@(1,5) (54.9%, 94.7%)
08/19 09:43:02午後 searchStage_trainer.py:316 [INFO] Valid: [  3/49] Final Prec@1 54.9240%
08/19 09:43:02午後 searchStage_KD_main.py:58 [INFO] DAG = Genotype2(DAG1=[[('skip_connect', 1), ('skip_connect', 0)], [('skip_connect', 0), ('skip_connect', 1)], [('skip_connect', 1), ('skip_connect', 3)], [('skip_connect', 3), ('skip_connect', 2)], [('skip_connect', 3), ('max_pool_3x3', 5)], [('skip_connect', 4), ('skip_connect', 5)]], DAG1_concat=range(6, 8), DAG2=[[('skip_connect', 1), ('skip_connect', 0)], [('skip_connect', 0), ('skip_connect', 1)], [('skip_connect', 1), ('max_pool_3x3', 3)], [('skip_connect', 2), ('skip_connect', 3)], [('skip_connect', 3), ('skip_connect', 4)], [('skip_connect', 4), ('max_pool_3x3', 5)]], DAG2_concat=range(6, 8), DAG3=[[('skip_connect', 0), ('skip_connect', 1)], [('skip_connect', 0), ('skip_connect', 1)], [('skip_connect', 1), ('skip_connect', 2)], [('skip_connect', 2), ('skip_connect', 3)], [('skip_connect', 3), ('skip_connect', 5)], [('skip_connect', 4), ('skip_connect', 5)]], DAG3_concat=range(6, 8))
08/19 09:43:03午後 searchStage_KD_main.py:89 [INFO] Until now, best Prec@1 = 54.9240%
####### ALPHA #######
# Alpha - DAG
tensor([[0.2547, 0.2286, 0.2652, 0.2515],
        [0.2551, 0.2299, 0.2666, 0.2484]], device='cuda:0',
       grad_fn=<SoftmaxBackward0>)
tensor([[0.2514, 0.2285, 0.2786, 0.2415],
        [0.2503, 0.2206, 0.2810, 0.2481],
        [0.2458, 0.2468, 0.2475, 0.2598]], device='cuda:0',
       grad_fn=<SoftmaxBackward0>)
tensor([[0.2249, 0.2129, 0.3236, 0.2386],
        [0.2411, 0.2452, 0.2540, 0.2597],
        [0.2371, 0.2379, 0.2634, 0.2615]], device='cuda:0',
       grad_fn=<SoftmaxBackward0>)
tensor([[0.2438, 0.2471, 0.2612, 0.2478],
        [0.2421, 0.2438, 0.2640, 0.2501],
        [0.2413, 0.2499, 0.2524, 0.2565]], device='cuda:0',
       grad_fn=<SoftmaxBackward0>)
tensor([[0.2520, 0.2439, 0.2622, 0.2418],
        [0.2482, 0.2425, 0.2492, 0.2601],
        [0.2565, 0.2435, 0.2488, 0.2512]], device='cuda:0',
       grad_fn=<SoftmaxBackward0>)
tensor([[0.2326, 0.2234, 0.2976, 0.2463],
        [0.2454, 0.2401, 0.2576, 0.2569],
        [0.2477, 0.2463, 0.2469, 0.2591]], device='cuda:0',
       grad_fn=<SoftmaxBackward0>)
tensor([[0.2448, 0.2438, 0.2684, 0.2430],
        [0.2394, 0.2378, 0.2686, 0.2542]], device='cuda:0',
       grad_fn=<SoftmaxBackward0>)
tensor([[0.2461, 0.2483, 0.2661, 0.2394],
        [0.2480, 0.2461, 0.2653, 0.2406],
        [0.2499, 0.2410, 0.2435, 0.2656]], device='cuda:0',
       grad_fn=<SoftmaxBackward0>)
tensor([[0.2592, 0.2516, 0.2639, 0.2254],
        [0.2518, 0.2358, 0.2493, 0.2631],
        [0.2529, 0.2390, 0.2436, 0.2645]], device='cuda:0',
       grad_fn=<SoftmaxBackward0>)
tensor([[0.2529, 0.2444, 0.2561, 0.2466],
        [0.2486, 0.2427, 0.2554, 0.2533],
        [0.2529, 0.2412, 0.2513, 0.2546]], device='cuda:0',
       grad_fn=<SoftmaxBackward0>)
tensor([[0.2557, 0.2412, 0.2617, 0.2415],
        [0.2491, 0.2442, 0.2617, 0.2450],
        [0.2436, 0.2441, 0.2427, 0.2696]], device='cuda:0',
       grad_fn=<SoftmaxBackward0>)
tensor([[0.2571, 0.2404, 0.2632, 0.2393],
        [0.2541, 0.2438, 0.2512, 0.2509],
        [0.2521, 0.2420, 0.2445, 0.2615]], device='cuda:0',
       grad_fn=<SoftmaxBackward0>)
tensor([[0.2456, 0.2381, 0.2702, 0.2462],
        [0.2407, 0.2386, 0.2682, 0.2524]], device='cuda:0',
       grad_fn=<SoftmaxBackward0>)
tensor([[0.2449, 0.2412, 0.2698, 0.2441],
        [0.2363, 0.2384, 0.2696, 0.2558],
        [0.2494, 0.2465, 0.2543, 0.2498]], device='cuda:0',
       grad_fn=<SoftmaxBackward0>)
tensor([[0.2439, 0.2494, 0.2716, 0.2351],
        [0.2449, 0.2404, 0.2604, 0.2543],
        [0.2476, 0.2422, 0.2478, 0.2624]], device='cuda:0',
       grad_fn=<SoftmaxBackward0>)
tensor([[0.2504, 0.2468, 0.2624, 0.2404],
        [0.2461, 0.2425, 0.2542, 0.2572],
        [0.2454, 0.2451, 0.2537, 0.2558]], device='cuda:0',
       grad_fn=<SoftmaxBackward0>)
tensor([[0.2518, 0.2480, 0.2612, 0.2390],
        [0.2445, 0.2426, 0.2512, 0.2617],
        [0.2455, 0.2434, 0.2567, 0.2543]], device='cuda:0',
       grad_fn=<SoftmaxBackward0>)
tensor([[0.2455, 0.2474, 0.2646, 0.2425],
        [0.2441, 0.2435, 0.2588, 0.2537],
        [0.2443, 0.2417, 0.2564, 0.2576]], device='cuda:0',
       grad_fn=<SoftmaxBackward0>)
#####################
08/19 09:43:32午後 searchStage_trainer.py:261 [INFO] Train: Epoch: [4][50/390]	Step 1614	lr 0.02462	Loss 1.3602 (1.1208)	Hard Loss 1.3602 (1.1208)	Soft Loss 1.3602 (1.1208)	Arch Loss 1.0971 (1.1783)	Arch Hard Loss 0.0000 (0.0000)	Arch Soft Loss 0.0000 (0.0000)	Arch depth Loss 0.0000 (0.0000)	Prec@(1,5) (60.1%, 95.8%)	
08/19 09:44:00午後 searchStage_trainer.py:261 [INFO] Train: Epoch: [4][100/390]	Step 1664	lr 0.02462	Loss 0.8575 (1.1184)	Hard Loss 0.8575 (1.1184)	Soft Loss 0.8575 (1.1184)	Arch Loss 1.0460 (1.1555)	Arch Hard Loss 0.0000 (0.0000)	Arch Soft Loss 0.0000 (0.0000)	Arch depth Loss 0.0000 (0.0000)	Prec@(1,5) (59.7%, 95.7%)	
08/19 09:44:27午後 searchStage_trainer.py:261 [INFO] Train: Epoch: [4][150/390]	Step 1714	lr 0.02462	Loss 1.3267 (1.1251)	Hard Loss 1.3267 (1.1251)	Soft Loss 1.3267 (1.1251)	Arch Loss 0.9730 (1.1389)	Arch Hard Loss 0.0000 (0.0000)	Arch Soft Loss 0.0000 (0.0000)	Arch depth Loss 0.0000 (0.0000)	Prec@(1,5) (59.2%, 95.7%)	
08/19 09:44:53午後 searchStage_trainer.py:261 [INFO] Train: Epoch: [4][200/390]	Step 1764	lr 0.02462	Loss 1.2207 (1.1137)	Hard Loss 1.2207 (1.1137)	Soft Loss 1.2207 (1.1137)	Arch Loss 1.2146 (1.1349)	Arch Hard Loss 0.0000 (0.0000)	Arch Soft Loss 0.0000 (0.0000)	Arch depth Loss 0.0000 (0.0000)	Prec@(1,5) (59.9%, 95.7%)	
08/19 09:45:20午後 searchStage_trainer.py:261 [INFO] Train: Epoch: [4][250/390]	Step 1814	lr 0.02462	Loss 0.9895 (1.1123)	Hard Loss 0.9895 (1.1123)	Soft Loss 0.9895 (1.1123)	Arch Loss 1.1707 (1.1297)	Arch Hard Loss 0.0000 (0.0000)	Arch Soft Loss 0.0000 (0.0000)	Arch depth Loss 0.0000 (0.0000)	Prec@(1,5) (59.9%, 95.7%)	
