08/23 11:51:34PM parser.py:28 [INFO] 
08/23 11:51:34PM parser.py:29 [INFO] Parameters:
08/23 11:51:34PM parser.py:31 [INFO] DAG_PATH=results/search_stage_KD/cifar10/noSWDL/s4-BaselineBestCell/DAG
08/23 11:51:34PM parser.py:31 [INFO] T=10.0
08/23 11:51:34PM parser.py:31 [INFO] ADVANCED=False
08/23 11:51:34PM parser.py:31 [INFO] ALPHA_LR=0.0003
08/23 11:51:34PM parser.py:31 [INFO] ALPHA_WEIGHT_DECAY=0.001
08/23 11:51:34PM parser.py:31 [INFO] BATCH_SIZE=64
08/23 11:51:34PM parser.py:31 [INFO] CASCADE=False
08/23 11:51:34PM parser.py:31 [INFO] CHECKPOINT_RESET=False
08/23 11:51:34PM parser.py:31 [INFO] CUTOUT_LENGTH=0
08/23 11:51:34PM parser.py:31 [INFO] DATA_PATH=../data/
08/23 11:51:34PM parser.py:31 [INFO] DATASET=cifar10
08/23 11:51:34PM parser.py:31 [INFO] DEPTH_COEF=0.0
08/23 11:51:34PM parser.py:31 [INFO] DESCRIPTION=search_architecture_on_noKD_without_depth_loss_with_large_slidewindoe
08/23 11:51:34PM parser.py:31 [INFO] EPOCHS=50
08/23 11:51:34PM parser.py:31 [INFO] EXP_NAME=s4-BaselineBestCell
08/23 11:51:34PM parser.py:31 [INFO] GENOTYPE=Genotype3(normal1=[[('sep_conv_5x5', 0), ('sep_conv_3x3', 1)], [('sep_conv_3x3', 1), ('sep_conv_3x3', 0)], [('sep_conv_3x3', 1), ('sep_conv_3x3', 2)], [('sep_conv_3x3', 0), ('sep_conv_5x5', 4)]], normal1_concat=range(2, 6), reduce1=[[('sep_conv_3x3', 0), ('skip_connect', 1)], [('sep_conv_3x3', 1), ('max_pool_3x3', 0)], [('sep_conv_3x3', 2), ('sep_conv_3x3', 1)], [('max_pool_3x3', 0), ('dil_conv_3x3', 1)]], reduce1_concat=range(2, 6), normal2=[[('skip_connect', 0), ('sep_conv_5x5', 1)], [('skip_connect', 0), ('skip_connect', 2)], [('avg_pool_3x3', 0), ('avg_pool_3x3', 2)], [('skip_connect', 0), ('avg_pool_3x3', 2)]], normal2_concat=range(2, 6), reduce2=[[('avg_pool_3x3', 0), ('avg_pool_3x3', 1)], [('avg_pool_3x3', 0), ('skip_connect', 2)], [('skip_connect', 2), ('avg_pool_3x3', 0)], [('skip_connect', 2), ('avg_pool_3x3', 0)]], reduce2_concat=range(2, 6), normal3=[[('skip_connect', 0), ('skip_connect', 1)], [('skip_connect', 0), ('dil_conv_3x3', 1)], [('skip_connect', 0), ('skip_connect', 1)], [('skip_connect', 0), ('skip_connect', 2)]], normal3_concat=range(2, 6))
08/23 11:51:34PM parser.py:31 [INFO] GPUS=[0]
08/23 11:51:34PM parser.py:31 [INFO] INIT_CHANNELS=16
08/23 11:51:34PM parser.py:31 [INFO] L=0.5
08/23 11:51:34PM parser.py:31 [INFO] LAYERS=20
08/23 11:51:34PM parser.py:31 [INFO] LOGGER=<Logger H-DAS (INFO)>
08/23 11:51:34PM parser.py:31 [INFO] NAME=noSWDL
08/23 11:51:34PM parser.py:31 [INFO] NONKD=True
08/23 11:51:34PM parser.py:31 [INFO] PATH=results/search_stage_KD/cifar10/noSWDL/s4-BaselineBestCell
08/23 11:51:34PM parser.py:31 [INFO] PCDARTS=False
08/23 11:51:34PM parser.py:31 [INFO] PLOT_PATH=results/search_stage_KD/cifar10/noSWDL/s4-BaselineBestCell/plots
08/23 11:51:34PM parser.py:31 [INFO] PRINT_FREQ=50
08/23 11:51:34PM parser.py:31 [INFO] RESUME_PATH=None
08/23 11:51:34PM parser.py:31 [INFO] SAVE=s4-BaselineBestCell
08/23 11:51:34PM parser.py:31 [INFO] SEED=4
08/23 11:51:34PM parser.py:31 [INFO] SHARE_STAGE=False
08/23 11:51:34PM parser.py:31 [INFO] SLIDE_WINDOW=8
08/23 11:51:34PM parser.py:31 [INFO] SPEC_CELL=True
08/23 11:51:34PM parser.py:31 [INFO] TEACHER_NAME=non
08/23 11:51:34PM parser.py:31 [INFO] TEACHER_PATH=non
08/23 11:51:34PM parser.py:31 [INFO] TRAIN_PORTION=0.5
08/23 11:51:34PM parser.py:31 [INFO] W_GRAD_CLIP=5.0
08/23 11:51:34PM parser.py:31 [INFO] W_LR=0.025
08/23 11:51:34PM parser.py:31 [INFO] W_LR_MIN=0.001
08/23 11:51:34PM parser.py:31 [INFO] W_MOMENTUM=0.9
08/23 11:51:34PM parser.py:31 [INFO] W_WEIGHT_DECAY=0.0003
08/23 11:51:34PM parser.py:31 [INFO] WORKERS=4
08/23 11:51:34PM parser.py:32 [INFO] 
08/23 11:51:52PM searchStage_trainer.py:137 [INFO] --> No loaded checkpoint!
####### ALPHA #######
# Alpha - DAG
tensor([[0.2495, 0.2500, 0.2505, 0.2501],
        [0.2503, 0.2499, 0.2496, 0.2502]], device='cuda:0',
       grad_fn=<SoftmaxBackward0>)
tensor([[0.2500, 0.2499, 0.2500, 0.2502],
        [0.2501, 0.2501, 0.2499, 0.2500],
        [0.2497, 0.2503, 0.2499, 0.2501]], device='cuda:0',
       grad_fn=<SoftmaxBackward0>)
tensor([[0.2497, 0.2503, 0.2501, 0.2499],
        [0.2498, 0.2503, 0.2502, 0.2497],
        [0.2502, 0.2498, 0.2504, 0.2497],
        [0.2499, 0.2501, 0.2501, 0.2499]], device='cuda:0',
       grad_fn=<SoftmaxBackward0>)
tensor([[0.2496, 0.2502, 0.2499, 0.2503],
        [0.2498, 0.2498, 0.2503, 0.2502],
        [0.2501, 0.2505, 0.2496, 0.2498],
        [0.2502, 0.2500, 0.2499, 0.2500],
        [0.2503, 0.2501, 0.2497, 0.2499]], device='cuda:0',
       grad_fn=<SoftmaxBackward0>)
tensor([[0.2498, 0.2503, 0.2503, 0.2496],
        [0.2499, 0.2496, 0.2506, 0.2499],
        [0.2502, 0.2500, 0.2497, 0.2501],
        [0.2498, 0.2501, 0.2498, 0.2504],
        [0.2498, 0.2503, 0.2502, 0.2497],
        [0.2501, 0.2498, 0.2502, 0.2499]], device='cuda:0',
       grad_fn=<SoftmaxBackward0>)
tensor([[0.2498, 0.2499, 0.2504, 0.2498],
        [0.2503, 0.2501, 0.2497, 0.2500],
        [0.2500, 0.2499, 0.2502, 0.2499],
        [0.2498, 0.2501, 0.2501, 0.2500],
        [0.2503, 0.2501, 0.2499, 0.2497],
        [0.2502, 0.2500, 0.2500, 0.2497],
        [0.2499, 0.2501, 0.2502, 0.2498]], device='cuda:0',
       grad_fn=<SoftmaxBackward0>)
tensor([[0.2504, 0.2498, 0.2501, 0.2496],
        [0.2500, 0.2500, 0.2499, 0.2501]], device='cuda:0',
       grad_fn=<SoftmaxBackward0>)
tensor([[0.2503, 0.2500, 0.2498, 0.2499],
        [0.2497, 0.2502, 0.2500, 0.2501],
        [0.2500, 0.2501, 0.2499, 0.2501]], device='cuda:0',
       grad_fn=<SoftmaxBackward0>)
tensor([[0.2496, 0.2499, 0.2499, 0.2505],
        [0.2496, 0.2502, 0.2501, 0.2500],
        [0.2497, 0.2503, 0.2498, 0.2502],
        [0.2501, 0.2499, 0.2500, 0.2501]], device='cuda:0',
       grad_fn=<SoftmaxBackward0>)
tensor([[0.2502, 0.2500, 0.2499, 0.2499],
        [0.2501, 0.2498, 0.2500, 0.2501],
        [0.2504, 0.2498, 0.2500, 0.2498],
        [0.2500, 0.2500, 0.2500, 0.2501],
        [0.2500, 0.2502, 0.2498, 0.2500]], device='cuda:0',
       grad_fn=<SoftmaxBackward0>)
tensor([[0.2500, 0.2496, 0.2500, 0.2503],
        [0.2498, 0.2503, 0.2502, 0.2497],
        [0.2500, 0.2502, 0.2494, 0.2503],
        [0.2501, 0.2499, 0.2499, 0.2502],
        [0.2499, 0.2500, 0.2501, 0.2500],
        [0.2500, 0.2500, 0.2501, 0.2499]], device='cuda:0',
       grad_fn=<SoftmaxBackward0>)
tensor([[0.2503, 0.2499, 0.2500, 0.2498],
        [0.2500, 0.2496, 0.2501, 0.2503],
        [0.2501, 0.2499, 0.2498, 0.2502],
        [0.2499, 0.2500, 0.2502, 0.2499],
        [0.2499, 0.2501, 0.2501, 0.2500],
        [0.2502, 0.2499, 0.2501, 0.2498],
        [0.2497, 0.2504, 0.2499, 0.2500]], device='cuda:0',
       grad_fn=<SoftmaxBackward0>)
tensor([[0.2502, 0.2495, 0.2503, 0.2500],
        [0.2497, 0.2499, 0.2503, 0.2500]], device='cuda:0',
       grad_fn=<SoftmaxBackward0>)
tensor([[0.2500, 0.2498, 0.2496, 0.2505],
        [0.2497, 0.2499, 0.2500, 0.2504],
        [0.2499, 0.2501, 0.2499, 0.2501]], device='cuda:0',
       grad_fn=<SoftmaxBackward0>)
tensor([[0.2502, 0.2500, 0.2496, 0.2502],
        [0.2502, 0.2501, 0.2501, 0.2496],
        [0.2499, 0.2501, 0.2501, 0.2499],
        [0.2498, 0.2505, 0.2498, 0.2500]], device='cuda:0',
       grad_fn=<SoftmaxBackward0>)
tensor([[0.2503, 0.2496, 0.2501, 0.2499],
        [0.2499, 0.2498, 0.2501, 0.2502],
        [0.2501, 0.2501, 0.2497, 0.2500],
        [0.2502, 0.2502, 0.2497, 0.2499],
        [0.2498, 0.2499, 0.2502, 0.2501]], device='cuda:0',
       grad_fn=<SoftmaxBackward0>)
tensor([[0.2497, 0.2506, 0.2502, 0.2496],
        [0.2501, 0.2497, 0.2501, 0.2502],
        [0.2503, 0.2497, 0.2499, 0.2501],
        [0.2498, 0.2500, 0.2501, 0.2501],
        [0.2502, 0.2502, 0.2494, 0.2502],
        [0.2502, 0.2498, 0.2500, 0.2500]], device='cuda:0',
       grad_fn=<SoftmaxBackward0>)
tensor([[0.2496, 0.2500, 0.2501, 0.2503],
        [0.2500, 0.2500, 0.2500, 0.2500],
        [0.2501, 0.2498, 0.2500, 0.2500],
        [0.2499, 0.2501, 0.2504, 0.2496],
        [0.2497, 0.2503, 0.2500, 0.2500],
        [0.2499, 0.2500, 0.2501, 0.2500],
        [0.2500, 0.2500, 0.2502, 0.2498]], device='cuda:0',
       grad_fn=<SoftmaxBackward0>)
#####################
08/23 11:52:08PM searchStage_trainer.py:268 [INFO] Train: Epoch: [0][50/390]	Step 50	lr 0.025	Loss 1.9400 (2.2719)	Hard Loss 1.9400 (2.2719)	Soft Loss 1.9400 (2.2719)	Arch Loss 2.0652 (2.2740)	Arch Hard Loss 2.0652 (2.2740)	Arch Soft Loss 2.0652 (2.2740)	Arch depth Loss 0.0000 (0.0000)	Prec@(1,5) (20.0%, 71.5%)	
08/23 11:52:23PM searchStage_trainer.py:268 [INFO] Train: Epoch: [0][100/390]	Step 100	lr 0.025	Loss 1.7887 (2.1511)	Hard Loss 1.7887 (2.1511)	Soft Loss 1.7887 (2.1511)	Arch Loss 1.8215 (2.1464)	Arch Hard Loss 1.8215 (2.1464)	Arch Soft Loss 1.8215 (2.1464)	Arch depth Loss 0.0000 (0.0000)	Prec@(1,5) (22.9%, 76.6%)	
08/23 11:52:38PM searchStage_trainer.py:268 [INFO] Train: Epoch: [0][150/390]	Step 150	lr 0.025	Loss 1.6997 (2.0441)	Hard Loss 1.6997 (2.0441)	Soft Loss 1.6997 (2.0441)	Arch Loss 2.0695 (2.0521)	Arch Hard Loss 2.0695 (2.0521)	Arch Soft Loss 2.0695 (2.0521)	Arch depth Loss 0.0000 (0.0000)	Prec@(1,5) (26.1%, 79.9%)	
08/23 11:52:53PM searchStage_trainer.py:268 [INFO] Train: Epoch: [0][200/390]	Step 200	lr 0.025	Loss 1.4891 (1.9760)	Hard Loss 1.4891 (1.9760)	Soft Loss 1.4891 (1.9760)	Arch Loss 1.7633 (1.9849)	Arch Hard Loss 1.7633 (1.9849)	Arch Soft Loss 1.7633 (1.9849)	Arch depth Loss 0.0000 (0.0000)	Prec@(1,5) (28.1%, 81.9%)	
08/23 11:53:08PM searchStage_trainer.py:268 [INFO] Train: Epoch: [0][250/390]	Step 250	lr 0.025	Loss 1.7094 (1.9219)	Hard Loss 1.7094 (1.9219)	Soft Loss 1.7094 (1.9219)	Arch Loss 1.7542 (1.9324)	Arch Hard Loss 1.7542 (1.9324)	Arch Soft Loss 1.7542 (1.9324)	Arch depth Loss 0.0000 (0.0000)	Prec@(1,5) (29.8%, 83.1%)	
08/23 11:53:23PM searchStage_trainer.py:268 [INFO] Train: Epoch: [0][300/390]	Step 300	lr 0.025	Loss 1.5543 (1.8703)	Hard Loss 1.5543 (1.8703)	Soft Loss 1.5543 (1.8703)	Arch Loss 1.5464 (1.8833)	Arch Hard Loss 1.5464 (1.8833)	Arch Soft Loss 1.5464 (1.8833)	Arch depth Loss 0.0000 (0.0000)	Prec@(1,5) (31.6%, 84.1%)	
08/23 11:53:38PM searchStage_trainer.py:268 [INFO] Train: Epoch: [0][350/390]	Step 350	lr 0.025	Loss 1.4966 (1.8325)	Hard Loss 1.4966 (1.8325)	Soft Loss 1.4966 (1.8325)	Arch Loss 1.5618 (1.8438)	Arch Hard Loss 1.5618 (1.8438)	Arch Soft Loss 1.5618 (1.8438)	Arch depth Loss 0.0000 (0.0000)	Prec@(1,5) (32.7%, 85.0%)	
08/23 11:53:50PM searchStage_trainer.py:268 [INFO] Train: Epoch: [0][390/390]	Step 390	lr 0.025	Loss 1.5644 (1.8052)	Hard Loss 1.5644 (1.8052)	Soft Loss 1.5644 (1.8052)	Arch Loss 1.4301 (1.8121)	Arch Hard Loss 1.4301 (1.8121)	Arch Soft Loss 1.4301 (1.8121)	Arch depth Loss 0.0000 (0.0000)	Prec@(1,5) (33.7%, 85.4%)	
08/23 11:53:51PM searchStage_trainer.py:284 [INFO] Train: [  0/49] Final Prec@1 33.6840%
08/23 11:53:53PM searchStage_trainer.py:312 [INFO] Valid: Epoch: [0][50/391]	Step 391	Loss 1.5509	Prec@(1,5) (42.7%, 91.2%)
08/23 11:53:55PM searchStage_trainer.py:312 [INFO] Valid: Epoch: [0][100/391]	Step 391	Loss 1.5417	Prec@(1,5) (43.2%, 90.9%)
08/23 11:53:58PM searchStage_trainer.py:312 [INFO] Valid: Epoch: [0][150/391]	Step 391	Loss 1.5413	Prec@(1,5) (43.6%, 90.5%)
08/23 11:54:00PM searchStage_trainer.py:312 [INFO] Valid: Epoch: [0][200/391]	Step 391	Loss 1.5373	Prec@(1,5) (44.0%, 90.5%)
08/23 11:54:02PM searchStage_trainer.py:312 [INFO] Valid: Epoch: [0][250/391]	Step 391	Loss 1.5353	Prec@(1,5) (44.1%, 90.6%)
08/23 11:54:04PM searchStage_trainer.py:312 [INFO] Valid: Epoch: [0][300/391]	Step 391	Loss 1.5330	Prec@(1,5) (44.2%, 90.7%)
08/23 11:54:06PM searchStage_trainer.py:312 [INFO] Valid: Epoch: [0][350/391]	Step 391	Loss 1.5318	Prec@(1,5) (44.1%, 90.8%)
08/23 11:54:08PM searchStage_trainer.py:312 [INFO] Valid: Epoch: [0][390/391]	Step 391	Loss 1.5319	Prec@(1,5) (44.0%, 90.8%)
08/23 11:54:08PM searchStage_trainer.py:323 [INFO] Valid: [  0/49] Final Prec@1 44.0200%
08/23 11:54:08PM searchStage_KD_main.py:58 [INFO] DAG = Genotype2(DAG1=[[('skip_connect', 0), ('skip_connect', 1)], [('skip_connect', 0), ('skip_connect', 1)], [('max_pool_3x3', 1), ('skip_connect', 0)], [('skip_connect', 1), ('skip_connect', 0)], [('skip_connect', 1), ('skip_connect', 0)], [('max_pool_3x3', 0), ('max_pool_3x3', 1)]], DAG1_concat=range(6, 8), DAG2=[[('skip_connect', 0), ('skip_connect', 1)], [('skip_connect', 0), ('skip_connect', 1)], [('max_pool_3x3', 0), ('max_pool_3x3', 1)], [('max_pool_3x3', 0), ('max_pool_3x3', 1)], [('max_pool_3x3', 1), ('max_pool_3x3', 0)], [('max_pool_3x3', 1), ('max_pool_3x3', 0)]], DAG2_concat=range(6, 8), DAG3=[[('skip_connect', 1), ('skip_connect', 0)], [('skip_connect', 1), ('skip_connect', 0)], [('skip_connect', 0), ('skip_connect', 1)], [('skip_connect', 0), ('skip_connect', 4)], [('skip_connect', 3), ('skip_connect', 0)], [('skip_connect', 1), ('skip_connect', 0)]], DAG3_concat=range(6, 8))
08/23 11:54:09PM searchStage_KD_main.py:89 [INFO] Until now, best Prec@1 = 44.0200%
####### ALPHA #######
# Alpha - DAG
tensor([[0.2499, 0.2475, 0.2541, 0.2486],
        [0.2504, 0.2445, 0.2531, 0.2520]], device='cuda:0',
       grad_fn=<SoftmaxBackward0>)
tensor([[0.2510, 0.2479, 0.2513, 0.2498],
        [0.2510, 0.2476, 0.2515, 0.2498],
        [0.2490, 0.2510, 0.2495, 0.2506]], device='cuda:0',
       grad_fn=<SoftmaxBackward0>)
tensor([[0.2500, 0.2468, 0.2514, 0.2518],
        [0.2520, 0.2491, 0.2507, 0.2481],
        [0.2502, 0.2490, 0.2502, 0.2505],
        [0.2499, 0.2493, 0.2510, 0.2499]], device='cuda:0',
       grad_fn=<SoftmaxBackward0>)
tensor([[0.2505, 0.2490, 0.2512, 0.2494],
        [0.2513, 0.2489, 0.2515, 0.2483],
        [0.2501, 0.2491, 0.2498, 0.2510],
        [0.2496, 0.2498, 0.2495, 0.2511],
        [0.2502, 0.2502, 0.2499, 0.2498]], device='cuda:0',
       grad_fn=<SoftmaxBackward0>)
tensor([[0.2519, 0.2468, 0.2577, 0.2436],
        [0.2513, 0.2453, 0.2587, 0.2448],
        [0.2508, 0.2468, 0.2518, 0.2506],
        [0.2488, 0.2479, 0.2502, 0.2531],
        [0.2474, 0.2483, 0.2496, 0.2547],
        [0.2477, 0.2504, 0.2500, 0.2519]], device='cuda:0',
       grad_fn=<SoftmaxBackward0>)
tensor([[0.2586, 0.2411, 0.2568, 0.2435],
        [0.2576, 0.2435, 0.2566, 0.2423],
        [0.2568, 0.2429, 0.2496, 0.2507],
        [0.2526, 0.2467, 0.2497, 0.2509],
        [0.2531, 0.2457, 0.2474, 0.2538],
        [0.2524, 0.2465, 0.2483, 0.2529],
        [0.2529, 0.2463, 0.2472, 0.2535]], device='cuda:0',
       grad_fn=<SoftmaxBackward0>)
tensor([[0.2511, 0.2461, 0.2530, 0.2498],
        [0.2506, 0.2471, 0.2526, 0.2497]], device='cuda:0',
       grad_fn=<SoftmaxBackward0>)
tensor([[0.2506, 0.2472, 0.2536, 0.2486],
        [0.2497, 0.2477, 0.2522, 0.2504],
        [0.2513, 0.2483, 0.2498, 0.2506]], device='cuda:0',
       grad_fn=<SoftmaxBackward0>)
tensor([[0.2525, 0.2484, 0.2518, 0.2473],
        [0.2520, 0.2483, 0.2516, 0.2481],
        [0.2493, 0.2485, 0.2514, 0.2507],
        [0.2506, 0.2485, 0.2468, 0.2540]], device='cuda:0',
       grad_fn=<SoftmaxBackward0>)
tensor([[0.2532, 0.2504, 0.2511, 0.2453],
        [0.2521, 0.2487, 0.2505, 0.2486],
        [0.2494, 0.2489, 0.2466, 0.2551],
        [0.2490, 0.2490, 0.2523, 0.2497],
        [0.2482, 0.2502, 0.2513, 0.2502]], device='cuda:0',
       grad_fn=<SoftmaxBackward0>)
tensor([[0.2520, 0.2488, 0.2513, 0.2479],
        [0.2536, 0.2502, 0.2510, 0.2452],
        [0.2504, 0.2477, 0.2483, 0.2536],
        [0.2481, 0.2490, 0.2511, 0.2517],
        [0.2481, 0.2498, 0.2518, 0.2503],
        [0.2487, 0.2492, 0.2504, 0.2517]], device='cuda:0',
       grad_fn=<SoftmaxBackward0>)
tensor([[0.2530, 0.2488, 0.2508, 0.2475],
        [0.2536, 0.2484, 0.2502, 0.2479],
        [0.2511, 0.2482, 0.2503, 0.2504],
        [0.2511, 0.2485, 0.2500, 0.2505],
        [0.2481, 0.2491, 0.2533, 0.2494],
        [0.2488, 0.2514, 0.2510, 0.2487],
        [0.2503, 0.2493, 0.2456, 0.2549]], device='cuda:0',
       grad_fn=<SoftmaxBackward0>)
tensor([[0.2407, 0.2457, 0.2629, 0.2507],
        [0.2420, 0.2466, 0.2633, 0.2481]], device='cuda:0',
       grad_fn=<SoftmaxBackward0>)
tensor([[0.2429, 0.2451, 0.2593, 0.2527],
        [0.2449, 0.2468, 0.2606, 0.2477],
        [0.2435, 0.2482, 0.2575, 0.2509]], device='cuda:0',
       grad_fn=<SoftmaxBackward0>)
tensor([[0.2464, 0.2480, 0.2580, 0.2475],
        [0.2468, 0.2486, 0.2579, 0.2467],
        [0.2445, 0.2484, 0.2541, 0.2530],
        [0.2449, 0.2501, 0.2531, 0.2520]], device='cuda:0',
       grad_fn=<SoftmaxBackward0>)
tensor([[0.2476, 0.2485, 0.2559, 0.2479],
        [0.2466, 0.2471, 0.2543, 0.2520],
        [0.2471, 0.2498, 0.2539, 0.2491],
        [0.2457, 0.2492, 0.2537, 0.2514],
        [0.2452, 0.2489, 0.2554, 0.2505]], device='cuda:0',
       grad_fn=<SoftmaxBackward0>)
tensor([[0.2523, 0.2491, 0.2557, 0.2428],
        [0.2512, 0.2463, 0.2534, 0.2491],
        [0.2437, 0.2462, 0.2576, 0.2525],
        [0.2425, 0.2457, 0.2609, 0.2510],
        [0.2447, 0.2467, 0.2529, 0.2557],
        [0.2428, 0.2466, 0.2580, 0.2527]], device='cuda:0',
       grad_fn=<SoftmaxBackward0>)
tensor([[0.2518, 0.2486, 0.2558, 0.2438],
        [0.2507, 0.2488, 0.2564, 0.2441],
        [0.2443, 0.2490, 0.2568, 0.2499],
        [0.2431, 0.2470, 0.2576, 0.2523],
        [0.2436, 0.2470, 0.2543, 0.2551],
        [0.2430, 0.2467, 0.2567, 0.2536],
        [0.2453, 0.2474, 0.2533, 0.2540]], device='cuda:0',
       grad_fn=<SoftmaxBackward0>)
#####################
08/23 11:54:24午後 searchStage_trainer.py:268 [INFO] Train: Epoch: [1][50/390]	Step 441	lr 0.02498	Loss 1.5387 (1.5096)	Hard Loss 1.5387 (1.5096)	Soft Loss 1.5387 (1.5096)	Arch Loss 1.5133 (1.5199)	Arch Hard Loss 1.5133 (1.5199)	Arch Soft Loss 1.5133 (1.5199)	Arch depth Loss 0.0000 (0.0000)	Prec@(1,5) (44.8%, 91.0%)	
08/23 11:54:39午後 searchStage_trainer.py:268 [INFO] Train: Epoch: [1][100/390]	Step 491	lr 0.02498	Loss 1.3138 (1.4866)	Hard Loss 1.3138 (1.4866)	Soft Loss 1.3138 (1.4866)	Arch Loss 1.4110 (1.5200)	Arch Hard Loss 1.4110 (1.5200)	Arch Soft Loss 1.4110 (1.5200)	Arch depth Loss 0.0000 (0.0000)	Prec@(1,5) (45.7%, 91.4%)	
08/23 11:54:54午後 searchStage_trainer.py:268 [INFO] Train: Epoch: [1][150/390]	Step 541	lr 0.02498	Loss 1.3349 (1.4763)	Hard Loss 1.3349 (1.4763)	Soft Loss 1.3349 (1.4763)	Arch Loss 1.3430 (1.4960)	Arch Hard Loss 1.3430 (1.4960)	Arch Soft Loss 1.3430 (1.4960)	Arch depth Loss 0.0000 (0.0000)	Prec@(1,5) (46.0%, 91.7%)	
08/23 11:55:09午後 searchStage_trainer.py:268 [INFO] Train: Epoch: [1][200/390]	Step 591	lr 0.02498	Loss 1.5710 (1.4680)	Hard Loss 1.5710 (1.4680)	Soft Loss 1.5710 (1.4680)	Arch Loss 1.2858 (1.4806)	Arch Hard Loss 1.2858 (1.4806)	Arch Soft Loss 1.2858 (1.4806)	Arch depth Loss 0.0000 (0.0000)	Prec@(1,5) (46.1%, 91.8%)	
08/23 11:55:24午後 searchStage_trainer.py:268 [INFO] Train: Epoch: [1][250/390]	Step 641	lr 0.02498	Loss 1.4259 (1.4472)	Hard Loss 1.4259 (1.4472)	Soft Loss 1.4259 (1.4472)	Arch Loss 1.5550 (1.4637)	Arch Hard Loss 1.5550 (1.4637)	Arch Soft Loss 1.5550 (1.4637)	Arch depth Loss 0.0000 (0.0000)	Prec@(1,5) (46.7%, 92.2%)	
08/23 11:55:38午後 searchStage_trainer.py:268 [INFO] Train: Epoch: [1][300/390]	Step 691	lr 0.02498	Loss 1.4212 (1.4389)	Hard Loss 1.4212 (1.4389)	Soft Loss 1.4212 (1.4389)	Arch Loss 1.5073 (1.4446)	Arch Hard Loss 1.5073 (1.4446)	Arch Soft Loss 1.5073 (1.4446)	Arch depth Loss 0.0000 (0.0000)	Prec@(1,5) (46.8%, 92.4%)	
08/23 11:55:53午後 searchStage_trainer.py:268 [INFO] Train: Epoch: [1][350/390]	Step 741	lr 0.02498	Loss 1.5444 (1.4235)	Hard Loss 1.5444 (1.4235)	Soft Loss 1.5444 (1.4235)	Arch Loss 1.3550 (1.4336)	Arch Hard Loss 1.3550 (1.4336)	Arch Soft Loss 1.3550 (1.4336)	Arch depth Loss 0.0000 (0.0000)	Prec@(1,5) (47.5%, 92.5%)	
08/23 11:56:05午後 searchStage_trainer.py:268 [INFO] Train: Epoch: [1][390/390]	Step 781	lr 0.02498	Loss 1.4335 (1.4115)	Hard Loss 1.4335 (1.4115)	Soft Loss 1.4335 (1.4115)	Arch Loss 1.2172 (1.4239)	Arch Hard Loss 1.2172 (1.4239)	Arch Soft Loss 1.2172 (1.4239)	Arch depth Loss 0.0000 (0.0000)	Prec@(1,5) (47.9%, 92.7%)	
08/23 11:56:06午後 searchStage_trainer.py:284 [INFO] Train: [  1/49] Final Prec@1 47.8840%
08/23 11:56:08午後 searchStage_trainer.py:312 [INFO] Valid: Epoch: [1][50/391]	Step 782	Loss 1.2972	Prec@(1,5) (52.2%, 93.8%)
08/23 11:56:10午後 searchStage_trainer.py:312 [INFO] Valid: Epoch: [1][100/391]	Step 782	Loss 1.3024	Prec@(1,5) (52.6%, 93.6%)
08/23 11:56:13午後 searchStage_trainer.py:312 [INFO] Valid: Epoch: [1][150/391]	Step 782	Loss 1.3068	Prec@(1,5) (53.0%, 93.6%)
08/23 11:56:15午後 searchStage_trainer.py:312 [INFO] Valid: Epoch: [1][200/391]	Step 782	Loss 1.3018	Prec@(1,5) (53.4%, 93.7%)
08/23 11:56:17午後 searchStage_trainer.py:312 [INFO] Valid: Epoch: [1][250/391]	Step 782	Loss 1.3090	Prec@(1,5) (53.1%, 93.6%)
08/23 11:56:19午後 searchStage_trainer.py:312 [INFO] Valid: Epoch: [1][300/391]	Step 782	Loss 1.3067	Prec@(1,5) (53.1%, 93.6%)
08/23 11:56:21午後 searchStage_trainer.py:312 [INFO] Valid: Epoch: [1][350/391]	Step 782	Loss 1.3136	Prec@(1,5) (52.9%, 93.5%)
08/23 11:56:23午後 searchStage_trainer.py:312 [INFO] Valid: Epoch: [1][390/391]	Step 782	Loss 1.3094	Prec@(1,5) (53.0%, 93.6%)
08/23 11:56:23午後 searchStage_trainer.py:323 [INFO] Valid: [  1/49] Final Prec@1 53.0200%
08/23 11:56:23午後 searchStage_KD_main.py:58 [INFO] DAG = Genotype2(DAG1=[[('skip_connect', 0), ('skip_connect', 1)], [('skip_connect', 1), ('skip_connect', 0)], [('skip_connect', 0), ('skip_connect', 1)], [('skip_connect', 1), ('skip_connect', 0)], [('skip_connect', 1), ('skip_connect', 0)], [('skip_connect', 0), ('skip_connect', 1)]], DAG1_concat=range(6, 8), DAG2=[[('skip_connect', 0), ('skip_connect', 1)], [('skip_connect', 0), ('skip_connect', 1)], [('skip_connect', 0), ('skip_connect', 1)], [('max_pool_3x3', 0), ('max_pool_3x3', 1)], [('max_pool_3x3', 1), ('max_pool_3x3', 0)], [('max_pool_3x3', 1), ('max_pool_3x3', 0)]], DAG2_concat=range(6, 8), DAG3=[[('skip_connect', 1), ('skip_connect', 0)], [('skip_connect', 0), ('skip_connect', 1)], [('skip_connect', 1), ('skip_connect', 0)], [('skip_connect', 0), ('skip_connect', 3)], [('skip_connect', 3), ('skip_connect', 5)], [('max_pool_3x3', 0), ('max_pool_3x3', 1)]], DAG3_concat=range(6, 8))
08/23 11:56:24午後 searchStage_KD_main.py:89 [INFO] Until now, best Prec@1 = 53.0200%
####### ALPHA #######
# Alpha - DAG
tensor([[0.2487, 0.2395, 0.2638, 0.2480],
        [0.2492, 0.2346, 0.2636, 0.2525]], device='cuda:0',
       grad_fn=<SoftmaxBackward0>)
tensor([[0.2507, 0.2427, 0.2569, 0.2496],
        [0.2501, 0.2423, 0.2580, 0.2496],
        [0.2486, 0.2491, 0.2508, 0.2515]], device='cuda:0',
       grad_fn=<SoftmaxBackward0>)
tensor([[0.2486, 0.2432, 0.2601, 0.2481],
        [0.2518, 0.2462, 0.2560, 0.2460],
        [0.2481, 0.2481, 0.2514, 0.2524],
        [0.2501, 0.2487, 0.2493, 0.2519]], device='cuda:0',
       grad_fn=<SoftmaxBackward0>)
tensor([[0.2520, 0.2461, 0.2547, 0.2472],
        [0.2532, 0.2459, 0.2553, 0.2456],
        [0.2511, 0.2475, 0.2485, 0.2528],
        [0.2495, 0.2478, 0.2497, 0.2530],
        [0.2485, 0.2494, 0.2514, 0.2507]], device='cuda:0',
       grad_fn=<SoftmaxBackward0>)
tensor([[0.2475, 0.2331, 0.2816, 0.2377],
        [0.2501, 0.2323, 0.2813, 0.2363],
        [0.2485, 0.2437, 0.2584, 0.2493],
        [0.2465, 0.2445, 0.2508, 0.2582],
        [0.2445, 0.2451, 0.2477, 0.2628],
        [0.2428, 0.2485, 0.2504, 0.2583]], device='cuda:0',
       grad_fn=<SoftmaxBackward0>)
tensor([[0.2592, 0.2252, 0.2778, 0.2378],
        [0.2584, 0.2302, 0.2765, 0.2349],
        [0.2561, 0.2364, 0.2561, 0.2514],
        [0.2504, 0.2447, 0.2526, 0.2524],
        [0.2541, 0.2436, 0.2448, 0.2575],
        [0.2527, 0.2440, 0.2466, 0.2568],
        [0.2500, 0.2452, 0.2450, 0.2598]], device='cuda:0',
       grad_fn=<SoftmaxBackward0>)
tensor([[0.2505, 0.2409, 0.2591, 0.2495],
        [0.2509, 0.2414, 0.2585, 0.2492]], device='cuda:0',
       grad_fn=<SoftmaxBackward0>)
tensor([[0.2509, 0.2456, 0.2585, 0.2450],
        [0.2494, 0.2455, 0.2568, 0.2483],
        [0.2519, 0.2457, 0.2479, 0.2545]], device='cuda:0',
       grad_fn=<SoftmaxBackward0>)
tensor([[0.2517, 0.2500, 0.2539, 0.2444],
        [0.2528, 0.2481, 0.2539, 0.2453],
        [0.2483, 0.2461, 0.2504, 0.2553],
        [0.2482, 0.2489, 0.2485, 0.2543]], device='cuda:0',
       grad_fn=<SoftmaxBackward0>)
tensor([[0.2569, 0.2515, 0.2519, 0.2397],
        [0.2542, 0.2493, 0.2519, 0.2447],
        [0.2485, 0.2478, 0.2429, 0.2608],
        [0.2472, 0.2478, 0.2541, 0.2509],
        [0.2479, 0.2488, 0.2508, 0.2526]], device='cuda:0',
       grad_fn=<SoftmaxBackward0>)
tensor([[0.2558, 0.2513, 0.2521, 0.2408],
        [0.2577, 0.2512, 0.2519, 0.2392],
        [0.2518, 0.2433, 0.2475, 0.2575],
        [0.2511, 0.2429, 0.2480, 0.2580],
        [0.2504, 0.2475, 0.2526, 0.2494],
        [0.2534, 0.2460, 0.2476, 0.2531]], device='cuda:0',
       grad_fn=<SoftmaxBackward0>)
tensor([[0.2566, 0.2498, 0.2503, 0.2433],
        [0.2585, 0.2499, 0.2490, 0.2425],
        [0.2530, 0.2435, 0.2484, 0.2551],
        [0.2516, 0.2449, 0.2460, 0.2576],
        [0.2447, 0.2509, 0.2528, 0.2516],
        [0.2520, 0.2492, 0.2523, 0.2464],
        [0.2517, 0.2488, 0.2475, 0.2520]], device='cuda:0',
       grad_fn=<SoftmaxBackward0>)
tensor([[0.2401, 0.2398, 0.2696, 0.2505],
        [0.2424, 0.2398, 0.2693, 0.2486]], device='cuda:0',
       grad_fn=<SoftmaxBackward0>)
tensor([[0.2434, 0.2426, 0.2641, 0.2499],
        [0.2428, 0.2426, 0.2644, 0.2502],
        [0.2454, 0.2462, 0.2575, 0.2508]], device='cuda:0',
       grad_fn=<SoftmaxBackward0>)
tensor([[0.2451, 0.2455, 0.2599, 0.2494],
        [0.2461, 0.2465, 0.2601, 0.2474],
        [0.2458, 0.2454, 0.2547, 0.2540],
        [0.2465, 0.2498, 0.2546, 0.2491]], device='cuda:0',
       grad_fn=<SoftmaxBackward0>)
tensor([[0.2464, 0.2479, 0.2572, 0.2486],
        [0.2474, 0.2465, 0.2534, 0.2528],
        [0.2489, 0.2481, 0.2547, 0.2483],
        [0.2479, 0.2478, 0.2551, 0.2492],
        [0.2469, 0.2470, 0.2541, 0.2521]], device='cuda:0',
       grad_fn=<SoftmaxBackward0>)
tensor([[0.2580, 0.2467, 0.2537, 0.2416],
        [0.2547, 0.2441, 0.2521, 0.2491],
        [0.2454, 0.2424, 0.2588, 0.2534],
        [0.2445, 0.2412, 0.2627, 0.2515],
        [0.2449, 0.2443, 0.2543, 0.2564],
        [0.2421, 0.2429, 0.2621, 0.2528]], device='cuda:0',
       grad_fn=<SoftmaxBackward0>)
tensor([[0.2596, 0.2460, 0.2542, 0.2402],
        [0.2566, 0.2482, 0.2551, 0.2400],
        [0.2447, 0.2471, 0.2569, 0.2512],
        [0.2437, 0.2444, 0.2583, 0.2535],
        [0.2437, 0.2456, 0.2559, 0.2548],
        [0.2411, 0.2446, 0.2590, 0.2553],
        [0.2431, 0.2422, 0.2550, 0.2597]], device='cuda:0',
       grad_fn=<SoftmaxBackward0>)
#####################
08/23 11:56:39午後 searchStage_trainer.py:268 [INFO] Train: Epoch: [2][50/390]	Step 832	lr 0.02491	Loss 0.9489 (1.2524)	Hard Loss 0.9489 (1.2524)	Soft Loss 0.9489 (1.2524)	Arch Loss 1.0433 (1.3123)	Arch Hard Loss 1.0433 (1.3123)	Arch Soft Loss 1.0433 (1.3123)	Arch depth Loss 0.0000 (0.0000)	Prec@(1,5) (54.2%, 95.5%)	
08/23 11:56:54午後 searchStage_trainer.py:268 [INFO] Train: Epoch: [2][100/390]	Step 882	lr 0.02491	Loss 1.1881 (1.2467)	Hard Loss 1.1881 (1.2467)	Soft Loss 1.1881 (1.2467)	Arch Loss 1.2637 (1.3046)	Arch Hard Loss 1.2637 (1.3046)	Arch Soft Loss 1.2637 (1.3046)	Arch depth Loss 0.0000 (0.0000)	Prec@(1,5) (55.1%, 94.9%)	
08/23 11:57:09午後 searchStage_trainer.py:268 [INFO] Train: Epoch: [2][150/390]	Step 932	lr 0.02491	Loss 1.1859 (1.2563)	Hard Loss 1.1859 (1.2563)	Soft Loss 1.1859 (1.2563)	Arch Loss 1.2164 (1.2909)	Arch Hard Loss 1.2164 (1.2909)	Arch Soft Loss 1.2164 (1.2909)	Arch depth Loss 0.0000 (0.0000)	Prec@(1,5) (54.8%, 94.6%)	
08/23 11:57:24午後 searchStage_trainer.py:268 [INFO] Train: Epoch: [2][200/390]	Step 982	lr 0.02491	Loss 1.0419 (1.2491)	Hard Loss 1.0419 (1.2491)	Soft Loss 1.0419 (1.2491)	Arch Loss 1.0708 (1.2785)	Arch Hard Loss 1.0708 (1.2785)	Arch Soft Loss 1.0708 (1.2785)	Arch depth Loss 0.0000 (0.0000)	Prec@(1,5) (54.9%, 94.6%)	
08/23 11:57:39午後 searchStage_trainer.py:268 [INFO] Train: Epoch: [2][250/390]	Step 1032	lr 0.02491	Loss 1.1773 (1.2422)	Hard Loss 1.1773 (1.2422)	Soft Loss 1.1773 (1.2422)	Arch Loss 0.9605 (1.2592)	Arch Hard Loss 0.9605 (1.2592)	Arch Soft Loss 0.9605 (1.2592)	Arch depth Loss 0.0000 (0.0000)	Prec@(1,5) (55.2%, 94.7%)	
08/23 11:57:54午後 searchStage_trainer.py:268 [INFO] Train: Epoch: [2][300/390]	Step 1082	lr 0.02491	Loss 1.4129 (1.2339)	Hard Loss 1.4129 (1.2339)	Soft Loss 1.4129 (1.2339)	Arch Loss 1.2744 (1.2477)	Arch Hard Loss 1.2744 (1.2477)	Arch Soft Loss 1.2744 (1.2477)	Arch depth Loss 0.0000 (0.0000)	Prec@(1,5) (55.6%, 94.7%)	
08/23 11:58:09午後 searchStage_trainer.py:268 [INFO] Train: Epoch: [2][350/390]	Step 1132	lr 0.02491	Loss 1.0408 (1.2186)	Hard Loss 1.0408 (1.2186)	Soft Loss 1.0408 (1.2186)	Arch Loss 1.0175 (1.2317)	Arch Hard Loss 1.0175 (1.2317)	Arch Soft Loss 1.0175 (1.2317)	Arch depth Loss 0.0000 (0.0000)	Prec@(1,5) (56.1%, 94.8%)	
08/23 11:58:21午後 searchStage_trainer.py:268 [INFO] Train: Epoch: [2][390/390]	Step 1172	lr 0.02491	Loss 1.0769 (1.2123)	Hard Loss 1.0769 (1.2123)	Soft Loss 1.0769 (1.2123)	Arch Loss 1.1525 (1.2192)	Arch Hard Loss 1.1525 (1.2192)	Arch Soft Loss 1.1525 (1.2192)	Arch depth Loss 0.0000 (0.0000)	Prec@(1,5) (56.3%, 94.9%)	
08/23 11:58:22午後 searchStage_trainer.py:284 [INFO] Train: [  2/49] Final Prec@1 56.3280%
08/23 11:58:24午後 searchStage_trainer.py:312 [INFO] Valid: Epoch: [2][50/391]	Step 1173	Loss 1.0846	Prec@(1,5) (60.7%, 96.6%)
08/23 11:58:26午後 searchStage_trainer.py:312 [INFO] Valid: Epoch: [2][100/391]	Step 1173	Loss 1.0986	Prec@(1,5) (60.1%, 96.4%)
08/23 11:58:29午後 searchStage_trainer.py:312 [INFO] Valid: Epoch: [2][150/391]	Step 1173	Loss 1.0963	Prec@(1,5) (60.3%, 96.2%)
08/23 11:58:31午後 searchStage_trainer.py:312 [INFO] Valid: Epoch: [2][200/391]	Step 1173	Loss 1.1004	Prec@(1,5) (60.3%, 96.2%)
08/23 11:58:33午後 searchStage_trainer.py:312 [INFO] Valid: Epoch: [2][250/391]	Step 1173	Loss 1.0960	Prec@(1,5) (60.3%, 96.3%)
08/23 11:58:35午後 searchStage_trainer.py:312 [INFO] Valid: Epoch: [2][300/391]	Step 1173	Loss 1.1014	Prec@(1,5) (60.2%, 96.2%)
08/23 11:58:37午後 searchStage_trainer.py:312 [INFO] Valid: Epoch: [2][350/391]	Step 1173	Loss 1.1018	Prec@(1,5) (60.2%, 96.1%)
08/23 11:58:39午後 searchStage_trainer.py:312 [INFO] Valid: Epoch: [2][390/391]	Step 1173	Loss 1.1068	Prec@(1,5) (60.1%, 96.0%)
08/23 11:58:39午後 searchStage_trainer.py:323 [INFO] Valid: [  2/49] Final Prec@1 60.0600%
08/23 11:58:39午後 searchStage_KD_main.py:58 [INFO] DAG = Genotype2(DAG1=[[('skip_connect', 0), ('skip_connect', 1)], [('skip_connect', 1), ('skip_connect', 0)], [('skip_connect', 0), ('skip_connect', 1)], [('skip_connect', 1), ('skip_connect', 0)], [('skip_connect', 0), ('skip_connect', 1)], [('skip_connect', 1), ('skip_connect', 0)]], DAG1_concat=range(6, 8), DAG2=[[('skip_connect', 1), ('skip_connect', 0)], [('skip_connect', 0), ('skip_connect', 1)], [('skip_connect', 0), ('skip_connect', 1)], [('skip_connect', 0), ('max_pool_3x3', 1)], [('max_pool_3x3', 1), ('max_pool_3x3', 0)], [('max_pool_3x3', 1), ('max_pool_3x3', 0)]], DAG2_concat=range(6, 8), DAG3=[[('skip_connect', 1), ('skip_connect', 0)], [('skip_connect', 1), ('skip_connect', 0)], [('skip_connect', 1), ('skip_connect', 0)], [('skip_connect', 0), ('skip_connect', 1)], [('max_pool_3x3', 0), ('max_pool_3x3', 1)], [('max_pool_3x3', 0), ('max_pool_3x3', 1)]], DAG3_concat=range(6, 8))
08/23 11:58:39午後 searchStage_KD_main.py:89 [INFO] Until now, best Prec@1 = 60.0600%
####### ALPHA #######
# Alpha - DAG
tensor([[0.2439, 0.2282, 0.2817, 0.2462],
        [0.2441, 0.2224, 0.2799, 0.2536]], device='cuda:0',
       grad_fn=<SoftmaxBackward0>)
tensor([[0.2489, 0.2358, 0.2659, 0.2494],
        [0.2492, 0.2369, 0.2672, 0.2467],
        [0.2482, 0.2444, 0.2529, 0.2545]], device='cuda:0',
       grad_fn=<SoftmaxBackward0>)
tensor([[0.2479, 0.2408, 0.2679, 0.2435],
        [0.2504, 0.2444, 0.2647, 0.2405],
        [0.2490, 0.2435, 0.2502, 0.2573],
        [0.2501, 0.2461, 0.2479, 0.2558]], device='cuda:0',
       grad_fn=<SoftmaxBackward0>)
tensor([[0.2493, 0.2435, 0.2609, 0.2462],
        [0.2495, 0.2424, 0.2630, 0.2451],
        [0.2482, 0.2471, 0.2524, 0.2523],
        [0.2460, 0.2487, 0.2510, 0.2543],
        [0.2463, 0.2500, 0.2522, 0.2514]], device='cuda:0',
       grad_fn=<SoftmaxBackward0>)
tensor([[0.2400, 0.2156, 0.3163, 0.2281],
        [0.2419, 0.2167, 0.3144, 0.2270],
        [0.2428, 0.2364, 0.2677, 0.2531],
        [0.2397, 0.2406, 0.2497, 0.2700],
        [0.2405, 0.2409, 0.2461, 0.2726],
        [0.2404, 0.2471, 0.2517, 0.2607]], device='cuda:0',
       grad_fn=<SoftmaxBackward0>)
tensor([[0.2514, 0.2107, 0.3063, 0.2316],
        [0.2503, 0.2157, 0.3047, 0.2293],
        [0.2484, 0.2300, 0.2688, 0.2528],
        [0.2434, 0.2424, 0.2577, 0.2565],
        [0.2457, 0.2417, 0.2471, 0.2655],
        [0.2442, 0.2444, 0.2494, 0.2621],
        [0.2454, 0.2437, 0.2508, 0.2601]], device='cuda:0',
       grad_fn=<SoftmaxBackward0>)
tensor([[0.2489, 0.2364, 0.2637, 0.2509],
        [0.2482, 0.2394, 0.2654, 0.2469]], device='cuda:0',
       grad_fn=<SoftmaxBackward0>)
tensor([[0.2509, 0.2429, 0.2609, 0.2452],
        [0.2510, 0.2412, 0.2592, 0.2487],
        [0.2523, 0.2433, 0.2495, 0.2549]], device='cuda:0',
       grad_fn=<SoftmaxBackward0>)
tensor([[0.2502, 0.2466, 0.2566, 0.2466],
        [0.2520, 0.2492, 0.2555, 0.2433],
        [0.2461, 0.2462, 0.2504, 0.2574],
        [0.2514, 0.2483, 0.2484, 0.2519]], device='cuda:0',
       grad_fn=<SoftmaxBackward0>)
tensor([[0.2530, 0.2515, 0.2552, 0.2403],
        [0.2542, 0.2490, 0.2539, 0.2429],
        [0.2489, 0.2464, 0.2422, 0.2625],
        [0.2491, 0.2467, 0.2543, 0.2499],
        [0.2498, 0.2451, 0.2520, 0.2532]], device='cuda:0',
       grad_fn=<SoftmaxBackward0>)
tensor([[0.2578, 0.2528, 0.2525, 0.2369],
        [0.2621, 0.2536, 0.2515, 0.2328],
        [0.2525, 0.2413, 0.2431, 0.2630],
        [0.2530, 0.2418, 0.2450, 0.2603],
        [0.2551, 0.2444, 0.2511, 0.2494],
        [0.2579, 0.2427, 0.2455, 0.2539]], device='cuda:0',
       grad_fn=<SoftmaxBackward0>)
tensor([[0.2587, 0.2480, 0.2513, 0.2421],
        [0.2629, 0.2457, 0.2498, 0.2416],
        [0.2530, 0.2420, 0.2464, 0.2586],
        [0.2547, 0.2419, 0.2446, 0.2587],
        [0.2480, 0.2480, 0.2525, 0.2514],
        [0.2538, 0.2457, 0.2535, 0.2470],
        [0.2570, 0.2449, 0.2486, 0.2495]], device='cuda:0',
       grad_fn=<SoftmaxBackward0>)
tensor([[0.2399, 0.2358, 0.2742, 0.2500],
        [0.2408, 0.2354, 0.2750, 0.2488]], device='cuda:0',
       grad_fn=<SoftmaxBackward0>)
tensor([[0.2451, 0.2416, 0.2665, 0.2469],
        [0.2434, 0.2421, 0.2672, 0.2474],
        [0.2475, 0.2433, 0.2540, 0.2551]], device='cuda:0',
       grad_fn=<SoftmaxBackward0>)
tensor([[0.2462, 0.2463, 0.2595, 0.2480],
        [0.2473, 0.2466, 0.2602, 0.2459],
        [0.2488, 0.2427, 0.2518, 0.2566],
        [0.2484, 0.2491, 0.2534, 0.2491]], device='cuda:0',
       grad_fn=<SoftmaxBackward0>)
tensor([[0.2472, 0.2511, 0.2578, 0.2439],
        [0.2468, 0.2487, 0.2543, 0.2502],
        [0.2507, 0.2462, 0.2517, 0.2514],
        [0.2484, 0.2480, 0.2530, 0.2506],
        [0.2493, 0.2467, 0.2505, 0.2536]], device='cuda:0',
       grad_fn=<SoftmaxBackward0>)
tensor([[0.2637, 0.2438, 0.2526, 0.2399],
        [0.2605, 0.2407, 0.2509, 0.2479],
        [0.2504, 0.2390, 0.2563, 0.2543],
        [0.2508, 0.2383, 0.2591, 0.2517],
        [0.2503, 0.2421, 0.2523, 0.2553],
        [0.2455, 0.2410, 0.2603, 0.2532]], device='cuda:0',
       grad_fn=<SoftmaxBackward0>)
tensor([[0.2670, 0.2446, 0.2513, 0.2371],
        [0.2652, 0.2463, 0.2504, 0.2381],
        [0.2480, 0.2454, 0.2543, 0.2524],
        [0.2476, 0.2427, 0.2567, 0.2530],
        [0.2478, 0.2443, 0.2517, 0.2561],
        [0.2435, 0.2431, 0.2553, 0.2580],
        [0.2449, 0.2430, 0.2537, 0.2583]], device='cuda:0',
       grad_fn=<SoftmaxBackward0>)
#####################
08/23 11:58:55午後 searchStage_trainer.py:268 [INFO] Train: Epoch: [3][50/390]	Step 1223	lr 0.02479	Loss 1.1164 (1.0995)	Hard Loss 1.1164 (1.0995)	Soft Loss 1.1164 (1.0995)	Arch Loss 1.3440 (1.1102)	Arch Hard Loss 1.3440 (1.1102)	Arch Soft Loss 1.3440 (1.1102)	Arch depth Loss 0.0000 (0.0000)	Prec@(1,5) (59.8%, 95.9%)	
08/23 11:59:11午後 searchStage_trainer.py:268 [INFO] Train: Epoch: [3][100/390]	Step 1273	lr 0.02479	Loss 0.9921 (1.0856)	Hard Loss 0.9921 (1.0856)	Soft Loss 0.9921 (1.0856)	Arch Loss 1.3292 (1.0955)	Arch Hard Loss 1.3292 (1.0955)	Arch Soft Loss 1.3292 (1.0955)	Arch depth Loss 0.0000 (0.0000)	Prec@(1,5) (60.3%, 96.0%)	
08/23 11:59:26午後 searchStage_trainer.py:268 [INFO] Train: Epoch: [3][150/390]	Step 1323	lr 0.02479	Loss 1.0841 (1.0714)	Hard Loss 1.0841 (1.0714)	Soft Loss 1.0841 (1.0714)	Arch Loss 1.0432 (1.1018)	Arch Hard Loss 1.0432 (1.1018)	Arch Soft Loss 1.0432 (1.1018)	Arch depth Loss 0.0000 (0.0000)	Prec@(1,5) (61.3%, 96.1%)	
08/23 11:59:41午後 searchStage_trainer.py:268 [INFO] Train: Epoch: [3][200/390]	Step 1373	lr 0.02479	Loss 1.0363 (1.0701)	Hard Loss 1.0363 (1.0701)	Soft Loss 1.0363 (1.0701)	Arch Loss 1.0699 (1.1060)	Arch Hard Loss 1.0699 (1.1060)	Arch Soft Loss 1.0699 (1.1060)	Arch depth Loss 0.0000 (0.0000)	Prec@(1,5) (61.3%, 96.0%)	
08/23 11:59:56午後 searchStage_trainer.py:268 [INFO] Train: Epoch: [3][250/390]	Step 1423	lr 0.02479	Loss 0.9390 (1.0686)	Hard Loss 0.9390 (1.0686)	Soft Loss 0.9390 (1.0686)	Arch Loss 1.3338 (1.1005)	Arch Hard Loss 1.3338 (1.1005)	Arch Soft Loss 1.3338 (1.1005)	Arch depth Loss 0.0000 (0.0000)	Prec@(1,5) (61.5%, 96.1%)	
08/24 12:00:11午前 searchStage_trainer.py:268 [INFO] Train: Epoch: [3][300/390]	Step 1473	lr 0.02479	Loss 1.0484 (1.0659)	Hard Loss 1.0484 (1.0659)	Soft Loss 1.0484 (1.0659)	Arch Loss 1.2910 (1.0956)	Arch Hard Loss 1.2910 (1.0956)	Arch Soft Loss 1.2910 (1.0956)	Arch depth Loss 0.0000 (0.0000)	Prec@(1,5) (61.7%, 96.1%)	
08/24 12:00:26午前 searchStage_trainer.py:268 [INFO] Train: Epoch: [3][350/390]	Step 1523	lr 0.02479	Loss 1.1521 (1.0624)	Hard Loss 1.1521 (1.0624)	Soft Loss 1.1521 (1.0624)	Arch Loss 1.0463 (1.0878)	Arch Hard Loss 1.0463 (1.0878)	Arch Soft Loss 1.0463 (1.0878)	Arch depth Loss 0.0000 (0.0000)	Prec@(1,5) (61.9%, 96.2%)	
08/24 12:00:38午前 searchStage_trainer.py:268 [INFO] Train: Epoch: [3][390/390]	Step 1563	lr 0.02479	Loss 0.9070 (1.0547)	Hard Loss 0.9070 (1.0547)	Soft Loss 0.9070 (1.0547)	Arch Loss 0.8524 (1.0792)	Arch Hard Loss 0.8524 (1.0792)	Arch Soft Loss 0.8524 (1.0792)	Arch depth Loss 0.0000 (0.0000)	Prec@(1,5) (62.1%, 96.3%)	
08/24 12:00:38午前 searchStage_trainer.py:284 [INFO] Train: [  3/49] Final Prec@1 62.1400%
08/24 12:00:41午前 searchStage_trainer.py:312 [INFO] Valid: Epoch: [3][50/391]	Step 1564	Loss 1.0291	Prec@(1,5) (64.2%, 96.0%)
08/24 12:00:43午前 searchStage_trainer.py:312 [INFO] Valid: Epoch: [3][100/391]	Step 1564	Loss 1.0054	Prec@(1,5) (64.7%, 96.1%)
08/24 12:00:45午前 searchStage_trainer.py:312 [INFO] Valid: Epoch: [3][150/391]	Step 1564	Loss 1.0009	Prec@(1,5) (64.8%, 96.3%)
08/24 12:00:47午前 searchStage_trainer.py:312 [INFO] Valid: Epoch: [3][200/391]	Step 1564	Loss 1.0056	Prec@(1,5) (64.6%, 96.4%)
08/24 12:00:49午前 searchStage_trainer.py:312 [INFO] Valid: Epoch: [3][250/391]	Step 1564	Loss 1.0140	Prec@(1,5) (64.3%, 96.3%)
08/24 12:00:52午前 searchStage_trainer.py:312 [INFO] Valid: Epoch: [3][300/391]	Step 1564	Loss 1.0122	Prec@(1,5) (64.3%, 96.3%)
08/24 12:00:54午前 searchStage_trainer.py:312 [INFO] Valid: Epoch: [3][350/391]	Step 1564	Loss 1.0170	Prec@(1,5) (64.2%, 96.3%)
08/24 12:00:55午前 searchStage_trainer.py:312 [INFO] Valid: Epoch: [3][390/391]	Step 1564	Loss 1.0137	Prec@(1,5) (64.2%, 96.3%)
08/24 12:00:56午前 searchStage_trainer.py:323 [INFO] Valid: [  3/49] Final Prec@1 64.2480%
