08/19 05:35:32PM parser.py:28 [INFO] 
08/19 05:35:32PM parser.py:29 [INFO] Parameters:
08/19 05:35:32PM parser.py:31 [INFO] DAG_PATH=results/search_stage_KD/cifar10/BASELINE/nonDepthLosss1-20240819-173532/DAG
08/19 05:35:32PM parser.py:31 [INFO] T=10.0
08/19 05:35:32PM parser.py:31 [INFO] ADVANCED=False
08/19 05:35:32PM parser.py:31 [INFO] ALPHA_LR=0.0003
08/19 05:35:32PM parser.py:31 [INFO] ALPHA_WEIGHT_DECAY=0.001
08/19 05:35:32PM parser.py:31 [INFO] BATCH_SIZE=64
08/19 05:35:32PM parser.py:31 [INFO] CHECKPOINT_RESET=False
08/19 05:35:32PM parser.py:31 [INFO] CUTOUT_LENGTH=0
08/19 05:35:32PM parser.py:31 [INFO] DATA_PATH=../data/
08/19 05:35:32PM parser.py:31 [INFO] DATASET=cifar10
08/19 05:35:32PM parser.py:31 [INFO] DESCRIPTION=nonDepthLoss_version
08/19 05:35:32PM parser.py:31 [INFO] EPOCHS=50
08/19 05:35:32PM parser.py:31 [INFO] EXP_NAME=nonDepthLosss1-20240819-173532
08/19 05:35:32PM parser.py:31 [INFO] GENOTYPE=Genotype3(normal1=[[('sep_conv_5x5', 0), ('sep_conv_3x3', 1)], [('sep_conv_3x3', 1), ('sep_conv_3x3', 0)], [('sep_conv_3x3', 1), ('sep_conv_3x3', 2)], [('sep_conv_3x3', 0), ('sep_conv_5x5', 4)]], normal1_concat=range(2, 6), reduce1=[[('sep_conv_3x3', 0), ('skip_connect', 1)], [('sep_conv_3x3', 1), ('max_pool_3x3', 0)], [('sep_conv_3x3', 2), ('sep_conv_3x3', 1)], [('max_pool_3x3', 0), ('dil_conv_3x3', 1)]], reduce1_concat=range(2, 6), normal2=[[('skip_connect', 0), ('sep_conv_5x5', 1)], [('skip_connect', 0), ('skip_connect', 2)], [('avg_pool_3x3', 0), ('avg_pool_3x3', 2)], [('skip_connect', 0), ('avg_pool_3x3', 2)]], normal2_concat=range(2, 6), reduce2=[[('avg_pool_3x3', 0), ('avg_pool_3x3', 1)], [('avg_pool_3x3', 0), ('skip_connect', 2)], [('skip_connect', 2), ('avg_pool_3x3', 0)], [('skip_connect', 2), ('avg_pool_3x3', 0)]], reduce2_concat=range(2, 6), normal3=[[('skip_connect', 0), ('skip_connect', 1)], [('skip_connect', 0), ('dil_conv_3x3', 1)], [('skip_connect', 0), ('skip_connect', 1)], [('skip_connect', 0), ('skip_connect', 2)]], normal3_concat=range(2, 6))
08/19 05:35:32PM parser.py:31 [INFO] GPUS=[0]
08/19 05:35:32PM parser.py:31 [INFO] INIT_CHANNELS=16
08/19 05:35:32PM parser.py:31 [INFO] L=0.5
08/19 05:35:32PM parser.py:31 [INFO] LAYERS=20
08/19 05:35:32PM parser.py:31 [INFO] LOGGER=<Logger H-DAS (INFO)>
08/19 05:35:32PM parser.py:31 [INFO] NAME=BASELINE
08/19 05:35:32PM parser.py:31 [INFO] NONKD=True
08/19 05:35:32PM parser.py:31 [INFO] PATH=results/search_stage_KD/cifar10/BASELINE/nonDepthLosss1-20240819-173532
08/19 05:35:32PM parser.py:31 [INFO] PCDARTS=False
08/19 05:35:32PM parser.py:31 [INFO] PLOT_PATH=results/search_stage_KD/cifar10/BASELINE/nonDepthLosss1-20240819-173532/plots
08/19 05:35:32PM parser.py:31 [INFO] PRINT_FREQ=50
08/19 05:35:32PM parser.py:31 [INFO] RESUME_PATH=None
08/19 05:35:32PM parser.py:31 [INFO] SAVE=nonDepthLosss1
08/19 05:35:32PM parser.py:31 [INFO] SEED=1
08/19 05:35:32PM parser.py:31 [INFO] SHARE_STAGE=False
08/19 05:35:32PM parser.py:31 [INFO] SPEC_CELL=True
08/19 05:35:32PM parser.py:31 [INFO] TEACHER_NAME=non
08/19 05:35:32PM parser.py:31 [INFO] TEACHER_PATH=non
08/19 05:35:32PM parser.py:31 [INFO] TRAIN_PORTION=0.5
08/19 05:35:32PM parser.py:31 [INFO] W_GRAD_CLIP=5.0
08/19 05:35:32PM parser.py:31 [INFO] W_LR=0.025
08/19 05:35:32PM parser.py:31 [INFO] W_LR_MIN=0.001
08/19 05:35:32PM parser.py:31 [INFO] W_MOMENTUM=0.9
08/19 05:35:32PM parser.py:31 [INFO] W_WEIGHT_DECAY=0.0003
08/19 05:35:32PM parser.py:31 [INFO] WORKERS=4
08/19 05:35:32PM parser.py:32 [INFO] 
08/19 05:35:50PM searchStage_trainer.py:128 [INFO] --> No loaded checkpoint!
####### ALPHA #######
# Alpha - DAG
tensor([[0.2501, 0.2500, 0.2499, 0.2501],
        [0.2500, 0.2501, 0.2497, 0.2502]], device='cuda:0',
       grad_fn=<SoftmaxBackward0>)
tensor([[0.2499, 0.2500, 0.2499, 0.2501],
        [0.2500, 0.2498, 0.2501, 0.2501],
        [0.2501, 0.2500, 0.2498, 0.2501]], device='cuda:0',
       grad_fn=<SoftmaxBackward0>)
tensor([[0.2508, 0.2494, 0.2503, 0.2496],
        [0.2498, 0.2496, 0.2501, 0.2504],
        [0.2502, 0.2498, 0.2498, 0.2502]], device='cuda:0',
       grad_fn=<SoftmaxBackward0>)
tensor([[0.2501, 0.2495, 0.2503, 0.2501],
        [0.2502, 0.2499, 0.2498, 0.2501],
        [0.2500, 0.2501, 0.2498, 0.2501]], device='cuda:0',
       grad_fn=<SoftmaxBackward0>)
tensor([[0.2499, 0.2502, 0.2501, 0.2498],
        [0.2499, 0.2502, 0.2500, 0.2499],
        [0.2497, 0.2503, 0.2501, 0.2499]], device='cuda:0',
       grad_fn=<SoftmaxBackward0>)
tensor([[0.2501, 0.2498, 0.2501, 0.2500],
        [0.2495, 0.2498, 0.2503, 0.2503],
        [0.2499, 0.2503, 0.2497, 0.2501]], device='cuda:0',
       grad_fn=<SoftmaxBackward0>)
tensor([[0.2498, 0.2499, 0.2501, 0.2502],
        [0.2500, 0.2503, 0.2496, 0.2501]], device='cuda:0',
       grad_fn=<SoftmaxBackward0>)
tensor([[0.2500, 0.2502, 0.2500, 0.2498],
        [0.2501, 0.2499, 0.2502, 0.2498],
        [0.2504, 0.2499, 0.2502, 0.2495]], device='cuda:0',
       grad_fn=<SoftmaxBackward0>)
tensor([[0.2499, 0.2498, 0.2503, 0.2500],
        [0.2498, 0.2502, 0.2502, 0.2498],
        [0.2502, 0.2502, 0.2502, 0.2494]], device='cuda:0',
       grad_fn=<SoftmaxBackward0>)
tensor([[0.2502, 0.2499, 0.2497, 0.2502],
        [0.2500, 0.2498, 0.2499, 0.2503],
        [0.2502, 0.2498, 0.2503, 0.2497]], device='cuda:0',
       grad_fn=<SoftmaxBackward0>)
tensor([[0.2500, 0.2499, 0.2500, 0.2501],
        [0.2501, 0.2498, 0.2500, 0.2502],
        [0.2500, 0.2497, 0.2503, 0.2500]], device='cuda:0',
       grad_fn=<SoftmaxBackward0>)
tensor([[0.2497, 0.2501, 0.2500, 0.2501],
        [0.2499, 0.2505, 0.2498, 0.2498],
        [0.2502, 0.2500, 0.2500, 0.2499]], device='cuda:0',
       grad_fn=<SoftmaxBackward0>)
tensor([[0.2502, 0.2499, 0.2499, 0.2500],
        [0.2501, 0.2502, 0.2499, 0.2497]], device='cuda:0',
       grad_fn=<SoftmaxBackward0>)
tensor([[0.2499, 0.2501, 0.2499, 0.2501],
        [0.2499, 0.2504, 0.2494, 0.2504],
        [0.2499, 0.2501, 0.2501, 0.2499]], device='cuda:0',
       grad_fn=<SoftmaxBackward0>)
tensor([[0.2500, 0.2503, 0.2498, 0.2499],
        [0.2501, 0.2503, 0.2499, 0.2497],
        [0.2500, 0.2500, 0.2499, 0.2500]], device='cuda:0',
       grad_fn=<SoftmaxBackward0>)
tensor([[0.2499, 0.2499, 0.2503, 0.2498],
        [0.2498, 0.2502, 0.2498, 0.2502],
        [0.2499, 0.2500, 0.2505, 0.2497]], device='cuda:0',
       grad_fn=<SoftmaxBackward0>)
tensor([[0.2500, 0.2499, 0.2500, 0.2500],
        [0.2499, 0.2499, 0.2500, 0.2501],
        [0.2499, 0.2500, 0.2500, 0.2501]], device='cuda:0',
       grad_fn=<SoftmaxBackward0>)
tensor([[0.2497, 0.2500, 0.2500, 0.2503],
        [0.2495, 0.2498, 0.2503, 0.2504],
        [0.2498, 0.2498, 0.2501, 0.2503]], device='cuda:0',
       grad_fn=<SoftmaxBackward0>)
#####################
08/19 05:36:27PM searchStage_trainer.py:261 [INFO] Train: Epoch: [0][50/390]	Step 50	lr 0.025	Loss 2.1365 (2.3318)	Hard Loss 2.1365 (2.3318)	Soft Loss 2.1365 (2.3318)	Arch Loss 2.0184 (2.3130)	Arch Hard Loss 0.0000 (0.0000)	Arch Soft Loss 0.0000 (0.0000)	Arch depth Loss 0.0000 (0.0000)	Prec@(1,5) (17.2%, 67.1%)	
08/19 05:36:59PM searchStage_trainer.py:261 [INFO] Train: Epoch: [0][100/390]	Step 100	lr 0.025	Loss 1.9566 (2.2191)	Hard Loss 1.9566 (2.2191)	Soft Loss 1.9566 (2.2191)	Arch Loss 1.9923 (2.2178)	Arch Hard Loss 0.0000 (0.0000)	Arch Soft Loss 0.0000 (0.0000)	Arch depth Loss 0.0000 (0.0000)	Prec@(1,5) (20.3%, 72.8%)	
08/19 05:37:29PM searchStage_trainer.py:261 [INFO] Train: Epoch: [0][150/390]	Step 150	lr 0.025	Loss 1.8704 (2.1158)	Hard Loss 1.8704 (2.1158)	Soft Loss 1.8704 (2.1158)	Arch Loss 1.9014 (2.1176)	Arch Hard Loss 0.0000 (0.0000)	Arch Soft Loss 0.0000 (0.0000)	Arch depth Loss 0.0000 (0.0000)	Prec@(1,5) (22.7%, 76.3%)	
08/19 05:38:02PM searchStage_trainer.py:261 [INFO] Train: Epoch: [0][200/390]	Step 200	lr 0.025	Loss 1.7360 (2.0453)	Hard Loss 1.7360 (2.0453)	Soft Loss 1.7360 (2.0453)	Arch Loss 1.5769 (2.0404)	Arch Hard Loss 0.0000 (0.0000)	Arch Soft Loss 0.0000 (0.0000)	Arch depth Loss 0.0000 (0.0000)	Prec@(1,5) (24.7%, 78.2%)	
08/19 05:38:35PM searchStage_trainer.py:261 [INFO] Train: Epoch: [0][250/390]	Step 250	lr 0.025	Loss 1.8058 (1.9892)	Hard Loss 1.8058 (1.9892)	Soft Loss 1.8058 (1.9892)	Arch Loss 1.8365 (1.9838)	Arch Hard Loss 0.0000 (0.0000)	Arch Soft Loss 0.0000 (0.0000)	Arch depth Loss 0.0000 (0.0000)	Prec@(1,5) (26.3%, 79.9%)	
08/19 05:39:04PM searchStage_trainer.py:261 [INFO] Train: Epoch: [0][300/390]	Step 300	lr 0.025	Loss 1.5674 (1.9434)	Hard Loss 1.5674 (1.9434)	Soft Loss 1.5674 (1.9434)	Arch Loss 1.4820 (1.9355)	Arch Hard Loss 0.0000 (0.0000)	Arch Soft Loss 0.0000 (0.0000)	Arch depth Loss 0.0000 (0.0000)	Prec@(1,5) (27.8%, 81.2%)	
08/19 05:39:37PM searchStage_trainer.py:261 [INFO] Train: Epoch: [0][350/390]	Step 350	lr 0.025	Loss 1.6332 (1.9012)	Hard Loss 1.6332 (1.9012)	Soft Loss 1.6332 (1.9012)	Arch Loss 1.6533 (1.8970)	Arch Hard Loss 0.0000 (0.0000)	Arch Soft Loss 0.0000 (0.0000)	Arch depth Loss 0.0000 (0.0000)	Prec@(1,5) (29.1%, 82.4%)	
08/19 05:40:03PM searchStage_trainer.py:261 [INFO] Train: Epoch: [0][390/390]	Step 390	lr 0.025	Loss 2.0173 (1.8749)	Hard Loss 2.0173 (1.8749)	Soft Loss 2.0173 (1.8749)	Arch Loss 1.6966 (1.8702)	Arch Hard Loss 0.0000 (0.0000)	Arch Soft Loss 0.0000 (0.0000)	Arch depth Loss 0.0000 (0.0000)	Prec@(1,5) (30.1%, 83.0%)	
08/19 05:40:08PM searchStage_trainer.py:277 [INFO] Train: [  0/49] Final Prec@1 30.1080%
08/19 05:40:12PM searchStage_trainer.py:305 [INFO] Valid: Epoch: [0][50/391]	Step 391	Loss 1.7233	Prec@(1,5) (34.5%, 88.6%)
08/19 05:40:15PM searchStage_trainer.py:305 [INFO] Valid: Epoch: [0][100/391]	Step 391	Loss 1.7367	Prec@(1,5) (34.1%, 88.3%)
08/19 05:40:19PM searchStage_trainer.py:305 [INFO] Valid: Epoch: [0][150/391]	Step 391	Loss 1.7421	Prec@(1,5) (33.5%, 88.4%)
08/19 05:40:22PM searchStage_trainer.py:305 [INFO] Valid: Epoch: [0][200/391]	Step 391	Loss 1.7335	Prec@(1,5) (34.0%, 88.4%)
08/19 05:40:26PM searchStage_trainer.py:305 [INFO] Valid: Epoch: [0][250/391]	Step 391	Loss 1.7319	Prec@(1,5) (33.9%, 88.5%)
08/19 05:40:30PM searchStage_trainer.py:305 [INFO] Valid: Epoch: [0][300/391]	Step 391	Loss 1.7310	Prec@(1,5) (33.9%, 88.5%)
08/19 05:40:34PM searchStage_trainer.py:305 [INFO] Valid: Epoch: [0][350/391]	Step 391	Loss 1.7287	Prec@(1,5) (34.0%, 88.6%)
08/19 05:40:38PM searchStage_trainer.py:305 [INFO] Valid: Epoch: [0][390/391]	Step 391	Loss 1.7293	Prec@(1,5) (34.0%, 88.6%)
08/19 05:40:38PM searchStage_trainer.py:316 [INFO] Valid: [  0/49] Final Prec@1 34.0160%
08/19 05:40:38PM searchStage_KD_main.py:58 [INFO] DAG = Genotype2(DAG1=[[('skip_connect', 0), ('skip_connect', 1)], [('max_pool_3x3', 0), ('max_pool_3x3', 1)], [('max_pool_3x3', 1), ('max_pool_3x3', 3)], [('max_pool_3x3', 4), ('max_pool_3x3', 2)], [('max_pool_3x3', 4), ('max_pool_3x3', 3)], [('skip_connect', 4), ('max_pool_3x3', 6)]], DAG1_concat=range(6, 8), DAG2=[[('skip_connect', 0), ('skip_connect', 1)], [('max_pool_3x3', 0), ('max_pool_3x3', 1)], [('skip_connect', 1), ('skip_connect', 3)], [('skip_connect', 3), ('skip_connect', 2)], [('skip_connect', 3), ('skip_connect', 4)], [('skip_connect', 4), ('skip_connect', 6)]], DAG2_concat=range(6, 8), DAG3=[[('skip_connect', 1), ('skip_connect', 0)], [('skip_connect', 1), ('skip_connect', 0)], [('skip_connect', 1), ('skip_connect', 2)], [('skip_connect', 3), ('skip_connect', 2)], [('skip_connect', 3), ('skip_connect', 4)], [('skip_connect', 5), ('skip_connect', 4)]], DAG3_concat=range(6, 8))
08/19 05:40:39PM searchStage_KD_main.py:89 [INFO] Until now, best Prec@1 = 34.0160%
####### ALPHA #######
# Alpha - DAG
tensor([[0.2496, 0.2480, 0.2519, 0.2505],
        [0.2500, 0.2486, 0.2517, 0.2497]], device='cuda:0',
       grad_fn=<SoftmaxBackward0>)
tensor([[0.2525, 0.2484, 0.2514, 0.2478],
        [0.2519, 0.2478, 0.2509, 0.2495],
        [0.2503, 0.2475, 0.2488, 0.2534]], device='cuda:0',
       grad_fn=<SoftmaxBackward0>)
tensor([[0.2538, 0.2496, 0.2519, 0.2447],
        [0.2500, 0.2468, 0.2503, 0.2529],
        [0.2508, 0.2483, 0.2492, 0.2517]], device='cuda:0',
       grad_fn=<SoftmaxBackward0>)
tensor([[0.2509, 0.2480, 0.2499, 0.2512],
        [0.2503, 0.2488, 0.2494, 0.2515],
        [0.2515, 0.2498, 0.2506, 0.2482]], device='cuda:0',
       grad_fn=<SoftmaxBackward0>)
tensor([[0.2515, 0.2482, 0.2508, 0.2495],
        [0.2514, 0.2492, 0.2504, 0.2491],
        [0.2498, 0.2496, 0.2491, 0.2514]], device='cuda:0',
       grad_fn=<SoftmaxBackward0>)
tensor([[0.2510, 0.2498, 0.2516, 0.2476],
        [0.2490, 0.2486, 0.2508, 0.2515],
        [0.2508, 0.2488, 0.2489, 0.2515]], device='cuda:0',
       grad_fn=<SoftmaxBackward0>)
tensor([[0.2482, 0.2493, 0.2520, 0.2505],
        [0.2492, 0.2498, 0.2517, 0.2493]], device='cuda:0',
       grad_fn=<SoftmaxBackward0>)
tensor([[0.2531, 0.2480, 0.2506, 0.2483],
        [0.2522, 0.2475, 0.2516, 0.2487],
        [0.2493, 0.2487, 0.2504, 0.2516]], device='cuda:0',
       grad_fn=<SoftmaxBackward0>)
tensor([[0.2496, 0.2496, 0.2530, 0.2478],
        [0.2481, 0.2491, 0.2507, 0.2522],
        [0.2501, 0.2488, 0.2510, 0.2501]], device='cuda:0',
       grad_fn=<SoftmaxBackward0>)
tensor([[0.2495, 0.2492, 0.2509, 0.2504],
        [0.2488, 0.2495, 0.2524, 0.2494],
        [0.2490, 0.2491, 0.2501, 0.2518]], device='cuda:0',
       grad_fn=<SoftmaxBackward0>)
tensor([[0.2478, 0.2498, 0.2536, 0.2488],
        [0.2472, 0.2505, 0.2510, 0.2513],
        [0.2484, 0.2489, 0.2509, 0.2518]], device='cuda:0',
       grad_fn=<SoftmaxBackward0>)
tensor([[0.2507, 0.2485, 0.2523, 0.2485],
        [0.2499, 0.2485, 0.2497, 0.2519],
        [0.2493, 0.2498, 0.2502, 0.2506]], device='cuda:0',
       grad_fn=<SoftmaxBackward0>)
tensor([[0.2465, 0.2471, 0.2576, 0.2489],
        [0.2456, 0.2457, 0.2586, 0.2501]], device='cuda:0',
       grad_fn=<SoftmaxBackward0>)
tensor([[0.2464, 0.2484, 0.2564, 0.2489],
        [0.2450, 0.2491, 0.2572, 0.2487],
        [0.2441, 0.2502, 0.2537, 0.2520]], device='cuda:0',
       grad_fn=<SoftmaxBackward0>)
tensor([[0.2474, 0.2485, 0.2580, 0.2461],
        [0.2470, 0.2472, 0.2548, 0.2510],
        [0.2451, 0.2497, 0.2524, 0.2527]], device='cuda:0',
       grad_fn=<SoftmaxBackward0>)
tensor([[0.2487, 0.2473, 0.2545, 0.2495],
        [0.2463, 0.2494, 0.2548, 0.2495],
        [0.2454, 0.2492, 0.2526, 0.2528]], device='cuda:0',
       grad_fn=<SoftmaxBackward0>)
tensor([[0.2473, 0.2492, 0.2550, 0.2485],
        [0.2478, 0.2480, 0.2548, 0.2494],
        [0.2462, 0.2476, 0.2520, 0.2542]], device='cuda:0',
       grad_fn=<SoftmaxBackward0>)
tensor([[0.2500, 0.2482, 0.2539, 0.2479],
        [0.2472, 0.2481, 0.2545, 0.2502],
        [0.2478, 0.2457, 0.2522, 0.2543]], device='cuda:0',
       grad_fn=<SoftmaxBackward0>)
#####################
08/19 05:41:13午後 searchStage_trainer.py:261 [INFO] Train: Epoch: [1][50/390]	Step 441	lr 0.02498	Loss 1.6128 (1.6181)	Hard Loss 1.6128 (1.6181)	Soft Loss 1.6128 (1.6181)	Arch Loss 1.6188 (1.5909)	Arch Hard Loss 0.0000 (0.0000)	Arch Soft Loss 0.0000 (0.0000)	Arch depth Loss 0.0000 (0.0000)	Prec@(1,5) (40.5%, 90.0%)	
08/19 05:41:46午後 searchStage_trainer.py:261 [INFO] Train: Epoch: [1][100/390]	Step 491	lr 0.02498	Loss 1.6840 (1.6045)	Hard Loss 1.6840 (1.6045)	Soft Loss 1.6840 (1.6045)	Arch Loss 1.7631 (1.5769)	Arch Hard Loss 0.0000 (0.0000)	Arch Soft Loss 0.0000 (0.0000)	Arch depth Loss 0.0000 (0.0000)	Prec@(1,5) (40.3%, 89.9%)	
08/19 05:42:15午後 searchStage_trainer.py:261 [INFO] Train: Epoch: [1][150/390]	Step 541	lr 0.02498	Loss 1.5572 (1.5800)	Hard Loss 1.5572 (1.5800)	Soft Loss 1.5572 (1.5800)	Arch Loss 1.6310 (1.5683)	Arch Hard Loss 0.0000 (0.0000)	Arch Soft Loss 0.0000 (0.0000)	Arch depth Loss 0.0000 (0.0000)	Prec@(1,5) (41.2%, 90.1%)	
08/19 05:42:48午後 searchStage_trainer.py:261 [INFO] Train: Epoch: [1][200/390]	Step 591	lr 0.02498	Loss 1.6082 (1.5606)	Hard Loss 1.6082 (1.5606)	Soft Loss 1.6082 (1.5606)	Arch Loss 1.2717 (1.5497)	Arch Hard Loss 0.0000 (0.0000)	Arch Soft Loss 0.0000 (0.0000)	Arch depth Loss 0.0000 (0.0000)	Prec@(1,5) (42.1%, 90.3%)	
08/19 05:43:21午後 searchStage_trainer.py:261 [INFO] Train: Epoch: [1][250/390]	Step 641	lr 0.02498	Loss 1.4187 (1.5431)	Hard Loss 1.4187 (1.5431)	Soft Loss 1.4187 (1.5431)	Arch Loss 1.4560 (1.5407)	Arch Hard Loss 0.0000 (0.0000)	Arch Soft Loss 0.0000 (0.0000)	Arch depth Loss 0.0000 (0.0000)	Prec@(1,5) (42.9%, 90.5%)	
08/19 05:43:50午後 searchStage_trainer.py:261 [INFO] Train: Epoch: [1][300/390]	Step 691	lr 0.02498	Loss 1.1869 (1.5265)	Hard Loss 1.1869 (1.5265)	Soft Loss 1.1869 (1.5265)	Arch Loss 1.4248 (1.5293)	Arch Hard Loss 0.0000 (0.0000)	Arch Soft Loss 0.0000 (0.0000)	Arch depth Loss 0.0000 (0.0000)	Prec@(1,5) (43.4%, 90.8%)	
08/19 05:44:23午後 searchStage_trainer.py:261 [INFO] Train: Epoch: [1][350/390]	Step 741	lr 0.02498	Loss 1.4153 (1.5125)	Hard Loss 1.4153 (1.5125)	Soft Loss 1.4153 (1.5125)	Arch Loss 1.3882 (1.5197)	Arch Hard Loss 0.0000 (0.0000)	Arch Soft Loss 0.0000 (0.0000)	Arch depth Loss 0.0000 (0.0000)	Prec@(1,5) (43.9%, 91.1%)	
08/19 05:44:50午後 searchStage_trainer.py:261 [INFO] Train: Epoch: [1][390/390]	Step 781	lr 0.02498	Loss 1.4475 (1.5007)	Hard Loss 1.4475 (1.5007)	Soft Loss 1.4475 (1.5007)	Arch Loss 1.3843 (1.5097)	Arch Hard Loss 0.0000 (0.0000)	Arch Soft Loss 0.0000 (0.0000)	Arch depth Loss 0.0000 (0.0000)	Prec@(1,5) (44.5%, 91.3%)	
08/19 05:44:50午後 searchStage_trainer.py:277 [INFO] Train: [  1/49] Final Prec@1 44.4880%
08/19 05:44:55午後 searchStage_trainer.py:305 [INFO] Valid: Epoch: [1][50/391]	Step 782	Loss 1.6054	Prec@(1,5) (41.7%, 90.1%)
08/19 05:44:59午後 searchStage_trainer.py:305 [INFO] Valid: Epoch: [1][100/391]	Step 782	Loss 1.6059	Prec@(1,5) (42.0%, 90.4%)
08/19 05:45:04午後 searchStage_trainer.py:305 [INFO] Valid: Epoch: [1][150/391]	Step 782	Loss 1.5949	Prec@(1,5) (42.6%, 90.4%)
08/19 05:45:08午後 searchStage_trainer.py:305 [INFO] Valid: Epoch: [1][200/391]	Step 782	Loss 1.5958	Prec@(1,5) (42.4%, 90.4%)
08/19 05:45:11午後 searchStage_trainer.py:305 [INFO] Valid: Epoch: [1][250/391]	Step 782	Loss 1.5932	Prec@(1,5) (42.7%, 90.6%)
08/19 05:45:15午後 searchStage_trainer.py:305 [INFO] Valid: Epoch: [1][300/391]	Step 782	Loss 1.5905	Prec@(1,5) (43.0%, 90.7%)
08/19 05:45:17午後 searchStage_trainer.py:305 [INFO] Valid: Epoch: [1][350/391]	Step 782	Loss 1.5881	Prec@(1,5) (43.0%, 90.8%)
08/19 05:45:21午後 searchStage_trainer.py:305 [INFO] Valid: Epoch: [1][390/391]	Step 782	Loss 1.5917	Prec@(1,5) (42.8%, 90.8%)
08/19 05:45:21午後 searchStage_trainer.py:316 [INFO] Valid: [  1/49] Final Prec@1 42.8320%
08/19 05:45:21午後 searchStage_KD_main.py:58 [INFO] DAG = Genotype2(DAG1=[[('skip_connect', 1), ('skip_connect', 0)], [('max_pool_3x3', 0), ('max_pool_3x3', 1)], [('max_pool_3x3', 1), ('skip_connect', 2)], [('max_pool_3x3', 3), ('max_pool_3x3', 4)], [('max_pool_3x3', 3), ('max_pool_3x3', 4)], [('max_pool_3x3', 4), ('max_pool_3x3', 5)]], DAG1_concat=range(6, 8), DAG2=[[('skip_connect', 1), ('skip_connect', 0)], [('max_pool_3x3', 0), ('max_pool_3x3', 1)], [('skip_connect', 1), ('max_pool_3x3', 3)], [('skip_connect', 3), ('skip_connect', 2)], [('skip_connect', 3), ('skip_connect', 4)], [('skip_connect', 4), ('skip_connect', 5)]], DAG2_concat=range(6, 8), DAG3=[[('skip_connect', 1), ('skip_connect', 0)], [('skip_connect', 1), ('skip_connect', 0)], [('skip_connect', 1), ('skip_connect', 2)], [('skip_connect', 2), ('skip_connect', 3)], [('skip_connect', 3), ('skip_connect', 4)], [('skip_connect', 5), ('skip_connect', 4)]], DAG3_concat=range(6, 8))
08/19 05:45:21午後 searchStage_KD_main.py:89 [INFO] Until now, best Prec@1 = 42.8320%
####### ALPHA #######
# Alpha - DAG
tensor([[0.2488, 0.2408, 0.2601, 0.2504],
        [0.2481, 0.2409, 0.2615, 0.2496]], device='cuda:0',
       grad_fn=<SoftmaxBackward0>)
tensor([[0.2574, 0.2406, 0.2563, 0.2457],
        [0.2562, 0.2391, 0.2562, 0.2485],
        [0.2515, 0.2417, 0.2503, 0.2565]], device='cuda:0',
       grad_fn=<SoftmaxBackward0>)
tensor([[0.2634, 0.2409, 0.2529, 0.2427],
        [0.2533, 0.2399, 0.2534, 0.2534],
        [0.2524, 0.2434, 0.2489, 0.2553]], device='cuda:0',
       grad_fn=<SoftmaxBackward0>)
tensor([[0.2527, 0.2441, 0.2504, 0.2528],
        [0.2537, 0.2459, 0.2506, 0.2497],
        [0.2528, 0.2479, 0.2501, 0.2491]], device='cuda:0',
       grad_fn=<SoftmaxBackward0>)
tensor([[0.2560, 0.2432, 0.2554, 0.2454],
        [0.2508, 0.2473, 0.2496, 0.2523],
        [0.2484, 0.2496, 0.2484, 0.2536]], device='cuda:0',
       grad_fn=<SoftmaxBackward0>)
tensor([[0.2551, 0.2477, 0.2517, 0.2455],
        [0.2521, 0.2462, 0.2491, 0.2526],
        [0.2520, 0.2469, 0.2483, 0.2528]], device='cuda:0',
       grad_fn=<SoftmaxBackward0>)
tensor([[0.2465, 0.2479, 0.2550, 0.2505],
        [0.2461, 0.2490, 0.2567, 0.2482]], device='cuda:0',
       grad_fn=<SoftmaxBackward0>)
tensor([[0.2563, 0.2462, 0.2521, 0.2454],
        [0.2545, 0.2453, 0.2522, 0.2480],
        [0.2503, 0.2458, 0.2493, 0.2546]], device='cuda:0',
       grad_fn=<SoftmaxBackward0>)
tensor([[0.2521, 0.2480, 0.2550, 0.2448],
        [0.2505, 0.2442, 0.2492, 0.2561],
        [0.2522, 0.2465, 0.2513, 0.2500]], device='cuda:0',
       grad_fn=<SoftmaxBackward0>)
tensor([[0.2504, 0.2470, 0.2524, 0.2502],
        [0.2490, 0.2475, 0.2550, 0.2485],
        [0.2485, 0.2475, 0.2497, 0.2543]], device='cuda:0',
       grad_fn=<SoftmaxBackward0>)
tensor([[0.2489, 0.2470, 0.2567, 0.2473],
        [0.2474, 0.2491, 0.2525, 0.2510],
        [0.2479, 0.2473, 0.2498, 0.2550]], device='cuda:0',
       grad_fn=<SoftmaxBackward0>)
tensor([[0.2499, 0.2487, 0.2554, 0.2460],
        [0.2477, 0.2482, 0.2529, 0.2513],
        [0.2460, 0.2492, 0.2494, 0.2553]], device='cuda:0',
       grad_fn=<SoftmaxBackward0>)
tensor([[0.2432, 0.2417, 0.2663, 0.2489],
        [0.2418, 0.2410, 0.2681, 0.2491]], device='cuda:0',
       grad_fn=<SoftmaxBackward0>)
tensor([[0.2437, 0.2459, 0.2639, 0.2465],
        [0.2416, 0.2449, 0.2648, 0.2487],
        [0.2426, 0.2482, 0.2558, 0.2535]], device='cuda:0',
       grad_fn=<SoftmaxBackward0>)
tensor([[0.2450, 0.2455, 0.2678, 0.2417],
        [0.2447, 0.2445, 0.2583, 0.2525],
        [0.2420, 0.2470, 0.2555, 0.2555]], device='cuda:0',
       grad_fn=<SoftmaxBackward0>)
tensor([[0.2476, 0.2459, 0.2606, 0.2459],
        [0.2450, 0.2475, 0.2578, 0.2497],
        [0.2418, 0.2462, 0.2538, 0.2581]], device='cuda:0',
       grad_fn=<SoftmaxBackward0>)
tensor([[0.2485, 0.2483, 0.2586, 0.2446],
        [0.2466, 0.2454, 0.2550, 0.2530],
        [0.2457, 0.2452, 0.2528, 0.2564]], device='cuda:0',
       grad_fn=<SoftmaxBackward0>)
tensor([[0.2494, 0.2457, 0.2557, 0.2492],
        [0.2460, 0.2455, 0.2575, 0.2510],
        [0.2491, 0.2445, 0.2533, 0.2531]], device='cuda:0',
       grad_fn=<SoftmaxBackward0>)
#####################
08/19 05:45:56午後 searchStage_trainer.py:261 [INFO] Train: Epoch: [2][50/390]	Step 832	lr 0.02491	Loss 1.3666 (1.3880)	Hard Loss 1.3666 (1.3880)	Soft Loss 1.3666 (1.3880)	Arch Loss 1.4444 (1.3904)	Arch Hard Loss 0.0000 (0.0000)	Arch Soft Loss 0.0000 (0.0000)	Arch depth Loss 0.0000 (0.0000)	Prec@(1,5) (48.7%, 93.1%)	
08/19 05:46:29午後 searchStage_trainer.py:261 [INFO] Train: Epoch: [2][100/390]	Step 882	lr 0.02491	Loss 1.2030 (1.3633)	Hard Loss 1.2030 (1.3633)	Soft Loss 1.2030 (1.3633)	Arch Loss 1.3595 (1.4077)	Arch Hard Loss 0.0000 (0.0000)	Arch Soft Loss 0.0000 (0.0000)	Arch depth Loss 0.0000 (0.0000)	Prec@(1,5) (49.7%, 93.5%)	
08/19 05:46:58午後 searchStage_trainer.py:261 [INFO] Train: Epoch: [2][150/390]	Step 932	lr 0.02491	Loss 1.2825 (1.3655)	Hard Loss 1.2825 (1.3655)	Soft Loss 1.2825 (1.3655)	Arch Loss 1.3618 (1.3870)	Arch Hard Loss 0.0000 (0.0000)	Arch Soft Loss 0.0000 (0.0000)	Arch depth Loss 0.0000 (0.0000)	Prec@(1,5) (49.9%, 93.1%)	
08/19 05:47:31午後 searchStage_trainer.py:261 [INFO] Train: Epoch: [2][200/390]	Step 982	lr 0.02491	Loss 1.5145 (1.3580)	Hard Loss 1.5145 (1.3580)	Soft Loss 1.5145 (1.3580)	Arch Loss 1.5475 (1.3828)	Arch Hard Loss 0.0000 (0.0000)	Arch Soft Loss 0.0000 (0.0000)	Arch depth Loss 0.0000 (0.0000)	Prec@(1,5) (50.3%, 93.2%)	
08/19 05:48:04午後 searchStage_trainer.py:261 [INFO] Train: Epoch: [2][250/390]	Step 1032	lr 0.02491	Loss 1.2313 (1.3546)	Hard Loss 1.2313 (1.3546)	Soft Loss 1.2313 (1.3546)	Arch Loss 1.3912 (1.3806)	Arch Hard Loss 0.0000 (0.0000)	Arch Soft Loss 0.0000 (0.0000)	Arch depth Loss 0.0000 (0.0000)	Prec@(1,5) (50.4%, 93.3%)	
08/19 05:48:33午後 searchStage_trainer.py:261 [INFO] Train: Epoch: [2][300/390]	Step 1082	lr 0.02491	Loss 1.1932 (1.3433)	Hard Loss 1.1932 (1.3433)	Soft Loss 1.1932 (1.3433)	Arch Loss 1.2229 (1.3719)	Arch Hard Loss 0.0000 (0.0000)	Arch Soft Loss 0.0000 (0.0000)	Arch depth Loss 0.0000 (0.0000)	Prec@(1,5) (50.8%, 93.4%)	
08/19 05:49:06午後 searchStage_trainer.py:261 [INFO] Train: Epoch: [2][350/390]	Step 1132	lr 0.02491	Loss 1.5444 (1.3283)	Hard Loss 1.5444 (1.3283)	Soft Loss 1.5444 (1.3283)	Arch Loss 1.1065 (1.3584)	Arch Hard Loss 0.0000 (0.0000)	Arch Soft Loss 0.0000 (0.0000)	Arch depth Loss 0.0000 (0.0000)	Prec@(1,5) (51.5%, 93.5%)	
08/19 05:49:32午後 searchStage_trainer.py:261 [INFO] Train: Epoch: [2][390/390]	Step 1172	lr 0.02491	Loss 1.5384 (1.3287)	Hard Loss 1.5384 (1.3287)	Soft Loss 1.5384 (1.3287)	Arch Loss 1.3606 (1.3486)	Arch Hard Loss 0.0000 (0.0000)	Arch Soft Loss 0.0000 (0.0000)	Arch depth Loss 0.0000 (0.0000)	Prec@(1,5) (51.5%, 93.5%)	
08/19 05:49:33午後 searchStage_trainer.py:277 [INFO] Train: [  2/49] Final Prec@1 51.5120%
08/19 05:49:37午後 searchStage_trainer.py:305 [INFO] Valid: Epoch: [2][50/391]	Step 1173	Loss 1.3142	Prec@(1,5) (51.2%, 94.1%)
08/19 05:49:42午後 searchStage_trainer.py:305 [INFO] Valid: Epoch: [2][100/391]	Step 1173	Loss 1.3222	Prec@(1,5) (51.4%, 93.5%)
08/19 05:49:46午後 searchStage_trainer.py:305 [INFO] Valid: Epoch: [2][150/391]	Step 1173	Loss 1.3163	Prec@(1,5) (51.6%, 93.5%)
08/19 05:49:50午後 searchStage_trainer.py:305 [INFO] Valid: Epoch: [2][200/391]	Step 1173	Loss 1.3203	Prec@(1,5) (51.8%, 93.6%)
08/19 05:49:55午後 searchStage_trainer.py:305 [INFO] Valid: Epoch: [2][250/391]	Step 1173	Loss 1.3246	Prec@(1,5) (51.8%, 93.5%)
08/19 05:49:59午後 searchStage_trainer.py:305 [INFO] Valid: Epoch: [2][300/391]	Step 1173	Loss 1.3235	Prec@(1,5) (51.6%, 93.5%)
08/19 05:50:03午後 searchStage_trainer.py:305 [INFO] Valid: Epoch: [2][350/391]	Step 1173	Loss 1.3267	Prec@(1,5) (51.5%, 93.4%)
08/19 05:50:06午後 searchStage_trainer.py:305 [INFO] Valid: Epoch: [2][390/391]	Step 1173	Loss 1.3259	Prec@(1,5) (51.6%, 93.3%)
08/19 05:50:06午後 searchStage_trainer.py:316 [INFO] Valid: [  2/49] Final Prec@1 51.5680%
08/19 05:50:06午後 searchStage_KD_main.py:58 [INFO] DAG = Genotype2(DAG1=[[('skip_connect', 1), ('skip_connect', 0)], [('skip_connect', 1), ('skip_connect', 0)], [('max_pool_3x3', 1), ('skip_connect', 2)], [('skip_connect', 2), ('max_pool_3x3', 3)], [('skip_connect', 3), ('skip_connect', 4)], [('max_pool_3x3', 4), ('skip_connect', 5)]], DAG1_concat=range(6, 8), DAG2=[[('skip_connect', 1), ('skip_connect', 0)], [('max_pool_3x3', 0), ('max_pool_3x3', 1)], [('skip_connect', 1), ('max_pool_3x3', 3)], [('skip_connect', 3), ('skip_connect', 2)], [('skip_connect', 3), ('skip_connect', 4)], [('skip_connect', 4), ('skip_connect', 5)]], DAG2_concat=range(6, 8), DAG3=[[('skip_connect', 1), ('skip_connect', 0)], [('skip_connect', 0), ('skip_connect', 1)], [('skip_connect', 1), ('skip_connect', 2)], [('skip_connect', 2), ('skip_connect', 3)], [('skip_connect', 3), ('skip_connect', 4)], [('skip_connect', 5), ('skip_connect', 4)]], DAG3_concat=range(6, 8))
08/19 05:50:07午後 searchStage_KD_main.py:89 [INFO] Until now, best Prec@1 = 51.5680%
####### ALPHA #######
# Alpha - DAG
tensor([[0.2434, 0.2304, 0.2753, 0.2509],
        [0.2432, 0.2296, 0.2786, 0.2487]], device='cuda:0',
       grad_fn=<SoftmaxBackward0>)
tensor([[0.2568, 0.2325, 0.2644, 0.2463],
        [0.2566, 0.2302, 0.2668, 0.2464],
        [0.2487, 0.2377, 0.2561, 0.2574]], device='cuda:0',
       grad_fn=<SoftmaxBackward0>)
tensor([[0.2673, 0.2341, 0.2594, 0.2393],
        [0.2521, 0.2343, 0.2594, 0.2542],
        [0.2499, 0.2406, 0.2503, 0.2592]], device='cuda:0',
       grad_fn=<SoftmaxBackward0>)
tensor([[0.2531, 0.2400, 0.2554, 0.2515],
        [0.2557, 0.2403, 0.2520, 0.2521],
        [0.2523, 0.2457, 0.2524, 0.2495]], device='cuda:0',
       grad_fn=<SoftmaxBackward0>)
tensor([[0.2604, 0.2359, 0.2615, 0.2423],
        [0.2505, 0.2419, 0.2515, 0.2561],
        [0.2453, 0.2481, 0.2506, 0.2560]], device='cuda:0',
       grad_fn=<SoftmaxBackward0>)
tensor([[0.2549, 0.2475, 0.2535, 0.2440],
        [0.2509, 0.2474, 0.2516, 0.2501],
        [0.2488, 0.2457, 0.2483, 0.2572]], device='cuda:0',
       grad_fn=<SoftmaxBackward0>)
tensor([[0.2448, 0.2490, 0.2593, 0.2470],
        [0.2427, 0.2471, 0.2593, 0.2510]], device='cuda:0',
       grad_fn=<SoftmaxBackward0>)
tensor([[0.2602, 0.2459, 0.2537, 0.2402],
        [0.2567, 0.2419, 0.2521, 0.2493],
        [0.2521, 0.2423, 0.2473, 0.2583]], device='cuda:0',
       grad_fn=<SoftmaxBackward0>)
tensor([[0.2531, 0.2473, 0.2569, 0.2428],
        [0.2523, 0.2434, 0.2484, 0.2560],
        [0.2545, 0.2430, 0.2505, 0.2519]], device='cuda:0',
       grad_fn=<SoftmaxBackward0>)
tensor([[0.2507, 0.2469, 0.2542, 0.2482],
        [0.2482, 0.2463, 0.2559, 0.2496],
        [0.2488, 0.2461, 0.2492, 0.2559]], device='cuda:0',
       grad_fn=<SoftmaxBackward0>)
tensor([[0.2495, 0.2460, 0.2607, 0.2438],
        [0.2468, 0.2479, 0.2524, 0.2529],
        [0.2489, 0.2446, 0.2479, 0.2586]], device='cuda:0',
       grad_fn=<SoftmaxBackward0>)
tensor([[0.2495, 0.2492, 0.2563, 0.2450],
        [0.2493, 0.2447, 0.2540, 0.2519],
        [0.2449, 0.2503, 0.2489, 0.2558]], device='cuda:0',
       grad_fn=<SoftmaxBackward0>)
tensor([[0.2428, 0.2365, 0.2758, 0.2448],
        [0.2371, 0.2333, 0.2775, 0.2521]], device='cuda:0',
       grad_fn=<SoftmaxBackward0>)
tensor([[0.2446, 0.2405, 0.2712, 0.2437],
        [0.2410, 0.2371, 0.2718, 0.2501],
        [0.2456, 0.2425, 0.2571, 0.2547]], device='cuda:0',
       grad_fn=<SoftmaxBackward0>)
tensor([[0.2430, 0.2409, 0.2783, 0.2377],
        [0.2457, 0.2381, 0.2620, 0.2541],
        [0.2438, 0.2415, 0.2563, 0.2584]], device='cuda:0',
       grad_fn=<SoftmaxBackward0>)
tensor([[0.2500, 0.2419, 0.2637, 0.2444],
        [0.2481, 0.2439, 0.2572, 0.2509],
        [0.2422, 0.2420, 0.2563, 0.2595]], device='cuda:0',
       grad_fn=<SoftmaxBackward0>)
tensor([[0.2529, 0.2438, 0.2592, 0.2440],
        [0.2483, 0.2405, 0.2551, 0.2561],
        [0.2492, 0.2415, 0.2546, 0.2547]], device='cuda:0',
       grad_fn=<SoftmaxBackward0>)
tensor([[0.2483, 0.2407, 0.2586, 0.2524],
        [0.2459, 0.2425, 0.2636, 0.2479],
        [0.2512, 0.2397, 0.2556, 0.2535]], device='cuda:0',
       grad_fn=<SoftmaxBackward0>)
#####################
08/19 05:50:37午後 searchStage_trainer.py:261 [INFO] Train: Epoch: [3][50/390]	Step 1223	lr 0.02479	Loss 1.2213 (1.2826)	Hard Loss 1.2213 (1.2826)	Soft Loss 1.2213 (1.2826)	Arch Loss 1.2121 (1.2793)	Arch Hard Loss 0.0000 (0.0000)	Arch Soft Loss 0.0000 (0.0000)	Arch depth Loss 0.0000 (0.0000)	Prec@(1,5) (53.8%, 93.7%)	
08/19 05:51:11午後 searchStage_trainer.py:261 [INFO] Train: Epoch: [3][100/390]	Step 1273	lr 0.02479	Loss 1.2683 (1.2597)	Hard Loss 1.2683 (1.2597)	Soft Loss 1.2683 (1.2597)	Arch Loss 1.3807 (1.2626)	Arch Hard Loss 0.0000 (0.0000)	Arch Soft Loss 0.0000 (0.0000)	Arch depth Loss 0.0000 (0.0000)	Prec@(1,5) (53.9%, 94.3%)	
08/19 05:51:43午後 searchStage_trainer.py:261 [INFO] Train: Epoch: [3][150/390]	Step 1323	lr 0.02479	Loss 1.2923 (1.2497)	Hard Loss 1.2923 (1.2497)	Soft Loss 1.2923 (1.2497)	Arch Loss 1.2571 (1.2563)	Arch Hard Loss 0.0000 (0.0000)	Arch Soft Loss 0.0000 (0.0000)	Arch depth Loss 0.0000 (0.0000)	Prec@(1,5) (54.6%, 94.4%)	
08/19 05:52:13午後 searchStage_trainer.py:261 [INFO] Train: Epoch: [3][200/390]	Step 1373	lr 0.02479	Loss 1.2263 (1.2523)	Hard Loss 1.2263 (1.2523)	Soft Loss 1.2263 (1.2523)	Arch Loss 1.2485 (1.2614)	Arch Hard Loss 0.0000 (0.0000)	Arch Soft Loss 0.0000 (0.0000)	Arch depth Loss 0.0000 (0.0000)	Prec@(1,5) (54.2%, 94.4%)	
08/19 05:52:46午後 searchStage_trainer.py:261 [INFO] Train: Epoch: [3][250/390]	Step 1423	lr 0.02479	Loss 1.3883 (1.2333)	Hard Loss 1.3883 (1.2333)	Soft Loss 1.3883 (1.2333)	Arch Loss 1.1125 (1.2514)	Arch Hard Loss 0.0000 (0.0000)	Arch Soft Loss 0.0000 (0.0000)	Arch depth Loss 0.0000 (0.0000)	Prec@(1,5) (54.8%, 94.7%)	
08/19 05:53:19午後 searchStage_trainer.py:261 [INFO] Train: Epoch: [3][300/390]	Step 1473	lr 0.02479	Loss 1.1897 (1.2329)	Hard Loss 1.1897 (1.2329)	Soft Loss 1.1897 (1.2329)	Arch Loss 1.1619 (1.2445)	Arch Hard Loss 0.0000 (0.0000)	Arch Soft Loss 0.0000 (0.0000)	Arch depth Loss 0.0000 (0.0000)	Prec@(1,5) (54.9%, 94.7%)	
08/19 05:53:47午後 searchStage_trainer.py:261 [INFO] Train: Epoch: [3][350/390]	Step 1523	lr 0.02479	Loss 1.1145 (1.2242)	Hard Loss 1.1145 (1.2242)	Soft Loss 1.1145 (1.2242)	Arch Loss 1.3279 (1.2439)	Arch Hard Loss 0.0000 (0.0000)	Arch Soft Loss 0.0000 (0.0000)	Arch depth Loss 0.0000 (0.0000)	Prec@(1,5) (55.3%, 94.6%)	
08/19 05:54:13午後 searchStage_trainer.py:261 [INFO] Train: Epoch: [3][390/390]	Step 1563	lr 0.02479	Loss 0.9699 (1.2215)	Hard Loss 0.9699 (1.2215)	Soft Loss 0.9699 (1.2215)	Arch Loss 1.1818 (1.2396)	Arch Hard Loss 0.0000 (0.0000)	Arch Soft Loss 0.0000 (0.0000)	Arch depth Loss 0.0000 (0.0000)	Prec@(1,5) (55.5%, 94.6%)	
08/19 05:54:14午後 searchStage_trainer.py:277 [INFO] Train: [  3/49] Final Prec@1 55.4880%
08/19 05:54:19午後 searchStage_trainer.py:305 [INFO] Valid: Epoch: [3][50/391]	Step 1564	Loss 1.2114	Prec@(1,5) (56.6%, 95.3%)
08/19 05:54:23午後 searchStage_trainer.py:305 [INFO] Valid: Epoch: [3][100/391]	Step 1564	Loss 1.2310	Prec@(1,5) (55.6%, 94.9%)
08/19 05:54:27午後 searchStage_trainer.py:305 [INFO] Valid: Epoch: [3][150/391]	Step 1564	Loss 1.2188	Prec@(1,5) (56.0%, 94.8%)
08/19 05:54:32午後 searchStage_trainer.py:305 [INFO] Valid: Epoch: [3][200/391]	Step 1564	Loss 1.2202	Prec@(1,5) (56.1%, 94.8%)
08/19 05:54:36午後 searchStage_trainer.py:305 [INFO] Valid: Epoch: [3][250/391]	Step 1564	Loss 1.2239	Prec@(1,5) (56.0%, 94.7%)
08/19 05:54:40午後 searchStage_trainer.py:305 [INFO] Valid: Epoch: [3][300/391]	Step 1564	Loss 1.2232	Prec@(1,5) (56.0%, 94.8%)
08/19 05:54:45午後 searchStage_trainer.py:305 [INFO] Valid: Epoch: [3][350/391]	Step 1564	Loss 1.2211	Prec@(1,5) (56.1%, 94.8%)
08/19 05:54:48午後 searchStage_trainer.py:305 [INFO] Valid: Epoch: [3][390/391]	Step 1564	Loss 1.2224	Prec@(1,5) (56.1%, 94.8%)
08/19 05:54:49午後 searchStage_trainer.py:316 [INFO] Valid: [  3/49] Final Prec@1 56.1000%
08/19 05:54:49午後 searchStage_KD_main.py:58 [INFO] DAG = Genotype2(DAG1=[[('skip_connect', 1), ('skip_connect', 0)], [('skip_connect', 1), ('skip_connect', 0)], [('max_pool_3x3', 1), ('skip_connect', 2)], [('skip_connect', 2), ('skip_connect', 4)], [('skip_connect', 3), ('skip_connect', 4)], [('skip_connect', 4), ('max_pool_3x3', 5)]], DAG1_concat=range(6, 8), DAG2=[[('skip_connect', 0), ('skip_connect', 1)], [('skip_connect', 0), ('skip_connect', 1)], [('skip_connect', 1), ('max_pool_3x3', 3)], [('skip_connect', 2), ('skip_connect', 3)], [('skip_connect', 3), ('skip_connect', 4)], [('skip_connect', 4), ('skip_connect', 5)]], DAG2_concat=range(6, 8), DAG3=[[('skip_connect', 1), ('skip_connect', 0)], [('skip_connect', 0), ('skip_connect', 1)], [('skip_connect', 1), ('skip_connect', 2)], [('skip_connect', 2), ('skip_connect', 3)], [('skip_connect', 3), ('skip_connect', 5)], [('skip_connect', 5), ('skip_connect', 4)]], DAG3_concat=range(6, 8))
08/19 05:54:49午後 searchStage_KD_main.py:89 [INFO] Until now, best Prec@1 = 56.1000%
####### ALPHA #######
# Alpha - DAG
tensor([[0.2359, 0.2187, 0.2956, 0.2498],
        [0.2352, 0.2175, 0.2980, 0.2493]], device='cuda:0',
       grad_fn=<SoftmaxBackward0>)
tensor([[0.2581, 0.2212, 0.2711, 0.2496],
        [0.2576, 0.2197, 0.2755, 0.2472],
        [0.2476, 0.2353, 0.2636, 0.2534]], device='cuda:0',
       grad_fn=<SoftmaxBackward0>)
tensor([[0.2724, 0.2252, 0.2656, 0.2368],
        [0.2559, 0.2271, 0.2653, 0.2518],
        [0.2491, 0.2346, 0.2500, 0.2663]], device='cuda:0',
       grad_fn=<SoftmaxBackward0>)
tensor([[0.2518, 0.2336, 0.2619, 0.2527],
        [0.2552, 0.2366, 0.2547, 0.2535],
        [0.2523, 0.2440, 0.2555, 0.2482]], device='cuda:0',
       grad_fn=<SoftmaxBackward0>)
tensor([[0.2627, 0.2333, 0.2671, 0.2369],
        [0.2503, 0.2406, 0.2531, 0.2559],
        [0.2450, 0.2419, 0.2480, 0.2652]], device='cuda:0',
       grad_fn=<SoftmaxBackward0>)
tensor([[0.2534, 0.2506, 0.2586, 0.2374],
        [0.2511, 0.2455, 0.2508, 0.2525],
        [0.2473, 0.2438, 0.2466, 0.2623]], device='cuda:0',
       grad_fn=<SoftmaxBackward0>)
tensor([[0.2403, 0.2498, 0.2641, 0.2458],
        [0.2382, 0.2477, 0.2632, 0.2509]], device='cuda:0',
       grad_fn=<SoftmaxBackward0>)
tensor([[0.2583, 0.2467, 0.2586, 0.2364],
        [0.2548, 0.2421, 0.2561, 0.2469],
        [0.2495, 0.2415, 0.2462, 0.2628]], device='cuda:0',
       grad_fn=<SoftmaxBackward0>)
tensor([[0.2560, 0.2481, 0.2590, 0.2369],
        [0.2511, 0.2425, 0.2502, 0.2561],
        [0.2549, 0.2407, 0.2472, 0.2572]], device='cuda:0',
       grad_fn=<SoftmaxBackward0>)
tensor([[0.2486, 0.2469, 0.2574, 0.2470],
        [0.2475, 0.2450, 0.2552, 0.2523],
        [0.2486, 0.2443, 0.2514, 0.2557]], device='cuda:0',
       grad_fn=<SoftmaxBackward0>)
tensor([[0.2488, 0.2457, 0.2647, 0.2408],
        [0.2448, 0.2472, 0.2564, 0.2516],
        [0.2474, 0.2428, 0.2448, 0.2650]], device='cuda:0',
       grad_fn=<SoftmaxBackward0>)
tensor([[0.2469, 0.2499, 0.2613, 0.2418],
        [0.2459, 0.2446, 0.2563, 0.2532],
        [0.2431, 0.2502, 0.2474, 0.2593]], device='cuda:0',
       grad_fn=<SoftmaxBackward0>)
tensor([[0.2407, 0.2333, 0.2830, 0.2430],
        [0.2319, 0.2292, 0.2862, 0.2527]], device='cuda:0',
       grad_fn=<SoftmaxBackward0>)
tensor([[0.2430, 0.2383, 0.2772, 0.2415],
        [0.2386, 0.2324, 0.2775, 0.2514],
        [0.2447, 0.2412, 0.2589, 0.2553]], device='cuda:0',
       grad_fn=<SoftmaxBackward0>)
tensor([[0.2416, 0.2377, 0.2883, 0.2324],
        [0.2432, 0.2357, 0.2653, 0.2558],
        [0.2434, 0.2379, 0.2562, 0.2625]], device='cuda:0',
       grad_fn=<SoftmaxBackward0>)
tensor([[0.2494, 0.2398, 0.2668, 0.2439],
        [0.2495, 0.2418, 0.2584, 0.2503],
        [0.2437, 0.2379, 0.2570, 0.2615]], device='cuda:0',
       grad_fn=<SoftmaxBackward0>)
tensor([[0.2581, 0.2408, 0.2610, 0.2401],
        [0.2500, 0.2374, 0.2537, 0.2588],
        [0.2482, 0.2390, 0.2549, 0.2579]], device='cuda:0',
       grad_fn=<SoftmaxBackward0>)
tensor([[0.2470, 0.2378, 0.2620, 0.2532],
        [0.2448, 0.2395, 0.2685, 0.2472],
        [0.2520, 0.2360, 0.2582, 0.2538]], device='cuda:0',
       grad_fn=<SoftmaxBackward0>)
#####################
08/19 05:55:19午後 searchStage_trainer.py:261 [INFO] Train: Epoch: [4][50/390]	Step 1614	lr 0.02462	Loss 1.1307 (1.1252)	Hard Loss 1.1307 (1.1252)	Soft Loss 1.1307 (1.1252)	Arch Loss 1.2665 (1.1694)	Arch Hard Loss 0.0000 (0.0000)	Arch Soft Loss 0.0000 (0.0000)	Arch depth Loss 0.0000 (0.0000)	Prec@(1,5) (60.2%, 95.4%)	
08/19 05:55:52午後 searchStage_trainer.py:261 [INFO] Train: Epoch: [4][100/390]	Step 1664	lr 0.02462	Loss 1.0462 (1.1160)	Hard Loss 1.0462 (1.1160)	Soft Loss 1.0462 (1.1160)	Arch Loss 1.1426 (1.1764)	Arch Hard Loss 0.0000 (0.0000)	Arch Soft Loss 0.0000 (0.0000)	Arch depth Loss 0.0000 (0.0000)	Prec@(1,5) (60.7%, 95.5%)	
08/19 05:56:25午後 searchStage_trainer.py:261 [INFO] Train: Epoch: [4][150/390]	Step 1714	lr 0.02462	Loss 1.1120 (1.1156)	Hard Loss 1.1120 (1.1156)	Soft Loss 1.1120 (1.1156)	Arch Loss 1.0212 (1.1533)	Arch Hard Loss 0.0000 (0.0000)	Arch Soft Loss 0.0000 (0.0000)	Arch depth Loss 0.0000 (0.0000)	Prec@(1,5) (60.4%, 95.7%)	
08/19 05:56:54午後 searchStage_trainer.py:261 [INFO] Train: Epoch: [4][200/390]	Step 1764	lr 0.02462	Loss 1.1929 (1.1167)	Hard Loss 1.1929 (1.1167)	Soft Loss 1.1929 (1.1167)	Arch Loss 1.0866 (1.1444)	Arch Hard Loss 0.0000 (0.0000)	Arch Soft Loss 0.0000 (0.0000)	Arch depth Loss 0.0000 (0.0000)	Prec@(1,5) (60.2%, 95.7%)	
08/19 05:57:27午後 searchStage_trainer.py:261 [INFO] Train: Epoch: [4][250/390]	Step 1814	lr 0.02462	Loss 1.3619 (1.1155)	Hard Loss 1.3619 (1.1155)	Soft Loss 1.3619 (1.1155)	Arch Loss 0.9268 (1.1340)	Arch Hard Loss 0.0000 (0.0000)	Arch Soft Loss 0.0000 (0.0000)	Arch depth Loss 0.0000 (0.0000)	Prec@(1,5) (60.4%, 95.6%)	
