08/07 09:29:19PM parser.py:28 [INFO] 
08/07 09:29:19PM parser.py:29 [INFO] Parameters:
08/07 09:29:19PM parser.py:31 [INFO] DAG_PATH=results/search_cell_KD/cifar100/ONLY_WEIGHT/s4-20240807-212919/DAG
08/07 09:29:19PM parser.py:31 [INFO] T=10.0
08/07 09:29:19PM parser.py:31 [INFO] ADVANCED=True
08/07 09:29:19PM parser.py:31 [INFO] ALPHA_LR=0.0003
08/07 09:29:19PM parser.py:31 [INFO] ALPHA_WEIGHT_DECAY=0.001
08/07 09:29:19PM parser.py:31 [INFO] BATCH_SIZE=64
08/07 09:29:19PM parser.py:31 [INFO] CUTOUT_LENGTH=0
08/07 09:29:19PM parser.py:31 [INFO] DATA_PATH=../data/
08/07 09:29:19PM parser.py:31 [INFO] DATASET=cifar100
08/07 09:29:19PM parser.py:31 [INFO] DESCRIPTION=kd_for_only_weight_parameter
08/07 09:29:19PM parser.py:31 [INFO] EPOCHS=50
08/07 09:29:19PM parser.py:31 [INFO] EXP_NAME=s4-20240807-212919
08/07 09:29:19PM parser.py:31 [INFO] GPUS=[0]
08/07 09:29:19PM parser.py:31 [INFO] INIT_CHANNELS=16
08/07 09:29:19PM parser.py:31 [INFO] L=0.5
08/07 09:29:19PM parser.py:31 [INFO] LAYERS=8
08/07 09:29:19PM parser.py:31 [INFO] LOCAL_RANK=0
08/07 09:29:19PM parser.py:31 [INFO] LOGGER=<Logger H-DAS (INFO)>
08/07 09:29:19PM parser.py:31 [INFO] NAME=ONLY_WEIGHT
08/07 09:29:19PM parser.py:31 [INFO] NONKD=False
08/07 09:29:19PM parser.py:31 [INFO] PATH=results/search_cell_KD/cifar100/ONLY_WEIGHT/s4-20240807-212919
08/07 09:29:19PM parser.py:31 [INFO] PCDARTS=False
08/07 09:29:19PM parser.py:31 [INFO] PLOT_PATH=results/search_cell_KD/cifar100/ONLY_WEIGHT/s4-20240807-212919/plots
08/07 09:29:19PM parser.py:31 [INFO] PRINT_FREQ=50
08/07 09:29:19PM parser.py:31 [INFO] RESUME_PATH=None
08/07 09:29:19PM parser.py:31 [INFO] SAVE=s4
08/07 09:29:19PM parser.py:31 [INFO] SEED=4
08/07 09:29:19PM parser.py:31 [INFO] TEACHER_NAME=efficientnet_v2_s
08/07 09:29:19PM parser.py:31 [INFO] TEACHER_PATH=/home/miura/lab/KD-hdas/results/teacher/cifar100/efficientnet_v2_s/FINETUNE2/pretrained-20240716-002108/best.pth.tar
08/07 09:29:19PM parser.py:31 [INFO] TRAIN_PORTION=0.5
08/07 09:29:19PM parser.py:31 [INFO] W_GRAD_CLIP=5.0
08/07 09:29:19PM parser.py:31 [INFO] W_LR=0.025
08/07 09:29:19PM parser.py:31 [INFO] W_LR_MIN=0.001
08/07 09:29:19PM parser.py:31 [INFO] W_MOMENTUM=0.9
08/07 09:29:19PM parser.py:31 [INFO] W_WEIGHT_DECAY=0.0003
08/07 09:29:19PM parser.py:31 [INFO] WORKERS=4
08/07 09:29:19PM parser.py:32 [INFO] 
08/07 09:29:20PM searchCell_trainer.py:120 [INFO] --> Loaded teacher model 'efficientnet_v2_s' from '/home/miura/lab/KD-hdas/results/teacher/cifar100/efficientnet_v2_s/FINETUNE2/pretrained-20240716-002108/best.pth.tar' and Freezed parameters)
08/07 09:29:20PM eval_util.py:125 [INFO] Test: Step 000/390 Prec@(1,5) (98.4%, 100.0%)
08/07 09:29:30PM eval_util.py:125 [INFO] Test: Step 390/390 Prec@(1,5) (97.0%, 99.6%)
08/07 09:29:30PM eval_util.py:130 [INFO] Teacher=(efficientnet_v2_s <- (/home/miura/lab/KD-hdas/results/teacher/cifar100/efficientnet_v2_s/FINETUNE2/pretrained-20240716-002108/best.pth.tar)) achives Test Prec(@1, @5) = (97.0400%, 99.5760%)
08/07 09:29:44PM searchCell_trainer.py:127 [INFO] --> No loaded checkpoint!
####### ALPHA #######
# Alpha - normal
tensor([[0.1249, 0.1252, 0.1250, 0.1250, 0.1250, 0.1250, 0.1247, 0.1251],
        [0.1250, 0.1250, 0.1251, 0.1251, 0.1251, 0.1251, 0.1248, 0.1248]],
       device='cuda:0', grad_fn=<SoftmaxBackward0>)
tensor([[0.1251, 0.1249, 0.1249, 0.1249, 0.1251, 0.1249, 0.1251, 0.1250],
        [0.1248, 0.1252, 0.1250, 0.1249, 0.1249, 0.1252, 0.1251, 0.1249],
        [0.1251, 0.1250, 0.1252, 0.1249, 0.1249, 0.1250, 0.1250, 0.1249]],
       device='cuda:0', grad_fn=<SoftmaxBackward0>)
tensor([[0.1248, 0.1251, 0.1250, 0.1251, 0.1249, 0.1248, 0.1250, 0.1252],
        [0.1250, 0.1248, 0.1249, 0.1252, 0.1250, 0.1250, 0.1250, 0.1251],
        [0.1249, 0.1251, 0.1250, 0.1253, 0.1248, 0.1248, 0.1251, 0.1250],
        [0.1250, 0.1250, 0.1249, 0.1252, 0.1251, 0.1250, 0.1249, 0.1250]],
       device='cuda:0', grad_fn=<SoftmaxBackward0>)
tensor([[0.1250, 0.1249, 0.1251, 0.1250, 0.1249, 0.1251, 0.1251, 0.1248],
        [0.1250, 0.1250, 0.1250, 0.1251, 0.1252, 0.1249, 0.1248, 0.1250],
        [0.1251, 0.1249, 0.1250, 0.1251, 0.1249, 0.1250, 0.1250, 0.1250],
        [0.1252, 0.1249, 0.1251, 0.1248, 0.1249, 0.1250, 0.1252, 0.1249],
        [0.1249, 0.1251, 0.1249, 0.1252, 0.1250, 0.1249, 0.1250, 0.1249]],
       device='cuda:0', grad_fn=<SoftmaxBackward0>)
tensor([[0.1252, 0.1248, 0.1249, 0.1250, 0.1252, 0.1252, 0.1249, 0.1248],
        [0.1251, 0.1249, 0.1251, 0.1251, 0.1251, 0.1249, 0.1249, 0.1249]],
       device='cuda:0', grad_fn=<SoftmaxBackward0>)
tensor([[0.1250, 0.1251, 0.1251, 0.1251, 0.1251, 0.1250, 0.1249, 0.1248],
        [0.1251, 0.1251, 0.1248, 0.1250, 0.1248, 0.1249, 0.1250, 0.1252],
        [0.1250, 0.1251, 0.1250, 0.1249, 0.1251, 0.1250, 0.1249, 0.1250]],
       device='cuda:0', grad_fn=<SoftmaxBackward0>)
tensor([[0.1251, 0.1250, 0.1249, 0.1248, 0.1250, 0.1252, 0.1250, 0.1250],
        [0.1248, 0.1250, 0.1249, 0.1251, 0.1252, 0.1250, 0.1250, 0.1249],
        [0.1249, 0.1250, 0.1250, 0.1253, 0.1247, 0.1250, 0.1250, 0.1249],
        [0.1248, 0.1251, 0.1248, 0.1251, 0.1251, 0.1250, 0.1250, 0.1251]],
       device='cuda:0', grad_fn=<SoftmaxBackward0>)
tensor([[0.1251, 0.1250, 0.1250, 0.1250, 0.1250, 0.1251, 0.1251, 0.1247],
        [0.1251, 0.1247, 0.1252, 0.1249, 0.1249, 0.1250, 0.1251, 0.1252],
        [0.1250, 0.1249, 0.1250, 0.1250, 0.1251, 0.1249, 0.1250, 0.1251],
        [0.1249, 0.1252, 0.1251, 0.1249, 0.1249, 0.1252, 0.1252, 0.1247],
        [0.1251, 0.1248, 0.1250, 0.1249, 0.1248, 0.1250, 0.1250, 0.1253]],
       device='cuda:0', grad_fn=<SoftmaxBackward0>)
tensor([[0.1249, 0.1249, 0.1249, 0.1252, 0.1250, 0.1251, 0.1247, 0.1252],
        [0.1251, 0.1248, 0.1249, 0.1252, 0.1249, 0.1250, 0.1250, 0.1250]],
       device='cuda:0', grad_fn=<SoftmaxBackward0>)
tensor([[0.1249, 0.1249, 0.1251, 0.1249, 0.1252, 0.1250, 0.1251, 0.1250],
        [0.1250, 0.1250, 0.1250, 0.1249, 0.1248, 0.1249, 0.1251, 0.1253],
        [0.1251, 0.1251, 0.1251, 0.1249, 0.1248, 0.1248, 0.1252, 0.1250]],
       device='cuda:0', grad_fn=<SoftmaxBackward0>)
tensor([[0.1250, 0.1248, 0.1250, 0.1249, 0.1250, 0.1251, 0.1252, 0.1250],
        [0.1249, 0.1250, 0.1250, 0.1252, 0.1248, 0.1251, 0.1249, 0.1251],
        [0.1251, 0.1250, 0.1251, 0.1250, 0.1250, 0.1250, 0.1249, 0.1250],
        [0.1251, 0.1251, 0.1250, 0.1250, 0.1249, 0.1248, 0.1249, 0.1253]],
       device='cuda:0', grad_fn=<SoftmaxBackward0>)
tensor([[0.1249, 0.1249, 0.1250, 0.1249, 0.1250, 0.1252, 0.1251, 0.1249],
        [0.1253, 0.1250, 0.1250, 0.1250, 0.1250, 0.1250, 0.1247, 0.1250],
        [0.1251, 0.1250, 0.1248, 0.1251, 0.1251, 0.1250, 0.1251, 0.1248],
        [0.1250, 0.1251, 0.1250, 0.1251, 0.1250, 0.1250, 0.1248, 0.1249],
        [0.1250, 0.1249, 0.1251, 0.1250, 0.1253, 0.1252, 0.1248, 0.1248]],
       device='cuda:0', grad_fn=<SoftmaxBackward0>)

# Alpha - reduce
tensor([[0.1251, 0.1251, 0.1249, 0.1250, 0.1251, 0.1251, 0.1248, 0.1250],
        [0.1249, 0.1250, 0.1251, 0.1251, 0.1250, 0.1251, 0.1250, 0.1247]],
       device='cuda:0', grad_fn=<SoftmaxBackward0>)
tensor([[0.1251, 0.1249, 0.1251, 0.1251, 0.1250, 0.1250, 0.1250, 0.1248],
        [0.1249, 0.1250, 0.1250, 0.1250, 0.1252, 0.1250, 0.1252, 0.1247],
        [0.1251, 0.1249, 0.1250, 0.1250, 0.1247, 0.1251, 0.1250, 0.1251]],
       device='cuda:0', grad_fn=<SoftmaxBackward0>)
tensor([[0.1250, 0.1250, 0.1251, 0.1250, 0.1249, 0.1251, 0.1248, 0.1250],
        [0.1250, 0.1252, 0.1250, 0.1251, 0.1249, 0.1248, 0.1250, 0.1250],
        [0.1251, 0.1251, 0.1250, 0.1249, 0.1249, 0.1250, 0.1251, 0.1249],
        [0.1251, 0.1251, 0.1249, 0.1248, 0.1247, 0.1253, 0.1251, 0.1250]],
       device='cuda:0', grad_fn=<SoftmaxBackward0>)
tensor([[0.1248, 0.1250, 0.1251, 0.1250, 0.1249, 0.1250, 0.1251, 0.1251],
        [0.1251, 0.1250, 0.1251, 0.1252, 0.1250, 0.1248, 0.1250, 0.1249],
        [0.1248, 0.1252, 0.1250, 0.1250, 0.1251, 0.1251, 0.1251, 0.1247],
        [0.1249, 0.1249, 0.1249, 0.1249, 0.1249, 0.1252, 0.1251, 0.1251],
        [0.1251, 0.1250, 0.1249, 0.1250, 0.1250, 0.1248, 0.1250, 0.1252]],
       device='cuda:0', grad_fn=<SoftmaxBackward0>)
tensor([[0.1251, 0.1250, 0.1249, 0.1252, 0.1249, 0.1249, 0.1248, 0.1251],
        [0.1249, 0.1250, 0.1250, 0.1250, 0.1249, 0.1249, 0.1252, 0.1250]],
       device='cuda:0', grad_fn=<SoftmaxBackward0>)
tensor([[0.1249, 0.1250, 0.1249, 0.1250, 0.1251, 0.1254, 0.1249, 0.1248],
        [0.1251, 0.1249, 0.1250, 0.1250, 0.1251, 0.1248, 0.1251, 0.1250],
        [0.1251, 0.1250, 0.1248, 0.1251, 0.1249, 0.1249, 0.1251, 0.1252]],
       device='cuda:0', grad_fn=<SoftmaxBackward0>)
tensor([[0.1249, 0.1251, 0.1248, 0.1251, 0.1251, 0.1250, 0.1250, 0.1250],
        [0.1250, 0.1251, 0.1250, 0.1251, 0.1250, 0.1250, 0.1249, 0.1248],
        [0.1250, 0.1248, 0.1249, 0.1250, 0.1250, 0.1250, 0.1252, 0.1252],
        [0.1250, 0.1250, 0.1250, 0.1251, 0.1250, 0.1250, 0.1250, 0.1249]],
       device='cuda:0', grad_fn=<SoftmaxBackward0>)
tensor([[0.1248, 0.1252, 0.1250, 0.1250, 0.1248, 0.1250, 0.1251, 0.1251],
        [0.1252, 0.1249, 0.1249, 0.1249, 0.1250, 0.1250, 0.1250, 0.1251],
        [0.1247, 0.1250, 0.1251, 0.1250, 0.1250, 0.1251, 0.1251, 0.1250],
        [0.1249, 0.1251, 0.1248, 0.1251, 0.1250, 0.1249, 0.1250, 0.1252],
        [0.1249, 0.1252, 0.1249, 0.1249, 0.1252, 0.1250, 0.1249, 0.1250]],
       device='cuda:0', grad_fn=<SoftmaxBackward0>)
#####################
08/07 09:29:59PM searchCell_trainer.py:220 [INFO] Train: Epoch: [0][50/390]	Step 50	lr 0.025	Loss 2.1912 (2.2692)	Hard Loss 4.3293 (4.4875)	Soft Loss 0.0005 (0.0005)	Arch Loss 4.1316 (4.4894)	Arch Hard Loss 0.0000 (0.0000)	Arch Soft Loss 0.0000 (0.0000)	Prec@(1,5) (3.9%, 13.0%)	
08/07 09:30:13PM searchCell_trainer.py:220 [INFO] Train: Epoch: [0][100/390]	Step 100	lr 0.025	Loss 2.0411 (2.1833)	Hard Loss 4.0363 (4.3170)	Soft Loss 0.0005 (0.0005)	Arch Loss 3.7950 (4.3214)	Arch Hard Loss 0.0000 (0.0000)	Arch Soft Loss 0.0000 (0.0000)	Prec@(1,5) (5.2%, 17.9%)	
08/07 09:30:26PM searchCell_trainer.py:220 [INFO] Train: Epoch: [0][150/390]	Step 150	lr 0.025	Loss 2.0493 (2.1326)	Hard Loss 4.0531 (4.2165)	Soft Loss 0.0005 (0.0005)	Arch Loss 3.6531 (4.2291)	Arch Hard Loss 0.0000 (0.0000)	Arch Soft Loss 0.0000 (0.0000)	Prec@(1,5) (6.3%, 21.0%)	
08/07 09:30:40PM searchCell_trainer.py:220 [INFO] Train: Epoch: [0][200/390]	Step 200	lr 0.025	Loss 1.9576 (2.0969)	Hard Loss 3.8675 (4.1454)	Soft Loss 0.0005 (0.0005)	Arch Loss 3.9547 (4.1464)	Arch Hard Loss 0.0000 (0.0000)	Arch Soft Loss 0.0000 (0.0000)	Prec@(1,5) (6.8%, 23.1%)	
08/07 09:30:54PM searchCell_trainer.py:220 [INFO] Train: Epoch: [0][250/390]	Step 250	lr 0.025	Loss 1.9499 (2.0688)	Hard Loss 3.8584 (4.0896)	Soft Loss 0.0004 (0.0005)	Arch Loss 3.6916 (4.0839)	Arch Hard Loss 0.0000 (0.0000)	Arch Soft Loss 0.0000 (0.0000)	Prec@(1,5) (7.4%, 24.7%)	
08/07 09:31:07PM searchCell_trainer.py:220 [INFO] Train: Epoch: [0][300/390]	Step 300	lr 0.025	Loss 1.9817 (2.0431)	Hard Loss 3.9166 (4.0383)	Soft Loss 0.0005 (0.0005)	Arch Loss 3.5180 (4.0304)	Arch Hard Loss 0.0000 (0.0000)	Arch Soft Loss 0.0000 (0.0000)	Prec@(1,5) (7.9%, 26.2%)	
08/07 09:31:21PM searchCell_trainer.py:220 [INFO] Train: Epoch: [0][350/390]	Step 350	lr 0.025	Loss 2.0589 (2.0204)	Hard Loss 4.0726 (3.9931)	Soft Loss 0.0005 (0.0005)	Arch Loss 3.5856 (3.9848)	Arch Hard Loss 0.0000 (0.0000)	Arch Soft Loss 0.0000 (0.0000)	Prec@(1,5) (8.4%, 27.5%)	
08/07 09:31:32PM searchCell_trainer.py:220 [INFO] Train: Epoch: [0][390/390]	Step 390	lr 0.025	Loss 1.8925 (2.0047)	Hard Loss 3.7357 (3.9618)	Soft Loss 0.0005 (0.0005)	Arch Loss 3.7473 (3.9483)	Arch Hard Loss 0.0000 (0.0000)	Arch Soft Loss 0.0000 (0.0000)	Prec@(1,5) (8.8%, 28.6%)	
08/07 09:31:33PM searchCell_trainer.py:235 [INFO] Train: [  0/49] Final Prec@1 8.8600%
08/07 09:31:35PM searchCell_trainer.py:263 [INFO] Valid: Epoch: [0][50/391]	Step 391	Loss 3.6862	Prec@(1,5) (12.6%, 37.0%)
08/07 09:31:36PM searchCell_trainer.py:263 [INFO] Valid: Epoch: [0][100/391]	Step 391	Loss 3.6632	Prec@(1,5) (12.9%, 37.3%)
08/07 09:31:38PM searchCell_trainer.py:263 [INFO] Valid: Epoch: [0][150/391]	Step 391	Loss 3.6524	Prec@(1,5) (12.9%, 37.4%)
08/07 09:31:40PM searchCell_trainer.py:263 [INFO] Valid: Epoch: [0][200/391]	Step 391	Loss 3.6489	Prec@(1,5) (13.0%, 37.8%)
08/07 09:31:42PM searchCell_trainer.py:263 [INFO] Valid: Epoch: [0][250/391]	Step 391	Loss 3.6566	Prec@(1,5) (12.9%, 37.5%)
08/07 09:31:44PM searchCell_trainer.py:263 [INFO] Valid: Epoch: [0][300/391]	Step 391	Loss 3.6588	Prec@(1,5) (12.8%, 37.2%)
08/07 09:31:45PM searchCell_trainer.py:263 [INFO] Valid: Epoch: [0][350/391]	Step 391	Loss 3.6607	Prec@(1,5) (12.8%, 37.2%)
08/07 09:31:47PM searchCell_trainer.py:263 [INFO] Valid: Epoch: [0][390/391]	Step 391	Loss 3.6599	Prec@(1,5) (12.9%, 37.2%)
08/07 09:31:47PM searchCell_trainer.py:270 [INFO] Valid: [  0/49] Final Prec@1 12.9160%
08/07 09:31:47PM searchCell_KD_main.py:58 [INFO] genotype = Genotype3(normal1=[[('max_pool_3x3', 0), ('dil_conv_5x5', 1)], [('max_pool_3x3', 0), ('sep_conv_5x5', 2)], [('dil_conv_5x5', 2), ('max_pool_3x3', 0)], [('max_pool_3x3', 0), ('dil_conv_5x5', 2)]], normal1_concat=range(2, 6), reduce1=[[('max_pool_3x3', 0), ('dil_conv_3x3', 1)], [('dil_conv_3x3', 0), ('sep_conv_3x3', 1)], [('sep_conv_5x5', 0), ('dil_conv_3x3', 1)], [('dil_conv_5x5', 2), ('skip_connect', 0)]], reduce1_concat=range(2, 6), normal2=[[('max_pool_3x3', 0), ('sep_conv_3x3', 1)], [('dil_conv_5x5', 2), ('dil_conv_5x5', 0)], [('dil_conv_5x5', 1), ('sep_conv_5x5', 3)], [('max_pool_3x3', 0), ('sep_conv_5x5', 2)]], normal2_concat=range(2, 6), reduce2=[[('sep_conv_3x3', 0), ('sep_conv_5x5', 1)], [('sep_conv_5x5', 1), ('dil_conv_5x5', 2)], [('dil_conv_3x3', 2), ('dil_conv_3x3', 3)], [('dil_conv_5x5', 4), ('dil_conv_5x5', 2)]], reduce2_concat=range(2, 6), normal3=[[('dil_conv_5x5', 1), ('sep_conv_5x5', 0)], [('dil_conv_5x5', 1), ('sep_conv_5x5', 2)], [('dil_conv_3x3', 0), ('dil_conv_5x5', 2)], [('dil_conv_3x3', 4), ('dil_conv_5x5', 1)]], normal3_concat=range(2, 6))
08/07 09:31:47PM searchCell_KD_main.py:92 [INFO] Until now, best Prec@1 = 12.9160%
####### ALPHA #######
# Alpha - normal
tensor([[0.1290, 0.1225, 0.1246, 0.1257, 0.1253, 0.1236, 0.1242, 0.1251],
        [0.1264, 0.1214, 0.1230, 0.1258, 0.1261, 0.1250, 0.1271, 0.1252]],
       device='cuda:0', grad_fn=<SoftmaxBackward0>)
tensor([[0.1289, 0.1223, 0.1243, 0.1253, 0.1262, 0.1251, 0.1235, 0.1243],
        [0.1272, 0.1228, 0.1245, 0.1254, 0.1237, 0.1268, 0.1248, 0.1247],
        [0.1267, 0.1229, 0.1246, 0.1263, 0.1280, 0.1259, 0.1223, 0.1234]],
       device='cuda:0', grad_fn=<SoftmaxBackward0>)
tensor([[0.1289, 0.1232, 0.1245, 0.1246, 0.1230, 0.1273, 0.1235, 0.1251],
        [0.1268, 0.1224, 0.1241, 0.1248, 0.1252, 0.1252, 0.1253, 0.1261],
        [0.1257, 0.1224, 0.1238, 0.1254, 0.1229, 0.1261, 0.1294, 0.1243],
        [0.1267, 0.1237, 0.1252, 0.1242, 0.1247, 0.1256, 0.1251, 0.1247]],
       device='cuda:0', grad_fn=<SoftmaxBackward0>)
tensor([[0.1291, 0.1236, 0.1258, 0.1244, 0.1233, 0.1235, 0.1259, 0.1245],
        [0.1249, 0.1217, 0.1231, 0.1258, 0.1248, 0.1262, 0.1271, 0.1265],
        [0.1253, 0.1216, 0.1229, 0.1274, 0.1248, 0.1259, 0.1279, 0.1241],
        [0.1257, 0.1230, 0.1246, 0.1257, 0.1250, 0.1258, 0.1251, 0.1252],
        [0.1261, 0.1238, 0.1246, 0.1240, 0.1253, 0.1250, 0.1239, 0.1272]],
       device='cuda:0', grad_fn=<SoftmaxBackward0>)
tensor([[0.1285, 0.1238, 0.1262, 0.1248, 0.1245, 0.1239, 0.1248, 0.1235],
        [0.1250, 0.1220, 0.1238, 0.1269, 0.1243, 0.1249, 0.1260, 0.1273]],
       device='cuda:0', grad_fn=<SoftmaxBackward0>)
tensor([[0.1270, 0.1234, 0.1249, 0.1261, 0.1252, 0.1232, 0.1271, 0.1232],
        [0.1238, 0.1206, 0.1216, 0.1271, 0.1267, 0.1272, 0.1268, 0.1260],
        [0.1226, 0.1210, 0.1216, 0.1278, 0.1274, 0.1259, 0.1288, 0.1250]],
       device='cuda:0', grad_fn=<SoftmaxBackward0>)
tensor([[0.1265, 0.1229, 0.1247, 0.1236, 0.1269, 0.1260, 0.1250, 0.1244],
        [0.1235, 0.1212, 0.1219, 0.1258, 0.1273, 0.1248, 0.1288, 0.1266],
        [0.1218, 0.1213, 0.1221, 0.1279, 0.1268, 0.1276, 0.1261, 0.1264],
        [0.1242, 0.1233, 0.1240, 0.1259, 0.1285, 0.1238, 0.1239, 0.1265]],
       device='cuda:0', grad_fn=<SoftmaxBackward0>)
tensor([[0.1283, 0.1244, 0.1257, 0.1242, 0.1240, 0.1263, 0.1249, 0.1223],
        [0.1245, 0.1211, 0.1226, 0.1273, 0.1263, 0.1250, 0.1264, 0.1266],
        [0.1242, 0.1230, 0.1234, 0.1251, 0.1277, 0.1254, 0.1252, 0.1259],
        [0.1256, 0.1241, 0.1246, 0.1255, 0.1251, 0.1262, 0.1253, 0.1236],
        [0.1258, 0.1241, 0.1245, 0.1245, 0.1223, 0.1257, 0.1270, 0.1262]],
       device='cuda:0', grad_fn=<SoftmaxBackward0>)
tensor([[0.1253, 0.1222, 0.1226, 0.1261, 0.1264, 0.1257, 0.1259, 0.1259],
        [0.1245, 0.1220, 0.1224, 0.1253, 0.1255, 0.1263, 0.1271, 0.1268]],
       device='cuda:0', grad_fn=<SoftmaxBackward0>)
tensor([[0.1241, 0.1220, 0.1226, 0.1267, 0.1263, 0.1238, 0.1275, 0.1270],
        [0.1230, 0.1216, 0.1217, 0.1254, 0.1251, 0.1264, 0.1281, 0.1286],
        [0.1226, 0.1211, 0.1216, 0.1249, 0.1273, 0.1270, 0.1270, 0.1286]],
       device='cuda:0', grad_fn=<SoftmaxBackward0>)
tensor([[0.1235, 0.1213, 0.1215, 0.1255, 0.1274, 0.1275, 0.1265, 0.1268],
        [0.1232, 0.1221, 0.1221, 0.1268, 0.1250, 0.1265, 0.1265, 0.1278],
        [0.1237, 0.1225, 0.1222, 0.1263, 0.1249, 0.1263, 0.1272, 0.1269],
        [0.1235, 0.1222, 0.1217, 0.1268, 0.1260, 0.1255, 0.1268, 0.1276]],
       device='cuda:0', grad_fn=<SoftmaxBackward0>)
tensor([[0.1244, 0.1218, 0.1219, 0.1263, 0.1265, 0.1260, 0.1267, 0.1264],
        [0.1230, 0.1214, 0.1212, 0.1255, 0.1275, 0.1264, 0.1276, 0.1275],
        [0.1238, 0.1221, 0.1220, 0.1272, 0.1261, 0.1268, 0.1253, 0.1268],
        [0.1229, 0.1217, 0.1217, 0.1277, 0.1255, 0.1256, 0.1268, 0.1280],
        [0.1228, 0.1213, 0.1214, 0.1270, 0.1268, 0.1282, 0.1259, 0.1265]],
       device='cuda:0', grad_fn=<SoftmaxBackward0>)

# Alpha - reduce
tensor([[0.1279, 0.1249, 0.1264, 0.1233, 0.1265, 0.1241, 0.1236, 0.1234],
        [0.1245, 0.1224, 0.1263, 0.1224, 0.1242, 0.1269, 0.1263, 0.1270]],
       device='cuda:0', grad_fn=<SoftmaxBackward0>)
tensor([[0.1271, 0.1238, 0.1259, 0.1244, 0.1242, 0.1271, 0.1255, 0.1219],
        [0.1248, 0.1226, 0.1238, 0.1265, 0.1258, 0.1257, 0.1245, 0.1262],
        [0.1262, 0.1223, 0.1241, 0.1247, 0.1261, 0.1245, 0.1257, 0.1264]],
       device='cuda:0', grad_fn=<SoftmaxBackward0>)
tensor([[0.1249, 0.1224, 0.1247, 0.1264, 0.1271, 0.1260, 0.1250, 0.1235],
        [0.1243, 0.1225, 0.1242, 0.1258, 0.1254, 0.1268, 0.1258, 0.1253],
        [0.1248, 0.1213, 0.1230, 0.1268, 0.1251, 0.1259, 0.1269, 0.1261],
        [0.1246, 0.1216, 0.1235, 0.1260, 0.1266, 0.1246, 0.1260, 0.1272]],
       device='cuda:0', grad_fn=<SoftmaxBackward0>)
tensor([[0.1267, 0.1236, 0.1271, 0.1251, 0.1244, 0.1240, 0.1251, 0.1241],
        [0.1257, 0.1239, 0.1236, 0.1252, 0.1250, 0.1256, 0.1248, 0.1261],
        [0.1252, 0.1229, 0.1244, 0.1246, 0.1253, 0.1252, 0.1273, 0.1251],
        [0.1256, 0.1234, 0.1253, 0.1239, 0.1254, 0.1250, 0.1264, 0.1250],
        [0.1261, 0.1241, 0.1253, 0.1253, 0.1251, 0.1247, 0.1250, 0.1243]],
       device='cuda:0', grad_fn=<SoftmaxBackward0>)
tensor([[0.1257, 0.1237, 0.1246, 0.1274, 0.1225, 0.1251, 0.1261, 0.1250],
        [0.1250, 0.1237, 0.1249, 0.1254, 0.1257, 0.1252, 0.1250, 0.1252]],
       device='cuda:0', grad_fn=<SoftmaxBackward0>)
tensor([[0.1254, 0.1236, 0.1260, 0.1241, 0.1253, 0.1257, 0.1251, 0.1247],
        [0.1252, 0.1239, 0.1242, 0.1255, 0.1266, 0.1238, 0.1249, 0.1260],
        [0.1255, 0.1227, 0.1236, 0.1255, 0.1255, 0.1265, 0.1268, 0.1239]],
       device='cuda:0', grad_fn=<SoftmaxBackward0>)
tensor([[0.1242, 0.1223, 0.1248, 0.1261, 0.1252, 0.1252, 0.1264, 0.1259],
        [0.1234, 0.1222, 0.1273, 0.1251, 0.1236, 0.1264, 0.1264, 0.1256],
        [0.1249, 0.1212, 0.1228, 0.1269, 0.1245, 0.1289, 0.1258, 0.1249],
        [0.1243, 0.1217, 0.1226, 0.1269, 0.1234, 0.1285, 0.1282, 0.1245]],
       device='cuda:0', grad_fn=<SoftmaxBackward0>)
tensor([[0.1250, 0.1237, 0.1255, 0.1242, 0.1246, 0.1243, 0.1270, 0.1258],
        [0.1243, 0.1231, 0.1245, 0.1264, 0.1259, 0.1240, 0.1254, 0.1264],
        [0.1250, 0.1223, 0.1231, 0.1260, 0.1260, 0.1257, 0.1274, 0.1244],
        [0.1241, 0.1225, 0.1233, 0.1268, 0.1263, 0.1248, 0.1267, 0.1255],
        [0.1244, 0.1225, 0.1233, 0.1262, 0.1259, 0.1251, 0.1278, 0.1248]],
       device='cuda:0', grad_fn=<SoftmaxBackward0>)
#####################
08/07 09:32:01午後 searchCell_trainer.py:220 [INFO] Train: Epoch: [1][50/390]	Step 441	lr 0.02498	Loss 1.8598 (1.8180)	Hard Loss 3.6763 (3.5906)	Soft Loss 0.0004 (0.0005)	Arch Loss 3.7784 (3.6263)	Arch Hard Loss 0.0000 (0.0000)	Arch Soft Loss 0.0000 (0.0000)	Prec@(1,5) (13.4%, 40.1%)	
08/07 09:32:15午後 searchCell_trainer.py:220 [INFO] Train: Epoch: [1][100/390]	Step 491	lr 0.02498	Loss 1.9699 (1.8094)	Hard Loss 3.8962 (3.5730)	Soft Loss 0.0004 (0.0005)	Arch Loss 3.8072 (3.6282)	Arch Hard Loss 0.0000 (0.0000)	Arch Soft Loss 0.0000 (0.0000)	Prec@(1,5) (14.3%, 40.3%)	
08/07 09:32:28午後 searchCell_trainer.py:220 [INFO] Train: Epoch: [1][150/390]	Step 541	lr 0.02498	Loss 1.7446 (1.7986)	Hard Loss 3.4453 (3.5514)	Soft Loss 0.0004 (0.0005)	Arch Loss 3.3249 (3.5850)	Arch Hard Loss 0.0000 (0.0000)	Arch Soft Loss 0.0000 (0.0000)	Prec@(1,5) (14.7%, 40.9%)	
08/07 09:32:42午後 searchCell_trainer.py:220 [INFO] Train: Epoch: [1][200/390]	Step 591	lr 0.02498	Loss 1.6492 (1.7866)	Hard Loss 3.2517 (3.5275)	Soft Loss 0.0005 (0.0005)	Arch Loss 3.5107 (3.5504)	Arch Hard Loss 0.0000 (0.0000)	Arch Soft Loss 0.0000 (0.0000)	Prec@(1,5) (15.1%, 41.6%)	
08/07 09:32:56午後 searchCell_trainer.py:220 [INFO] Train: Epoch: [1][250/390]	Step 641	lr 0.02498	Loss 1.6505 (1.7761)	Hard Loss 3.2555 (3.5064)	Soft Loss 0.0005 (0.0005)	Arch Loss 3.3062 (3.5127)	Arch Hard Loss 0.0000 (0.0000)	Arch Soft Loss 0.0000 (0.0000)	Prec@(1,5) (15.7%, 42.3%)	
08/07 09:33:09午後 searchCell_trainer.py:220 [INFO] Train: Epoch: [1][300/390]	Step 691	lr 0.02498	Loss 1.7276 (1.7673)	Hard Loss 3.4097 (3.4888)	Soft Loss 0.0005 (0.0005)	Arch Loss 3.1094 (3.4882)	Arch Hard Loss 0.0000 (0.0000)	Arch Soft Loss 0.0000 (0.0000)	Prec@(1,5) (16.0%, 42.8%)	
08/07 09:33:23午後 searchCell_trainer.py:220 [INFO] Train: Epoch: [1][350/390]	Step 741	lr 0.02498	Loss 1.7066 (1.7529)	Hard Loss 3.3669 (3.4601)	Soft Loss 0.0005 (0.0005)	Arch Loss 3.4307 (3.4652)	Arch Hard Loss 0.0000 (0.0000)	Arch Soft Loss 0.0000 (0.0000)	Prec@(1,5) (16.5%, 43.7%)	
08/07 09:33:33午後 searchCell_trainer.py:220 [INFO] Train: Epoch: [1][390/390]	Step 781	lr 0.02498	Loss 1.6251 (1.7430)	Hard Loss 3.2034 (3.4403)	Soft Loss 0.0005 (0.0005)	Arch Loss 3.4111 (3.4459)	Arch Hard Loss 0.0000 (0.0000)	Arch Soft Loss 0.0000 (0.0000)	Prec@(1,5) (16.8%, 44.3%)	
08/07 09:33:34午後 searchCell_trainer.py:235 [INFO] Train: [  1/49] Final Prec@1 16.7560%
08/07 09:33:36午後 searchCell_trainer.py:263 [INFO] Valid: Epoch: [1][50/391]	Step 782	Loss 3.3889	Prec@(1,5) (18.5%, 46.8%)
08/07 09:33:37午後 searchCell_trainer.py:263 [INFO] Valid: Epoch: [1][100/391]	Step 782	Loss 3.3810	Prec@(1,5) (18.5%, 46.6%)
08/07 09:33:39午後 searchCell_trainer.py:263 [INFO] Valid: Epoch: [1][150/391]	Step 782	Loss 3.3610	Prec@(1,5) (18.6%, 47.3%)
08/07 09:33:41午後 searchCell_trainer.py:263 [INFO] Valid: Epoch: [1][200/391]	Step 782	Loss 3.3671	Prec@(1,5) (18.6%, 47.1%)
08/07 09:33:43午後 searchCell_trainer.py:263 [INFO] Valid: Epoch: [1][250/391]	Step 782	Loss 3.3626	Prec@(1,5) (18.6%, 47.3%)
08/07 09:33:44午後 searchCell_trainer.py:263 [INFO] Valid: Epoch: [1][300/391]	Step 782	Loss 3.3603	Prec@(1,5) (18.6%, 47.3%)
08/07 09:33:46午後 searchCell_trainer.py:263 [INFO] Valid: Epoch: [1][350/391]	Step 782	Loss 3.3668	Prec@(1,5) (18.6%, 47.1%)
08/07 09:33:47午後 searchCell_trainer.py:263 [INFO] Valid: Epoch: [1][390/391]	Step 782	Loss 3.3628	Prec@(1,5) (18.7%, 47.2%)
08/07 09:33:47午後 searchCell_trainer.py:270 [INFO] Valid: [  1/49] Final Prec@1 18.6960%
08/07 09:33:47午後 searchCell_KD_main.py:58 [INFO] genotype = Genotype3(normal1=[[('max_pool_3x3', 0), ('sep_conv_3x3', 1)], [('max_pool_3x3', 0), ('sep_conv_5x5', 2)], [('max_pool_3x3', 0), ('dil_conv_5x5', 2)], [('max_pool_3x3', 0), ('dil_conv_5x5', 2)]], normal1_concat=range(2, 6), reduce1=[[('max_pool_3x3', 0), ('skip_connect', 1)], [('sep_conv_5x5', 2), ('max_pool_3x3', 0)], [('dil_conv_5x5', 2), ('sep_conv_5x5', 3)], [('dil_conv_5x5', 2), ('dil_conv_5x5', 3)]], reduce1_concat=range(2, 6), normal2=[[('max_pool_3x3', 0), ('sep_conv_3x3', 1)], [('dil_conv_5x5', 2), ('sep_conv_3x3', 1)], [('dil_conv_5x5', 1), ('sep_conv_5x5', 3)], [('dil_conv_5x5', 1), ('max_pool_3x3', 0)]], normal2_concat=range(2, 6), reduce2=[[('sep_conv_3x3', 0), ('dil_conv_5x5', 1)], [('sep_conv_5x5', 2), ('skip_connect', 0)], [('dil_conv_3x3', 2), ('dil_conv_5x5', 3)], [('dil_conv_5x5', 4), ('sep_conv_5x5', 3)]], reduce2_concat=range(2, 6), normal3=[[('max_pool_3x3', 0), ('dil_conv_5x5', 1)], [('dil_conv_5x5', 1), ('dil_conv_5x5', 2)], [('dil_conv_3x3', 0), ('sep_conv_3x3', 1)], [('dil_conv_3x3', 4), ('dil_conv_5x5', 1)]], normal3_concat=range(2, 6))
08/07 09:33:48午後 searchCell_KD_main.py:92 [INFO] Until now, best Prec@1 = 18.6960%
####### ALPHA #######
# Alpha - normal
tensor([[0.1318, 0.1205, 0.1239, 0.1267, 0.1261, 0.1227, 0.1244, 0.1239],
        [0.1264, 0.1170, 0.1202, 0.1305, 0.1275, 0.1246, 0.1280, 0.1258]],
       device='cuda:0', grad_fn=<SoftmaxBackward0>)
tensor([[0.1318, 0.1199, 0.1237, 0.1242, 0.1278, 0.1258, 0.1219, 0.1249],
        [0.1280, 0.1186, 0.1220, 0.1274, 0.1252, 0.1280, 0.1261, 0.1248],
        [0.1267, 0.1192, 0.1237, 0.1284, 0.1302, 0.1259, 0.1220, 0.1241]],
       device='cuda:0', grad_fn=<SoftmaxBackward0>)
tensor([[0.1333, 0.1218, 0.1246, 0.1234, 0.1221, 0.1255, 0.1236, 0.1257],
        [0.1280, 0.1179, 0.1214, 0.1255, 0.1260, 0.1236, 0.1288, 0.1288],
        [0.1256, 0.1187, 0.1212, 0.1268, 0.1259, 0.1263, 0.1318, 0.1237],
        [0.1249, 0.1196, 0.1230, 0.1243, 0.1268, 0.1284, 0.1278, 0.1252]],
       device='cuda:0', grad_fn=<SoftmaxBackward0>)
tensor([[0.1330, 0.1217, 0.1254, 0.1247, 0.1229, 0.1214, 0.1260, 0.1250],
        [0.1241, 0.1173, 0.1200, 0.1278, 0.1273, 0.1269, 0.1299, 0.1267],
        [0.1269, 0.1189, 0.1209, 0.1285, 0.1232, 0.1281, 0.1309, 0.1225],
        [0.1250, 0.1202, 0.1233, 0.1268, 0.1268, 0.1266, 0.1273, 0.1239],
        [0.1259, 0.1213, 0.1239, 0.1241, 0.1258, 0.1269, 0.1231, 0.1291]],
       device='cuda:0', grad_fn=<SoftmaxBackward0>)
tensor([[0.1318, 0.1222, 0.1275, 0.1234, 0.1246, 0.1227, 0.1264, 0.1215],
        [0.1240, 0.1188, 0.1225, 0.1288, 0.1264, 0.1240, 0.1265, 0.1290]],
       device='cuda:0', grad_fn=<SoftmaxBackward0>)
tensor([[0.1286, 0.1207, 0.1249, 0.1266, 0.1253, 0.1228, 0.1294, 0.1216],
        [0.1221, 0.1173, 0.1197, 0.1298, 0.1258, 0.1293, 0.1285, 0.1276],
        [0.1196, 0.1161, 0.1179, 0.1314, 0.1293, 0.1287, 0.1327, 0.1242]],
       device='cuda:0', grad_fn=<SoftmaxBackward0>)
tensor([[0.1285, 0.1193, 0.1237, 0.1251, 0.1278, 0.1272, 0.1250, 0.1234],
        [0.1212, 0.1171, 0.1195, 0.1273, 0.1274, 0.1271, 0.1325, 0.1278],
        [0.1196, 0.1172, 0.1199, 0.1272, 0.1287, 0.1291, 0.1289, 0.1294],
        [0.1227, 0.1196, 0.1224, 0.1279, 0.1312, 0.1233, 0.1257, 0.1272]],
       device='cuda:0', grad_fn=<SoftmaxBackward0>)
tensor([[0.1299, 0.1218, 0.1253, 0.1265, 0.1239, 0.1252, 0.1254, 0.1220],
        [0.1239, 0.1182, 0.1214, 0.1270, 0.1270, 0.1230, 0.1309, 0.1285],
        [0.1233, 0.1202, 0.1227, 0.1283, 0.1290, 0.1240, 0.1246, 0.1280],
        [0.1238, 0.1200, 0.1224, 0.1245, 0.1292, 0.1299, 0.1279, 0.1222],
        [0.1252, 0.1209, 0.1234, 0.1263, 0.1218, 0.1263, 0.1275, 0.1285]],
       device='cuda:0', grad_fn=<SoftmaxBackward0>)
tensor([[0.1296, 0.1212, 0.1224, 0.1254, 0.1266, 0.1237, 0.1261, 0.1249],
        [0.1265, 0.1202, 0.1211, 0.1242, 0.1253, 0.1274, 0.1277, 0.1276]],
       device='cuda:0', grad_fn=<SoftmaxBackward0>)
tensor([[0.1270, 0.1207, 0.1218, 0.1272, 0.1265, 0.1218, 0.1292, 0.1258],
        [0.1236, 0.1190, 0.1194, 0.1263, 0.1251, 0.1265, 0.1297, 0.1303],
        [0.1242, 0.1198, 0.1193, 0.1248, 0.1281, 0.1268, 0.1291, 0.1278]],
       device='cuda:0', grad_fn=<SoftmaxBackward0>)
tensor([[0.1254, 0.1197, 0.1202, 0.1248, 0.1282, 0.1294, 0.1262, 0.1260],
        [0.1243, 0.1204, 0.1203, 0.1283, 0.1258, 0.1269, 0.1265, 0.1274],
        [0.1258, 0.1224, 0.1207, 0.1268, 0.1236, 0.1283, 0.1269, 0.1255],
        [0.1255, 0.1219, 0.1209, 0.1258, 0.1273, 0.1250, 0.1276, 0.1261]],
       device='cuda:0', grad_fn=<SoftmaxBackward0>)
tensor([[0.1271, 0.1209, 0.1210, 0.1257, 0.1263, 0.1261, 0.1275, 0.1253],
        [0.1230, 0.1186, 0.1184, 0.1262, 0.1288, 0.1285, 0.1289, 0.1277],
        [0.1258, 0.1217, 0.1199, 0.1292, 0.1263, 0.1268, 0.1252, 0.1252],
        [0.1253, 0.1217, 0.1210, 0.1282, 0.1256, 0.1240, 0.1271, 0.1272],
        [0.1251, 0.1213, 0.1212, 0.1264, 0.1277, 0.1294, 0.1246, 0.1243]],
       device='cuda:0', grad_fn=<SoftmaxBackward0>)

# Alpha - reduce
tensor([[0.1298, 0.1242, 0.1279, 0.1233, 0.1262, 0.1234, 0.1241, 0.1210],
        [0.1235, 0.1208, 0.1278, 0.1211, 0.1248, 0.1274, 0.1249, 0.1298]],
       device='cuda:0', grad_fn=<SoftmaxBackward0>)
tensor([[0.1289, 0.1231, 0.1261, 0.1228, 0.1259, 0.1255, 0.1255, 0.1222],
        [0.1232, 0.1202, 0.1249, 0.1262, 0.1285, 0.1280, 0.1232, 0.1258],
        [0.1245, 0.1192, 0.1238, 0.1248, 0.1292, 0.1249, 0.1264, 0.1272]],
       device='cuda:0', grad_fn=<SoftmaxBackward0>)
tensor([[0.1265, 0.1214, 0.1242, 0.1269, 0.1257, 0.1265, 0.1261, 0.1228],
        [0.1241, 0.1210, 0.1231, 0.1267, 0.1263, 0.1282, 0.1251, 0.1255],
        [0.1239, 0.1188, 0.1218, 0.1280, 0.1260, 0.1274, 0.1293, 0.1249],
        [0.1240, 0.1197, 0.1237, 0.1272, 0.1288, 0.1232, 0.1267, 0.1266]],
       device='cuda:0', grad_fn=<SoftmaxBackward0>)
tensor([[0.1286, 0.1228, 0.1273, 0.1235, 0.1246, 0.1252, 0.1239, 0.1242],
        [0.1243, 0.1218, 0.1243, 0.1251, 0.1261, 0.1255, 0.1262, 0.1267],
        [0.1243, 0.1198, 0.1235, 0.1238, 0.1265, 0.1266, 0.1298, 0.1258],
        [0.1255, 0.1220, 0.1259, 0.1220, 0.1259, 0.1247, 0.1289, 0.1251],
        [0.1252, 0.1221, 0.1248, 0.1252, 0.1262, 0.1253, 0.1257, 0.1254]],
       device='cuda:0', grad_fn=<SoftmaxBackward0>)
tensor([[0.1263, 0.1205, 0.1235, 0.1297, 0.1245, 0.1211, 0.1292, 0.1251],
        [0.1240, 0.1207, 0.1234, 0.1267, 0.1277, 0.1239, 0.1280, 0.1256]],
       device='cuda:0', grad_fn=<SoftmaxBackward0>)
tensor([[0.1254, 0.1202, 0.1279, 0.1228, 0.1252, 0.1267, 0.1261, 0.1255],
        [0.1240, 0.1211, 0.1246, 0.1250, 0.1274, 0.1232, 0.1267, 0.1280],
        [0.1281, 0.1174, 0.1195, 0.1262, 0.1306, 0.1289, 0.1279, 0.1216]],
       device='cuda:0', grad_fn=<SoftmaxBackward0>)
tensor([[0.1217, 0.1169, 0.1261, 0.1235, 0.1295, 0.1259, 0.1295, 0.1270],
        [0.1225, 0.1198, 0.1278, 0.1276, 0.1248, 0.1252, 0.1258, 0.1265],
        [0.1261, 0.1151, 0.1190, 0.1290, 0.1270, 0.1323, 0.1274, 0.1242],
        [0.1243, 0.1165, 0.1191, 0.1290, 0.1250, 0.1308, 0.1317, 0.1237]],
       device='cuda:0', grad_fn=<SoftmaxBackward0>)
tensor([[0.1242, 0.1193, 0.1276, 0.1245, 0.1262, 0.1229, 0.1273, 0.1281],
        [0.1236, 0.1203, 0.1239, 0.1271, 0.1272, 0.1239, 0.1262, 0.1278],
        [0.1284, 0.1162, 0.1186, 0.1282, 0.1295, 0.1268, 0.1283, 0.1240],
        [0.1255, 0.1176, 0.1202, 0.1285, 0.1294, 0.1257, 0.1286, 0.1245],
        [0.1267, 0.1169, 0.1197, 0.1279, 0.1280, 0.1265, 0.1317, 0.1225]],
       device='cuda:0', grad_fn=<SoftmaxBackward0>)
#####################
08/07 09:34:02午後 searchCell_trainer.py:220 [INFO] Train: Epoch: [2][50/390]	Step 832	lr 0.02491	Loss 1.6295 (1.6272)	Hard Loss 3.2131 (3.2097)	Soft Loss 0.0005 (0.0004)	Arch Loss 3.4789 (3.2689)	Arch Hard Loss 0.0000 (0.0000)	Arch Soft Loss 0.0000 (0.0000)	Prec@(1,5) (20.6%, 50.2%)	
08/07 09:34:15午後 searchCell_trainer.py:220 [INFO] Train: Epoch: [2][100/390]	Step 882	lr 0.02491	Loss 1.8660 (1.6048)	Hard Loss 3.6867 (3.1652)	Soft Loss 0.0005 (0.0004)	Arch Loss 3.5409 (3.2300)	Arch Hard Loss 0.0000 (0.0000)	Arch Soft Loss 0.0000 (0.0000)	Prec@(1,5) (21.9%, 51.6%)	
08/07 09:34:29午後 searchCell_trainer.py:220 [INFO] Train: Epoch: [2][150/390]	Step 932	lr 0.02491	Loss 1.8558 (1.6136)	Hard Loss 3.6686 (3.1827)	Soft Loss 0.0004 (0.0004)	Arch Loss 3.0571 (3.2132)	Arch Hard Loss 0.0000 (0.0000)	Arch Soft Loss 0.0000 (0.0000)	Prec@(1,5) (21.7%, 51.3%)	
08/07 09:34:43午後 searchCell_trainer.py:220 [INFO] Train: Epoch: [2][200/390]	Step 982	lr 0.02491	Loss 1.6194 (1.6019)	Hard Loss 3.1951 (3.1594)	Soft Loss 0.0004 (0.0004)	Arch Loss 3.4564 (3.1925)	Arch Hard Loss 0.0000 (0.0000)	Arch Soft Loss 0.0000 (0.0000)	Prec@(1,5) (22.0%, 52.1%)	
08/07 09:34:57午後 searchCell_trainer.py:220 [INFO] Train: Epoch: [2][250/390]	Step 1032	lr 0.02491	Loss 1.4219 (1.5932)	Hard Loss 2.8008 (3.1418)	Soft Loss 0.0004 (0.0004)	Arch Loss 3.2722 (3.1741)	Arch Hard Loss 0.0000 (0.0000)	Arch Soft Loss 0.0000 (0.0000)	Prec@(1,5) (22.3%, 52.3%)	
08/07 09:35:10午後 searchCell_trainer.py:220 [INFO] Train: Epoch: [2][300/390]	Step 1082	lr 0.02491	Loss 1.3928 (1.5844)	Hard Loss 2.7380 (3.1241)	Soft Loss 0.0005 (0.0004)	Arch Loss 3.1133 (3.1635)	Arch Hard Loss 0.0000 (0.0000)	Arch Soft Loss 0.0000 (0.0000)	Prec@(1,5) (22.7%, 52.7%)	
08/07 09:35:24午後 searchCell_trainer.py:220 [INFO] Train: Epoch: [2][350/390]	Step 1132	lr 0.02491	Loss 1.5480 (1.5823)	Hard Loss 3.0501 (3.1201)	Soft Loss 0.0005 (0.0004)	Arch Loss 2.9190 (3.1462)	Arch Hard Loss 0.0000 (0.0000)	Arch Soft Loss 0.0000 (0.0000)	Prec@(1,5) (22.8%, 52.8%)	
08/07 09:35:35午後 searchCell_trainer.py:220 [INFO] Train: Epoch: [2][390/390]	Step 1172	lr 0.02491	Loss 1.6228 (1.5763)	Hard Loss 3.1942 (3.1080)	Soft Loss 0.0005 (0.0004)	Arch Loss 3.3802 (3.1399)	Arch Hard Loss 0.0000 (0.0000)	Arch Soft Loss 0.0000 (0.0000)	Prec@(1,5) (23.0%, 53.1%)	
08/07 09:35:35午後 searchCell_trainer.py:235 [INFO] Train: [  2/49] Final Prec@1 23.0440%
08/07 09:35:37午後 searchCell_trainer.py:263 [INFO] Valid: Epoch: [2][50/391]	Step 1173	Loss 2.9859	Prec@(1,5) (26.1%, 57.2%)
08/07 09:35:38午後 searchCell_trainer.py:263 [INFO] Valid: Epoch: [2][100/391]	Step 1173	Loss 2.9969	Prec@(1,5) (25.9%, 56.6%)
08/07 09:35:40午後 searchCell_trainer.py:263 [INFO] Valid: Epoch: [2][150/391]	Step 1173	Loss 2.9920	Prec@(1,5) (25.7%, 56.8%)
08/07 09:35:42午後 searchCell_trainer.py:263 [INFO] Valid: Epoch: [2][200/391]	Step 1173	Loss 2.9948	Prec@(1,5) (25.7%, 56.5%)
08/07 09:35:44午後 searchCell_trainer.py:263 [INFO] Valid: Epoch: [2][250/391]	Step 1173	Loss 3.0076	Prec@(1,5) (25.6%, 56.1%)
08/07 09:35:45午後 searchCell_trainer.py:263 [INFO] Valid: Epoch: [2][300/391]	Step 1173	Loss 3.0067	Prec@(1,5) (25.6%, 56.0%)
08/07 09:35:47午後 searchCell_trainer.py:263 [INFO] Valid: Epoch: [2][350/391]	Step 1173	Loss 3.0029	Prec@(1,5) (25.6%, 56.2%)
08/07 09:35:48午後 searchCell_trainer.py:263 [INFO] Valid: Epoch: [2][390/391]	Step 1173	Loss 3.0085	Prec@(1,5) (25.6%, 56.0%)
08/07 09:35:48午後 searchCell_trainer.py:270 [INFO] Valid: [  2/49] Final Prec@1 25.5920%
08/07 09:35:48午後 searchCell_KD_main.py:58 [INFO] genotype = Genotype3(normal1=[[('max_pool_3x3', 0), ('sep_conv_3x3', 1)], [('max_pool_3x3', 0), ('sep_conv_5x5', 2)], [('max_pool_3x3', 0), ('dil_conv_5x5', 2)], [('max_pool_3x3', 0), ('dil_conv_5x5', 2)]], normal1_concat=range(2, 6), reduce1=[[('max_pool_3x3', 0), ('skip_connect', 1)], [('max_pool_3x3', 0), ('sep_conv_5x5', 1)], [('dil_conv_5x5', 2), ('sep_conv_5x5', 3)], [('dil_conv_5x5', 2), ('max_pool_3x3', 0)]], reduce1_concat=range(2, 6), normal2=[[('max_pool_3x3', 0), ('sep_conv_3x3', 1)], [('dil_conv_5x5', 2), ('max_pool_3x3', 0)], [('sep_conv_5x5', 3), ('dil_conv_5x5', 1)], [('dil_conv_5x5', 1), ('max_pool_3x3', 0)]], normal2_concat=range(2, 6), reduce2=[[('dil_conv_5x5', 1), ('sep_conv_3x3', 0)], [('sep_conv_5x5', 2), ('dil_conv_5x5', 1)], [('dil_conv_5x5', 3), ('dil_conv_3x3', 2)], [('dil_conv_5x5', 4), ('sep_conv_5x5', 3)]], reduce2_concat=range(2, 6), normal3=[[('max_pool_3x3', 0), ('dil_conv_5x5', 1)], [('dil_conv_5x5', 1), ('dil_conv_5x5', 2)], [('sep_conv_3x3', 1), ('dil_conv_3x3', 0)], [('sep_conv_5x5', 1), ('sep_conv_3x3', 2)]], normal3_concat=range(2, 6))
08/07 09:35:49午後 searchCell_KD_main.py:92 [INFO] Until now, best Prec@1 = 25.5920%
####### ALPHA #######
# Alpha - normal
tensor([[0.1347, 0.1201, 0.1254, 0.1266, 0.1255, 0.1195, 0.1251, 0.1231],
        [0.1264, 0.1144, 0.1195, 0.1338, 0.1263, 0.1245, 0.1290, 0.1262]],
       device='cuda:0', grad_fn=<SoftmaxBackward0>)
tensor([[0.1336, 0.1185, 0.1240, 0.1238, 0.1271, 0.1262, 0.1221, 0.1246],
        [0.1292, 0.1171, 0.1224, 0.1266, 0.1261, 0.1278, 0.1260, 0.1248],
        [0.1242, 0.1160, 0.1232, 0.1314, 0.1324, 0.1261, 0.1220, 0.1247]],
       device='cuda:0', grad_fn=<SoftmaxBackward0>)
tensor([[0.1384, 0.1224, 0.1273, 0.1208, 0.1202, 0.1239, 0.1237, 0.1234],
        [0.1284, 0.1150, 0.1204, 0.1269, 0.1276, 0.1215, 0.1288, 0.1314],
        [0.1249, 0.1164, 0.1215, 0.1274, 0.1280, 0.1248, 0.1328, 0.1244],
        [0.1231, 0.1174, 0.1233, 0.1251, 0.1255, 0.1293, 0.1294, 0.1270]],
       device='cuda:0', grad_fn=<SoftmaxBackward0>)
tensor([[0.1378, 0.1211, 0.1271, 0.1218, 0.1221, 0.1189, 0.1274, 0.1237],
        [0.1233, 0.1135, 0.1181, 0.1299, 0.1271, 0.1280, 0.1319, 0.1281],
        [0.1259, 0.1155, 0.1191, 0.1294, 0.1233, 0.1320, 0.1342, 0.1205],
        [0.1236, 0.1174, 0.1228, 0.1279, 0.1271, 0.1296, 0.1281, 0.1235],
        [0.1246, 0.1188, 0.1234, 0.1245, 0.1281, 0.1275, 0.1227, 0.1305]],
       device='cuda:0', grad_fn=<SoftmaxBackward0>)
tensor([[0.1352, 0.1222, 0.1298, 0.1221, 0.1265, 0.1195, 0.1261, 0.1186],
        [0.1223, 0.1159, 0.1210, 0.1293, 0.1277, 0.1234, 0.1279, 0.1325]],
       device='cuda:0', grad_fn=<SoftmaxBackward0>)
tensor([[0.1316, 0.1204, 0.1273, 0.1256, 0.1245, 0.1214, 0.1302, 0.1190],
        [0.1212, 0.1151, 0.1187, 0.1305, 0.1241, 0.1314, 0.1300, 0.1290],
        [0.1195, 0.1137, 0.1173, 0.1324, 0.1298, 0.1278, 0.1359, 0.1235]],
       device='cuda:0', grad_fn=<SoftmaxBackward0>)
tensor([[0.1310, 0.1183, 0.1252, 0.1234, 0.1271, 0.1268, 0.1253, 0.1228],
        [0.1200, 0.1144, 0.1181, 0.1273, 0.1283, 0.1290, 0.1339, 0.1290],
        [0.1184, 0.1138, 0.1184, 0.1289, 0.1296, 0.1296, 0.1310, 0.1303],
        [0.1214, 0.1159, 0.1205, 0.1292, 0.1345, 0.1236, 0.1267, 0.1281]],
       device='cuda:0', grad_fn=<SoftmaxBackward0>)
tensor([[0.1317, 0.1203, 0.1252, 0.1262, 0.1250, 0.1250, 0.1274, 0.1193],
        [0.1233, 0.1168, 0.1211, 0.1268, 0.1281, 0.1208, 0.1328, 0.1303],
        [0.1222, 0.1171, 0.1213, 0.1300, 0.1309, 0.1236, 0.1255, 0.1293],
        [0.1228, 0.1173, 0.1208, 0.1235, 0.1317, 0.1318, 0.1284, 0.1238],
        [0.1241, 0.1183, 0.1221, 0.1275, 0.1222, 0.1251, 0.1290, 0.1317]],
       device='cuda:0', grad_fn=<SoftmaxBackward0>)
tensor([[0.1331, 0.1204, 0.1222, 0.1260, 0.1267, 0.1228, 0.1257, 0.1230],
        [0.1258, 0.1163, 0.1178, 0.1247, 0.1260, 0.1289, 0.1312, 0.1294]],
       device='cuda:0', grad_fn=<SoftmaxBackward0>)
tensor([[0.1297, 0.1195, 0.1211, 0.1261, 0.1278, 0.1216, 0.1300, 0.1241],
        [0.1227, 0.1149, 0.1159, 0.1283, 0.1263, 0.1275, 0.1305, 0.1340],
        [0.1250, 0.1180, 0.1174, 0.1254, 0.1295, 0.1263, 0.1305, 0.1279]],
       device='cuda:0', grad_fn=<SoftmaxBackward0>)
tensor([[0.1273, 0.1182, 0.1190, 0.1248, 0.1289, 0.1299, 0.1269, 0.1250],
        [0.1229, 0.1164, 0.1166, 0.1303, 0.1274, 0.1277, 0.1287, 0.1300],
        [0.1268, 0.1211, 0.1184, 0.1278, 0.1229, 0.1301, 0.1284, 0.1246],
        [0.1260, 0.1202, 0.1188, 0.1257, 0.1298, 0.1248, 0.1290, 0.1256]],
       device='cuda:0', grad_fn=<SoftmaxBackward0>)
tensor([[0.1283, 0.1190, 0.1192, 0.1262, 0.1275, 0.1269, 0.1280, 0.1248],
        [0.1208, 0.1137, 0.1138, 0.1274, 0.1320, 0.1307, 0.1312, 0.1303],
        [0.1255, 0.1194, 0.1165, 0.1320, 0.1270, 0.1275, 0.1272, 0.1248],
        [0.1248, 0.1192, 0.1180, 0.1296, 0.1267, 0.1252, 0.1288, 0.1275],
        [0.1247, 0.1190, 0.1188, 0.1279, 0.1305, 0.1304, 0.1247, 0.1240]],
       device='cuda:0', grad_fn=<SoftmaxBackward0>)

# Alpha - reduce
tensor([[0.1311, 0.1235, 0.1278, 0.1226, 0.1256, 0.1234, 0.1259, 0.1202],
        [0.1241, 0.1205, 0.1285, 0.1220, 0.1256, 0.1265, 0.1232, 0.1297]],
