08/23 01:54:20AM parser.py:28 [INFO] 
08/23 01:54:20AM parser.py:29 [INFO] Parameters:
08/23 01:54:20AM parser.py:31 [INFO] DAG_PATH=results/search_stage_KD/cifar100/noDepthLoss/s2-BaselineBestCell/DAG
08/23 01:54:20AM parser.py:31 [INFO] T=10.0
08/23 01:54:20AM parser.py:31 [INFO] ADVANCED=True
08/23 01:54:20AM parser.py:31 [INFO] ALPHA_LR=0.0003
08/23 01:54:20AM parser.py:31 [INFO] ALPHA_WEIGHT_DECAY=0.001
08/23 01:54:20AM parser.py:31 [INFO] BATCH_SIZE=64
08/23 01:54:20AM parser.py:31 [INFO] CASCADE=False
08/23 01:54:20AM parser.py:31 [INFO] CHECKPOINT_RESET=False
08/23 01:54:20AM parser.py:31 [INFO] CUTOUT_LENGTH=0
08/23 01:54:20AM parser.py:31 [INFO] DATA_PATH=../data/
08/23 01:54:20AM parser.py:31 [INFO] DATASET=cifar100
08/23 01:54:20AM parser.py:31 [INFO] DEPTH_COEF=0.0
08/23 01:54:20AM parser.py:31 [INFO] DESCRIPTION=BASELINE_on_noKD_without_depth_loss
08/23 01:54:20AM parser.py:31 [INFO] EPOCHS=50
08/23 01:54:20AM parser.py:31 [INFO] EXP_NAME=s2-BaselineBestCell
08/23 01:54:20AM parser.py:31 [INFO] GENOTYPE=Genotype3(normal1=[[('sep_conv_5x5', 0), ('sep_conv_3x3', 1)], [('sep_conv_3x3', 1), ('sep_conv_3x3', 0)], [('sep_conv_3x3', 1), ('sep_conv_3x3', 2)], [('sep_conv_3x3', 0), ('sep_conv_5x5', 4)]], normal1_concat=range(2, 6), reduce1=[[('sep_conv_3x3', 0), ('skip_connect', 1)], [('sep_conv_3x3', 1), ('max_pool_3x3', 0)], [('sep_conv_3x3', 2), ('sep_conv_3x3', 1)], [('max_pool_3x3', 0), ('dil_conv_3x3', 1)]], reduce1_concat=range(2, 6), normal2=[[('skip_connect', 0), ('sep_conv_5x5', 1)], [('skip_connect', 0), ('skip_connect', 2)], [('avg_pool_3x3', 0), ('avg_pool_3x3', 2)], [('skip_connect', 0), ('avg_pool_3x3', 2)]], normal2_concat=range(2, 6), reduce2=[[('avg_pool_3x3', 0), ('avg_pool_3x3', 1)], [('avg_pool_3x3', 0), ('skip_connect', 2)], [('skip_connect', 2), ('avg_pool_3x3', 0)], [('skip_connect', 2), ('avg_pool_3x3', 0)]], reduce2_concat=range(2, 6), normal3=[[('skip_connect', 0), ('skip_connect', 1)], [('skip_connect', 0), ('dil_conv_3x3', 1)], [('skip_connect', 0), ('skip_connect', 1)], [('skip_connect', 0), ('skip_connect', 2)]], normal3_concat=range(2, 6))
08/23 01:54:20AM parser.py:31 [INFO] GPUS=[0]
08/23 01:54:20AM parser.py:31 [INFO] INIT_CHANNELS=16
08/23 01:54:20AM parser.py:31 [INFO] L=0.5
08/23 01:54:20AM parser.py:31 [INFO] LAYERS=20
08/23 01:54:20AM parser.py:31 [INFO] LOGGER=<Logger H-DAS (INFO)>
08/23 01:54:20AM parser.py:31 [INFO] NAME=noDepthLoss
08/23 01:54:20AM parser.py:31 [INFO] NONKD=True
08/23 01:54:20AM parser.py:31 [INFO] PATH=results/search_stage_KD/cifar100/noDepthLoss/s2-BaselineBestCell
08/23 01:54:20AM parser.py:31 [INFO] PCDARTS=False
08/23 01:54:20AM parser.py:31 [INFO] PLOT_PATH=results/search_stage_KD/cifar100/noDepthLoss/s2-BaselineBestCell/plots
08/23 01:54:20AM parser.py:31 [INFO] PRINT_FREQ=50
08/23 01:54:20AM parser.py:31 [INFO] RESUME_PATH=None
08/23 01:54:20AM parser.py:31 [INFO] SAVE=s2-BaselineBestCell
08/23 01:54:20AM parser.py:31 [INFO] SEED=2
08/23 01:54:20AM parser.py:31 [INFO] SHARE_STAGE=False
08/23 01:54:20AM parser.py:31 [INFO] SPEC_CELL=True
08/23 01:54:20AM parser.py:31 [INFO] TEACHER_NAME=non
08/23 01:54:20AM parser.py:31 [INFO] TEACHER_PATH=non
08/23 01:54:20AM parser.py:31 [INFO] TRAIN_PORTION=0.5
08/23 01:54:20AM parser.py:31 [INFO] W_GRAD_CLIP=5.0
08/23 01:54:20AM parser.py:31 [INFO] W_LR=0.025
08/23 01:54:20AM parser.py:31 [INFO] W_LR_MIN=0.001
08/23 01:54:20AM parser.py:31 [INFO] W_MOMENTUM=0.9
08/23 01:54:20AM parser.py:31 [INFO] W_WEIGHT_DECAY=0.0003
08/23 01:54:20AM parser.py:31 [INFO] WORKERS=4
08/23 01:54:20AM parser.py:32 [INFO] 
08/23 01:54:36AM searchStage_trainer.py:137 [INFO] --> No loaded checkpoint!
####### ALPHA #######
# Alpha - DAG
tensor([[0.2502, 0.2500, 0.2500, 0.2498],
        [0.2502, 0.2497, 0.2500, 0.2500]], device='cuda:0',
       grad_fn=<SoftmaxBackward0>)
tensor([[0.2499, 0.2497, 0.2503, 0.2501],
        [0.2499, 0.2499, 0.2502, 0.2500],
        [0.2502, 0.2499, 0.2500, 0.2499]], device='cuda:0',
       grad_fn=<SoftmaxBackward0>)
tensor([[0.2502, 0.2498, 0.2503, 0.2498],
        [0.2499, 0.2501, 0.2501, 0.2500],
        [0.2500, 0.2501, 0.2500, 0.2499]], device='cuda:0',
       grad_fn=<SoftmaxBackward0>)
tensor([[0.2499, 0.2501, 0.2501, 0.2499],
        [0.2497, 0.2504, 0.2499, 0.2501],
        [0.2501, 0.2501, 0.2501, 0.2497]], device='cuda:0',
       grad_fn=<SoftmaxBackward0>)
tensor([[0.2498, 0.2501, 0.2499, 0.2502],
        [0.2502, 0.2499, 0.2499, 0.2500],
        [0.2498, 0.2501, 0.2502, 0.2499]], device='cuda:0',
       grad_fn=<SoftmaxBackward0>)
tensor([[0.2500, 0.2502, 0.2496, 0.2502],
        [0.2504, 0.2499, 0.2499, 0.2498],
        [0.2501, 0.2501, 0.2497, 0.2502]], device='cuda:0',
       grad_fn=<SoftmaxBackward0>)
tensor([[0.2495, 0.2500, 0.2501, 0.2503],
        [0.2501, 0.2498, 0.2503, 0.2498]], device='cuda:0',
       grad_fn=<SoftmaxBackward0>)
tensor([[0.2497, 0.2497, 0.2503, 0.2502],
        [0.2497, 0.2501, 0.2500, 0.2502],
        [0.2504, 0.2500, 0.2498, 0.2499]], device='cuda:0',
       grad_fn=<SoftmaxBackward0>)
tensor([[0.2496, 0.2502, 0.2500, 0.2502],
        [0.2500, 0.2503, 0.2497, 0.2499],
        [0.2497, 0.2498, 0.2502, 0.2503]], device='cuda:0',
       grad_fn=<SoftmaxBackward0>)
tensor([[0.2499, 0.2503, 0.2498, 0.2500],
        [0.2497, 0.2501, 0.2501, 0.2501],
        [0.2498, 0.2499, 0.2500, 0.2503]], device='cuda:0',
       grad_fn=<SoftmaxBackward0>)
tensor([[0.2499, 0.2499, 0.2502, 0.2501],
        [0.2503, 0.2500, 0.2499, 0.2498],
        [0.2502, 0.2501, 0.2497, 0.2500]], device='cuda:0',
       grad_fn=<SoftmaxBackward0>)
tensor([[0.2497, 0.2499, 0.2505, 0.2499],
        [0.2497, 0.2500, 0.2501, 0.2501],
        [0.2501, 0.2503, 0.2496, 0.2499]], device='cuda:0',
       grad_fn=<SoftmaxBackward0>)
tensor([[0.2500, 0.2497, 0.2502, 0.2501],
        [0.2497, 0.2500, 0.2502, 0.2501]], device='cuda:0',
       grad_fn=<SoftmaxBackward0>)
tensor([[0.2498, 0.2498, 0.2502, 0.2502],
        [0.2500, 0.2500, 0.2498, 0.2502],
        [0.2496, 0.2503, 0.2503, 0.2499]], device='cuda:0',
       grad_fn=<SoftmaxBackward0>)
tensor([[0.2501, 0.2500, 0.2502, 0.2498],
        [0.2497, 0.2498, 0.2504, 0.2501],
        [0.2501, 0.2500, 0.2499, 0.2500]], device='cuda:0',
       grad_fn=<SoftmaxBackward0>)
tensor([[0.2502, 0.2503, 0.2497, 0.2498],
        [0.2501, 0.2495, 0.2503, 0.2500],
        [0.2499, 0.2502, 0.2501, 0.2499]], device='cuda:0',
       grad_fn=<SoftmaxBackward0>)
tensor([[0.2502, 0.2501, 0.2499, 0.2498],
        [0.2502, 0.2500, 0.2496, 0.2502],
        [0.2498, 0.2502, 0.2500, 0.2499]], device='cuda:0',
       grad_fn=<SoftmaxBackward0>)
tensor([[0.2500, 0.2499, 0.2499, 0.2502],
        [0.2499, 0.2504, 0.2497, 0.2500],
        [0.2497, 0.2500, 0.2501, 0.2502]], device='cuda:0',
       grad_fn=<SoftmaxBackward0>)
#####################
08/23 01:54:51AM searchStage_trainer.py:268 [INFO] Train: Epoch: [0][50/390]	Step 50	lr 0.025	Loss 4.6665 (4.7331)	Hard Loss 4.6665 (4.7331)	Soft Loss 4.6665 (4.7331)	Arch Loss 4.9318 (4.7214)	Arch Hard Loss 4.9318 (4.7214)	Arch Soft Loss 4.9318 (4.7214)	Arch depth Loss 0.0000 (0.0000)	Prec@(1,5) (1.8%, 7.4%)	
08/23 01:55:02AM searchStage_trainer.py:268 [INFO] Train: Epoch: [0][100/390]	Step 100	lr 0.025	Loss 4.4632 (4.6650)	Hard Loss 4.4632 (4.6650)	Soft Loss 4.4632 (4.6650)	Arch Loss 4.3674 (4.6506)	Arch Hard Loss 4.3674 (4.6506)	Arch Soft Loss 4.3674 (4.6506)	Arch depth Loss 0.0000 (0.0000)	Prec@(1,5) (1.9%, 8.3%)	
08/23 01:55:14AM searchStage_trainer.py:268 [INFO] Train: Epoch: [0][150/390]	Step 150	lr 0.025	Loss 4.2113 (4.5830)	Hard Loss 4.2113 (4.5830)	Soft Loss 4.2113 (4.5830)	Arch Loss 4.5675 (4.5800)	Arch Hard Loss 4.5675 (4.5800)	Arch Soft Loss 4.5675 (4.5800)	Arch depth Loss 0.0000 (0.0000)	Prec@(1,5) (2.3%, 10.2%)	
08/23 01:55:26AM searchStage_trainer.py:268 [INFO] Train: Epoch: [0][200/390]	Step 200	lr 0.025	Loss 4.3505 (4.5219)	Hard Loss 4.3505 (4.5219)	Soft Loss 4.3505 (4.5219)	Arch Loss 4.4631 (4.5180)	Arch Hard Loss 4.4631 (4.5180)	Arch Soft Loss 4.4631 (4.5180)	Arch depth Loss 0.0000 (0.0000)	Prec@(1,5) (2.6%, 11.5%)	
08/23 01:55:38AM searchStage_trainer.py:268 [INFO] Train: Epoch: [0][250/390]	Step 250	lr 0.025	Loss 4.1887 (4.4658)	Hard Loss 4.1887 (4.4658)	Soft Loss 4.1887 (4.4658)	Arch Loss 3.9567 (4.4633)	Arch Hard Loss 3.9567 (4.4633)	Arch Soft Loss 3.9567 (4.4633)	Arch depth Loss 0.0000 (0.0000)	Prec@(1,5) (3.1%, 12.9%)	
08/23 01:55:50AM searchStage_trainer.py:268 [INFO] Train: Epoch: [0][300/390]	Step 300	lr 0.025	Loss 3.9939 (4.4144)	Hard Loss 3.9939 (4.4144)	Soft Loss 3.9939 (4.4144)	Arch Loss 3.9114 (4.4110)	Arch Hard Loss 3.9114 (4.4110)	Arch Soft Loss 3.9114 (4.4110)	Arch depth Loss 0.0000 (0.0000)	Prec@(1,5) (3.6%, 14.4%)	
08/23 01:56:03AM searchStage_trainer.py:268 [INFO] Train: Epoch: [0][350/390]	Step 350	lr 0.025	Loss 3.9176 (4.3767)	Hard Loss 3.9176 (4.3767)	Soft Loss 3.9176 (4.3767)	Arch Loss 4.2913 (4.3661)	Arch Hard Loss 4.2913 (4.3661)	Arch Soft Loss 4.2913 (4.3661)	Arch depth Loss 0.0000 (0.0000)	Prec@(1,5) (4.0%, 15.4%)	
08/23 01:56:13AM searchStage_trainer.py:268 [INFO] Train: Epoch: [0][390/390]	Step 390	lr 0.025	Loss 3.9545 (4.3399)	Hard Loss 3.9545 (4.3399)	Soft Loss 3.9545 (4.3399)	Arch Loss 4.2900 (4.3344)	Arch Hard Loss 4.2900 (4.3344)	Arch Soft Loss 4.2900 (4.3344)	Arch depth Loss 0.0000 (0.0000)	Prec@(1,5) (4.4%, 16.5%)	
08/23 01:56:13AM searchStage_trainer.py:284 [INFO] Train: [  0/49] Final Prec@1 4.3880%
08/23 01:56:16AM searchStage_trainer.py:312 [INFO] Valid: Epoch: [0][50/391]	Step 391	Loss 3.9923	Prec@(1,5) (7.6%, 25.8%)
08/23 01:56:17AM searchStage_trainer.py:312 [INFO] Valid: Epoch: [0][100/391]	Step 391	Loss 4.0041	Prec@(1,5) (8.0%, 25.8%)
08/23 01:56:19AM searchStage_trainer.py:312 [INFO] Valid: Epoch: [0][150/391]	Step 391	Loss 4.0054	Prec@(1,5) (8.1%, 25.7%)
08/23 01:56:21AM searchStage_trainer.py:312 [INFO] Valid: Epoch: [0][200/391]	Step 391	Loss 3.9967	Prec@(1,5) (8.3%, 26.2%)
08/23 01:56:23AM searchStage_trainer.py:312 [INFO] Valid: Epoch: [0][250/391]	Step 391	Loss 4.0070	Prec@(1,5) (8.0%, 25.9%)
08/23 01:56:25AM searchStage_trainer.py:312 [INFO] Valid: Epoch: [0][300/391]	Step 391	Loss 4.0058	Prec@(1,5) (8.0%, 25.8%)
08/23 01:56:27AM searchStage_trainer.py:312 [INFO] Valid: Epoch: [0][350/391]	Step 391	Loss 4.0088	Prec@(1,5) (7.9%, 25.7%)
08/23 01:56:28AM searchStage_trainer.py:312 [INFO] Valid: Epoch: [0][390/391]	Step 391	Loss 4.0106	Prec@(1,5) (7.8%, 25.7%)
08/23 01:56:28AM searchStage_trainer.py:323 [INFO] Valid: [  0/49] Final Prec@1 7.8160%
08/23 01:56:28AM searchStage_KD_main.py:58 [INFO] DAG = Genotype2(DAG1=[[('skip_connect', 0), ('skip_connect', 1)], [('max_pool_3x3', 2), ('skip_connect', 1)], [('skip_connect', 2), ('max_pool_3x3', 3)], [('max_pool_3x3', 3), ('max_pool_3x3', 2)], [('skip_connect', 3), ('max_pool_3x3', 4)], [('avg_pool_3x3', 6), ('skip_connect', 5)]], DAG1_concat=range(6, 8), DAG2=[[('skip_connect', 0), ('skip_connect', 1)], [('skip_connect', 1), ('skip_connect', 0)], [('skip_connect', 1), ('avg_pool_3x3', 3)], [('skip_connect', 3), ('skip_connect', 2)], [('avg_pool_3x3', 3), ('skip_connect', 4)], [('skip_connect', 4), ('skip_connect', 5)]], DAG2_concat=range(6, 8), DAG3=[[('skip_connect', 0), ('skip_connect', 1)], [('skip_connect', 0), ('skip_connect', 1)], [('skip_connect', 1), ('skip_connect', 2)], [('skip_connect', 2), ('skip_connect', 3)], [('skip_connect', 3), ('skip_connect', 5)], [('skip_connect', 5), ('skip_connect', 4)]], DAG3_concat=range(6, 8))
08/23 01:56:29AM searchStage_KD_main.py:89 [INFO] Until now, best Prec@1 = 7.8160%
####### ALPHA #######
# Alpha - DAG
tensor([[0.2489, 0.2502, 0.2514, 0.2495],
        [0.2491, 0.2497, 0.2509, 0.2503]], device='cuda:0',
       grad_fn=<SoftmaxBackward0>)
tensor([[0.2507, 0.2488, 0.2505, 0.2499],
        [0.2500, 0.2493, 0.2511, 0.2496],
        [0.2513, 0.2490, 0.2492, 0.2505]], device='cuda:0',
       grad_fn=<SoftmaxBackward0>)
tensor([[0.2510, 0.2487, 0.2507, 0.2497],
        [0.2498, 0.2493, 0.2515, 0.2493],
        [0.2510, 0.2490, 0.2493, 0.2507]], device='cuda:0',
       grad_fn=<SoftmaxBackward0>)
tensor([[0.2508, 0.2492, 0.2492, 0.2508],
        [0.2508, 0.2502, 0.2503, 0.2487],
        [0.2498, 0.2494, 0.2507, 0.2501]], device='cuda:0',
       grad_fn=<SoftmaxBackward0>)
tensor([[0.2510, 0.2501, 0.2516, 0.2474],
        [0.2507, 0.2505, 0.2504, 0.2483],
        [0.2473, 0.2475, 0.2492, 0.2560]], device='cuda:0',
       grad_fn=<SoftmaxBackward0>)
tensor([[0.2495, 0.2503, 0.2494, 0.2508],
        [0.2491, 0.2509, 0.2510, 0.2491],
        [0.2490, 0.2511, 0.2495, 0.2504]], device='cuda:0',
       grad_fn=<SoftmaxBackward0>)
tensor([[0.2452, 0.2509, 0.2544, 0.2494],
        [0.2476, 0.2502, 0.2524, 0.2498]], device='cuda:0',
       grad_fn=<SoftmaxBackward0>)
tensor([[0.2480, 0.2499, 0.2522, 0.2499],
        [0.2459, 0.2520, 0.2544, 0.2477],
        [0.2488, 0.2496, 0.2503, 0.2513]], device='cuda:0',
       grad_fn=<SoftmaxBackward0>)
tensor([[0.2457, 0.2523, 0.2556, 0.2463],
        [0.2473, 0.2503, 0.2513, 0.2510],
        [0.2451, 0.2513, 0.2511, 0.2525]], device='cuda:0',
       grad_fn=<SoftmaxBackward0>)
tensor([[0.2490, 0.2499, 0.2511, 0.2500],
        [0.2444, 0.2527, 0.2540, 0.2489],
        [0.2474, 0.2481, 0.2514, 0.2531]], device='cuda:0',
       grad_fn=<SoftmaxBackward0>)
tensor([[0.2439, 0.2535, 0.2532, 0.2494],
        [0.2466, 0.2517, 0.2521, 0.2495],
        [0.2443, 0.2524, 0.2509, 0.2524]], device='cuda:0',
       grad_fn=<SoftmaxBackward0>)
tensor([[0.2462, 0.2502, 0.2542, 0.2494],
        [0.2467, 0.2501, 0.2520, 0.2512],
        [0.2466, 0.2515, 0.2507, 0.2512]], device='cuda:0',
       grad_fn=<SoftmaxBackward0>)
tensor([[0.2441, 0.2474, 0.2608, 0.2477],
        [0.2414, 0.2464, 0.2612, 0.2509]], device='cuda:0',
       grad_fn=<SoftmaxBackward0>)
tensor([[0.2459, 0.2472, 0.2618, 0.2451],
        [0.2422, 0.2453, 0.2608, 0.2517],
        [0.2473, 0.2473, 0.2526, 0.2527]], device='cuda:0',
       grad_fn=<SoftmaxBackward0>)
tensor([[0.2446, 0.2491, 0.2628, 0.2436],
        [0.2475, 0.2457, 0.2534, 0.2534],
        [0.2467, 0.2479, 0.2526, 0.2528]], device='cuda:0',
       grad_fn=<SoftmaxBackward0>)
tensor([[0.2466, 0.2504, 0.2573, 0.2457],
        [0.2448, 0.2457, 0.2557, 0.2538],
        [0.2451, 0.2480, 0.2549, 0.2520]], device='cuda:0',
       grad_fn=<SoftmaxBackward0>)
tensor([[0.2472, 0.2482, 0.2557, 0.2489],
        [0.2473, 0.2479, 0.2531, 0.2518],
        [0.2476, 0.2487, 0.2529, 0.2509]], device='cuda:0',
       grad_fn=<SoftmaxBackward0>)
tensor([[0.2448, 0.2467, 0.2565, 0.2521],
        [0.2459, 0.2479, 0.2566, 0.2497],
        [0.2463, 0.2482, 0.2534, 0.2521]], device='cuda:0',
       grad_fn=<SoftmaxBackward0>)
#####################
08/23 01:56:43午前 searchStage_trainer.py:268 [INFO] Train: Epoch: [1][50/390]	Step 441	lr 0.02498	Loss 4.0197 (3.9817)	Hard Loss 4.0197 (3.9817)	Soft Loss 4.0197 (3.9817)	Arch Loss 4.1441 (3.9690)	Arch Hard Loss 4.1441 (3.9690)	Arch Soft Loss 4.1441 (3.9690)	Arch depth Loss 0.0000 (0.0000)	Prec@(1,5) (8.3%, 26.7%)	
08/23 01:56:55午前 searchStage_trainer.py:268 [INFO] Train: Epoch: [1][100/390]	Step 491	lr 0.02498	Loss 4.1453 (3.9752)	Hard Loss 4.1453 (3.9752)	Soft Loss 4.1453 (3.9752)	Arch Loss 3.9948 (3.9468)	Arch Hard Loss 3.9948 (3.9468)	Arch Soft Loss 3.9948 (3.9468)	Arch depth Loss 0.0000 (0.0000)	Prec@(1,5) (8.4%, 26.8%)	
08/23 01:57:08午前 searchStage_trainer.py:268 [INFO] Train: Epoch: [1][150/390]	Step 541	lr 0.02498	Loss 3.8969 (3.9487)	Hard Loss 3.8969 (3.9487)	Soft Loss 3.8969 (3.9487)	Arch Loss 3.8669 (3.9440)	Arch Hard Loss 3.8669 (3.9440)	Arch Soft Loss 3.8669 (3.9440)	Arch depth Loss 0.0000 (0.0000)	Prec@(1,5) (8.7%, 27.5%)	
08/23 01:57:20午前 searchStage_trainer.py:268 [INFO] Train: Epoch: [1][200/390]	Step 591	lr 0.02498	Loss 3.7326 (3.9360)	Hard Loss 3.7326 (3.9360)	Soft Loss 3.7326 (3.9360)	Arch Loss 3.6861 (3.9370)	Arch Hard Loss 3.6861 (3.9370)	Arch Soft Loss 3.6861 (3.9370)	Arch depth Loss 0.0000 (0.0000)	Prec@(1,5) (8.9%, 27.8%)	
08/23 01:57:33午前 searchStage_trainer.py:268 [INFO] Train: Epoch: [1][250/390]	Step 641	lr 0.02498	Loss 3.9615 (3.9243)	Hard Loss 3.9615 (3.9243)	Soft Loss 3.9615 (3.9243)	Arch Loss 3.9572 (3.9233)	Arch Hard Loss 3.9572 (3.9233)	Arch Soft Loss 3.9572 (3.9233)	Arch depth Loss 0.0000 (0.0000)	Prec@(1,5) (9.1%, 28.3%)	
08/23 01:57:45午前 searchStage_trainer.py:268 [INFO] Train: Epoch: [1][300/390]	Step 691	lr 0.02498	Loss 3.8025 (3.9053)	Hard Loss 3.8025 (3.9053)	Soft Loss 3.8025 (3.9053)	Arch Loss 3.7234 (3.9038)	Arch Hard Loss 3.7234 (3.9038)	Arch Soft Loss 3.7234 (3.9038)	Arch depth Loss 0.0000 (0.0000)	Prec@(1,5) (9.3%, 28.8%)	
08/23 01:57:58午前 searchStage_trainer.py:268 [INFO] Train: Epoch: [1][350/390]	Step 741	lr 0.02498	Loss 3.8345 (3.8866)	Hard Loss 3.8345 (3.8866)	Soft Loss 3.8345 (3.8866)	Arch Loss 3.7450 (3.8857)	Arch Hard Loss 3.7450 (3.8857)	Arch Soft Loss 3.7450 (3.8857)	Arch depth Loss 0.0000 (0.0000)	Prec@(1,5) (9.5%, 29.5%)	
08/23 01:58:08午前 searchStage_trainer.py:268 [INFO] Train: Epoch: [1][390/390]	Step 781	lr 0.02498	Loss 3.7879 (3.8720)	Hard Loss 3.7879 (3.8720)	Soft Loss 3.7879 (3.8720)	Arch Loss 3.9010 (3.8716)	Arch Hard Loss 3.9010 (3.8716)	Arch Soft Loss 3.9010 (3.8716)	Arch depth Loss 0.0000 (0.0000)	Prec@(1,5) (9.8%, 30.1%)	
08/23 01:58:08午前 searchStage_trainer.py:284 [INFO] Train: [  1/49] Final Prec@1 9.8280%
08/23 01:58:10午前 searchStage_trainer.py:312 [INFO] Valid: Epoch: [1][50/391]	Step 782	Loss 3.9220	Prec@(1,5) (9.3%, 30.7%)
08/23 01:58:12午前 searchStage_trainer.py:312 [INFO] Valid: Epoch: [1][100/391]	Step 782	Loss 3.8941	Prec@(1,5) (9.5%, 30.5%)
08/23 01:58:14午前 searchStage_trainer.py:312 [INFO] Valid: Epoch: [1][150/391]	Step 782	Loss 3.8941	Prec@(1,5) (9.4%, 30.4%)
08/23 01:58:16午前 searchStage_trainer.py:312 [INFO] Valid: Epoch: [1][200/391]	Step 782	Loss 3.8897	Prec@(1,5) (9.5%, 30.3%)
08/23 01:58:18午前 searchStage_trainer.py:312 [INFO] Valid: Epoch: [1][250/391]	Step 782	Loss 3.8899	Prec@(1,5) (9.5%, 30.2%)
08/23 01:58:20午前 searchStage_trainer.py:312 [INFO] Valid: Epoch: [1][300/391]	Step 782	Loss 3.8897	Prec@(1,5) (9.5%, 30.4%)
08/23 01:58:22午前 searchStage_trainer.py:312 [INFO] Valid: Epoch: [1][350/391]	Step 782	Loss 3.8929	Prec@(1,5) (9.5%, 30.5%)
08/23 01:58:23午前 searchStage_trainer.py:312 [INFO] Valid: Epoch: [1][390/391]	Step 782	Loss 3.8889	Prec@(1,5) (9.4%, 30.6%)
08/23 01:58:23午前 searchStage_trainer.py:323 [INFO] Valid: [  1/49] Final Prec@1 9.4440%
08/23 01:58:23午前 searchStage_KD_main.py:58 [INFO] DAG = Genotype2(DAG1=[[('skip_connect', 0), ('skip_connect', 1)], [('skip_connect', 1), ('skip_connect', 0)], [('max_pool_3x3', 1), ('max_pool_3x3', 3)], [('max_pool_3x3', 2), ('skip_connect', 4)], [('skip_connect', 3), ('max_pool_3x3', 4)], [('skip_connect', 5), ('skip_connect', 4)]], DAG1_concat=range(6, 8), DAG2=[[('skip_connect', 0), ('skip_connect', 1)], [('skip_connect', 1), ('skip_connect', 0)], [('skip_connect', 1), ('skip_connect', 2)], [('skip_connect', 2), ('skip_connect', 3)], [('skip_connect', 3), ('skip_connect', 4)], [('skip_connect', 4), ('skip_connect', 6)]], DAG2_concat=range(6, 8), DAG3=[[('skip_connect', 1), ('skip_connect', 0)], [('skip_connect', 0), ('skip_connect', 1)], [('skip_connect', 1), ('skip_connect', 2)], [('skip_connect', 2), ('skip_connect', 3)], [('skip_connect', 3), ('max_pool_3x3', 4)], [('skip_connect', 4), ('skip_connect', 5)]], DAG3_concat=range(6, 8))
08/23 01:58:24午前 searchStage_KD_main.py:89 [INFO] Until now, best Prec@1 = 9.4440%
####### ALPHA #######
# Alpha - DAG
tensor([[0.2478, 0.2496, 0.2527, 0.2500],
        [0.2482, 0.2497, 0.2524, 0.2497]], device='cuda:0',
       grad_fn=<SoftmaxBackward0>)
tensor([[0.2515, 0.2468, 0.2520, 0.2497],
        [0.2507, 0.2476, 0.2536, 0.2480],
        [0.2517, 0.2479, 0.2481, 0.2523]], device='cuda:0',
       grad_fn=<SoftmaxBackward0>)
tensor([[0.2560, 0.2471, 0.2523, 0.2446],
        [0.2503, 0.2467, 0.2496, 0.2534],
        [0.2524, 0.2467, 0.2485, 0.2523]], device='cuda:0',
       grad_fn=<SoftmaxBackward0>)
tensor([[0.2518, 0.2491, 0.2501, 0.2490],
        [0.2501, 0.2483, 0.2506, 0.2510],
        [0.2489, 0.2493, 0.2517, 0.2501]], device='cuda:0',
       grad_fn=<SoftmaxBackward0>)
tensor([[0.2530, 0.2490, 0.2558, 0.2422],
        [0.2534, 0.2476, 0.2518, 0.2472],
        [0.2469, 0.2429, 0.2456, 0.2647]], device='cuda:0',
       grad_fn=<SoftmaxBackward0>)
tensor([[0.2487, 0.2495, 0.2503, 0.2516],
        [0.2488, 0.2512, 0.2555, 0.2445],
        [0.2468, 0.2502, 0.2479, 0.2550]], device='cuda:0',
       grad_fn=<SoftmaxBackward0>)
tensor([[0.2446, 0.2452, 0.2614, 0.2488],
        [0.2441, 0.2467, 0.2600, 0.2492]], device='cuda:0',
       grad_fn=<SoftmaxBackward0>)
tensor([[0.2473, 0.2464, 0.2573, 0.2490],
        [0.2443, 0.2497, 0.2627, 0.2433],
        [0.2529, 0.2429, 0.2490, 0.2553]], device='cuda:0',
       grad_fn=<SoftmaxBackward0>)
tensor([[0.2432, 0.2553, 0.2653, 0.2362],
        [0.2426, 0.2498, 0.2545, 0.2532],
        [0.2398, 0.2496, 0.2507, 0.2598]], device='cuda:0',
       grad_fn=<SoftmaxBackward0>)
tensor([[0.2465, 0.2476, 0.2595, 0.2464],
        [0.2428, 0.2489, 0.2568, 0.2515],
        [0.2452, 0.2451, 0.2524, 0.2573]], device='cuda:0',
       grad_fn=<SoftmaxBackward0>)
tensor([[0.2461, 0.2480, 0.2629, 0.2430],
        [0.2476, 0.2455, 0.2547, 0.2522],
        [0.2445, 0.2454, 0.2496, 0.2605]], device='cuda:0',
       grad_fn=<SoftmaxBackward0>)
tensor([[0.2452, 0.2489, 0.2595, 0.2464],
        [0.2439, 0.2481, 0.2513, 0.2567],
        [0.2460, 0.2484, 0.2540, 0.2515]], device='cuda:0',
       grad_fn=<SoftmaxBackward0>)
tensor([[0.2480, 0.2399, 0.2663, 0.2458],
        [0.2406, 0.2397, 0.2667, 0.2530]], device='cuda:0',
       grad_fn=<SoftmaxBackward0>)
tensor([[0.2507, 0.2435, 0.2670, 0.2387],
        [0.2410, 0.2385, 0.2671, 0.2533],
        [0.2488, 0.2445, 0.2493, 0.2574]], device='cuda:0',
       grad_fn=<SoftmaxBackward0>)
tensor([[0.2505, 0.2449, 0.2662, 0.2384],
        [0.2544, 0.2406, 0.2546, 0.2505],
        [0.2493, 0.2425, 0.2477, 0.2606]], device='cuda:0',
       grad_fn=<SoftmaxBackward0>)
tensor([[0.2473, 0.2518, 0.2643, 0.2366],
        [0.2428, 0.2448, 0.2539, 0.2585],
        [0.2431, 0.2475, 0.2518, 0.2576]], device='cuda:0',
       grad_fn=<SoftmaxBackward0>)
tensor([[0.2515, 0.2472, 0.2600, 0.2414],
        [0.2514, 0.2431, 0.2484, 0.2571],
        [0.2509, 0.2449, 0.2495, 0.2547]], device='cuda:0',
       grad_fn=<SoftmaxBackward0>)
tensor([[0.2513, 0.2449, 0.2540, 0.2498],
        [0.2523, 0.2484, 0.2528, 0.2465],
        [0.2474, 0.2457, 0.2509, 0.2560]], device='cuda:0',
       grad_fn=<SoftmaxBackward0>)
#####################
08/23 01:58:37午前 searchStage_trainer.py:268 [INFO] Train: Epoch: [2][50/390]	Step 832	lr 0.02491	Loss 3.8094 (3.7040)	Hard Loss 3.8094 (3.7040)	Soft Loss 3.8094 (3.7040)	Arch Loss 3.9855 (3.7371)	Arch Hard Loss 3.9855 (3.7371)	Arch Soft Loss 3.9855 (3.7371)	Arch depth Loss 0.0000 (0.0000)	Prec@(1,5) (12.2%, 35.0%)	
08/23 01:58:50午前 searchStage_trainer.py:268 [INFO] Train: Epoch: [2][100/390]	Step 882	lr 0.02491	Loss 3.6998 (3.6845)	Hard Loss 3.6998 (3.6845)	Soft Loss 3.6998 (3.6845)	Arch Loss 3.7292 (3.6984)	Arch Hard Loss 3.7292 (3.6984)	Arch Soft Loss 3.7292 (3.6984)	Arch depth Loss 0.0000 (0.0000)	Prec@(1,5) (12.6%, 36.5%)	
08/23 01:59:02午前 searchStage_trainer.py:268 [INFO] Train: Epoch: [2][150/390]	Step 932	lr 0.02491	Loss 3.5798 (3.6672)	Hard Loss 3.5798 (3.6672)	Soft Loss 3.5798 (3.6672)	Arch Loss 3.7548 (3.6821)	Arch Hard Loss 3.7548 (3.6821)	Arch Soft Loss 3.7548 (3.6821)	Arch depth Loss 0.0000 (0.0000)	Prec@(1,5) (13.1%, 36.5%)	
08/23 01:59:15午前 searchStage_trainer.py:268 [INFO] Train: Epoch: [2][200/390]	Step 982	lr 0.02491	Loss 3.7217 (3.6591)	Hard Loss 3.7217 (3.6591)	Soft Loss 3.7217 (3.6591)	Arch Loss 3.3522 (3.6756)	Arch Hard Loss 3.3522 (3.6756)	Arch Soft Loss 3.3522 (3.6756)	Arch depth Loss 0.0000 (0.0000)	Prec@(1,5) (13.1%, 36.8%)	
08/23 01:59:28午前 searchStage_trainer.py:268 [INFO] Train: Epoch: [2][250/390]	Step 1032	lr 0.02491	Loss 3.7174 (3.6540)	Hard Loss 3.7174 (3.6540)	Soft Loss 3.7174 (3.6540)	Arch Loss 3.3370 (3.6655)	Arch Hard Loss 3.3370 (3.6655)	Arch Soft Loss 3.3370 (3.6655)	Arch depth Loss 0.0000 (0.0000)	Prec@(1,5) (13.3%, 36.9%)	
08/23 01:59:40午前 searchStage_trainer.py:268 [INFO] Train: Epoch: [2][300/390]	Step 1082	lr 0.02491	Loss 3.3137 (3.6318)	Hard Loss 3.3137 (3.6318)	Soft Loss 3.3137 (3.6318)	Arch Loss 3.2249 (3.6451)	Arch Hard Loss 3.2249 (3.6451)	Arch Soft Loss 3.2249 (3.6451)	Arch depth Loss 0.0000 (0.0000)	Prec@(1,5) (13.6%, 37.6%)	
08/23 01:59:53午前 searchStage_trainer.py:268 [INFO] Train: Epoch: [2][350/390]	Step 1132	lr 0.02491	Loss 3.4502 (3.6180)	Hard Loss 3.4502 (3.6180)	Soft Loss 3.4502 (3.6180)	Arch Loss 3.4585 (3.6278)	Arch Hard Loss 3.4585 (3.6278)	Arch Soft Loss 3.4585 (3.6278)	Arch depth Loss 0.0000 (0.0000)	Prec@(1,5) (13.8%, 38.0%)	
08/23 02:00:03午前 searchStage_trainer.py:268 [INFO] Train: Epoch: [2][390/390]	Step 1172	lr 0.02491	Loss 3.6591 (3.6101)	Hard Loss 3.6591 (3.6101)	Soft Loss 3.6591 (3.6101)	Arch Loss 3.5849 (3.6149)	Arch Hard Loss 3.5849 (3.6149)	Arch Soft Loss 3.5849 (3.6149)	Arch depth Loss 0.0000 (0.0000)	Prec@(1,5) (13.9%, 38.2%)	
08/23 02:00:04午前 searchStage_trainer.py:284 [INFO] Train: [  2/49] Final Prec@1 13.9360%
08/23 02:00:06午前 searchStage_trainer.py:312 [INFO] Valid: Epoch: [2][50/391]	Step 1173	Loss 3.4931	Prec@(1,5) (15.8%, 42.2%)
08/23 02:00:08午前 searchStage_trainer.py:312 [INFO] Valid: Epoch: [2][100/391]	Step 1173	Loss 3.4985	Prec@(1,5) (15.6%, 42.2%)
08/23 02:00:09午前 searchStage_trainer.py:312 [INFO] Valid: Epoch: [2][150/391]	Step 1173	Loss 3.5004	Prec@(1,5) (15.6%, 42.3%)
08/23 02:00:11午前 searchStage_trainer.py:312 [INFO] Valid: Epoch: [2][200/391]	Step 1173	Loss 3.5067	Prec@(1,5) (15.7%, 42.1%)
08/23 02:00:13午前 searchStage_trainer.py:312 [INFO] Valid: Epoch: [2][250/391]	Step 1173	Loss 3.5050	Prec@(1,5) (15.7%, 41.9%)
08/23 02:00:15午前 searchStage_trainer.py:312 [INFO] Valid: Epoch: [2][300/391]	Step 1173	Loss 3.5001	Prec@(1,5) (15.7%, 41.9%)
08/23 02:00:17午前 searchStage_trainer.py:312 [INFO] Valid: Epoch: [2][350/391]	Step 1173	Loss 3.4967	Prec@(1,5) (15.8%, 42.0%)
08/23 02:00:18午前 searchStage_trainer.py:312 [INFO] Valid: Epoch: [2][390/391]	Step 1173	Loss 3.4954	Prec@(1,5) (15.7%, 41.8%)
08/23 02:00:19午前 searchStage_trainer.py:323 [INFO] Valid: [  2/49] Final Prec@1 15.7000%
08/23 02:00:19午前 searchStage_KD_main.py:58 [INFO] DAG = Genotype2(DAG1=[[('skip_connect', 0), ('skip_connect', 1)], [('skip_connect', 1), ('skip_connect', 0)], [('skip_connect', 1), ('skip_connect', 2)], [('skip_connect', 2), ('max_pool_3x3', 3)], [('skip_connect', 3), ('skip_connect', 4)], [('skip_connect', 5), ('skip_connect', 4)]], DAG1_concat=range(6, 8), DAG2=[[('skip_connect', 0), ('skip_connect', 1)], [('skip_connect', 1), ('skip_connect', 0)], [('skip_connect', 1), ('skip_connect', 2)], [('skip_connect', 2), ('skip_connect', 3)], [('skip_connect', 3), ('skip_connect', 4)], [('skip_connect', 4), ('skip_connect', 6)]], DAG2_concat=range(6, 8), DAG3=[[('skip_connect', 0), ('skip_connect', 1)], [('skip_connect', 0), ('skip_connect', 1)], [('skip_connect', 1), ('max_pool_3x3', 2)], [('skip_connect', 2), ('skip_connect', 3)], [('skip_connect', 3), ('max_pool_3x3', 4)], [('max_pool_3x3', 4), ('max_pool_3x3', 5)]], DAG3_concat=range(6, 8))
08/23 02:00:19午前 searchStage_KD_main.py:89 [INFO] Until now, best Prec@1 = 15.7000%
####### ALPHA #######
# Alpha - DAG
tensor([[0.2440, 0.2493, 0.2571, 0.2496],
        [0.2454, 0.2493, 0.2555, 0.2497]], device='cuda:0',
       grad_fn=<SoftmaxBackward0>)
tensor([[0.2514, 0.2412, 0.2564, 0.2510],
        [0.2511, 0.2441, 0.2609, 0.2438],
        [0.2513, 0.2472, 0.2464, 0.2550]], device='cuda:0',
       grad_fn=<SoftmaxBackward0>)
tensor([[0.2540, 0.2463, 0.2612, 0.2385],
        [0.2478, 0.2462, 0.2506, 0.2555],
        [0.2490, 0.2457, 0.2478, 0.2575]], device='cuda:0',
       grad_fn=<SoftmaxBackward0>)
tensor([[0.2510, 0.2500, 0.2535, 0.2455],
        [0.2541, 0.2427, 0.2497, 0.2535],
        [0.2478, 0.2465, 0.2532, 0.2525]], device='cuda:0',
       grad_fn=<SoftmaxBackward0>)
tensor([[0.2505, 0.2484, 0.2610, 0.2401],
        [0.2489, 0.2489, 0.2568, 0.2454],
        [0.2411, 0.2417, 0.2467, 0.2706]], device='cuda:0',
       grad_fn=<SoftmaxBackward0>)
tensor([[0.2454, 0.2486, 0.2546, 0.2515],
        [0.2478, 0.2504, 0.2591, 0.2428],
        [0.2444, 0.2481, 0.2490, 0.2586]], device='cuda:0',
       grad_fn=<SoftmaxBackward0>)
tensor([[0.2423, 0.2386, 0.2744, 0.2447],
        [0.2376, 0.2388, 0.2723, 0.2513]], device='cuda:0',
       grad_fn=<SoftmaxBackward0>)
tensor([[0.2474, 0.2425, 0.2700, 0.2402],
        [0.2398, 0.2413, 0.2786, 0.2402],
        [0.2514, 0.2384, 0.2467, 0.2635]], device='cuda:0',
       grad_fn=<SoftmaxBackward0>)
tensor([[0.2456, 0.2560, 0.2759, 0.2224],
        [0.2427, 0.2425, 0.2587, 0.2561],
        [0.2398, 0.2403, 0.2466, 0.2733]], device='cuda:0',
       grad_fn=<SoftmaxBackward0>)
tensor([[0.2423, 0.2442, 0.2682, 0.2453],
        [0.2390, 0.2451, 0.2650, 0.2509],
        [0.2420, 0.2431, 0.2534, 0.2615]], device='cuda:0',
       grad_fn=<SoftmaxBackward0>)
tensor([[0.2444, 0.2409, 0.2805, 0.2342],
        [0.2483, 0.2370, 0.2575, 0.2572],
        [0.2413, 0.2389, 0.2480, 0.2718]], device='cuda:0',
       grad_fn=<SoftmaxBackward0>)
tensor([[0.2445, 0.2447, 0.2677, 0.2431],
        [0.2440, 0.2413, 0.2535, 0.2612],
        [0.2452, 0.2446, 0.2566, 0.2536]], device='cuda:0',
       grad_fn=<SoftmaxBackward0>)
tensor([[0.2495, 0.2326, 0.2759, 0.2420],
        [0.2408, 0.2292, 0.2736, 0.2563]], device='cuda:0',
       grad_fn=<SoftmaxBackward0>)
tensor([[0.2554, 0.2368, 0.2733, 0.2344],
        [0.2435, 0.2311, 0.2735, 0.2519],
        [0.2535, 0.2386, 0.2451, 0.2629]], device='cuda:0',
       grad_fn=<SoftmaxBackward0>)
tensor([[0.2569, 0.2376, 0.2713, 0.2342],
        [0.2575, 0.2335, 0.2557, 0.2533],
        [0.2534, 0.2383, 0.2454, 0.2629]], device='cuda:0',
       grad_fn=<SoftmaxBackward0>)
tensor([[0.2481, 0.2493, 0.2694, 0.2332],
        [0.2429, 0.2387, 0.2566, 0.2617],
        [0.2444, 0.2430, 0.2521, 0.2606]], device='cuda:0',
       grad_fn=<SoftmaxBackward0>)
tensor([[0.2622, 0.2434, 0.2628, 0.2316],
        [0.2589, 0.2360, 0.2432, 0.2619],
        [0.2558, 0.2357, 0.2454, 0.2631]], device='cuda:0',
       grad_fn=<SoftmaxBackward0>)
tensor([[0.2598, 0.2407, 0.2537, 0.2458],
        [0.2573, 0.2449, 0.2502, 0.2476],
        [0.2506, 0.2419, 0.2491, 0.2584]], device='cuda:0',
       grad_fn=<SoftmaxBackward0>)
#####################
08/23 02:00:33午前 searchStage_trainer.py:268 [INFO] Train: Epoch: [3][50/390]	Step 1223	lr 0.02479	Loss 3.3795 (3.4369)	Hard Loss 3.3795 (3.4369)	Soft Loss 3.3795 (3.4369)	Arch Loss 3.5492 (3.5111)	Arch Hard Loss 3.5492 (3.5111)	Arch Soft Loss 3.5492 (3.5111)	Arch depth Loss 0.0000 (0.0000)	Prec@(1,5) (15.9%, 43.1%)	
08/23 02:00:45午前 searchStage_trainer.py:268 [INFO] Train: Epoch: [3][100/390]	Step 1273	lr 0.02479	Loss 3.0859 (3.4437)	Hard Loss 3.0859 (3.4437)	Soft Loss 3.0859 (3.4437)	Arch Loss 3.1740 (3.4799)	Arch Hard Loss 3.1740 (3.4799)	Arch Soft Loss 3.1740 (3.4799)	Arch depth Loss 0.0000 (0.0000)	Prec@(1,5) (15.8%, 42.7%)	
08/23 02:00:58午前 searchStage_trainer.py:268 [INFO] Train: Epoch: [3][150/390]	Step 1323	lr 0.02479	Loss 3.4883 (3.4425)	Hard Loss 3.4883 (3.4425)	Soft Loss 3.4883 (3.4425)	Arch Loss 3.5407 (3.4663)	Arch Hard Loss 3.5407 (3.4663)	Arch Soft Loss 3.5407 (3.4663)	Arch depth Loss 0.0000 (0.0000)	Prec@(1,5) (15.7%, 42.7%)	
08/23 02:01:11午前 searchStage_trainer.py:268 [INFO] Train: Epoch: [3][200/390]	Step 1373	lr 0.02479	Loss 3.8979 (3.4238)	Hard Loss 3.8979 (3.4238)	Soft Loss 3.8979 (3.4238)	Arch Loss 3.2598 (3.4598)	Arch Hard Loss 3.2598 (3.4598)	Arch Soft Loss 3.2598 (3.4598)	Arch depth Loss 0.0000 (0.0000)	Prec@(1,5) (16.3%, 43.4%)	
08/23 02:01:23午前 searchStage_trainer.py:268 [INFO] Train: Epoch: [3][250/390]	Step 1423	lr 0.02479	Loss 3.2628 (3.4086)	Hard Loss 3.2628 (3.4086)	Soft Loss 3.2628 (3.4086)	Arch Loss 3.2127 (3.4424)	Arch Hard Loss 3.2127 (3.4424)	Arch Soft Loss 3.2127 (3.4424)	Arch depth Loss 0.0000 (0.0000)	Prec@(1,5) (16.6%, 43.7%)	
08/23 02:01:36午前 searchStage_trainer.py:268 [INFO] Train: Epoch: [3][300/390]	Step 1473	lr 0.02479	Loss 3.2572 (3.4036)	Hard Loss 3.2572 (3.4036)	Soft Loss 3.2572 (3.4036)	Arch Loss 3.2557 (3.4253)	Arch Hard Loss 3.2557 (3.4253)	Arch Soft Loss 3.2557 (3.4253)	Arch depth Loss 0.0000 (0.0000)	Prec@(1,5) (17.0%, 44.1%)	
08/23 02:01:48午前 searchStage_trainer.py:268 [INFO] Train: Epoch: [3][350/390]	Step 1523	lr 0.02479	Loss 3.3950 (3.3969)	Hard Loss 3.3950 (3.3969)	Soft Loss 3.3950 (3.3969)	Arch Loss 3.4578 (3.4123)	Arch Hard Loss 3.4578 (3.4123)	Arch Soft Loss 3.4578 (3.4123)	Arch depth Loss 0.0000 (0.0000)	Prec@(1,5) (17.2%, 44.4%)	
08/23 02:01:58午前 searchStage_trainer.py:268 [INFO] Train: Epoch: [3][390/390]	Step 1563	lr 0.02479	Loss 3.1997 (3.3913)	Hard Loss 3.1997 (3.3913)	Soft Loss 3.1997 (3.3913)	Arch Loss 3.3847 (3.4019)	Arch Hard Loss 3.3847 (3.4019)	Arch Soft Loss 3.3847 (3.4019)	Arch depth Loss 0.0000 (0.0000)	Prec@(1,5) (17.2%, 44.4%)	
08/23 02:01:59午前 searchStage_trainer.py:284 [INFO] Train: [  3/49] Final Prec@1 17.2360%
08/23 02:02:01午前 searchStage_trainer.py:312 [INFO] Valid: Epoch: [3][50/391]	Step 1564	Loss 3.3477	Prec@(1,5) (18.7%, 46.3%)
08/23 02:02:03午前 searchStage_trainer.py:312 [INFO] Valid: Epoch: [3][100/391]	Step 1564	Loss 3.3361	Prec@(1,5) (18.4%, 46.7%)
08/23 02:02:05午前 searchStage_trainer.py:312 [INFO] Valid: Epoch: [3][150/391]	Step 1564	Loss 3.3114	Prec@(1,5) (19.2%, 47.2%)
08/23 02:02:07午前 searchStage_trainer.py:312 [INFO] Valid: Epoch: [3][200/391]	Step 1564	Loss 3.3217	Prec@(1,5) (18.9%, 47.0%)
08/23 02:02:08午前 searchStage_trainer.py:312 [INFO] Valid: Epoch: [3][250/391]	Step 1564	Loss 3.3207	Prec@(1,5) (18.8%, 47.0%)
08/23 02:02:10午前 searchStage_trainer.py:312 [INFO] Valid: Epoch: [3][300/391]	Step 1564	Loss 3.3175	Prec@(1,5) (18.7%, 47.0%)
08/23 02:02:12午前 searchStage_trainer.py:312 [INFO] Valid: Epoch: [3][350/391]	Step 1564	Loss 3.3192	Prec@(1,5) (18.7%, 47.0%)
08/23 02:02:13午前 searchStage_trainer.py:312 [INFO] Valid: Epoch: [3][390/391]	Step 1564	Loss 3.3172	Prec@(1,5) (18.8%, 47.1%)
08/23 02:02:13午前 searchStage_trainer.py:323 [INFO] Valid: [  3/49] Final Prec@1 18.7880%
08/23 02:02:13午前 searchStage_KD_main.py:58 [INFO] DAG = Genotype2(DAG1=[[('skip_connect', 0), ('skip_connect', 1)], [('skip_connect', 1), ('skip_connect', 0)], [('skip_connect', 1), ('skip_connect', 2)], [('skip_connect', 2), ('skip_connect', 3)], [('skip_connect', 3), ('skip_connect', 4)], [('skip_connect', 4), ('skip_connect', 5)]], DAG1_concat=range(6, 8), DAG2=[[('skip_connect', 0), ('skip_connect', 1)], [('skip_connect', 1), ('skip_connect', 0)], [('skip_connect', 1), ('skip_connect', 2)], [('skip_connect', 2), ('skip_connect', 3)], [('skip_connect', 3), ('skip_connect', 4)], [('skip_connect', 4), ('skip_connect', 5)]], DAG2_concat=range(6, 8), DAG3=[[('skip_connect', 0), ('skip_connect', 1)], [('skip_connect', 0), ('skip_connect', 1)], [('skip_connect', 1), ('skip_connect', 2)], [('skip_connect', 2), ('skip_connect', 3)], [('max_pool_3x3', 3), ('max_pool_3x3', 4)], [('max_pool_3x3', 4), ('max_pool_3x3', 5)]], DAG3_concat=range(6, 8))
08/23 02:02:14午前 searchStage_KD_main.py:89 [INFO] Until now, best Prec@1 = 18.7880%
####### ALPHA #######
# Alpha - DAG
tensor([[0.2391, 0.2472, 0.2654, 0.2483],
        [0.2413, 0.2462, 0.2619, 0.2506]], device='cuda:0',
       grad_fn=<SoftmaxBackward0>)
tensor([[0.2481, 0.2334, 0.2684, 0.2501],
        [0.2490, 0.2349, 0.2703, 0.2457],
        [0.2515, 0.2456, 0.2485, 0.2543]], device='cuda:0',
       grad_fn=<SoftmaxBackward0>)
tensor([[0.2494, 0.2425, 0.2736, 0.2345],
        [0.2473, 0.2411, 0.2531, 0.2585],
        [0.2470, 0.2422, 0.2499, 0.2608]], device='cuda:0',
       grad_fn=<SoftmaxBackward0>)
tensor([[0.2488, 0.2497, 0.2585, 0.2430],
        [0.2498, 0.2396, 0.2570, 0.2537],
        [0.2448, 0.2419, 0.2568, 0.2565]], device='cuda:0',
       grad_fn=<SoftmaxBackward0>)
tensor([[0.2509, 0.2428, 0.2689, 0.2373],
        [0.2464, 0.2443, 0.2614, 0.2479],
        [0.2387, 0.2397, 0.2477, 0.2739]], device='cuda:0',
       grad_fn=<SoftmaxBackward0>)
tensor([[0.2433, 0.2457, 0.2647, 0.2463],
        [0.2443, 0.2438, 0.2653, 0.2465],
        [0.2417, 0.2456, 0.2509, 0.2618]], device='cuda:0',
       grad_fn=<SoftmaxBackward0>)
tensor([[0.2434, 0.2324, 0.2810, 0.2432],
        [0.2377, 0.2310, 0.2784, 0.2528]], device='cuda:0',
       grad_fn=<SoftmaxBackward0>)
tensor([[0.2491, 0.2393, 0.2743, 0.2373],
        [0.2421, 0.2385, 0.2831, 0.2363],
        [0.2507, 0.2360, 0.2434, 0.2699]], device='cuda:0',
       grad_fn=<SoftmaxBackward0>)
tensor([[0.2485, 0.2542, 0.2813, 0.2160],
        [0.2416, 0.2387, 0.2618, 0.2579],
        [0.2402, 0.2368, 0.2427, 0.2803]], device='cuda:0',
       grad_fn=<SoftmaxBackward0>)
tensor([[0.2420, 0.2442, 0.2765, 0.2373],
        [0.2384, 0.2421, 0.2633, 0.2562],
        [0.2418, 0.2427, 0.2519, 0.2637]], device='cuda:0',
       grad_fn=<SoftmaxBackward0>)
tensor([[0.2474, 0.2347, 0.2888, 0.2292],
        [0.2485, 0.2306, 0.2603, 0.2606],
        [0.2367, 0.2382, 0.2478, 0.2773]], device='cuda:0',
       grad_fn=<SoftmaxBackward0>)
tensor([[0.2414, 0.2432, 0.2741, 0.2413],
        [0.2419, 0.2445, 0.2572, 0.2564],
        [0.2409, 0.2440, 0.2552, 0.2599]], device='cuda:0',
       grad_fn=<SoftmaxBackward0>)
tensor([[0.2479, 0.2252, 0.2852, 0.2417],
        [0.2379, 0.2220, 0.2844, 0.2557]], device='cuda:0',
       grad_fn=<SoftmaxBackward0>)
tensor([[0.2555, 0.2285, 0.2846, 0.2315],
        [0.2415, 0.2230, 0.2841, 0.2515],
        [0.2560, 0.2345, 0.2440, 0.2656]], device='cuda:0',
       grad_fn=<SoftmaxBackward0>)
tensor([[0.2583, 0.2305, 0.2822, 0.2289],
        [0.2574, 0.2299, 0.2574, 0.2553],
        [0.2555, 0.2340, 0.2438, 0.2668]], device='cuda:0',
       grad_fn=<SoftmaxBackward0>)
tensor([[0.2490, 0.2470, 0.2765, 0.2275],
        [0.2446, 0.2307, 0.2567, 0.2680],
        [0.2424, 0.2359, 0.2564, 0.2653]], device='cuda:0',
       grad_fn=<SoftmaxBackward0>)
tensor([[0.2737, 0.2370, 0.2643, 0.2250],
        [0.2668, 0.2289, 0.2402, 0.2642],
        [0.2611, 0.2259, 0.2427, 0.2703]], device='cuda:0',
       grad_fn=<SoftmaxBackward0>)
tensor([[0.2653, 0.2372, 0.2539, 0.2436],
        [0.2619, 0.2400, 0.2494, 0.2487],
        [0.2537, 0.2377, 0.2489, 0.2597]], device='cuda:0',
       grad_fn=<SoftmaxBackward0>)
#####################
08/23 02:02:27午前 searchStage_trainer.py:268 [INFO] Train: Epoch: [4][50/390]	Step 1614	lr 0.02462	Loss 3.2206 (3.2119)	Hard Loss 3.2206 (3.2119)	Soft Loss 3.2206 (3.2119)	Arch Loss 3.3982 (3.3124)	Arch Hard Loss 3.3982 (3.3124)	Arch Soft Loss 3.3982 (3.3124)	Arch depth Loss 0.0000 (0.0000)	Prec@(1,5) (21.6%, 49.2%)	
08/23 02:02:40午前 searchStage_trainer.py:268 [INFO] Train: Epoch: [4][100/390]	Step 1664	lr 0.02462	Loss 3.2759 (3.2422)	Hard Loss 3.2759 (3.2422)	Soft Loss 3.2759 (3.2422)	Arch Loss 3.2765 (3.2979)	Arch Hard Loss 3.2765 (3.2979)	Arch Soft Loss 3.2765 (3.2979)	Arch depth Loss 0.0000 (0.0000)	Prec@(1,5) (20.6%, 48.3%)	
08/23 02:02:52午前 searchStage_trainer.py:268 [INFO] Train: Epoch: [4][150/390]	Step 1714	lr 0.02462	Loss 3.1598 (3.2246)	Hard Loss 3.1598 (3.2246)	Soft Loss 3.1598 (3.2246)	Arch Loss 3.3887 (3.2793)	Arch Hard Loss 3.3887 (3.2793)	Arch Soft Loss 3.3887 (3.2793)	Arch depth Loss 0.0000 (0.0000)	Prec@(1,5) (20.7%, 48.9%)	
08/23 02:03:04午前 searchStage_trainer.py:268 [INFO] Train: Epoch: [4][200/390]	Step 1764	lr 0.02462	Loss 3.2350 (3.2160)	Hard Loss 3.2350 (3.2160)	Soft Loss 3.2350 (3.2160)	Arch Loss 3.1750 (3.2671)	Arch Hard Loss 3.1750 (3.2671)	Arch Soft Loss 3.1750 (3.2671)	Arch depth Loss 0.0000 (0.0000)	Prec@(1,5) (20.7%, 49.3%)	
