07/31 07:31:09PM parser.py:28 [INFO] 
07/31 07:31:09PM parser.py:29 [INFO] Parameters:
07/31 07:31:09PM parser.py:31 [INFO] DAG_PATH=results/search_cell_KD/cifar100/BASELINE/BASELINE224-20240731-193109/DAG
07/31 07:31:09PM parser.py:31 [INFO] T=3.0
07/31 07:31:09PM parser.py:31 [INFO] ADVANCED=True
07/31 07:31:09PM parser.py:31 [INFO] ALPHA_LR=0.0003
07/31 07:31:09PM parser.py:31 [INFO] ALPHA_WEIGHT_DECAY=0.001
07/31 07:31:09PM parser.py:31 [INFO] BATCH_SIZE=64
07/31 07:31:09PM parser.py:31 [INFO] CUTOUT_LENGTH=0
07/31 07:31:09PM parser.py:31 [INFO] DATA_PATH=../data/
07/31 07:31:09PM parser.py:31 [INFO] DATASET=cifar100
07/31 07:31:09PM parser.py:31 [INFO] DESCRIPTION=baseline_size224version_nonkd
07/31 07:31:09PM parser.py:31 [INFO] EPOCHS=50
07/31 07:31:09PM parser.py:31 [INFO] EXP_NAME=BASELINE224-20240731-193109
07/31 07:31:09PM parser.py:31 [INFO] GPUS=[0]
07/31 07:31:09PM parser.py:31 [INFO] INIT_CHANNELS=16
07/31 07:31:09PM parser.py:31 [INFO] L=0.6
07/31 07:31:09PM parser.py:31 [INFO] LAYERS=8
07/31 07:31:09PM parser.py:31 [INFO] LOCAL_RANK=0
07/31 07:31:09PM parser.py:31 [INFO] LOGGER=<Logger H-DAS (INFO)>
07/31 07:31:09PM parser.py:31 [INFO] NAME=BASELINE
07/31 07:31:09PM parser.py:31 [INFO] NONKD=True
07/31 07:31:09PM parser.py:31 [INFO] PATH=results/search_cell_KD/cifar100/BASELINE/BASELINE224-20240731-193109
07/31 07:31:09PM parser.py:31 [INFO] PCDARTS=False
07/31 07:31:09PM parser.py:31 [INFO] PLOT_PATH=results/search_cell_KD/cifar100/BASELINE/BASELINE224-20240731-193109/plots
07/31 07:31:09PM parser.py:31 [INFO] PRINT_FREQ=50
07/31 07:31:09PM parser.py:31 [INFO] RESUME_PATH=None
07/31 07:31:09PM parser.py:31 [INFO] SAVE=BASELINE224
07/31 07:31:09PM parser.py:31 [INFO] SEED=1
07/31 07:31:09PM parser.py:31 [INFO] TEACHER_NAME=non
07/31 07:31:09PM parser.py:31 [INFO] TEACHER_PATH=non
07/31 07:31:09PM parser.py:31 [INFO] TRAIN_PORTION=0.5
07/31 07:31:09PM parser.py:31 [INFO] W_GRAD_CLIP=5.0
07/31 07:31:09PM parser.py:31 [INFO] W_LR=0.025
07/31 07:31:09PM parser.py:31 [INFO] W_LR_MIN=0.001
07/31 07:31:09PM parser.py:31 [INFO] W_MOMENTUM=0.9
07/31 07:31:09PM parser.py:31 [INFO] W_WEIGHT_DECAY=0.0003
07/31 07:31:09PM parser.py:31 [INFO] WORKERS=4
07/31 07:31:09PM parser.py:32 [INFO] 
07/31 07:31:40PM searchCell_trainer.py:127 [INFO] --> No loaded checkpoint!
####### ALPHA #######
# Alpha - normal
tensor([[0.1249, 0.1250, 0.1250, 0.1249, 0.1251, 0.1250, 0.1250, 0.1249],
        [0.1249, 0.1250, 0.1249, 0.1250, 0.1250, 0.1252, 0.1250, 0.1250]],
       device='cuda:0', grad_fn=<SoftmaxBackward0>)
tensor([[0.1249, 0.1249, 0.1251, 0.1250, 0.1251, 0.1250, 0.1249, 0.1251],
        [0.1248, 0.1249, 0.1253, 0.1250, 0.1250, 0.1248, 0.1251, 0.1251],
        [0.1252, 0.1250, 0.1250, 0.1251, 0.1249, 0.1251, 0.1249, 0.1248]],
       device='cuda:0', grad_fn=<SoftmaxBackward0>)
tensor([[0.1251, 0.1250, 0.1248, 0.1249, 0.1251, 0.1252, 0.1251, 0.1248],
        [0.1251, 0.1250, 0.1250, 0.1249, 0.1250, 0.1251, 0.1247, 0.1252],
        [0.1251, 0.1251, 0.1248, 0.1248, 0.1250, 0.1250, 0.1250, 0.1251],
        [0.1251, 0.1251, 0.1249, 0.1251, 0.1248, 0.1252, 0.1250, 0.1248]],
       device='cuda:0', grad_fn=<SoftmaxBackward0>)
tensor([[0.1250, 0.1249, 0.1250, 0.1250, 0.1252, 0.1249, 0.1251, 0.1250],
        [0.1249, 0.1249, 0.1252, 0.1251, 0.1250, 0.1251, 0.1249, 0.1249],
        [0.1250, 0.1250, 0.1246, 0.1251, 0.1251, 0.1250, 0.1251, 0.1251],
        [0.1251, 0.1248, 0.1251, 0.1252, 0.1250, 0.1248, 0.1251, 0.1249],
        [0.1248, 0.1248, 0.1251, 0.1251, 0.1253, 0.1251, 0.1252, 0.1248]],
       device='cuda:0', grad_fn=<SoftmaxBackward0>)
tensor([[0.1248, 0.1249, 0.1252, 0.1251, 0.1251, 0.1250, 0.1251, 0.1248],
        [0.1249, 0.1249, 0.1249, 0.1250, 0.1251, 0.1251, 0.1248, 0.1252]],
       device='cuda:0', grad_fn=<SoftmaxBackward0>)
tensor([[0.1251, 0.1250, 0.1249, 0.1250, 0.1249, 0.1249, 0.1251, 0.1251],
        [0.1250, 0.1247, 0.1250, 0.1250, 0.1250, 0.1250, 0.1252, 0.1251],
        [0.1251, 0.1250, 0.1250, 0.1251, 0.1249, 0.1249, 0.1250, 0.1251]],
       device='cuda:0', grad_fn=<SoftmaxBackward0>)
tensor([[0.1248, 0.1250, 0.1247, 0.1249, 0.1252, 0.1251, 0.1251, 0.1251],
        [0.1250, 0.1250, 0.1249, 0.1250, 0.1251, 0.1250, 0.1250, 0.1250],
        [0.1249, 0.1250, 0.1249, 0.1251, 0.1250, 0.1252, 0.1249, 0.1250],
        [0.1248, 0.1251, 0.1251, 0.1248, 0.1250, 0.1250, 0.1251, 0.1251]],
       device='cuda:0', grad_fn=<SoftmaxBackward0>)
tensor([[0.1253, 0.1249, 0.1250, 0.1248, 0.1250, 0.1248, 0.1252, 0.1250],
        [0.1252, 0.1250, 0.1249, 0.1250, 0.1250, 0.1249, 0.1250, 0.1250],
        [0.1250, 0.1251, 0.1247, 0.1249, 0.1251, 0.1252, 0.1250, 0.1251],
        [0.1249, 0.1249, 0.1251, 0.1249, 0.1250, 0.1250, 0.1251, 0.1251],
        [0.1251, 0.1248, 0.1250, 0.1249, 0.1251, 0.1252, 0.1251, 0.1249]],
       device='cuda:0', grad_fn=<SoftmaxBackward0>)
tensor([[0.1251, 0.1249, 0.1251, 0.1251, 0.1249, 0.1249, 0.1250, 0.1250],
        [0.1251, 0.1249, 0.1251, 0.1250, 0.1250, 0.1251, 0.1248, 0.1250]],
       device='cuda:0', grad_fn=<SoftmaxBackward0>)
tensor([[0.1251, 0.1249, 0.1250, 0.1252, 0.1249, 0.1251, 0.1250, 0.1249],
        [0.1250, 0.1250, 0.1249, 0.1248, 0.1250, 0.1250, 0.1251, 0.1251],
        [0.1250, 0.1251, 0.1248, 0.1249, 0.1252, 0.1250, 0.1250, 0.1249]],
       device='cuda:0', grad_fn=<SoftmaxBackward0>)
tensor([[0.1250, 0.1250, 0.1251, 0.1251, 0.1251, 0.1250, 0.1250, 0.1249],
        [0.1251, 0.1251, 0.1249, 0.1250, 0.1250, 0.1250, 0.1248, 0.1251],
        [0.1250, 0.1250, 0.1253, 0.1250, 0.1248, 0.1250, 0.1250, 0.1250],
        [0.1250, 0.1250, 0.1250, 0.1249, 0.1250, 0.1251, 0.1250, 0.1250]],
       device='cuda:0', grad_fn=<SoftmaxBackward0>)
tensor([[0.1251, 0.1252, 0.1249, 0.1249, 0.1249, 0.1250, 0.1248, 0.1251],
        [0.1252, 0.1248, 0.1249, 0.1250, 0.1251, 0.1251, 0.1249, 0.1250],
        [0.1250, 0.1251, 0.1246, 0.1251, 0.1248, 0.1252, 0.1250, 0.1252],
        [0.1250, 0.1251, 0.1250, 0.1251, 0.1250, 0.1248, 0.1249, 0.1251],
        [0.1250, 0.1247, 0.1250, 0.1250, 0.1249, 0.1251, 0.1250, 0.1253]],
       device='cuda:0', grad_fn=<SoftmaxBackward0>)

# Alpha - reduce
tensor([[0.1251, 0.1251, 0.1251, 0.1250, 0.1248, 0.1249, 0.1250, 0.1250],
        [0.1251, 0.1250, 0.1250, 0.1250, 0.1250, 0.1249, 0.1253, 0.1248]],
       device='cuda:0', grad_fn=<SoftmaxBackward0>)
tensor([[0.1250, 0.1250, 0.1250, 0.1250, 0.1249, 0.1251, 0.1252, 0.1248],
        [0.1249, 0.1251, 0.1248, 0.1249, 0.1250, 0.1250, 0.1252, 0.1251],
        [0.1247, 0.1253, 0.1249, 0.1248, 0.1250, 0.1252, 0.1251, 0.1250]],
       device='cuda:0', grad_fn=<SoftmaxBackward0>)
tensor([[0.1250, 0.1249, 0.1250, 0.1249, 0.1251, 0.1250, 0.1251, 0.1249],
        [0.1248, 0.1251, 0.1251, 0.1248, 0.1251, 0.1250, 0.1250, 0.1251],
        [0.1251, 0.1250, 0.1250, 0.1250, 0.1251, 0.1250, 0.1250, 0.1248],
        [0.1251, 0.1249, 0.1249, 0.1250, 0.1251, 0.1251, 0.1251, 0.1249]],
       device='cuda:0', grad_fn=<SoftmaxBackward0>)
tensor([[0.1250, 0.1251, 0.1249, 0.1250, 0.1250, 0.1250, 0.1249, 0.1252],
        [0.1250, 0.1251, 0.1249, 0.1249, 0.1249, 0.1250, 0.1251, 0.1251],
        [0.1250, 0.1250, 0.1250, 0.1253, 0.1249, 0.1250, 0.1249, 0.1250],
        [0.1249, 0.1249, 0.1251, 0.1249, 0.1252, 0.1251, 0.1250, 0.1249],
        [0.1249, 0.1250, 0.1249, 0.1250, 0.1251, 0.1251, 0.1250, 0.1250]],
       device='cuda:0', grad_fn=<SoftmaxBackward0>)
tensor([[0.1249, 0.1250, 0.1250, 0.1250, 0.1249, 0.1251, 0.1249, 0.1252],
        [0.1249, 0.1252, 0.1252, 0.1250, 0.1248, 0.1250, 0.1251, 0.1248]],
       device='cuda:0', grad_fn=<SoftmaxBackward0>)
tensor([[0.1250, 0.1248, 0.1251, 0.1249, 0.1250, 0.1250, 0.1250, 0.1253],
        [0.1250, 0.1252, 0.1247, 0.1251, 0.1248, 0.1251, 0.1252, 0.1249],
        [0.1248, 0.1250, 0.1252, 0.1249, 0.1251, 0.1250, 0.1249, 0.1252]],
       device='cuda:0', grad_fn=<SoftmaxBackward0>)
tensor([[0.1248, 0.1249, 0.1251, 0.1251, 0.1250, 0.1250, 0.1250, 0.1251],
        [0.1251, 0.1251, 0.1250, 0.1250, 0.1249, 0.1249, 0.1251, 0.1250],
        [0.1250, 0.1251, 0.1249, 0.1249, 0.1250, 0.1251, 0.1249, 0.1251],
        [0.1251, 0.1250, 0.1250, 0.1249, 0.1250, 0.1250, 0.1251, 0.1250]],
       device='cuda:0', grad_fn=<SoftmaxBackward0>)
tensor([[0.1252, 0.1249, 0.1247, 0.1250, 0.1250, 0.1250, 0.1251, 0.1250],
        [0.1251, 0.1249, 0.1251, 0.1249, 0.1250, 0.1250, 0.1248, 0.1251],
        [0.1249, 0.1252, 0.1249, 0.1250, 0.1251, 0.1249, 0.1250, 0.1250],
        [0.1252, 0.1251, 0.1251, 0.1247, 0.1249, 0.1250, 0.1249, 0.1251],
        [0.1249, 0.1251, 0.1252, 0.1249, 0.1251, 0.1249, 0.1249, 0.1251]],
       device='cuda:0', grad_fn=<SoftmaxBackward0>)
#####################
07/31 07:32:24PM searchCell_trainer.py:217 [INFO] Train: Epoch: [0][50/390]	Step 50	lr 0.025	Loss 4.3056 (4.4850)	Hard Loss 4.3056 (4.4850)	Soft Loss 4.3056 (4.4850)	Arch Loss 4.2477 (4.4637)	Arch Hard Loss 0.0000 (0.0000)	Arch Soft Loss 0.0000 (0.0000)	Prec@(1,5) (3.5%, 12.8%)	
07/31 07:33:05PM searchCell_trainer.py:217 [INFO] Train: Epoch: [0][100/390]	Step 100	lr 0.025	Loss 4.1598 (4.3399)	Hard Loss 4.1598 (4.3399)	Soft Loss 4.1598 (4.3399)	Arch Loss 3.7425 (4.2948)	Arch Hard Loss 0.0000 (0.0000)	Arch Soft Loss 0.0000 (0.0000)	Prec@(1,5) (4.4%, 16.5%)	
07/31 07:33:44PM searchCell_trainer.py:217 [INFO] Train: Epoch: [0][150/390]	Step 150	lr 0.025	Loss 4.0726 (4.2296)	Hard Loss 4.0726 (4.2296)	Soft Loss 4.0726 (4.2296)	Arch Loss 4.0286 (4.1923)	Arch Hard Loss 0.0000 (0.0000)	Arch Soft Loss 0.0000 (0.0000)	Prec@(1,5) (5.9%, 19.8%)	
07/31 07:34:24PM searchCell_trainer.py:217 [INFO] Train: Epoch: [0][200/390]	Step 200	lr 0.025	Loss 3.6616 (4.1499)	Hard Loss 3.6616 (4.1499)	Soft Loss 3.6616 (4.1499)	Arch Loss 3.8861 (4.1184)	Arch Hard Loss 0.0000 (0.0000)	Arch Soft Loss 0.0000 (0.0000)	Prec@(1,5) (6.8%, 22.2%)	
07/31 07:35:03PM searchCell_trainer.py:217 [INFO] Train: Epoch: [0][250/390]	Step 250	lr 0.025	Loss 3.5155 (4.0752)	Hard Loss 3.5155 (4.0752)	Soft Loss 3.5155 (4.0752)	Arch Loss 3.9541 (4.0530)	Arch Hard Loss 0.0000 (0.0000)	Arch Soft Loss 0.0000 (0.0000)	Prec@(1,5) (7.7%, 24.4%)	
07/31 07:35:43PM searchCell_trainer.py:217 [INFO] Train: Epoch: [0][300/390]	Step 300	lr 0.025	Loss 3.3745 (4.0134)	Hard Loss 3.3745 (4.0134)	Soft Loss 3.3745 (4.0134)	Arch Loss 3.7517 (3.9923)	Arch Hard Loss 0.0000 (0.0000)	Arch Soft Loss 0.0000 (0.0000)	Prec@(1,5) (8.6%, 26.5%)	
07/31 07:36:23PM searchCell_trainer.py:217 [INFO] Train: Epoch: [0][350/390]	Step 350	lr 0.025	Loss 3.7270 (3.9588)	Hard Loss 3.7270 (3.9588)	Soft Loss 3.7270 (3.9588)	Arch Loss 3.5792 (3.9441)	Arch Hard Loss 0.0000 (0.0000)	Arch Soft Loss 0.0000 (0.0000)	Prec@(1,5) (9.3%, 28.3%)	
07/31 07:36:55PM searchCell_trainer.py:217 [INFO] Train: Epoch: [0][390/390]	Step 390	lr 0.025	Loss 3.5931 (3.9247)	Hard Loss 3.5931 (3.9247)	Soft Loss 3.5931 (3.9247)	Arch Loss 3.3020 (3.9057)	Arch Hard Loss 0.0000 (0.0000)	Arch Soft Loss 0.0000 (0.0000)	Prec@(1,5) (9.8%, 29.5%)	
07/31 07:36:57PM searchCell_trainer.py:232 [INFO] Train: [  0/49] Final Prec@1 9.8280%
07/31 07:37:04PM searchCell_trainer.py:260 [INFO] Valid: Epoch: [0][50/391]	Step 391	Loss 3.6099	Prec@(1,5) (14.2%, 39.8%)
07/31 07:37:11PM searchCell_trainer.py:260 [INFO] Valid: Epoch: [0][100/391]	Step 391	Loss 3.6031	Prec@(1,5) (14.3%, 40.7%)
07/31 07:37:18PM searchCell_trainer.py:260 [INFO] Valid: Epoch: [0][150/391]	Step 391	Loss 3.6155	Prec@(1,5) (14.1%, 39.9%)
07/31 07:37:25PM searchCell_trainer.py:260 [INFO] Valid: Epoch: [0][200/391]	Step 391	Loss 3.6000	Prec@(1,5) (14.4%, 40.4%)
07/31 07:37:32PM searchCell_trainer.py:260 [INFO] Valid: Epoch: [0][250/391]	Step 391	Loss 3.6013	Prec@(1,5) (14.3%, 40.3%)
07/31 07:37:39PM searchCell_trainer.py:260 [INFO] Valid: Epoch: [0][300/391]	Step 391	Loss 3.5968	Prec@(1,5) (14.4%, 40.2%)
07/31 07:37:46PM searchCell_trainer.py:260 [INFO] Valid: Epoch: [0][350/391]	Step 391	Loss 3.5956	Prec@(1,5) (14.3%, 40.1%)
07/31 07:37:51PM searchCell_trainer.py:260 [INFO] Valid: Epoch: [0][390/391]	Step 391	Loss 3.5961	Prec@(1,5) (14.4%, 40.2%)
07/31 07:37:51PM searchCell_trainer.py:267 [INFO] Valid: [  0/49] Final Prec@1 14.3600%
07/31 07:37:51PM searchCell_KD_main.py:58 [INFO] genotype = Genotype3(normal1=[[('max_pool_3x3', 1), ('max_pool_3x3', 0)], [('max_pool_3x3', 0), ('max_pool_3x3', 1)], [('max_pool_3x3', 1), ('max_pool_3x3', 2)], [('dil_conv_5x5', 0), ('sep_conv_5x5', 3)]], normal1_concat=range(2, 6), reduce1=[[('skip_connect', 0), ('max_pool_3x3', 1)], [('dil_conv_5x5', 2), ('dil_conv_5x5', 0)], [('dil_conv_5x5', 3), ('dil_conv_5x5', 2)], [('dil_conv_5x5', 0), ('max_pool_3x3', 1)]], reduce1_concat=range(2, 6), normal2=[[('dil_conv_5x5', 1), ('dil_conv_5x5', 0)], [('max_pool_3x3', 0), ('sep_conv_3x3', 1)], [('sep_conv_3x3', 0), ('dil_conv_3x3', 3)], [('dil_conv_5x5', 1), ('sep_conv_5x5', 0)]], normal2_concat=range(2, 6), reduce2=[[('max_pool_3x3', 0), ('sep_conv_5x5', 1)], [('sep_conv_5x5', 2), ('sep_conv_5x5', 1)], [('sep_conv_5x5', 1), ('dil_conv_3x3', 2)], [('max_pool_3x3', 3), ('sep_conv_5x5', 1)]], reduce2_concat=range(2, 6), normal3=[[('sep_conv_5x5', 0), ('dil_conv_3x3', 1)], [('dil_conv_5x5', 1), ('sep_conv_5x5', 2)], [('sep_conv_3x3', 3), ('dil_conv_3x3', 2)], [('dil_conv_5x5', 4), ('dil_conv_5x5', 2)]], normal3_concat=range(2, 6))
07/31 07:37:52PM searchCell_KD_main.py:92 [INFO] Until now, best Prec@1 = 14.3600%
####### ALPHA #######
# Alpha - normal
tensor([[0.1277, 0.1223, 0.1241, 0.1250, 0.1253, 0.1248, 0.1268, 0.1241],
        [0.1274, 0.1227, 0.1244, 0.1257, 0.1232, 0.1245, 0.1257, 0.1263]],
       device='cuda:0', grad_fn=<SoftmaxBackward0>)
tensor([[0.1279, 0.1213, 0.1232, 0.1268, 0.1259, 0.1250, 0.1261, 0.1237],
        [0.1274, 0.1225, 0.1246, 0.1255, 0.1246, 0.1240, 0.1263, 0.1250],
        [0.1274, 0.1227, 0.1239, 0.1270, 0.1255, 0.1239, 0.1255, 0.1242]],
       device='cuda:0', grad_fn=<SoftmaxBackward0>)
tensor([[0.1271, 0.1216, 0.1227, 0.1255, 0.1255, 0.1271, 0.1254, 0.1251],
        [0.1280, 0.1229, 0.1249, 0.1243, 0.1250, 0.1242, 0.1248, 0.1257],
        [0.1279, 0.1231, 0.1247, 0.1237, 0.1245, 0.1245, 0.1262, 0.1254],
        [0.1276, 0.1240, 0.1253, 0.1238, 0.1256, 0.1250, 0.1239, 0.1249]],
       device='cuda:0', grad_fn=<SoftmaxBackward0>)
tensor([[0.1268, 0.1209, 0.1221, 0.1251, 0.1269, 0.1252, 0.1279, 0.1251],
        [0.1259, 0.1203, 0.1219, 0.1264, 0.1257, 0.1266, 0.1260, 0.1273],
        [0.1266, 0.1211, 0.1218, 0.1251, 0.1276, 0.1260, 0.1269, 0.1248],
        [0.1257, 0.1215, 0.1230, 0.1239, 0.1277, 0.1251, 0.1271, 0.1259],
        [0.1245, 0.1207, 0.1224, 0.1263, 0.1269, 0.1272, 0.1261, 0.1259]],
       device='cuda:0', grad_fn=<SoftmaxBackward0>)
tensor([[0.1259, 0.1234, 0.1255, 0.1256, 0.1248, 0.1248, 0.1264, 0.1237],
        [0.1231, 0.1202, 0.1218, 0.1266, 0.1276, 0.1262, 0.1282, 0.1265]],
       device='cuda:0', grad_fn=<SoftmaxBackward0>)
tensor([[0.1263, 0.1234, 0.1255, 0.1256, 0.1251, 0.1248, 0.1251, 0.1243],
        [0.1242, 0.1212, 0.1233, 0.1262, 0.1259, 0.1257, 0.1256, 0.1279],
        [0.1245, 0.1237, 0.1254, 0.1250, 0.1261, 0.1246, 0.1254, 0.1252]],
       device='cuda:0', grad_fn=<SoftmaxBackward0>)
tensor([[0.1260, 0.1228, 0.1242, 0.1275, 0.1254, 0.1243, 0.1256, 0.1243],
        [0.1248, 0.1219, 0.1239, 0.1240, 0.1266, 0.1264, 0.1256, 0.1267],
        [0.1249, 0.1240, 0.1248, 0.1247, 0.1255, 0.1263, 0.1253, 0.1246],
        [0.1241, 0.1234, 0.1247, 0.1243, 0.1258, 0.1268, 0.1260, 0.1249]],
       device='cuda:0', grad_fn=<SoftmaxBackward0>)
tensor([[0.1265, 0.1241, 0.1257, 0.1239, 0.1271, 0.1254, 0.1246, 0.1229],
        [0.1241, 0.1217, 0.1231, 0.1246, 0.1258, 0.1267, 0.1279, 0.1262],
        [0.1259, 0.1252, 0.1255, 0.1250, 0.1252, 0.1245, 0.1244, 0.1243],
        [0.1251, 0.1246, 0.1256, 0.1248, 0.1247, 0.1254, 0.1242, 0.1256],
        [0.1254, 0.1237, 0.1253, 0.1247, 0.1247, 0.1261, 0.1253, 0.1249]],
       device='cuda:0', grad_fn=<SoftmaxBackward0>)
tensor([[0.1251, 0.1227, 0.1236, 0.1265, 0.1271, 0.1248, 0.1251, 0.1251],
        [0.1250, 0.1242, 0.1248, 0.1218, 0.1239, 0.1260, 0.1258, 0.1283]],
       device='cuda:0', grad_fn=<SoftmaxBackward0>)
tensor([[0.1251, 0.1231, 0.1237, 0.1252, 0.1254, 0.1251, 0.1258, 0.1265],
        [0.1240, 0.1231, 0.1231, 0.1250, 0.1261, 0.1238, 0.1273, 0.1277],
        [0.1226, 0.1211, 0.1212, 0.1262, 0.1272, 0.1269, 0.1270, 0.1278]],
       device='cuda:0', grad_fn=<SoftmaxBackward0>)
tensor([[0.1234, 0.1216, 0.1220, 0.1252, 0.1269, 0.1267, 0.1270, 0.1272],
        [0.1232, 0.1225, 0.1225, 0.1263, 0.1260, 0.1253, 0.1257, 0.1284],
        [0.1218, 0.1208, 0.1214, 0.1261, 0.1267, 0.1276, 0.1264, 0.1292],
        [0.1221, 0.1211, 0.1208, 0.1281, 0.1263, 0.1279, 0.1257, 0.1281]],
       device='cuda:0', grad_fn=<SoftmaxBackward0>)
tensor([[0.1234, 0.1217, 0.1216, 0.1262, 0.1269, 0.1271, 0.1257, 0.1274],
        [0.1233, 0.1224, 0.1227, 0.1265, 0.1256, 0.1264, 0.1254, 0.1277],
        [0.1218, 0.1207, 0.1207, 0.1271, 0.1272, 0.1262, 0.1273, 0.1290],
        [0.1231, 0.1220, 0.1219, 0.1263, 0.1267, 0.1255, 0.1260, 0.1284],
        [0.1221, 0.1207, 0.1208, 0.1264, 0.1270, 0.1266, 0.1280, 0.1284]],
       device='cuda:0', grad_fn=<SoftmaxBackward0>)

# Alpha - reduce
tensor([[0.1262, 0.1235, 0.1267, 0.1239, 0.1234, 0.1257, 0.1248, 0.1257],
        [0.1262, 0.1239, 0.1246, 0.1262, 0.1247, 0.1239, 0.1262, 0.1242]],
       device='cuda:0', grad_fn=<SoftmaxBackward0>)
tensor([[0.1248, 0.1226, 0.1243, 0.1243, 0.1261, 0.1259, 0.1266, 0.1253],
        [0.1261, 0.1243, 0.1247, 0.1265, 0.1231, 0.1252, 0.1250, 0.1250],
        [0.1249, 0.1221, 0.1232, 0.1244, 0.1264, 0.1258, 0.1281, 0.1252]],
       device='cuda:0', grad_fn=<SoftmaxBackward0>)
tensor([[0.1259, 0.1233, 0.1243, 0.1259, 0.1256, 0.1250, 0.1245, 0.1255],
        [0.1259, 0.1240, 0.1254, 0.1249, 0.1252, 0.1260, 0.1235, 0.1251],
        [0.1266, 0.1229, 0.1240, 0.1244, 0.1258, 0.1250, 0.1268, 0.1245],
        [0.1258, 0.1234, 0.1254, 0.1240, 0.1253, 0.1229, 0.1269, 0.1262]],
       device='cuda:0', grad_fn=<SoftmaxBackward0>)
tensor([[0.1253, 0.1233, 0.1239, 0.1264, 0.1244, 0.1240, 0.1275, 0.1251],
        [0.1270, 0.1252, 0.1229, 0.1234, 0.1255, 0.1248, 0.1252, 0.1259],
        [0.1262, 0.1218, 0.1238, 0.1256, 0.1267, 0.1247, 0.1271, 0.1242],
        [0.1253, 0.1228, 0.1241, 0.1247, 0.1270, 0.1262, 0.1264, 0.1235],
        [0.1244, 0.1227, 0.1240, 0.1256, 0.1273, 0.1254, 0.1257, 0.1250]],
       device='cuda:0', grad_fn=<SoftmaxBackward0>)
tensor([[0.1279, 0.1260, 0.1261, 0.1239, 0.1245, 0.1245, 0.1247, 0.1223],
        [0.1226, 0.1207, 0.1253, 0.1252, 0.1273, 0.1245, 0.1258, 0.1285]],
       device='cuda:0', grad_fn=<SoftmaxBackward0>)
tensor([[0.1270, 0.1250, 0.1249, 0.1262, 0.1245, 0.1231, 0.1264, 0.1229],
        [0.1229, 0.1207, 0.1264, 0.1255, 0.1273, 0.1249, 0.1244, 0.1279],
        [0.1258, 0.1210, 0.1223, 0.1245, 0.1287, 0.1280, 0.1253, 0.1244]],
       device='cuda:0', grad_fn=<SoftmaxBackward0>)
tensor([[0.1267, 0.1250, 0.1253, 0.1252, 0.1258, 0.1243, 0.1238, 0.1239],
        [0.1230, 0.1207, 0.1257, 0.1256, 0.1272, 0.1254, 0.1253, 0.1272],
        [0.1261, 0.1203, 0.1227, 0.1256, 0.1256, 0.1270, 0.1259, 0.1268],
        [0.1264, 0.1216, 0.1235, 0.1257, 0.1251, 0.1270, 0.1263, 0.1244]],
       device='cuda:0', grad_fn=<SoftmaxBackward0>)
tensor([[0.1274, 0.1245, 0.1236, 0.1240, 0.1261, 0.1257, 0.1257, 0.1230],
        [0.1242, 0.1218, 0.1258, 0.1234, 0.1280, 0.1244, 0.1248, 0.1277],
        [0.1266, 0.1214, 0.1223, 0.1270, 0.1262, 0.1259, 0.1260, 0.1246],
        [0.1286, 0.1232, 0.1245, 0.1250, 0.1231, 0.1237, 0.1280, 0.1238],
        [0.1270, 0.1224, 0.1237, 0.1247, 0.1279, 0.1252, 0.1245, 0.1247]],
       device='cuda:0', grad_fn=<SoftmaxBackward0>)
#####################
07/31 07:38:34午後 searchCell_trainer.py:217 [INFO] Train: Epoch: [1][50/390]	Step 441	lr 0.02498	Loss 3.7273 (3.5200)	Hard Loss 3.7273 (3.5200)	Soft Loss 3.7273 (3.5200)	Arch Loss 3.4533 (3.5343)	Arch Hard Loss 0.0000 (0.0000)	Arch Soft Loss 0.0000 (0.0000)	Prec@(1,5) (14.7%, 42.6%)	
07/31 07:39:13午後 searchCell_trainer.py:217 [INFO] Train: Epoch: [1][100/390]	Step 491	lr 0.02498	Loss 3.4334 (3.4703)	Hard Loss 3.4334 (3.4703)	Soft Loss 3.4334 (3.4703)	Arch Loss 3.2727 (3.4761)	Arch Hard Loss 0.0000 (0.0000)	Arch Soft Loss 0.0000 (0.0000)	Prec@(1,5) (16.4%, 44.0%)	
07/31 07:39:53午後 searchCell_trainer.py:217 [INFO] Train: Epoch: [1][150/390]	Step 541	lr 0.02498	Loss 3.3348 (3.4617)	Hard Loss 3.3348 (3.4617)	Soft Loss 3.3348 (3.4617)	Arch Loss 3.2511 (3.4507)	Arch Hard Loss 0.0000 (0.0000)	Arch Soft Loss 0.0000 (0.0000)	Prec@(1,5) (16.7%, 44.0%)	
07/31 07:40:33午後 searchCell_trainer.py:217 [INFO] Train: Epoch: [1][200/390]	Step 591	lr 0.02498	Loss 3.2909 (3.4411)	Hard Loss 3.2909 (3.4411)	Soft Loss 3.2909 (3.4411)	Arch Loss 3.4811 (3.4340)	Arch Hard Loss 0.0000 (0.0000)	Arch Soft Loss 0.0000 (0.0000)	Prec@(1,5) (16.9%, 44.5%)	
07/31 07:41:12午後 searchCell_trainer.py:217 [INFO] Train: Epoch: [1][250/390]	Step 641	lr 0.02498	Loss 3.2240 (3.4158)	Hard Loss 3.2240 (3.4158)	Soft Loss 3.2240 (3.4158)	Arch Loss 3.6039 (3.4157)	Arch Hard Loss 0.0000 (0.0000)	Arch Soft Loss 0.0000 (0.0000)	Prec@(1,5) (17.6%, 45.1%)	
07/31 07:41:52午後 searchCell_trainer.py:217 [INFO] Train: Epoch: [1][300/390]	Step 691	lr 0.02498	Loss 3.0961 (3.3905)	Hard Loss 3.0961 (3.3905)	Soft Loss 3.0961 (3.3905)	Arch Loss 3.0645 (3.3854)	Arch Hard Loss 0.0000 (0.0000)	Arch Soft Loss 0.0000 (0.0000)	Prec@(1,5) (18.0%, 45.8%)	
07/31 07:42:31午後 searchCell_trainer.py:217 [INFO] Train: Epoch: [1][350/390]	Step 741	lr 0.02498	Loss 3.3661 (3.3666)	Hard Loss 3.3661 (3.3666)	Soft Loss 3.3661 (3.3666)	Arch Loss 3.1862 (3.3624)	Arch Hard Loss 0.0000 (0.0000)	Arch Soft Loss 0.0000 (0.0000)	Prec@(1,5) (18.4%, 46.3%)	
07/31 07:43:02午後 searchCell_trainer.py:217 [INFO] Train: Epoch: [1][390/390]	Step 781	lr 0.02498	Loss 3.1005 (3.3473)	Hard Loss 3.1005 (3.3473)	Soft Loss 3.1005 (3.3473)	Arch Loss 2.7266 (3.3410)	Arch Hard Loss 0.0000 (0.0000)	Arch Soft Loss 0.0000 (0.0000)	Prec@(1,5) (18.8%, 46.8%)	
07/31 07:43:03午後 searchCell_trainer.py:232 [INFO] Train: [  1/49] Final Prec@1 18.7800%
07/31 07:43:10午後 searchCell_trainer.py:260 [INFO] Valid: Epoch: [1][50/391]	Step 782	Loss 3.1697	Prec@(1,5) (21.5%, 52.5%)
07/31 07:43:17午後 searchCell_trainer.py:260 [INFO] Valid: Epoch: [1][100/391]	Step 782	Loss 3.1805	Prec@(1,5) (21.4%, 51.6%)
07/31 07:43:24午後 searchCell_trainer.py:260 [INFO] Valid: Epoch: [1][150/391]	Step 782	Loss 3.1996	Prec@(1,5) (21.0%, 51.1%)
07/31 07:43:30午後 searchCell_trainer.py:260 [INFO] Valid: Epoch: [1][200/391]	Step 782	Loss 3.2045	Prec@(1,5) (20.9%, 51.0%)
07/31 07:43:37午後 searchCell_trainer.py:260 [INFO] Valid: Epoch: [1][250/391]	Step 782	Loss 3.2053	Prec@(1,5) (20.7%, 51.0%)
07/31 07:43:43午後 searchCell_trainer.py:260 [INFO] Valid: Epoch: [1][300/391]	Step 782	Loss 3.2083	Prec@(1,5) (20.6%, 51.0%)
07/31 07:43:50午後 searchCell_trainer.py:260 [INFO] Valid: Epoch: [1][350/391]	Step 782	Loss 3.2066	Prec@(1,5) (20.6%, 51.0%)
07/31 07:43:55午後 searchCell_trainer.py:260 [INFO] Valid: Epoch: [1][390/391]	Step 782	Loss 3.2085	Prec@(1,5) (20.7%, 50.9%)
07/31 07:43:55午後 searchCell_trainer.py:267 [INFO] Valid: [  1/49] Final Prec@1 20.6680%
07/31 07:43:55午後 searchCell_KD_main.py:58 [INFO] genotype = Genotype3(normal1=[[('max_pool_3x3', 0), ('max_pool_3x3', 1)], [('max_pool_3x3', 0), ('max_pool_3x3', 1)], [('max_pool_3x3', 1), ('max_pool_3x3', 0)], [('max_pool_3x3', 0), ('sep_conv_5x5', 3)]], normal1_concat=range(2, 6), reduce1=[[('skip_connect', 0), ('sep_conv_3x3', 1)], [('dil_conv_5x5', 2), ('sep_conv_3x3', 1)], [('dil_conv_5x5', 3), ('dil_conv_5x5', 2)], [('sep_conv_5x5', 4), ('dil_conv_5x5', 2)]], reduce1_concat=range(2, 6), normal2=[[('sep_conv_5x5', 1), ('sep_conv_5x5', 0)], [('sep_conv_5x5', 2), ('dil_conv_5x5', 1)], [('sep_conv_3x3', 0), ('sep_conv_5x5', 2)], [('dil_conv_5x5', 1), ('dil_conv_3x3', 4)]], normal2_concat=range(2, 6), reduce2=[[('sep_conv_5x5', 1), ('max_pool_3x3', 0)], [('sep_conv_5x5', 2), ('sep_conv_5x5', 1)], [('dil_conv_3x3', 3), ('dil_conv_5x5', 2)], [('sep_conv_5x5', 4), ('sep_conv_5x5', 1)]], reduce2_concat=range(2, 6), normal3=[[('max_pool_3x3', 0), ('dil_conv_5x5', 1)], [('sep_conv_5x5', 2), ('max_pool_3x3', 0)], [('sep_conv_3x3', 3), ('dil_conv_5x5', 0)], [('dil_conv_5x5', 4), ('sep_conv_5x5', 2)]], normal3_concat=range(2, 6))
07/31 07:43:56午後 searchCell_KD_main.py:92 [INFO] Until now, best Prec@1 = 20.6680%
####### ALPHA #######
# Alpha - normal
tensor([[0.1297, 0.1202, 0.1243, 0.1268, 0.1251, 0.1238, 0.1281, 0.1222],
        [0.1279, 0.1200, 0.1230, 0.1266, 0.1254, 0.1239, 0.1258, 0.1274]],
       device='cuda:0', grad_fn=<SoftmaxBackward0>)
tensor([[0.1322, 0.1205, 0.1245, 0.1257, 0.1264, 0.1256, 0.1237, 0.1215],
        [0.1296, 0.1211, 0.1250, 0.1258, 0.1247, 0.1242, 0.1246, 0.1249],
        [0.1292, 0.1218, 0.1264, 0.1248, 0.1234, 0.1238, 0.1254, 0.1251]],
       device='cuda:0', grad_fn=<SoftmaxBackward0>)
tensor([[0.1295, 0.1195, 0.1222, 0.1249, 0.1265, 0.1279, 0.1249, 0.1246],
        [0.1301, 0.1214, 0.1250, 0.1236, 0.1238, 0.1243, 0.1257, 0.1261],
        [0.1277, 0.1206, 0.1242, 0.1232, 0.1258, 0.1239, 0.1293, 0.1253],
        [0.1264, 0.1218, 0.1254, 0.1242, 0.1281, 0.1241, 0.1235, 0.1265]],
       device='cuda:0', grad_fn=<SoftmaxBackward0>)
tensor([[0.1305, 0.1201, 0.1229, 0.1253, 0.1262, 0.1243, 0.1265, 0.1240],
        [0.1262, 0.1175, 0.1203, 0.1264, 0.1264, 0.1270, 0.1264, 0.1299],
        [0.1272, 0.1191, 0.1219, 0.1246, 0.1279, 0.1270, 0.1277, 0.1245],
        [0.1239, 0.1186, 0.1225, 0.1254, 0.1291, 0.1247, 0.1283, 0.1274],
        [0.1226, 0.1178, 0.1214, 0.1284, 0.1274, 0.1271, 0.1277, 0.1275]],
       device='cuda:0', grad_fn=<SoftmaxBackward0>)
tensor([[0.1242, 0.1213, 0.1254, 0.1252, 0.1287, 0.1245, 0.1273, 0.1232],
        [0.1196, 0.1149, 0.1178, 0.1284, 0.1318, 0.1296, 0.1307, 0.1272]],
       device='cuda:0', grad_fn=<SoftmaxBackward0>)
tensor([[0.1248, 0.1210, 0.1252, 0.1258, 0.1270, 0.1243, 0.1276, 0.1244],
        [0.1219, 0.1163, 0.1201, 0.1279, 0.1285, 0.1276, 0.1288, 0.1288],
        [0.1225, 0.1208, 0.1250, 0.1257, 0.1292, 0.1255, 0.1258, 0.1255]],
       device='cuda:0', grad_fn=<SoftmaxBackward0>)
tensor([[0.1260, 0.1203, 0.1236, 0.1291, 0.1260, 0.1244, 0.1272, 0.1234],
        [0.1240, 0.1188, 0.1229, 0.1248, 0.1283, 0.1268, 0.1267, 0.1277],
        [0.1251, 0.1223, 0.1247, 0.1246, 0.1290, 0.1263, 0.1251, 0.1229],
        [0.1231, 0.1211, 0.1248, 0.1238, 0.1279, 0.1282, 0.1271, 0.1240]],
       device='cuda:0', grad_fn=<SoftmaxBackward0>)
tensor([[0.1267, 0.1220, 0.1252, 0.1252, 0.1270, 0.1250, 0.1261, 0.1227],
        [0.1236, 0.1182, 0.1214, 0.1239, 0.1268, 0.1281, 0.1302, 0.1278],
        [0.1261, 0.1233, 0.1254, 0.1260, 0.1268, 0.1243, 0.1245, 0.1236],
        [0.1246, 0.1226, 0.1256, 0.1240, 0.1257, 0.1262, 0.1251, 0.1262],
        [0.1238, 0.1204, 0.1242, 0.1250, 0.1261, 0.1282, 0.1254, 0.1269]],
       device='cuda:0', grad_fn=<SoftmaxBackward0>)
tensor([[0.1284, 0.1223, 0.1238, 0.1271, 0.1270, 0.1232, 0.1249, 0.1233],
        [0.1251, 0.1238, 0.1249, 0.1193, 0.1225, 0.1260, 0.1269, 0.1315]],
       device='cuda:0', grad_fn=<SoftmaxBackward0>)
tensor([[0.1278, 0.1224, 0.1237, 0.1256, 0.1258, 0.1244, 0.1244, 0.1259],
        [0.1240, 0.1226, 0.1231, 0.1247, 0.1257, 0.1234, 0.1268, 0.1298],
        [0.1227, 0.1197, 0.1199, 0.1267, 0.1288, 0.1272, 0.1267, 0.1283]],
       device='cuda:0', grad_fn=<SoftmaxBackward0>)
tensor([[0.1262, 0.1209, 0.1216, 0.1239, 0.1260, 0.1268, 0.1283, 0.1264],
        [0.1226, 0.1213, 0.1216, 0.1271, 0.1260, 0.1248, 0.1259, 0.1306],
        [0.1218, 0.1197, 0.1201, 0.1269, 0.1269, 0.1279, 0.1261, 0.1305],
        [0.1225, 0.1203, 0.1195, 0.1308, 0.1255, 0.1285, 0.1247, 0.1283]],
       device='cuda:0', grad_fn=<SoftmaxBackward0>)
tensor([[0.1244, 0.1199, 0.1201, 0.1266, 0.1282, 0.1270, 0.1259, 0.1278],
        [0.1230, 0.1213, 0.1219, 0.1277, 0.1261, 0.1248, 0.1252, 0.1300],
        [0.1210, 0.1187, 0.1178, 0.1260, 0.1292, 0.1286, 0.1286, 0.1301],
        [0.1228, 0.1202, 0.1198, 0.1266, 0.1285, 0.1260, 0.1263, 0.1298],
        [0.1210, 0.1185, 0.1183, 0.1268, 0.1287, 0.1278, 0.1294, 0.1296]],
       device='cuda:0', grad_fn=<SoftmaxBackward0>)

# Alpha - reduce
tensor([[0.1260, 0.1219, 0.1283, 0.1232, 0.1240, 0.1252, 0.1249, 0.1265],
        [0.1257, 0.1224, 0.1256, 0.1271, 0.1247, 0.1248, 0.1262, 0.1235]],
       device='cuda:0', grad_fn=<SoftmaxBackward0>)
tensor([[0.1253, 0.1215, 0.1270, 0.1235, 0.1263, 0.1245, 0.1269, 0.1250],
        [0.1271, 0.1240, 0.1243, 0.1281, 0.1240, 0.1246, 0.1236, 0.1243],
        [0.1246, 0.1197, 0.1224, 0.1263, 0.1268, 0.1255, 0.1311, 0.1236]],
       device='cuda:0', grad_fn=<SoftmaxBackward0>)
tensor([[0.1268, 0.1228, 0.1243, 0.1270, 0.1256, 0.1252, 0.1231, 0.1251],
        [0.1255, 0.1222, 0.1268, 0.1252, 0.1251, 0.1274, 0.1215, 0.1261],
        [0.1256, 0.1199, 0.1242, 0.1247, 0.1269, 0.1249, 0.1291, 0.1246],
        [0.1232, 0.1196, 0.1239, 0.1258, 0.1269, 0.1242, 0.1311, 0.1252]],
       device='cuda:0', grad_fn=<SoftmaxBackward0>)
tensor([[0.1251, 0.1216, 0.1212, 0.1287, 0.1246, 0.1223, 0.1283, 0.1284],
        [0.1280, 0.1248, 0.1231, 0.1210, 0.1269, 0.1241, 0.1265, 0.1255],
        [0.1251, 0.1186, 0.1240, 0.1253, 0.1277, 0.1242, 0.1300, 0.1251],
        [0.1230, 0.1188, 0.1232, 0.1269, 0.1272, 0.1272, 0.1285, 0.1252],
        [0.1219, 0.1187, 0.1228, 0.1244, 0.1322, 0.1264, 0.1276, 0.1259]],
       device='cuda:0', grad_fn=<SoftmaxBackward0>)
tensor([[0.1291, 0.1249, 0.1247, 0.1239, 0.1287, 0.1232, 0.1243, 0.1211],
        [0.1225, 0.1184, 0.1250, 0.1248, 0.1300, 0.1233, 0.1256, 0.1304]],
       device='cuda:0', grad_fn=<SoftmaxBackward0>)
tensor([[0.1280, 0.1236, 0.1229, 0.1257, 0.1258, 0.1207, 0.1298, 0.1235],
        [0.1221, 0.1177, 0.1267, 0.1254, 0.1300, 0.1243, 0.1248, 0.1290],
        [0.1259, 0.1156, 0.1193, 0.1238, 0.1342, 0.1304, 0.1271, 0.1236]],
       device='cuda:0', grad_fn=<SoftmaxBackward0>)
tensor([[0.1270, 0.1233, 0.1278, 0.1253, 0.1276, 0.1240, 0.1223, 0.1228],
        [0.1224, 0.1176, 0.1261, 0.1259, 0.1287, 0.1248, 0.1263, 0.1284],
        [0.1256, 0.1139, 0.1194, 0.1268, 0.1273, 0.1296, 0.1304, 0.1269],
        [0.1262, 0.1165, 0.1208, 0.1257, 0.1281, 0.1306, 0.1286, 0.1236]],
       device='cuda:0', grad_fn=<SoftmaxBackward0>)
tensor([[0.1274, 0.1218, 0.1235, 0.1225, 0.1264, 0.1271, 0.1272, 0.1241],
        [0.1240, 0.1192, 0.1257, 0.1233, 0.1309, 0.1247, 0.1235, 0.1286],
        [0.1274, 0.1149, 0.1181, 0.1275, 0.1314, 0.1270, 0.1300, 0.1237],
        [0.1301, 0.1178, 0.1225, 0.1262, 0.1249, 0.1238, 0.1299, 0.1248],
        [0.1296, 0.1179, 0.1218, 0.1242, 0.1322, 0.1254, 0.1248, 0.1241]],
       device='cuda:0', grad_fn=<SoftmaxBackward0>)
#####################
07/31 07:44:37午後 searchCell_trainer.py:217 [INFO] Train: Epoch: [2][50/390]	Step 832	lr 0.02491	Loss 2.8920 (3.0869)	Hard Loss 2.8920 (3.0869)	Soft Loss 2.8920 (3.0869)	Arch Loss 3.0833 (3.1787)	Arch Hard Loss 0.0000 (0.0000)	Arch Soft Loss 0.0000 (0.0000)	Prec@(1,5) (24.4%, 52.8%)	
07/31 07:45:18午後 searchCell_trainer.py:217 [INFO] Train: Epoch: [2][100/390]	Step 882	lr 0.02491	Loss 3.1239 (3.0842)	Hard Loss 3.1239 (3.0842)	Soft Loss 3.1239 (3.0842)	Arch Loss 3.1279 (3.1580)	Arch Hard Loss 0.0000 (0.0000)	Arch Soft Loss 0.0000 (0.0000)	Prec@(1,5) (23.6%, 53.5%)	
07/31 07:45:58午後 searchCell_trainer.py:217 [INFO] Train: Epoch: [2][150/390]	Step 932	lr 0.02491	Loss 2.6036 (3.0621)	Hard Loss 2.6036 (3.0621)	Soft Loss 2.6036 (3.0621)	Arch Loss 2.7180 (3.1483)	Arch Hard Loss 0.0000 (0.0000)	Arch Soft Loss 0.0000 (0.0000)	Prec@(1,5) (23.9%, 54.1%)	
07/31 07:46:37午後 searchCell_trainer.py:217 [INFO] Train: Epoch: [2][200/390]	Step 982	lr 0.02491	Loss 3.2038 (3.0761)	Hard Loss 3.2038 (3.0761)	Soft Loss 3.2038 (3.0761)	Arch Loss 2.9625 (3.1311)	Arch Hard Loss 0.0000 (0.0000)	Arch Soft Loss 0.0000 (0.0000)	Prec@(1,5) (23.8%, 54.0%)	
07/31 07:47:17午後 searchCell_trainer.py:217 [INFO] Train: Epoch: [2][250/390]	Step 1032	lr 0.02491	Loss 2.9773 (3.0618)	Hard Loss 2.9773 (3.0618)	Soft Loss 2.9773 (3.0618)	Arch Loss 3.1773 (3.1069)	Arch Hard Loss 0.0000 (0.0000)	Arch Soft Loss 0.0000 (0.0000)	Prec@(1,5) (23.8%, 54.5%)	
07/31 07:47:57午後 searchCell_trainer.py:217 [INFO] Train: Epoch: [2][300/390]	Step 1082	lr 0.02491	Loss 2.9793 (3.0409)	Hard Loss 2.9793 (3.0409)	Soft Loss 2.9793 (3.0409)	Arch Loss 3.0776 (3.0909)	Arch Hard Loss 0.0000 (0.0000)	Arch Soft Loss 0.0000 (0.0000)	Prec@(1,5) (24.4%, 55.0%)	
07/31 07:48:37午後 searchCell_trainer.py:217 [INFO] Train: Epoch: [2][350/390]	Step 1132	lr 0.02491	Loss 3.0534 (3.0257)	Hard Loss 3.0534 (3.0257)	Soft Loss 3.0534 (3.0257)	Arch Loss 2.6244 (3.0774)	Arch Hard Loss 0.0000 (0.0000)	Arch Soft Loss 0.0000 (0.0000)	Prec@(1,5) (24.6%, 55.4%)	
07/31 07:49:08午後 searchCell_trainer.py:217 [INFO] Train: Epoch: [2][390/390]	Step 1172	lr 0.02491	Loss 3.1295 (3.0183)	Hard Loss 3.1295 (3.0183)	Soft Loss 3.1295 (3.0183)	Arch Loss 2.7408 (3.0610)	Arch Hard Loss 0.0000 (0.0000)	Arch Soft Loss 0.0000 (0.0000)	Prec@(1,5) (24.6%, 55.4%)	
07/31 07:49:09午後 searchCell_trainer.py:232 [INFO] Train: [  2/49] Final Prec@1 24.6280%
07/31 07:49:16午後 searchCell_trainer.py:260 [INFO] Valid: Epoch: [2][50/391]	Step 1173	Loss 2.9121	Prec@(1,5) (27.5%, 58.5%)
07/31 07:49:22午後 searchCell_trainer.py:260 [INFO] Valid: Epoch: [2][100/391]	Step 1173	Loss 2.9405	Prec@(1,5) (26.2%, 57.7%)
07/31 07:49:29午後 searchCell_trainer.py:260 [INFO] Valid: Epoch: [2][150/391]	Step 1173	Loss 2.9633	Prec@(1,5) (25.5%, 57.3%)
07/31 07:49:35午後 searchCell_trainer.py:260 [INFO] Valid: Epoch: [2][200/391]	Step 1173	Loss 2.9604	Prec@(1,5) (26.2%, 57.2%)
07/31 07:49:42午後 searchCell_trainer.py:260 [INFO] Valid: Epoch: [2][250/391]	Step 1173	Loss 2.9691	Prec@(1,5) (26.0%, 56.8%)
07/31 07:49:48午後 searchCell_trainer.py:260 [INFO] Valid: Epoch: [2][300/391]	Step 1173	Loss 2.9749	Prec@(1,5) (25.7%, 56.8%)
07/31 07:49:54午後 searchCell_trainer.py:260 [INFO] Valid: Epoch: [2][350/391]	Step 1173	Loss 2.9784	Prec@(1,5) (25.7%, 56.7%)
07/31 07:49:59午後 searchCell_trainer.py:260 [INFO] Valid: Epoch: [2][390/391]	Step 1173	Loss 2.9774	Prec@(1,5) (25.8%, 56.7%)
07/31 07:50:00午後 searchCell_trainer.py:267 [INFO] Valid: [  2/49] Final Prec@1 25.7840%
07/31 07:50:00午後 searchCell_KD_main.py:58 [INFO] genotype = Genotype3(normal1=[[('max_pool_3x3', 0), ('sep_conv_3x3', 1)], [('max_pool_3x3', 0), ('max_pool_3x3', 2)], [('dil_conv_5x5', 2), ('max_pool_3x3', 1)], [('max_pool_3x3', 0), ('sep_conv_3x3', 4)]], normal1_concat=range(2, 6), reduce1=[[('skip_connect', 0), ('sep_conv_3x3', 1)], [('dil_conv_5x5', 2), ('sep_conv_3x3', 1)], [('dil_conv_5x5', 3), ('dil_conv_5x5', 2)], [('sep_conv_5x5', 4), ('dil_conv_5x5', 2)]], reduce1_concat=range(2, 6), normal2=[[('sep_conv_5x5', 1), ('sep_conv_5x5', 0)], [('dil_conv_5x5', 1), ('sep_conv_5x5', 2)], [('sep_conv_5x5', 2), ('dil_conv_3x3', 3)], [('dil_conv_5x5', 1), ('dil_conv_3x3', 4)]], normal2_concat=range(2, 6), reduce2=[[('sep_conv_5x5', 1), ('max_pool_3x3', 0)], [('sep_conv_5x5', 2), ('sep_conv_5x5', 1)], [('sep_conv_5x5', 1), ('dil_conv_3x3', 2)], [('sep_conv_5x5', 4), ('sep_conv_5x5', 2)]], reduce2_concat=range(2, 6), normal3=[[('max_pool_3x3', 0), ('dil_conv_5x5', 1)], [('sep_conv_5x5', 2), ('max_pool_3x3', 0)], [('sep_conv_3x3', 3), ('dil_conv_5x5', 0)], [('sep_conv_5x5', 2), ('dil_conv_5x5', 4)]], normal3_concat=range(2, 6))
07/31 07:50:01午後 searchCell_KD_main.py:92 [INFO] Until now, best Prec@1 = 25.7840%
####### ALPHA #######
# Alpha - normal
tensor([[0.1313, 0.1190, 0.1251, 0.1273, 0.1263, 0.1238, 0.1273, 0.1199],
        [0.1264, 0.1167, 0.1213, 0.1291, 0.1254, 0.1256, 0.1260, 0.1293]],
       device='cuda:0', grad_fn=<SoftmaxBackward0>)
tensor([[0.1342, 0.1187, 0.1242, 0.1278, 0.1287, 0.1256, 0.1222, 0.1186],
        [0.1294, 0.1194, 0.1249, 0.1268, 0.1271, 0.1242, 0.1221, 0.1262],
        [0.1298, 0.1205, 0.1274, 0.1248, 0.1223, 0.1250, 0.1241, 0.1261]],
       device='cuda:0', grad_fn=<SoftmaxBackward0>)
tensor([[0.1311, 0.1181, 0.1221, 0.1246, 0.1272, 0.1283, 0.1249, 0.1236],
        [0.1312, 0.1200, 0.1256, 0.1237, 0.1245, 0.1234, 0.1250, 0.1268],
        [0.1260, 0.1173, 0.1232, 0.1222, 0.1275, 0.1250, 0.1333, 0.1254],
        [0.1246, 0.1197, 0.1257, 0.1262, 0.1299, 0.1235, 0.1220, 0.1285]],
       device='cuda:0', grad_fn=<SoftmaxBackward0>)
tensor([[0.1345, 0.1207, 0.1253, 0.1239, 0.1256, 0.1219, 0.1253, 0.1228],
        [0.1273, 0.1167, 0.1212, 0.1249, 0.1256, 0.1273, 0.1253, 0.1317],
        [0.1277, 0.1183, 0.1230, 0.1240, 0.1271, 0.1269, 0.1287, 0.1243],
        [0.1230, 0.1179, 0.1236, 0.1272, 0.1293, 0.1250, 0.1267, 0.1272],
        [0.1215, 0.1172, 0.1228, 0.1310, 0.1258, 0.1269, 0.1262, 0.1285]],
       device='cuda:0', grad_fn=<SoftmaxBackward0>)
tensor([[0.1250, 0.1195, 0.1258, 0.1247, 0.1312, 0.1242, 0.1272, 0.1224],
        [0.1186, 0.1122, 0.1168, 0.1286, 0.1338, 0.1297, 0.1322, 0.1282]],
       device='cuda:0', grad_fn=<SoftmaxBackward0>)
tensor([[0.1264, 0.1200, 0.1264, 0.1260, 0.1276, 0.1218, 0.1281, 0.1238],
        [0.1225, 0.1148, 0.1202, 0.1286, 0.1287, 0.1269, 0.1305, 0.1278],
        [0.1223, 0.1197, 0.1269, 0.1244, 0.1296, 0.1260, 0.1252, 0.1258]],
       device='cuda:0', grad_fn=<SoftmaxBackward0>)
tensor([[0.1274, 0.1187, 0.1245, 0.1295, 0.1265, 0.1235, 0.1267, 0.1232],
        [0.1231, 0.1161, 0.1217, 0.1248, 0.1306, 0.1261, 0.1288, 0.1287],
        [0.1240, 0.1194, 0.1237, 0.1245, 0.1316, 0.1279, 0.1267, 0.1223],
        [0.1205, 0.1168, 0.1227, 0.1236, 0.1315, 0.1318, 0.1286, 0.1245]],
       device='cuda:0', grad_fn=<SoftmaxBackward0>)
tensor([[0.1287, 0.1207, 0.1260, 0.1257, 0.1256, 0.1244, 0.1272, 0.1217],
        [0.1245, 0.1166, 0.1213, 0.1230, 0.1270, 0.1282, 0.1315, 0.1280],
        [0.1261, 0.1214, 0.1264, 0.1277, 0.1274, 0.1230, 0.1237, 0.1243],
        [0.1241, 0.1196, 0.1255, 0.1242, 0.1257, 0.1276, 0.1256, 0.1276],
        [0.1230, 0.1181, 0.1240, 0.1237, 0.1269, 0.1294, 0.1266, 0.1285]],
       device='cuda:0', grad_fn=<SoftmaxBackward0>)
tensor([[0.1296, 0.1207, 0.1233, 0.1281, 0.1277, 0.1223, 0.1264, 0.1218],
        [0.1240, 0.1224, 0.1243, 0.1186, 0.1211, 0.1268, 0.1277, 0.1352]],
       device='cuda:0', grad_fn=<SoftmaxBackward0>)
tensor([[0.1289, 0.1209, 0.1233, 0.1257, 0.1267, 0.1245, 0.1244, 0.1256],
        [0.1226, 0.1207, 0.1217, 0.1245, 0.1262, 0.1236, 0.1281, 0.1326],
        [0.1211, 0.1166, 0.1180, 0.1262, 0.1309, 0.1289, 0.1272, 0.1310]],
       device='cuda:0', grad_fn=<SoftmaxBackward0>)
tensor([[0.1266, 0.1186, 0.1203, 0.1245, 0.1259, 0.1272, 0.1301, 0.1268],
        [0.1209, 0.1192, 0.1199, 0.1282, 0.1267, 0.1249, 0.1264, 0.1339],
        [0.1195, 0.1161, 0.1174, 0.1292, 0.1276, 0.1292, 0.1271, 0.1338],
        [0.1203, 0.1171, 0.1164, 0.1331, 0.1250, 0.1299, 0.1266, 0.1315]],
       device='cuda:0', grad_fn=<SoftmaxBackward0>)
tensor([[0.1235, 0.1169, 0.1175, 0.1270, 0.1320, 0.1281, 0.1263, 0.1287],
        [0.1211, 0.1188, 0.1199, 0.1289, 0.1275, 0.1239, 0.1256, 0.1343],
        [0.1180, 0.1143, 0.1139, 0.1265, 0.1329, 0.1322, 0.1288, 0.1335],
        [0.1199, 0.1162, 0.1157, 0.1282, 0.1310, 0.1276, 0.1279, 0.1335],
        [0.1174, 0.1140, 0.1136, 0.1266, 0.1312, 0.1308, 0.1324, 0.1340]],
       device='cuda:0', grad_fn=<SoftmaxBackward0>)

# Alpha - reduce
tensor([[0.1258, 0.1195, 0.1305, 0.1226, 0.1251, 0.1245, 0.1258, 0.1263],
        [0.1260, 0.1209, 0.1255, 0.1272, 0.1265, 0.1245, 0.1260, 0.1233]],
       device='cuda:0', grad_fn=<SoftmaxBackward0>)
tensor([[0.1256, 0.1195, 0.1272, 0.1238, 0.1268, 0.1251, 0.1272, 0.1248],
        [0.1269, 0.1218, 0.1247, 0.1294, 0.1255, 0.1247, 0.1232, 0.1237],
        [0.1238, 0.1168, 0.1218, 0.1276, 0.1272, 0.1259, 0.1331, 0.1238]],
       device='cuda:0', grad_fn=<SoftmaxBackward0>)
tensor([[0.1280, 0.1221, 0.1239, 0.1269, 0.1246, 0.1261, 0.1235, 0.1249],
        [0.1257, 0.1202, 0.1277, 0.1258, 0.1261, 0.1273, 0.1204, 0.1268],
        [0.1258, 0.1176, 0.1246, 0.1258, 0.1278, 0.1233, 0.1306, 0.1244],
        [0.1214, 0.1173, 0.1237, 0.1281, 0.1281, 0.1253, 0.1321, 0.1240]],
       device='cuda:0', grad_fn=<SoftmaxBackward0>)
tensor([[0.1251, 0.1198, 0.1209, 0.1302, 0.1255, 0.1221, 0.1277, 0.1286],
