09/06 01:53:05AM parser.py:28 [INFO] 
09/06 01:53:05AM parser.py:29 [INFO] Parameters:
09/06 01:53:05AM parser.py:31 [INFO] DAG_PATH=results/search_stage_KD/cifar100/SIMPLE-KD-ONLYARCH/s4-BaselineBestCell/DAG
09/06 01:53:05AM parser.py:31 [INFO] T=10.0
09/06 01:53:05AM parser.py:31 [INFO] ADVANCED=True
09/06 01:53:05AM parser.py:31 [INFO] ALPHA_LR=0.0003
09/06 01:53:05AM parser.py:31 [INFO] ALPHA_WEIGHT_DECAY=0.001
09/06 01:53:05AM parser.py:31 [INFO] BATCH_SIZE=64
09/06 01:53:05AM parser.py:31 [INFO] CASCADE=False
09/06 01:53:05AM parser.py:31 [INFO] CHECKPOINT_RESET=False
09/06 01:53:05AM parser.py:31 [INFO] CUTOUT_LENGTH=0
09/06 01:53:05AM parser.py:31 [INFO] DATA_PATH=../data/
09/06 01:53:05AM parser.py:31 [INFO] DATASET=cifar100
09/06 01:53:05AM parser.py:31 [INFO] DEPTH_COEF=0.0
09/06 01:53:05AM parser.py:31 [INFO] DESCRIPTION=search_architecture_on_KD_for_architecture_parameters_without_depth_loss_with_large_slidewindow
09/06 01:53:05AM parser.py:31 [INFO] EPOCHS=50
09/06 01:53:05AM parser.py:31 [INFO] EXP_NAME=s4-BaselineBestCell
09/06 01:53:05AM parser.py:31 [INFO] GENOTYPE=Genotype3(normal1=[[('sep_conv_5x5', 0), ('sep_conv_3x3', 1)], [('sep_conv_3x3', 1), ('sep_conv_3x3', 0)], [('sep_conv_3x3', 1), ('sep_conv_3x3', 2)], [('sep_conv_3x3', 0), ('sep_conv_5x5', 4)]], normal1_concat=range(2, 6), reduce1=[[('sep_conv_3x3', 0), ('skip_connect', 1)], [('sep_conv_3x3', 1), ('max_pool_3x3', 0)], [('sep_conv_3x3', 2), ('sep_conv_3x3', 1)], [('max_pool_3x3', 0), ('dil_conv_3x3', 1)]], reduce1_concat=range(2, 6), normal2=[[('skip_connect', 0), ('sep_conv_5x5', 1)], [('skip_connect', 0), ('skip_connect', 2)], [('avg_pool_3x3', 0), ('avg_pool_3x3', 2)], [('skip_connect', 0), ('avg_pool_3x3', 2)]], normal2_concat=range(2, 6), reduce2=[[('avg_pool_3x3', 0), ('avg_pool_3x3', 1)], [('avg_pool_3x3', 0), ('skip_connect', 2)], [('skip_connect', 2), ('avg_pool_3x3', 0)], [('skip_connect', 2), ('avg_pool_3x3', 0)]], reduce2_concat=range(2, 6), normal3=[[('skip_connect', 0), ('skip_connect', 1)], [('skip_connect', 0), ('dil_conv_3x3', 1)], [('skip_connect', 0), ('skip_connect', 1)], [('skip_connect', 0), ('skip_connect', 2)]], normal3_concat=range(2, 6))
09/06 01:53:05AM parser.py:31 [INFO] GPUS=[0]
09/06 01:53:05AM parser.py:31 [INFO] INIT_CHANNELS=16
09/06 01:53:05AM parser.py:31 [INFO] L=0.5
09/06 01:53:05AM parser.py:31 [INFO] LAYERS=20
09/06 01:53:05AM parser.py:31 [INFO] LOGGER=<Logger H-DAS (INFO)>
09/06 01:53:05AM parser.py:31 [INFO] NAME=SIMPLE-KD-ONLYARCH
09/06 01:53:05AM parser.py:31 [INFO] NONKD=False
09/06 01:53:05AM parser.py:31 [INFO] PATH=results/search_stage_KD/cifar100/SIMPLE-KD-ONLYARCH/s4-BaselineBestCell
09/06 01:53:05AM parser.py:31 [INFO] PCDARTS=False
09/06 01:53:05AM parser.py:31 [INFO] PLOT_PATH=results/search_stage_KD/cifar100/SIMPLE-KD-ONLYARCH/s4-BaselineBestCell/plots
09/06 01:53:05AM parser.py:31 [INFO] PRINT_FREQ=50
09/06 01:53:05AM parser.py:31 [INFO] RESUME_PATH=None
09/06 01:53:05AM parser.py:31 [INFO] SAVE=s4-BaselineBestCell
09/06 01:53:05AM parser.py:31 [INFO] SEED=4
09/06 01:53:05AM parser.py:31 [INFO] SHARE_STAGE=False
09/06 01:53:05AM parser.py:31 [INFO] SLIDE_WINDOW=8
09/06 01:53:05AM parser.py:31 [INFO] SPEC_CELL=True
09/06 01:53:05AM parser.py:31 [INFO] TEACHER_NAME=efficientnet_v2_s
09/06 01:53:05AM parser.py:31 [INFO] TEACHER_PATH=/home/miura/lab/KD-hdas/results/teacher/cifar100/efficientnet_v2_s/FINETUNE2/pretrained-20240716-002108/best.pth.tar
09/06 01:53:05AM parser.py:31 [INFO] TRAIN_PORTION=0.5
09/06 01:53:05AM parser.py:31 [INFO] W_GRAD_CLIP=5.0
09/06 01:53:05AM parser.py:31 [INFO] W_LR=0.025
09/06 01:53:05AM parser.py:31 [INFO] W_LR_MIN=0.001
09/06 01:53:05AM parser.py:31 [INFO] W_MOMENTUM=0.9
09/06 01:53:05AM parser.py:31 [INFO] W_WEIGHT_DECAY=0.0003
09/06 01:53:05AM parser.py:31 [INFO] WORKERS=4
09/06 01:53:05AM parser.py:32 [INFO] 
09/06 01:53:07AM searchStage_trainer.py:130 [INFO] --> Loaded teacher model 'efficientnet_v2_s' from '/home/miura/lab/KD-hdas/results/teacher/cifar100/efficientnet_v2_s/FINETUNE2/pretrained-20240716-002108/best.pth.tar' and Freezed parameters)
09/06 01:53:09AM eval_util.py:125 [INFO] Test: Step 000/390 Prec@(1,5) (95.3%, 100.0%)
09/06 01:53:20AM eval_util.py:125 [INFO] Test: Step 390/390 Prec@(1,5) (97.2%, 99.6%)
09/06 01:53:20AM eval_util.py:130 [INFO] Teacher=(efficientnet_v2_s <- (/home/miura/lab/KD-hdas/results/teacher/cifar100/efficientnet_v2_s/FINETUNE2/pretrained-20240716-002108/best.pth.tar)) achives Test Prec(@1, @5) = (97.2400%, 99.6320%)
09/06 01:53:40AM searchStage_trainer.py:137 [INFO] --> No loaded checkpoint!
####### ALPHA #######
# Alpha - DAG
tensor([[0.2495, 0.2500, 0.2505, 0.2501],
        [0.2503, 0.2499, 0.2496, 0.2502]], device='cuda:0',
       grad_fn=<SoftmaxBackward0>)
tensor([[0.2500, 0.2499, 0.2500, 0.2502],
        [0.2501, 0.2501, 0.2499, 0.2500],
        [0.2497, 0.2503, 0.2499, 0.2501]], device='cuda:0',
       grad_fn=<SoftmaxBackward0>)
tensor([[0.2497, 0.2503, 0.2501, 0.2499],
        [0.2498, 0.2503, 0.2502, 0.2497],
        [0.2502, 0.2498, 0.2504, 0.2497],
        [0.2499, 0.2501, 0.2501, 0.2499]], device='cuda:0',
       grad_fn=<SoftmaxBackward0>)
tensor([[0.2496, 0.2502, 0.2499, 0.2503],
        [0.2498, 0.2498, 0.2503, 0.2502],
        [0.2501, 0.2505, 0.2496, 0.2498],
        [0.2502, 0.2500, 0.2499, 0.2500],
        [0.2503, 0.2501, 0.2497, 0.2499]], device='cuda:0',
       grad_fn=<SoftmaxBackward0>)
tensor([[0.2498, 0.2503, 0.2503, 0.2496],
        [0.2499, 0.2496, 0.2506, 0.2499],
        [0.2502, 0.2500, 0.2497, 0.2501],
        [0.2498, 0.2501, 0.2498, 0.2504],
        [0.2498, 0.2503, 0.2502, 0.2497],
        [0.2501, 0.2498, 0.2502, 0.2499]], device='cuda:0',
       grad_fn=<SoftmaxBackward0>)
tensor([[0.2498, 0.2499, 0.2504, 0.2498],
        [0.2503, 0.2501, 0.2497, 0.2500],
        [0.2500, 0.2499, 0.2502, 0.2499],
        [0.2498, 0.2501, 0.2501, 0.2500],
        [0.2503, 0.2501, 0.2499, 0.2497],
        [0.2502, 0.2500, 0.2500, 0.2497],
        [0.2499, 0.2501, 0.2502, 0.2498]], device='cuda:0',
       grad_fn=<SoftmaxBackward0>)
tensor([[0.2504, 0.2498, 0.2501, 0.2496],
        [0.2500, 0.2500, 0.2499, 0.2501]], device='cuda:0',
       grad_fn=<SoftmaxBackward0>)
tensor([[0.2503, 0.2500, 0.2498, 0.2499],
        [0.2497, 0.2502, 0.2500, 0.2501],
        [0.2500, 0.2501, 0.2499, 0.2501]], device='cuda:0',
       grad_fn=<SoftmaxBackward0>)
tensor([[0.2496, 0.2499, 0.2499, 0.2505],
        [0.2496, 0.2502, 0.2501, 0.2500],
        [0.2497, 0.2503, 0.2498, 0.2502],
        [0.2501, 0.2499, 0.2500, 0.2501]], device='cuda:0',
       grad_fn=<SoftmaxBackward0>)
tensor([[0.2502, 0.2500, 0.2499, 0.2499],
        [0.2501, 0.2498, 0.2500, 0.2501],
        [0.2504, 0.2498, 0.2500, 0.2498],
        [0.2500, 0.2500, 0.2500, 0.2501],
        [0.2500, 0.2502, 0.2498, 0.2500]], device='cuda:0',
       grad_fn=<SoftmaxBackward0>)
tensor([[0.2500, 0.2496, 0.2500, 0.2503],
        [0.2498, 0.2503, 0.2502, 0.2497],
        [0.2500, 0.2502, 0.2494, 0.2503],
        [0.2501, 0.2499, 0.2499, 0.2502],
        [0.2499, 0.2500, 0.2501, 0.2500],
        [0.2500, 0.2500, 0.2501, 0.2499]], device='cuda:0',
       grad_fn=<SoftmaxBackward0>)
tensor([[0.2503, 0.2499, 0.2500, 0.2498],
        [0.2500, 0.2496, 0.2501, 0.2503],
        [0.2501, 0.2499, 0.2498, 0.2502],
        [0.2499, 0.2500, 0.2502, 0.2499],
        [0.2499, 0.2501, 0.2501, 0.2500],
        [0.2502, 0.2499, 0.2501, 0.2498],
        [0.2497, 0.2504, 0.2499, 0.2500]], device='cuda:0',
       grad_fn=<SoftmaxBackward0>)
tensor([[0.2502, 0.2495, 0.2503, 0.2500],
        [0.2497, 0.2499, 0.2503, 0.2500]], device='cuda:0',
       grad_fn=<SoftmaxBackward0>)
tensor([[0.2500, 0.2498, 0.2496, 0.2505],
        [0.2497, 0.2499, 0.2500, 0.2504],
        [0.2499, 0.2501, 0.2499, 0.2501]], device='cuda:0',
       grad_fn=<SoftmaxBackward0>)
tensor([[0.2502, 0.2500, 0.2496, 0.2502],
        [0.2502, 0.2501, 0.2501, 0.2496],
        [0.2499, 0.2501, 0.2501, 0.2499],
        [0.2498, 0.2505, 0.2498, 0.2500]], device='cuda:0',
       grad_fn=<SoftmaxBackward0>)
tensor([[0.2503, 0.2496, 0.2501, 0.2499],
        [0.2499, 0.2498, 0.2501, 0.2502],
        [0.2501, 0.2501, 0.2497, 0.2500],
        [0.2502, 0.2502, 0.2497, 0.2499],
        [0.2498, 0.2499, 0.2502, 0.2501]], device='cuda:0',
       grad_fn=<SoftmaxBackward0>)
tensor([[0.2497, 0.2506, 0.2502, 0.2496],
        [0.2501, 0.2497, 0.2501, 0.2502],
        [0.2503, 0.2497, 0.2499, 0.2501],
        [0.2498, 0.2500, 0.2501, 0.2501],
        [0.2502, 0.2502, 0.2494, 0.2502],
        [0.2502, 0.2498, 0.2500, 0.2500]], device='cuda:0',
       grad_fn=<SoftmaxBackward0>)
tensor([[0.2496, 0.2500, 0.2501, 0.2503],
        [0.2500, 0.2500, 0.2500, 0.2500],
        [0.2501, 0.2498, 0.2500, 0.2500],
        [0.2499, 0.2501, 0.2504, 0.2496],
        [0.2497, 0.2503, 0.2500, 0.2500],
        [0.2499, 0.2500, 0.2501, 0.2500],
        [0.2500, 0.2500, 0.2502, 0.2498]], device='cuda:0',
       grad_fn=<SoftmaxBackward0>)
#####################
09/06 01:53:58AM searchStage_trainer.py:268 [INFO] Train: Epoch: [0][50/390]	Step 50	lr 0.025	Loss 4.6405 (4.7002)	Hard Loss 4.6405 (4.7002)	Soft Loss 4.6405 (4.7002)	Arch Loss 2.2901 (2.3821)	Arch Hard Loss 4.5268 (4.7125)	Arch Soft Loss 0.0005 (0.0005)	Arch depth Loss 0.0000 (0.0000)	Prec@(1,5) (1.6%, 7.9%)	
09/06 01:54:14AM searchStage_trainer.py:268 [INFO] Train: Epoch: [0][100/390]	Step 100	lr 0.025	Loss 3.9578 (4.5411)	Hard Loss 3.9578 (4.5411)	Soft Loss 3.9578 (4.5411)	Arch Loss 2.2604 (2.2997)	Arch Hard Loss 4.4723 (4.5491)	Arch Soft Loss 0.0005 (0.0005)	Arch depth Loss 0.0000 (0.0000)	Prec@(1,5) (2.7%, 11.5%)	
09/06 01:54:29AM searchStage_trainer.py:268 [INFO] Train: Epoch: [0][150/390]	Step 150	lr 0.025	Loss 4.0491 (4.4363)	Hard Loss 4.0491 (4.4363)	Soft Loss 4.0491 (4.4363)	Arch Loss 2.1571 (2.2442)	Arch Hard Loss 4.2662 (4.4390)	Arch Soft Loss 0.0005 (0.0005)	Arch depth Loss 0.0000 (0.0000)	Prec@(1,5) (3.4%, 14.1%)	
09/06 01:54:45AM searchStage_trainer.py:268 [INFO] Train: Epoch: [0][200/390]	Step 200	lr 0.025	Loss 4.1143 (4.3556)	Hard Loss 4.1143 (4.3556)	Soft Loss 4.1143 (4.3556)	Arch Loss 2.1081 (2.2031)	Arch Hard Loss 4.1652 (4.3573)	Arch Soft Loss 0.0005 (0.0005)	Arch depth Loss 0.0000 (0.0000)	Prec@(1,5) (4.0%, 16.3%)	
09/06 01:55:01AM searchStage_trainer.py:268 [INFO] Train: Epoch: [0][250/390]	Step 250	lr 0.025	Loss 4.0947 (4.2936)	Hard Loss 4.0947 (4.2936)	Soft Loss 4.0947 (4.2936)	Arch Loss 2.0670 (2.1715)	Arch Hard Loss 4.0875 (4.2944)	Arch Soft Loss 0.0005 (0.0005)	Arch depth Loss 0.0000 (0.0000)	Prec@(1,5) (4.5%, 17.8%)	
09/06 01:55:17AM searchStage_trainer.py:268 [INFO] Train: Epoch: [0][300/390]	Step 300	lr 0.025	Loss 4.1009 (4.2447)	Hard Loss 4.1009 (4.2447)	Soft Loss 4.1009 (4.2447)	Arch Loss 1.9708 (2.1426)	Arch Hard Loss 3.8976 (4.2369)	Arch Soft Loss 0.0004 (0.0005)	Arch depth Loss -0.0000 (0.0000)	Prec@(1,5) (4.9%, 19.0%)	
09/06 01:55:33AM searchStage_trainer.py:268 [INFO] Train: Epoch: [0][350/390]	Step 350	lr 0.025	Loss 4.1088 (4.2044)	Hard Loss 4.1088 (4.2044)	Soft Loss 4.1088 (4.2044)	Arch Loss 2.0340 (2.1213)	Arch Hard Loss 4.0208 (4.1945)	Arch Soft Loss 0.0005 (0.0005)	Arch depth Loss -0.0000 (0.0000)	Prec@(1,5) (5.3%, 20.3%)	
09/06 01:55:45AM searchStage_trainer.py:268 [INFO] Train: Epoch: [0][390/390]	Step 390	lr 0.025	Loss 3.9865 (4.1736)	Hard Loss 3.9865 (4.1736)	Soft Loss 3.9865 (4.1736)	Arch Loss 2.0344 (2.1060)	Arch Hard Loss 4.0251 (4.1641)	Arch Soft Loss 0.0004 (0.0005)	Arch depth Loss 0.0000 (0.0000)	Prec@(1,5) (5.7%, 21.2%)	
09/06 01:55:46AM searchStage_trainer.py:284 [INFO] Train: [  0/49] Final Prec@1 5.7080%
09/06 01:55:49AM searchStage_trainer.py:312 [INFO] Valid: Epoch: [0][50/391]	Step 391	Loss 3.9645	Prec@(1,5) (8.2%, 26.8%)
09/06 01:55:51AM searchStage_trainer.py:312 [INFO] Valid: Epoch: [0][100/391]	Step 391	Loss 3.9561	Prec@(1,5) (9.0%, 27.2%)
09/06 01:55:54AM searchStage_trainer.py:312 [INFO] Valid: Epoch: [0][150/391]	Step 391	Loss 3.9717	Prec@(1,5) (9.0%, 27.3%)
09/06 01:55:56AM searchStage_trainer.py:312 [INFO] Valid: Epoch: [0][200/391]	Step 391	Loss 3.9700	Prec@(1,5) (9.1%, 27.5%)
09/06 01:55:58AM searchStage_trainer.py:312 [INFO] Valid: Epoch: [0][250/391]	Step 391	Loss 3.9680	Prec@(1,5) (9.2%, 27.7%)
09/06 01:56:00AM searchStage_trainer.py:312 [INFO] Valid: Epoch: [0][300/391]	Step 391	Loss 3.9656	Prec@(1,5) (9.1%, 28.0%)
09/06 01:56:03AM searchStage_trainer.py:312 [INFO] Valid: Epoch: [0][350/391]	Step 391	Loss 3.9654	Prec@(1,5) (9.1%, 28.0%)
09/06 01:56:04AM searchStage_trainer.py:312 [INFO] Valid: Epoch: [0][390/391]	Step 391	Loss 3.9651	Prec@(1,5) (9.2%, 28.0%)
09/06 01:56:05AM searchStage_trainer.py:323 [INFO] Valid: [  0/49] Final Prec@1 9.1680%
09/06 01:56:05AM searchStage_KD_main.py:58 [INFO] DAG = Genotype2(DAG1=[[('skip_connect', 0), ('skip_connect', 1)], [('skip_connect', 2), ('skip_connect', 0)], [('max_pool_3x3', 1), ('max_pool_3x3', 2)], [('max_pool_3x3', 4), ('skip_connect', 0)], [('max_pool_3x3', 0), ('max_pool_3x3', 1)], [('max_pool_3x3', 0), ('max_pool_3x3', 1)]], DAG1_concat=range(6, 8), DAG2=[[('skip_connect', 0), ('skip_connect', 1)], [('skip_connect', 1), ('skip_connect', 2)], [('skip_connect', 0), ('skip_connect', 1)], [('max_pool_3x3', 1), ('max_pool_3x3', 0)], [('max_pool_3x3', 1), ('max_pool_3x3', 0)], [('skip_connect', 1), ('skip_connect', 0)]], DAG2_concat=range(6, 8), DAG3=[[('skip_connect', 1), ('skip_connect', 0)], [('skip_connect', 1), ('skip_connect', 0)], [('skip_connect', 1), ('skip_connect', 0)], [('max_pool_3x3', 2), ('skip_connect', 0)], [('skip_connect', 0), ('max_pool_3x3', 1)], [('max_pool_3x3', 0), ('max_pool_3x3', 1)]], DAG3_concat=range(6, 8))
09/06 01:56:05AM searchStage_KD_main.py:89 [INFO] Until now, best Prec@1 = 9.1680%
####### ALPHA #######
# Alpha - DAG
tensor([[0.2481, 0.2496, 0.2513, 0.2510],
        [0.2493, 0.2506, 0.2509, 0.2492]], device='cuda:0',
       grad_fn=<SoftmaxBackward0>)
tensor([[0.2493, 0.2493, 0.2505, 0.2510],
        [0.2482, 0.2496, 0.2501, 0.2520],
        [0.2499, 0.2512, 0.2514, 0.2476]], device='cuda:0',
       grad_fn=<SoftmaxBackward0>)
tensor([[0.2500, 0.2490, 0.2500, 0.2510],
        [0.2506, 0.2500, 0.2504, 0.2491],
        [0.2506, 0.2497, 0.2500, 0.2498],
        [0.2502, 0.2497, 0.2508, 0.2494]], device='cuda:0',
       grad_fn=<SoftmaxBackward0>)
tensor([[0.2495, 0.2498, 0.2507, 0.2500],
        [0.2502, 0.2500, 0.2504, 0.2494],
        [0.2494, 0.2500, 0.2494, 0.2512],
        [0.2502, 0.2500, 0.2502, 0.2495],
        [0.2514, 0.2491, 0.2495, 0.2500]], device='cuda:0',
       grad_fn=<SoftmaxBackward0>)
tensor([[0.2531, 0.2493, 0.2509, 0.2468],
        [0.2527, 0.2495, 0.2510, 0.2468],
        [0.2507, 0.2475, 0.2488, 0.2529],
        [0.2510, 0.2482, 0.2499, 0.2509],
        [0.2519, 0.2493, 0.2493, 0.2495],
        [0.2511, 0.2482, 0.2489, 0.2518]], device='cuda:0',
       grad_fn=<SoftmaxBackward0>)
tensor([[0.2531, 0.2501, 0.2514, 0.2454],
        [0.2529, 0.2478, 0.2509, 0.2483],
        [0.2503, 0.2490, 0.2484, 0.2523],
        [0.2501, 0.2489, 0.2509, 0.2501],
        [0.2513, 0.2491, 0.2499, 0.2498],
        [0.2506, 0.2492, 0.2493, 0.2510],
        [0.2495, 0.2493, 0.2499, 0.2513]], device='cuda:0',
       grad_fn=<SoftmaxBackward0>)
tensor([[0.2513, 0.2485, 0.2529, 0.2473],
        [0.2502, 0.2464, 0.2513, 0.2521]], device='cuda:0',
       grad_fn=<SoftmaxBackward0>)
tensor([[0.2498, 0.2474, 0.2500, 0.2528],
        [0.2494, 0.2493, 0.2535, 0.2479],
        [0.2500, 0.2501, 0.2506, 0.2493]], device='cuda:0',
       grad_fn=<SoftmaxBackward0>)
tensor([[0.2501, 0.2493, 0.2514, 0.2492],
        [0.2505, 0.2484, 0.2516, 0.2495],
        [0.2493, 0.2501, 0.2512, 0.2493],
        [0.2475, 0.2505, 0.2489, 0.2530]], device='cuda:0',
       grad_fn=<SoftmaxBackward0>)
tensor([[0.2518, 0.2483, 0.2496, 0.2502],
        [0.2532, 0.2497, 0.2499, 0.2472],
        [0.2497, 0.2499, 0.2512, 0.2492],
        [0.2497, 0.2499, 0.2501, 0.2502],
        [0.2502, 0.2491, 0.2481, 0.2526]], device='cuda:0',
       grad_fn=<SoftmaxBackward0>)
tensor([[0.2524, 0.2467, 0.2503, 0.2506],
        [0.2548, 0.2482, 0.2502, 0.2469],
        [0.2526, 0.2466, 0.2519, 0.2489],
        [0.2504, 0.2479, 0.2507, 0.2511],
        [0.2502, 0.2465, 0.2500, 0.2533],
        [0.2490, 0.2496, 0.2506, 0.2508]], device='cuda:0',
       grad_fn=<SoftmaxBackward0>)
tensor([[0.2487, 0.2516, 0.2537, 0.2460],
        [0.2514, 0.2518, 0.2545, 0.2424],
        [0.2472, 0.2499, 0.2537, 0.2493],
        [0.2480, 0.2500, 0.2510, 0.2510],
        [0.2481, 0.2483, 0.2487, 0.2548],
        [0.2471, 0.2505, 0.2514, 0.2509],
        [0.2480, 0.2501, 0.2477, 0.2542]], device='cuda:0',
       grad_fn=<SoftmaxBackward0>)
tensor([[0.2453, 0.2452, 0.2580, 0.2515],
        [0.2477, 0.2452, 0.2588, 0.2483]], device='cuda:0',
       grad_fn=<SoftmaxBackward0>)
tensor([[0.2515, 0.2457, 0.2534, 0.2494],
        [0.2518, 0.2446, 0.2548, 0.2489],
        [0.2503, 0.2476, 0.2498, 0.2523]], device='cuda:0',
       grad_fn=<SoftmaxBackward0>)
tensor([[0.2482, 0.2478, 0.2523, 0.2516],
        [0.2489, 0.2475, 0.2546, 0.2490],
        [0.2500, 0.2484, 0.2517, 0.2499],
        [0.2493, 0.2490, 0.2519, 0.2498]], device='cuda:0',
       grad_fn=<SoftmaxBackward0>)
tensor([[0.2506, 0.2485, 0.2511, 0.2499],
        [0.2487, 0.2474, 0.2510, 0.2530],
        [0.2521, 0.2486, 0.2508, 0.2484],
        [0.2502, 0.2493, 0.2510, 0.2494],
        [0.2500, 0.2503, 0.2501, 0.2496]], device='cuda:0',
       grad_fn=<SoftmaxBackward0>)
tensor([[0.2501, 0.2488, 0.2533, 0.2479],
        [0.2521, 0.2475, 0.2518, 0.2485],
        [0.2506, 0.2490, 0.2516, 0.2488],
        [0.2503, 0.2480, 0.2516, 0.2501],
        [0.2513, 0.2472, 0.2470, 0.2545],
        [0.2513, 0.2490, 0.2495, 0.2502]], device='cuda:0',
       grad_fn=<SoftmaxBackward0>)
tensor([[0.2544, 0.2477, 0.2504, 0.2475],
        [0.2534, 0.2470, 0.2516, 0.2481],
        [0.2513, 0.2479, 0.2519, 0.2490],
        [0.2508, 0.2474, 0.2523, 0.2495],
        [0.2507, 0.2473, 0.2502, 0.2517],
        [0.2513, 0.2450, 0.2489, 0.2547],
        [0.2511, 0.2477, 0.2501, 0.2511]], device='cuda:0',
       grad_fn=<SoftmaxBackward0>)
#####################
09/06 01:56:23午前 searchStage_trainer.py:268 [INFO] Train: Epoch: [1][50/390]	Step 441	lr 0.02498	Loss 3.9454 (3.8522)	Hard Loss 3.9454 (3.8522)	Soft Loss 3.9454 (3.8522)	Arch Loss 1.9642 (1.9277)	Arch Hard Loss 3.8868 (3.8087)	Arch Soft Loss 0.0004 (0.0005)	Arch depth Loss -0.0000 (0.0000)	Prec@(1,5) (8.8%, 30.9%)	
09/06 01:56:39午前 searchStage_trainer.py:268 [INFO] Train: Epoch: [1][100/390]	Step 491	lr 0.02498	Loss 3.5055 (3.8208)	Hard Loss 3.5055 (3.8208)	Soft Loss 3.5055 (3.8208)	Arch Loss 1.8881 (1.9308)	Arch Hard Loss 3.7301 (3.8151)	Arch Soft Loss 0.0005 (0.0005)	Arch depth Loss -0.0000 (0.0000)	Prec@(1,5) (9.9%, 31.7%)	
09/06 01:56:55午前 searchStage_trainer.py:268 [INFO] Train: Epoch: [1][150/390]	Step 541	lr 0.02498	Loss 3.7166 (3.8032)	Hard Loss 3.7166 (3.8032)	Soft Loss 3.7166 (3.8032)	Arch Loss 1.9043 (1.9254)	Arch Hard Loss 3.7579 (3.8044)	Arch Soft Loss 0.0005 (0.0005)	Arch depth Loss -0.0000 (0.0000)	Prec@(1,5) (10.2%, 32.0%)	
09/06 01:57:11午前 searchStage_trainer.py:268 [INFO] Train: Epoch: [1][200/390]	Step 591	lr 0.02498	Loss 3.8706 (3.7799)	Hard Loss 3.8706 (3.7799)	Soft Loss 3.8706 (3.7799)	Arch Loss 1.8513 (1.9151)	Arch Hard Loss 3.6568 (3.7836)	Arch Soft Loss 0.0005 (0.0005)	Arch depth Loss 0.0000 (0.0000)	Prec@(1,5) (10.4%, 32.9%)	
09/06 01:57:27午前 searchStage_trainer.py:268 [INFO] Train: Epoch: [1][250/390]	Step 641	lr 0.02498	Loss 3.9967 (3.7614)	Hard Loss 3.9967 (3.7614)	Soft Loss 3.9967 (3.7614)	Arch Loss 1.8840 (1.9037)	Arch Hard Loss 3.7260 (3.7609)	Arch Soft Loss 0.0004 (0.0005)	Arch depth Loss -0.0000 (0.0000)	Prec@(1,5) (10.8%, 33.4%)	
09/06 01:57:42午前 searchStage_trainer.py:268 [INFO] Train: Epoch: [1][300/390]	Step 691	lr 0.02498	Loss 3.5970 (3.7428)	Hard Loss 3.5970 (3.7428)	Soft Loss 3.5970 (3.7428)	Arch Loss 1.9077 (1.8954)	Arch Hard Loss 3.7708 (3.7443)	Arch Soft Loss 0.0004 (0.0005)	Arch depth Loss 0.0000 (0.0000)	Prec@(1,5) (11.2%, 34.0%)	
09/06 01:57:58午前 searchStage_trainer.py:268 [INFO] Train: Epoch: [1][350/390]	Step 741	lr 0.02498	Loss 3.8923 (3.7236)	Hard Loss 3.8923 (3.7236)	Soft Loss 3.8923 (3.7236)	Arch Loss 1.8308 (1.8878)	Arch Hard Loss 3.6182 (3.7291)	Arch Soft Loss 0.0004 (0.0005)	Arch depth Loss 0.0000 (0.0000)	Prec@(1,5) (11.6%, 34.7%)	
09/06 01:58:10午前 searchStage_trainer.py:268 [INFO] Train: Epoch: [1][390/390]	Step 781	lr 0.02498	Loss 3.7541 (3.7128)	Hard Loss 3.7541 (3.7128)	Soft Loss 3.7541 (3.7128)	Arch Loss 1.7677 (1.8800)	Arch Hard Loss 3.4858 (3.7136)	Arch Soft Loss 0.0005 (0.0005)	Arch depth Loss 0.0000 (0.0000)	Prec@(1,5) (11.7%, 35.0%)	
09/06 01:58:10午前 searchStage_trainer.py:284 [INFO] Train: [  1/49] Final Prec@1 11.7240%
09/06 01:58:13午前 searchStage_trainer.py:312 [INFO] Valid: Epoch: [1][50/391]	Step 782	Loss 3.5762	Prec@(1,5) (14.4%, 39.6%)
09/06 01:58:15午前 searchStage_trainer.py:312 [INFO] Valid: Epoch: [1][100/391]	Step 782	Loss 3.5911	Prec@(1,5) (13.8%, 38.7%)
09/06 01:58:18午前 searchStage_trainer.py:312 [INFO] Valid: Epoch: [1][150/391]	Step 782	Loss 3.5780	Prec@(1,5) (13.8%, 39.1%)
09/06 01:58:20午前 searchStage_trainer.py:312 [INFO] Valid: Epoch: [1][200/391]	Step 782	Loss 3.5671	Prec@(1,5) (14.1%, 39.3%)
09/06 01:58:22午前 searchStage_trainer.py:312 [INFO] Valid: Epoch: [1][250/391]	Step 782	Loss 3.5606	Prec@(1,5) (14.4%, 39.6%)
09/06 01:58:24午前 searchStage_trainer.py:312 [INFO] Valid: Epoch: [1][300/391]	Step 782	Loss 3.5552	Prec@(1,5) (14.3%, 39.7%)
09/06 01:58:27午前 searchStage_trainer.py:312 [INFO] Valid: Epoch: [1][350/391]	Step 782	Loss 3.5564	Prec@(1,5) (14.2%, 39.7%)
09/06 01:58:29午前 searchStage_trainer.py:312 [INFO] Valid: Epoch: [1][390/391]	Step 782	Loss 3.5545	Prec@(1,5) (14.2%, 39.8%)
09/06 01:58:29午前 searchStage_trainer.py:323 [INFO] Valid: [  1/49] Final Prec@1 14.2360%
09/06 01:58:29午前 searchStage_KD_main.py:58 [INFO] DAG = Genotype2(DAG1=[[('skip_connect', 0), ('skip_connect', 1)], [('skip_connect', 0), ('skip_connect', 2)], [('max_pool_3x3', 3), ('max_pool_3x3', 2)], [('skip_connect', 0), ('max_pool_3x3', 1)], [('max_pool_3x3', 1), ('max_pool_3x3', 0)], [('max_pool_3x3', 1), ('max_pool_3x3', 0)]], DAG1_concat=range(6, 8), DAG2=[[('skip_connect', 0), ('skip_connect', 1)], [('skip_connect', 1), ('skip_connect', 0)], [('skip_connect', 1), ('skip_connect', 0)], [('max_pool_3x3', 0), ('max_pool_3x3', 1)], [('max_pool_3x3', 1), ('max_pool_3x3', 0)], [('skip_connect', 1), ('skip_connect', 0)]], DAG2_concat=range(6, 8), DAG3=[[('skip_connect', 0), ('skip_connect', 1)], [('max_pool_3x3', 1), ('skip_connect', 0)], [('max_pool_3x3', 3), ('max_pool_3x3', 0)], [('max_pool_3x3', 1), ('max_pool_3x3', 0)], [('max_pool_3x3', 1), ('max_pool_3x3', 0)], [('max_pool_3x3', 1), ('max_pool_3x3', 0)]], DAG3_concat=range(6, 8))
09/06 01:58:29午前 searchStage_KD_main.py:89 [INFO] Until now, best Prec@1 = 14.2360%
####### ALPHA #######
# Alpha - DAG
tensor([[0.2481, 0.2473, 0.2536, 0.2510],
        [0.2501, 0.2473, 0.2532, 0.2494]], device='cuda:0',
       grad_fn=<SoftmaxBackward0>)
tensor([[0.2478, 0.2464, 0.2545, 0.2513],
        [0.2471, 0.2466, 0.2525, 0.2537],
        [0.2489, 0.2519, 0.2531, 0.2461]], device='cuda:0',
       grad_fn=<SoftmaxBackward0>)
tensor([[0.2515, 0.2445, 0.2509, 0.2531],
        [0.2517, 0.2457, 0.2507, 0.2519],
        [0.2523, 0.2493, 0.2516, 0.2468],
        [0.2533, 0.2486, 0.2494, 0.2487]], device='cuda:0',
       grad_fn=<SoftmaxBackward0>)
tensor([[0.2521, 0.2512, 0.2532, 0.2435],
        [0.2523, 0.2512, 0.2522, 0.2444],
        [0.2489, 0.2477, 0.2464, 0.2570],
        [0.2506, 0.2494, 0.2491, 0.2509],
        [0.2510, 0.2485, 0.2481, 0.2525]], device='cuda:0',
       grad_fn=<SoftmaxBackward0>)
tensor([[0.2577, 0.2431, 0.2543, 0.2449],
        [0.2578, 0.2456, 0.2558, 0.2408],
        [0.2497, 0.2462, 0.2516, 0.2526],
        [0.2521, 0.2456, 0.2492, 0.2531],
        [0.2517, 0.2481, 0.2484, 0.2517],
        [0.2506, 0.2468, 0.2466, 0.2559]], device='cuda:0',
       grad_fn=<SoftmaxBackward0>)
tensor([[0.2560, 0.2486, 0.2537, 0.2417],
        [0.2573, 0.2471, 0.2536, 0.2420],
        [0.2482, 0.2491, 0.2503, 0.2524],
        [0.2489, 0.2492, 0.2512, 0.2506],
        [0.2479, 0.2484, 0.2502, 0.2535],
        [0.2460, 0.2494, 0.2486, 0.2560],
        [0.2453, 0.2506, 0.2523, 0.2518]], device='cuda:0',
       grad_fn=<SoftmaxBackward0>)
tensor([[0.2499, 0.2455, 0.2600, 0.2447],
        [0.2479, 0.2425, 0.2552, 0.2544]], device='cuda:0',
       grad_fn=<SoftmaxBackward0>)
tensor([[0.2498, 0.2453, 0.2547, 0.2503],
        [0.2513, 0.2478, 0.2569, 0.2440],
        [0.2480, 0.2487, 0.2485, 0.2548]], device='cuda:0',
       grad_fn=<SoftmaxBackward0>)
tensor([[0.2500, 0.2495, 0.2538, 0.2467],
        [0.2476, 0.2485, 0.2566, 0.2474],
        [0.2478, 0.2491, 0.2506, 0.2524],
        [0.2478, 0.2513, 0.2481, 0.2528]], device='cuda:0',
       grad_fn=<SoftmaxBackward0>)
tensor([[0.2524, 0.2484, 0.2514, 0.2478],
        [0.2516, 0.2510, 0.2516, 0.2457],
        [0.2486, 0.2485, 0.2495, 0.2534],
        [0.2466, 0.2504, 0.2516, 0.2514],
        [0.2488, 0.2495, 0.2500, 0.2517]], device='cuda:0',
       grad_fn=<SoftmaxBackward0>)
tensor([[0.2569, 0.2480, 0.2532, 0.2419],
        [0.2588, 0.2490, 0.2525, 0.2396],
        [0.2543, 0.2425, 0.2472, 0.2559],
        [0.2533, 0.2429, 0.2484, 0.2555],
        [0.2508, 0.2466, 0.2492, 0.2533],
        [0.2524, 0.2457, 0.2492, 0.2527]], device='cuda:0',
       grad_fn=<SoftmaxBackward0>)
tensor([[0.2543, 0.2514, 0.2546, 0.2398],
        [0.2542, 0.2510, 0.2559, 0.2389],
        [0.2489, 0.2444, 0.2483, 0.2583],
        [0.2523, 0.2451, 0.2525, 0.2501],
        [0.2479, 0.2465, 0.2518, 0.2537],
        [0.2515, 0.2447, 0.2478, 0.2560],
        [0.2504, 0.2479, 0.2477, 0.2540]], device='cuda:0',
       grad_fn=<SoftmaxBackward0>)
tensor([[0.2488, 0.2401, 0.2617, 0.2494],
        [0.2493, 0.2385, 0.2614, 0.2509]], device='cuda:0',
       grad_fn=<SoftmaxBackward0>)
tensor([[0.2527, 0.2400, 0.2562, 0.2511],
        [0.2587, 0.2408, 0.2559, 0.2446],
        [0.2510, 0.2461, 0.2476, 0.2552]], device='cuda:0',
       grad_fn=<SoftmaxBackward0>)
tensor([[0.2551, 0.2415, 0.2498, 0.2537],
        [0.2547, 0.2407, 0.2521, 0.2525],
        [0.2525, 0.2461, 0.2526, 0.2487],
        [0.2553, 0.2464, 0.2511, 0.2471]], device='cuda:0',
       grad_fn=<SoftmaxBackward0>)
tensor([[0.2538, 0.2446, 0.2516, 0.2501],
        [0.2553, 0.2434, 0.2519, 0.2494],
        [0.2539, 0.2462, 0.2513, 0.2486],
        [0.2531, 0.2466, 0.2505, 0.2499],
        [0.2507, 0.2500, 0.2474, 0.2520]], device='cuda:0',
       grad_fn=<SoftmaxBackward0>)
tensor([[0.2630, 0.2437, 0.2473, 0.2460],
        [0.2657, 0.2434, 0.2464, 0.2445],
        [0.2597, 0.2462, 0.2480, 0.2462],
        [0.2585, 0.2434, 0.2486, 0.2496],
        [0.2547, 0.2457, 0.2439, 0.2557],
        [0.2535, 0.2421, 0.2459, 0.2585]], device='cuda:0',
       grad_fn=<SoftmaxBackward0>)
tensor([[0.2689, 0.2408, 0.2430, 0.2473],
        [0.2697, 0.2411, 0.2435, 0.2456],
        [0.2641, 0.2426, 0.2464, 0.2470],
        [0.2632, 0.2410, 0.2471, 0.2487],
        [0.2588, 0.2435, 0.2462, 0.2515],
        [0.2582, 0.2381, 0.2431, 0.2606],
        [0.2587, 0.2447, 0.2456, 0.2510]], device='cuda:0',
       grad_fn=<SoftmaxBackward0>)
#####################
09/06 01:58:46午前 searchStage_trainer.py:268 [INFO] Train: Epoch: [2][50/390]	Step 832	lr 0.02491	Loss 3.5209 (3.5184)	Hard Loss 3.5209 (3.5184)	Soft Loss 3.5209 (3.5184)	Arch Loss 1.7146 (1.7771)	Arch Hard Loss 3.3839 (3.5089)	Arch Soft Loss 0.0005 (0.0005)	Arch depth Loss 0.0000 (0.0000)	Prec@(1,5) (16.0%, 41.2%)	
09/06 01:59:01午前 searchStage_trainer.py:268 [INFO] Train: Epoch: [2][100/390]	Step 882	lr 0.02491	Loss 3.3147 (3.5117)	Hard Loss 3.3147 (3.5117)	Soft Loss 3.3147 (3.5117)	Arch Loss 1.6773 (1.7755)	Arch Hard Loss 3.3083 (3.5055)	Arch Soft Loss 0.0005 (0.0005)	Arch depth Loss 0.0000 (0.0000)	Prec@(1,5) (16.1%, 41.4%)	
09/06 01:59:17午前 searchStage_trainer.py:268 [INFO] Train: Epoch: [2][150/390]	Step 932	lr 0.02491	Loss 3.6973 (3.5027)	Hard Loss 3.6973 (3.5027)	Soft Loss 3.6973 (3.5027)	Arch Loss 1.8071 (1.7701)	Arch Hard Loss 3.5707 (3.4943)	Arch Soft Loss 0.0004 (0.0005)	Arch depth Loss 0.0000 (0.0000)	Prec@(1,5) (15.5%, 41.3%)	
09/06 01:59:32午前 searchStage_trainer.py:268 [INFO] Train: Epoch: [2][200/390]	Step 982	lr 0.02491	Loss 3.4824 (3.4878)	Hard Loss 3.4824 (3.4878)	Soft Loss 3.4824 (3.4878)	Arch Loss 1.7030 (1.7664)	Arch Hard Loss 3.3592 (3.4869)	Arch Soft Loss 0.0005 (0.0005)	Arch depth Loss 0.0000 (0.0000)	Prec@(1,5) (15.6%, 41.9%)	
09/06 01:59:48午前 searchStage_trainer.py:268 [INFO] Train: Epoch: [2][250/390]	Step 1032	lr 0.02491	Loss 3.5591 (3.4762)	Hard Loss 3.5591 (3.4762)	Soft Loss 3.5591 (3.4762)	Arch Loss 1.8673 (1.7569)	Arch Hard Loss 3.6829 (3.4676)	Arch Soft Loss 0.0005 (0.0005)	Arch depth Loss 0.0000 (0.0000)	Prec@(1,5) (15.7%, 42.2%)	
09/06 02:00:04午前 searchStage_trainer.py:268 [INFO] Train: Epoch: [2][300/390]	Step 1082	lr 0.02491	Loss 3.3747 (3.4620)	Hard Loss 3.3747 (3.4620)	Soft Loss 3.3747 (3.4620)	Arch Loss 1.7702 (1.7506)	Arch Hard Loss 3.4996 (3.4551)	Arch Soft Loss 0.0004 (0.0005)	Arch depth Loss 0.0000 (0.0000)	Prec@(1,5) (16.0%, 42.5%)	
09/06 02:00:19午前 searchStage_trainer.py:268 [INFO] Train: Epoch: [2][350/390]	Step 1132	lr 0.02491	Loss 3.2568 (3.4428)	Hard Loss 3.2568 (3.4428)	Soft Loss 3.2568 (3.4428)	Arch Loss 1.4626 (1.7445)	Arch Hard Loss 2.8844 (3.4429)	Arch Soft Loss 0.0004 (0.0005)	Arch depth Loss 0.0000 (0.0000)	Prec@(1,5) (16.4%, 43.0%)	
09/06 02:00:32午前 searchStage_trainer.py:268 [INFO] Train: Epoch: [2][390/390]	Step 1172	lr 0.02491	Loss 3.3308 (3.4298)	Hard Loss 3.3308 (3.4298)	Soft Loss 3.3308 (3.4298)	Arch Loss 1.8440 (1.7383)	Arch Hard Loss 3.6431 (3.4305)	Arch Soft Loss 0.0004 (0.0005)	Arch depth Loss 0.0000 (0.0000)	Prec@(1,5) (16.6%, 43.4%)	
09/06 02:00:32午前 searchStage_trainer.py:284 [INFO] Train: [  2/49] Final Prec@1 16.6280%
09/06 02:00:35午前 searchStage_trainer.py:312 [INFO] Valid: Epoch: [2][50/391]	Step 1173	Loss 3.3062	Prec@(1,5) (17.5%, 47.9%)
09/06 02:00:37午前 searchStage_trainer.py:312 [INFO] Valid: Epoch: [2][100/391]	Step 1173	Loss 3.3178	Prec@(1,5) (17.3%, 47.0%)
09/06 02:00:40午前 searchStage_trainer.py:312 [INFO] Valid: Epoch: [2][150/391]	Step 1173	Loss 3.3004	Prec@(1,5) (17.6%, 47.7%)
09/06 02:00:42午前 searchStage_trainer.py:312 [INFO] Valid: Epoch: [2][200/391]	Step 1173	Loss 3.3130	Prec@(1,5) (17.5%, 47.4%)
09/06 02:00:44午前 searchStage_trainer.py:312 [INFO] Valid: Epoch: [2][250/391]	Step 1173	Loss 3.3218	Prec@(1,5) (17.4%, 47.0%)
09/06 02:00:46午前 searchStage_trainer.py:312 [INFO] Valid: Epoch: [2][300/391]	Step 1173	Loss 3.3180	Prec@(1,5) (17.3%, 47.1%)
09/06 02:00:48午前 searchStage_trainer.py:312 [INFO] Valid: Epoch: [2][350/391]	Step 1173	Loss 3.3173	Prec@(1,5) (17.3%, 46.9%)
09/06 02:00:50午前 searchStage_trainer.py:312 [INFO] Valid: Epoch: [2][390/391]	Step 1173	Loss 3.3196	Prec@(1,5) (17.3%, 47.0%)
09/06 02:00:50午前 searchStage_trainer.py:323 [INFO] Valid: [  2/49] Final Prec@1 17.2840%
09/06 02:00:50午前 searchStage_KD_main.py:58 [INFO] DAG = Genotype2(DAG1=[[('skip_connect', 1), ('skip_connect', 0)], [('skip_connect', 0), ('skip_connect', 1)], [('skip_connect', 1), ('skip_connect', 0)], [('skip_connect', 0), ('skip_connect', 1)], [('skip_connect', 1), ('skip_connect', 0)], [('skip_connect', 1), ('skip_connect', 0)]], DAG1_concat=range(6, 8), DAG2=[[('skip_connect', 0), ('skip_connect', 1)], [('skip_connect', 1), ('skip_connect', 0)], [('skip_connect', 1), ('skip_connect', 0)], [('skip_connect', 0), ('skip_connect', 1)], [('max_pool_3x3', 0), ('max_pool_3x3', 1)], [('max_pool_3x3', 1), ('max_pool_3x3', 0)]], DAG2_concat=range(6, 8), DAG3=[[('skip_connect', 0), ('skip_connect', 1)], [('max_pool_3x3', 1), ('max_pool_3x3', 0)], [('max_pool_3x3', 1), ('max_pool_3x3', 0)], [('max_pool_3x3', 2), ('max_pool_3x3', 1)], [('max_pool_3x3', 1), ('max_pool_3x3', 0)], [('max_pool_3x3', 1), ('max_pool_3x3', 0)]], DAG3_concat=range(6, 8))
09/06 02:00:51午前 searchStage_KD_main.py:89 [INFO] Until now, best Prec@1 = 17.2840%
####### ALPHA #######
# Alpha - DAG
tensor([[0.2450, 0.2436, 0.2594, 0.2520],
        [0.2476, 0.2439, 0.2602, 0.2483]], device='cuda:0',
       grad_fn=<SoftmaxBackward0>)
tensor([[0.2436, 0.2435, 0.2632, 0.2497],
        [0.2430, 0.2450, 0.2618, 0.2502],
        [0.2447, 0.2504, 0.2550, 0.2499]], device='cuda:0',
       grad_fn=<SoftmaxBackward0>)
tensor([[0.2536, 0.2433, 0.2554, 0.2477],
        [0.2526, 0.2438, 0.2558, 0.2477],
        [0.2528, 0.2469, 0.2493, 0.2510],
        [0.2546, 0.2454, 0.2476, 0.2523]], device='cuda:0',
       grad_fn=<SoftmaxBackward0>)
tensor([[0.2518, 0.2496, 0.2554, 0.2432],
        [0.2529, 0.2502, 0.2546, 0.2423],
        [0.2484, 0.2481, 0.2483, 0.2552],
        [0.2490, 0.2468, 0.2468, 0.2575],
        [0.2474, 0.2507, 0.2504, 0.2515]], device='cuda:0',
       grad_fn=<SoftmaxBackward0>)
tensor([[0.2542, 0.2365, 0.2668, 0.2425],
        [0.2542, 0.2392, 0.2667, 0.2399],
        [0.2491, 0.2451, 0.2543, 0.2516],
        [0.2504, 0.2433, 0.2553, 0.2510],
        [0.2515, 0.2459, 0.2464, 0.2562],
        [0.2501, 0.2451, 0.2454, 0.2594]], device='cuda:0',
       grad_fn=<SoftmaxBackward0>)
tensor([[0.2572, 0.2455, 0.2628, 0.2344],
        [0.2580, 0.2454, 0.2630, 0.2336],
        [0.2480, 0.2453, 0.2497, 0.2570],
        [0.2495, 0.2471, 0.2525, 0.2509],
        [0.2465, 0.2422, 0.2494, 0.2618],
        [0.2448, 0.2456, 0.2471, 0.2625],
        [0.2466, 0.2478, 0.2519, 0.2537]], device='cuda:0',
       grad_fn=<SoftmaxBackward0>)
tensor([[0.2465, 0.2425, 0.2662, 0.2449],
        [0.2458, 0.2389, 0.2620, 0.2533]], device='cuda:0',
       grad_fn=<SoftmaxBackward0>)
tensor([[0.2422, 0.2428, 0.2612, 0.2538],
        [0.2435, 0.2433, 0.2637, 0.2494],
        [0.2459, 0.2508, 0.2561, 0.2473]], device='cuda:0',
       grad_fn=<SoftmaxBackward0>)
tensor([[0.2462, 0.2481, 0.2597, 0.2460],
        [0.2422, 0.2491, 0.2610, 0.2478],
        [0.2483, 0.2467, 0.2535, 0.2515],
        [0.2467, 0.2494, 0.2499, 0.2539]], device='cuda:0',
       grad_fn=<SoftmaxBackward0>)
tensor([[0.2499, 0.2468, 0.2549, 0.2484],
        [0.2498, 0.2496, 0.2535, 0.2471],
        [0.2490, 0.2488, 0.2506, 0.2516],
        [0.2483, 0.2488, 0.2490, 0.2539],
        [0.2493, 0.2506, 0.2513, 0.2488]], device='cuda:0',
       grad_fn=<SoftmaxBackward0>)
tensor([[0.2600, 0.2457, 0.2569, 0.2373],
        [0.2581, 0.2483, 0.2581, 0.2355],
        [0.2497, 0.2429, 0.2444, 0.2630],
        [0.2536, 0.2417, 0.2489, 0.2559],
        [0.2531, 0.2437, 0.2522, 0.2510],
        [0.2503, 0.2458, 0.2487, 0.2552]], device='cuda:0',
       grad_fn=<SoftmaxBackward0>)
tensor([[0.2576, 0.2489, 0.2558, 0.2377],
        [0.2583, 0.2499, 0.2564, 0.2353],
        [0.2494, 0.2424, 0.2483, 0.2599],
        [0.2521, 0.2431, 0.2485, 0.2563],
        [0.2519, 0.2431, 0.2531, 0.2518],
        [0.2517, 0.2452, 0.2472, 0.2559],
        [0.2534, 0.2463, 0.2462, 0.2541]], device='cuda:0',
       grad_fn=<SoftmaxBackward0>)
tensor([[0.2481, 0.2362, 0.2655, 0.2501],
        [0.2500, 0.2352, 0.2647, 0.2501]], device='cuda:0',
       grad_fn=<SoftmaxBackward0>)
tensor([[0.2573, 0.2356, 0.2550, 0.2521],
        [0.2660, 0.2346, 0.2535, 0.2459],
        [0.2542, 0.2427, 0.2492, 0.2539]], device='cuda:0',
       grad_fn=<SoftmaxBackward0>)
tensor([[0.2590, 0.2395, 0.2483, 0.2532],
        [0.2598, 0.2409, 0.2507, 0.2486],
        [0.2546, 0.2462, 0.2499, 0.2493],
        [0.2561, 0.2462, 0.2485, 0.2491]], device='cuda:0',
       grad_fn=<SoftmaxBackward0>)
tensor([[0.2564, 0.2409, 0.2518, 0.2509],
        [0.2571, 0.2396, 0.2526, 0.2506],
        [0.2577, 0.2457, 0.2495, 0.2471],
        [0.2514, 0.2479, 0.2520, 0.2487],
        [0.2527, 0.2487, 0.2461, 0.2525]], device='cuda:0',
       grad_fn=<SoftmaxBackward0>)
tensor([[0.2735, 0.2388, 0.2457, 0.2420],
        [0.2751, 0.2393, 0.2456, 0.2400],
        [0.2673, 0.2421, 0.2439, 0.2467],
        [0.2652, 0.2394, 0.2437, 0.2517],
        [0.2593, 0.2433, 0.2404, 0.2570],
        [0.2595, 0.2366, 0.2411, 0.2628]], device='cuda:0',
       grad_fn=<SoftmaxBackward0>)
tensor([[0.2780, 0.2348, 0.2414, 0.2459],
        [0.2811, 0.2360, 0.2409, 0.2420],
        [0.2723, 0.2375, 0.2428, 0.2474],
        [0.2733, 0.2352, 0.2412, 0.2504],
        [0.2653, 0.2415, 0.2442, 0.2490],
        [0.2658, 0.2334, 0.2376, 0.2631],
        [0.2655, 0.2390, 0.2424, 0.2532]], device='cuda:0',
       grad_fn=<SoftmaxBackward0>)
#####################
09/06 02:01:07午前 searchStage_trainer.py:268 [INFO] Train: Epoch: [3][50/390]	Step 1223	lr 0.02479	Loss 3.4532 (3.2452)	Hard Loss 3.4532 (3.2452)	Soft Loss 3.4532 (3.2452)	Arch Loss 1.6566 (1.6696)	Arch Hard Loss 3.2662 (3.2928)	Arch Soft Loss 0.0005 (0.0005)	Arch depth Loss 0.0000 (0.0000)	Prec@(1,5) (19.5%, 49.3%)	
09/06 02:01:23午前 searchStage_trainer.py:268 [INFO] Train: Epoch: [3][100/390]	Step 1273	lr 0.02479	Loss 3.0838 (3.2434)	Hard Loss 3.0838 (3.2434)	Soft Loss 3.0838 (3.2434)	Arch Loss 1.5621 (1.6616)	Arch Hard Loss 3.0758 (3.2770)	Arch Soft Loss 0.0005 (0.0005)	Arch depth Loss 0.0000 (0.0000)	Prec@(1,5) (19.6%, 48.8%)	
09/06 02:01:38午前 searchStage_trainer.py:268 [INFO] Train: Epoch: [3][150/390]	Step 1323	lr 0.02479	Loss 3.4653 (3.2496)	Hard Loss 3.4653 (3.2496)	Soft Loss 3.4653 (3.2496)	Arch Loss 1.6668 (1.6652)	Arch Hard Loss 3.2884 (3.2842)	Arch Soft Loss 0.0005 (0.0005)	Arch depth Loss 0.0000 (0.0000)	Prec@(1,5) (19.4%, 48.6%)	
09/06 02:01:54午前 searchStage_trainer.py:268 [INFO] Train: Epoch: [3][200/390]	Step 1373	lr 0.02479	Loss 3.3140 (3.2382)	Hard Loss 3.3140 (3.2382)	Soft Loss 3.3140 (3.2382)	Arch Loss 1.5707 (1.6567)	Arch Hard Loss 3.0932 (3.2673)	Arch Soft Loss 0.0005 (0.0005)	Arch depth Loss 0.0000 (0.0000)	Prec@(1,5) (19.7%, 48.9%)	
09/06 02:02:09午前 searchStage_trainer.py:268 [INFO] Train: Epoch: [3][250/390]	Step 1423	lr 0.02479	Loss 3.2042 (3.2285)	Hard Loss 3.2042 (3.2285)	Soft Loss 3.2042 (3.2285)	Arch Loss 1.6084 (1.6537)	Arch Hard Loss 3.1733 (3.2614)	Arch Soft Loss 0.0004 (0.0005)	Arch depth Loss 0.0000 (0.0000)	Prec@(1,5) (19.7%, 49.3%)	
09/06 02:02:25午前 searchStage_trainer.py:268 [INFO] Train: Epoch: [3][300/390]	Step 1473	lr 0.02479	Loss 3.0228 (3.2152)	Hard Loss 3.0228 (3.2152)	Soft Loss 3.0228 (3.2152)	Arch Loss 1.4427 (1.6476)	Arch Hard Loss 2.8362 (3.2493)	Arch Soft Loss 0.0005 (0.0005)	Arch depth Loss -0.0000 (0.0000)	Prec@(1,5) (20.0%, 49.7%)	
09/06 02:02:40午前 searchStage_trainer.py:268 [INFO] Train: Epoch: [3][350/390]	Step 1523	lr 0.02479	Loss 3.1369 (3.2094)	Hard Loss 3.1369 (3.2094)	Soft Loss 3.1369 (3.2094)	Arch Loss 1.6262 (1.6402)	Arch Hard Loss 3.2089 (3.2345)	Arch Soft Loss 0.0004 (0.0005)	Arch depth Loss 0.0000 (0.0000)	Prec@(1,5) (20.3%, 49.8%)	
09/06 02:02:52午前 searchStage_trainer.py:268 [INFO] Train: Epoch: [3][390/390]	Step 1563	lr 0.02479	Loss 3.4126 (3.1976)	Hard Loss 3.4126 (3.1976)	Soft Loss 3.4126 (3.1976)	Arch Loss 1.5616 (1.6322)	Arch Hard Loss 3.0746 (3.2186)	Arch Soft Loss 0.0005 (0.0005)	Arch depth Loss 0.0000 (0.0000)	Prec@(1,5) (20.6%, 50.1%)	
09/06 02:02:53午前 searchStage_trainer.py:284 [INFO] Train: [  3/49] Final Prec@1 20.5880%
09/06 02:02:56午前 searchStage_trainer.py:312 [INFO] Valid: Epoch: [3][50/391]	Step 1564	Loss 3.1974	Prec@(1,5) (21.7%, 51.8%)
09/06 02:02:58午前 searchStage_trainer.py:312 [INFO] Valid: Epoch: [3][100/391]	Step 1564	Loss 3.2124	Prec@(1,5) (20.8%, 51.5%)
09/06 02:03:00午前 searchStage_trainer.py:312 [INFO] Valid: Epoch: [3][150/391]	Step 1564	Loss 3.2040	Prec@(1,5) (20.9%, 51.3%)
09/06 02:03:02午前 searchStage_trainer.py:312 [INFO] Valid: Epoch: [3][200/391]	Step 1564	Loss 3.1948	Prec@(1,5) (20.9%, 51.3%)
09/06 02:03:04午前 searchStage_trainer.py:312 [INFO] Valid: Epoch: [3][250/391]	Step 1564	Loss 3.1812	Prec@(1,5) (21.2%, 51.6%)
09/06 02:03:06午前 searchStage_trainer.py:312 [INFO] Valid: Epoch: [3][300/391]	Step 1564	Loss 3.1823	Prec@(1,5) (21.3%, 51.7%)
